1	0
0	4
2	1
3	2
3	71
4	5
4	23
4	24
4	25
4	31
4	32
4	46
4	47
4	48
5	6
5	9
5	10
5	12
5	13
5	14
5	15
5	16
5	17
5	18
5	19
5	20
5	21
5	22
6	7
6	8
10	11
10	50
13	52
13	53
19	54
19	55
21	56
21	60
21	61
21	62
21	63
21	64
21	65
21	66
21	67
25	26
25	27
25	28
25	29
25	30
32	33
32	34
32	35
32	36
32	37
32	38
32	39
32	40
32	41
32	42
32	43
32	44
32	45
49	4
50	51
56	57
56	58
56	59
69	68
69	70
73	72
73	76
73	95
73	96
73	97
73	98
73	99
73	100
73	101
73	102
73	103
73	104
73	105
73	2349
73	2732
73	2733
74	73
76	75
76	78
76	86
76	87
76	88
76	89
76	90
76	91
76	92
76	93
76	94
75	77
78	79
78	80
78	84
78	85
80	81
81	82
82	83
107	106
107	178
107	281
107	396
107	725
107	1083
107	1241
107	1398
107	1451
107	1958
107	2022
107	2058
107	2098
107	2344
107	2369
107	2434
107	2569
107	2595
107	2606
107	2630
107	2637
107	2721
106	108
110	109
110	1532
110	2185
112	111
112	1067
112	2184
114	113
114	966
114	967
114	993
114	994
114	1200
114	1299
114	1300
114	1301
114	1302
114	1303
114	1304
114	1305
114	1306
114	1307
114	1308
114	1309
114	1310
114	1311
114	1312
114	1313
114	1362
114	1363
114	1387
114	1388
114	1389
114	1390
114	1391
114	1392
115	114
115	1298
115	1386
115	2770
117	116
117	1527
117	1528
118	117
118	1068
118	1542
119	118
120	118
120	982
120	1226
120	1221
120	1445
120	1448
120	1521
120	1546
120	1839
120	1848
120	1944
120	2044
120	2061
120	2067
120	2069
120	2072
120	2074
120	2077
120	2084
120	2096
120	2105
120	2134
120	2136
120	2149
120	2157
120	2187
120	2194
120	1404
120	2197
120	2199
120	2203
120	2210
120	2227
120	2468
120	2475
120	2484
120	2486
120	2487
120	2513
120	2530
120	2543
120	2559
120	2724
120	2464
120	2462
120	2839
122	121
122	126
122	2139
124	123
124	129
124	1883
124	1889
124	1890
124	1892
124	1905
125	124
125	1895
125	1899
125	1903
125	1906
125	1907
125	1911
126	125
128	127
129	128
129	1910
130	131
133	132
133	2407
133	2412
133	2420
133	2421
133	2404
133	2415
133	2436
133	2413
133	2414
133	2417
133	2418
133	2419
133	2437
133	2438
133	2427
133	2428
133	2446
135	134
135	577
135	581
135	585
135	596
135	598
135	599
135	600
135	601
135	602
135	604
135	605
135	2450
135	2454
137	136
137	138
137	141
137	145
137	146
137	151
137	149
137	148
137	154
137	155
137	156
137	157
137	152
137	158
137	159
137	162
137	160
137	161
137	163
137	164
137	165
137	166
137	169
137	172
137	173
136	138
136	141
136	142
136	143
136	144
136	145
136	153
136	154
136	155
136	156
136	157
136	158
136	159
136	160
136	161
136	162
136	163
136	164
136	165
136	166
136	169
136	170
136	171
136	172
136	173
138	139
138	140
145	146
145	147
145	149
145	150
145	152
147	148
150	151
166	167
166	168
175	174
177	176
177	179
177	180
177	181
177	182
177	183
177	184
177	185
177	186
177	187
177	188
177	189
177	190
177	191
177	192
177	193
177	194
177	195
177	196
177	197
178	177
178	223
178	229
178	230
178	282
178	409
178	410
178	432
178	450
178	472
178	526
178	531
178	611
178	619
178	624
178	788
178	791
178	792
178	793
178	794
178	795
178	796
178	797
178	802
178	803
178	883
178	908
178	927
178	1255
178	1256
178	1258
178	1259
178	1260
178	1261
178	1262
178	1265
178	1266
178	1267
178	1268
178	1269
178	1271
178	1273
178	1277
178	1278
178	1279
178	1280
178	1281
178	1282
178	1283
178	1284
178	1285
178	1286
178	1287
178	1288
178	1289
178	1290
178	2026
178	2028
178	2031
178	2032
178	2038
178	2039
178	2042
178	2143
199	198
199	202
199	226
199	227
199	228
200	199
200	198
202	201
202	212
202	214
202	215
202	216
202	217
202	218
202	224
202	225
201	203
201	204
201	205
201	206
201	207
201	208
201	209
201	210
201	211
212	213
220	219
220	879
220	2487
220	2735
220	2736
220	2478
220	2480
219	221
219	222
231	232
232	233
232	234
232	235
237	236
236	239
236	240
238	236
238	549
240	241
240	271
240	275
240	276
240	277
241	242
241	243
241	244
241	245
241	262
241	263
245	246
245	249
245	250
245	251
246	247
246	248
251	252
251	253
251	254
251	255
251	256
251	257
251	261
257	258
257	259
257	260
263	264
263	265
263	266
263	267
267	268
267	269
267	270
271	272
271	273
271	274
279	278
279	280
284	283
284	315
284	329
284	336
284	337
284	338
284	339
284	340
283	288
283	294
285	284
285	349
285	1087
285	379
286	285
286	289
286	290
286	292
286	293
286	322
286	375
286	902
286	1086
286	339
286	338
286	1773
286	2199
287	286
287	321
288	289
288	290
288	291
288	292
288	293
294	295
297	296
297	493
299	298
299	1088
299	1240
300	299
300	298
300	587
300	232
300	620
300	2027
302	301
301	303
303	304
306	305
305	307
305	308
309	307
311	310
311	370
311	371
311	372
312	311
312	310
312	371
312	1089
314	313
315	314
315	322
315	323
315	324
315	327
317	316
317	495
317	507
317	510
317	1085
317	1775
317	1776
317	2288
317	2290
317	2292
317	2271
317	2272
317	2273
317	2274
317	2275
317	2276
317	2277
317	2278
318	317
318	486
318	751
318	761
318	766
318	774
318	786
318	936
318	2266
318	750
318	2290
318	2766
318	2784
318	2785
318	2786
318	2787
318	2788
318	2789
318	2790
318	2791
318	2792
318	2793
318	2278
319	318
319	884
319	2270
320	319
320	982
320	1444
320	1445
320	1522
320	1555
320	2059
320	2079
320	2080
320	2096
320	2100
320	2107
320	2117
320	2118
320	2119
320	2187
320	2189
320	2201
320	2210
320	2248
320	2249
320	2251
320	487
320	2264
320	2265
320	2293
320	2468
320	2475
320	2485
320	2486
320	2487
320	2523
320	2524
320	2525
320	2526
320	2527
320	2529
320	2530
320	2531
320	2456
320	2535
320	2537
320	2538
320	2539
320	2540
320	2541
320	2542
320	2543
320	2545
320	2546
320	2559
320	2654
320	2724
320	2268
324	325
324	326
327	328
329	330
329	334
329	335
330	331
330	333
331	332
342	341
342	343
345	344
345	670
345	762
345	763
345	767
345	771
345	772
345	776
345	787
345	2306
345	2311
345	2329
345	2330
345	2331
345	2332
345	2333
345	2334
345	2335
345	2336
345	2337
345	2338
345	2339
345	2342
345	2343
347	346
349	348
349	375
349	376
349	377
349	378
349	379
349	380
351	350
351	369
351	381
351	907
351	1777
352	351
354	353
354	373
354	358
353	355
353	356
353	357
353	358
360	359
359	362
361	360
361	755
361	2015
361	2729
364	363
366	365
368	367
373	374
383	382
383	389
384	383
384	385
384	386
384	387
384	388
384	390
384	391
384	393
384	395
384	398
384	399
393	392
393	394
393	397
399	400
399	401
403	402
404	405
407	406
407	408
407	423
412	411
414	413
414	433
414	438
416	415
416	2734
417	415
417	1442
419	418
418	422
420	419
420	424
420	425
420	427
421	420
421	424
425	426
428	424
428	431
428	467
430	429
435	434
435	1442
437	436
438	439
438	440
442	441
444	443
444	445
444	446
444	447
444	448
450	449
452	451
453	454
456	455
456	458
456	460
455	457
455	459
455	460
457	458
462	461
462	1084
464	463
466	465
469	468
469	470
469	471
473	474
473	479
474	475
474	476
474	477
474	478
479	480
479	481
481	482
481	483
485	484
485	582
485	586
485	595
485	597
485	603
485	618
487	486
489	488
491	490
491	500
492	491
492	490
492	500
495	494
495	501
495	503
497	496
497	506
499	498
499	503
499	505
502	501
502	511
505	504
509	508
510	509
510	759
510	760
510	765
510	773
510	785
510	2250
510	2252
510	2253
510	2279
510	2280
510	2281
510	2282
510	2283
510	2284
510	2285
510	2286
510	2287
510	2289
510	2291
513	512
513	1454
513	1786
513	1790
513	1797
513	1961
513	2551
515	514
515	1787
515	1795
515	1802
515	1964
515	2552
517	516
517	1796
517	1803
517	1965
517	2553
519	518
519	520
521	520
523	522
523	524
523	525
523	530
528	527
529	528
529	728
529	762
529	2692
531	532
534	533
534	538
534	763
534	2314
534	2695
533	535
533	536
533	537
538	539
541	540
540	542
540	543
540	544
540	547
544	545
544	546
548	240
548	550
548	556
548	743
548	764
548	770
549	548
549	752
550	241
550	551
550	552
550	555
550	564
550	568
550	576
551	242
552	245
552	553
552	558
552	565
553	251
553	554
553	559
553	561
553	567
553	573
553	575
553	606
554	252
555	263
555	557
555	563
555	566
555	570
556	555
556	557
556	275
557	264
558	246
558	562
558	569
558	609
559	257
559	560
559	572
559	574
560	258
561	253
562	249
563	265
564	243
565	250
566	266
567	254
568	244
569	247
570	267
570	571
570	607
570	608
571	268
572	259
573	255
574	260
575	256
576	262
579	578
579	739
580	579
580	736
580	737
580	738
584	583
587	232
587	594
588	587
589	587
590	587
590	771
591	587
591	772
592	587
592	232
592	1274
592	1275
592	1276
592	2144
592	2215
593	233
594	593
594	234
606	261
607	269
608	270
609	248
611	610
611	612
611	613
615	614
617	616
617	964
617	989
617	1017
622	621
622	627
622	629
622	630
623	622
623	626
623	631
623	632
623	633
623	634
623	641
624	623
624	1211
624	1987
624	2033
624	2034
626	625
627	628
634	635
635	636
635	637
635	638
635	639
639	640
643	642
643	1424
644	643
646	645
646	1419
647	645
648	645
648	651
648	956
648	959
648	1036
648	1230
648	1229
648	1231
648	1537
648	2086
648	1419
648	2565
648	2764
650	649
650	955
650	981
650	1545
650	1908
650	1916
650	1919
651	650
651	956
651	964
651	982
651	1546
651	1829
651	1909
653	652
653	1220
653	1228
653	1232
653	1417
653	1707
653	1915
653	1934
653	2029
655	654
655	660
655	659
655	689
655	681
655	709
655	657
655	658
655	690
655	722
655	728
655	732
655	733
654	657
654	658
656	654
656	689
656	658
656	714
656	715
660	659
660	677
661	660
661	689
661	681
661	690
663	662
663	667
663	674
663	709
664	663
664	666
665	662
665	674
666	665
666	668
668	667
668	709
669	668
670	672
670	673
671	670
671	683
671	2368
676	675
679	678
678	681
680	678
680	683
681	682
681	683
683	684
684	685
685	686
688	687
688	735
689	690
690	691
690	694
690	695
690	704
690	705
691	692
691	693
695	696
695	699
695	702
696	697
696	698
699	700
699	701
702	703
707	706
708	683
708	1945
709	710
712	711
714	713
717	716
718	690
718	719
718	720
718	698
719	695
719	705
720	705
721	720
724	723
724	684
726	672
726	729
726	730
726	731
726	673
726	2767
727	672
727	673
727	2767
734	733
739	740
739	742
740	741
743	271
743	745
743	746
743	778
744	271
745	272
746	273
748	747
748	779
750	749
750	769
750	780
750	936
750	2267
750	2269
750	2271
750	2272
750	2273
750	2274
750	2275
750	2276
750	2277
750	2278
750	510
751	749
751	759
751	780
752	239
754	753
754	758
757	756
758	757
761	760
764	277
766	765
768	767
768	2312
768	2361
768	2658
770	276
774	773
776	775
777	776
778	274
781	782
783	782
784	783
786	785
790	789
798	799
801	800
805	804
805	806
808	807
808	810
808	811
808	812
808	813
808	814
808	815
808	816
808	817
808	818
808	819
808	820
808	821
808	822
808	823
808	824
808	825
808	826
808	827
808	828
808	829
808	830
808	831
808	832
808	833
808	834
808	835
808	836
808	837
808	838
808	839
808	840
808	841
808	842
808	843
808	844
808	845
808	846
808	847
808	848
808	849
808	850
808	851
808	852
808	853
808	854
808	855
809	808
850	856
858	857
858	859
858	878
861	860
861	862
861	898
864	863
864	867
864	873
865	864
865	871
867	866
867	872
868	866
868	876
869	866
869	877
871	870
875	874
875	895
877	876
877	884
881	880
883	882
883	943
886	885
887	886
887	914
887	930
889	888
889	890
889	891
893	892
893	896
894	893
894	897
897	896
897	899
901	900
901	909
901	922
901	924
901	925
901	926
901	931
901	932
901	939
901	2769
902	329
902	903
902	915
903	330
904	903
904	915
906	905
906	913
906	923
906	916
906	917
906	940
911	910
911	916
911	917
911	918
911	919
912	911
912	920
912	921
913	912
915	331
915	334
929	928
934	933
934	935
938	937
938	941
938	942
945	944
947	946
947	962
949	948
949	950
952	951
952	1128
952	1129
952	1194
954	953
954	1348
955	954
955	1314
955	1323
955	1341
955	1349
956	955
957	956
957	1220
957	1231
957	1232
957	2762
957	2763
957	2764
957	2765
959	958
959	988
961	960
961	1123
962	963
965	964
965	1229
965	1397
965	1407
965	1418
965	1420
965	1699
965	1979
965	2103
965	2105
965	2181
965	2227
965	1419
965	2324
965	2526
965	2539
965	2540
965	2545
965	2564
965	2597
965	2601
965	2624
965	2737
965	2738
965	2739
965	2740
965	2741
965	2742
965	2743
965	2744
965	2745
965	2746
965	2747
965	2748
965	2749
965	2750
965	2751
965	2752
965	2753
965	2754
965	2755
965	2756
965	2757
965	2464
969	968
969	1238
969	1239
969	1296
969	1360
969	1361
969	1371
969	1372
969	1376
969	1377
969	1378
970	969
970	1365
970	1366
970	1523
970	1538
970	1974
972	971
971	973
971	974
974	975
974	976
978	977
978	1352
978	1474
978	1475
978	1476
978	1477
978	1478
978	1479
978	1480
978	1481
978	1482
979	978
979	1458
979	1459
979	1464
979	1468
979	1469
979	1470
979	1483
980	979
980	1236
980	1485
980	1491
980	1492
980	1493
980	1494
980	1499
980	1502
980	1503
980	1504
980	1506
981	980
981	1507
981	1508
981	1509
981	1515
981	1516
982	981
983	984
983	985
985	986
985	987
990	991
990	992
996	995
996	1000
996	1001
996	1004
996	1009
996	1010
996	1011
997	996
997	1035
998	997
998	999
998	1036
999	996
1001	1002
1001	1003
1004	1005
1004	1006
1004	1007
1004	1008
1011	1012
1014	1013
1015	1014
1015	1016
1015	1018
1020	1019
1020	1022
1020	1023
1020	1024
1020	1032
1021	1020
1026	1025
1026	1050
1026	1051
1026	1053
1026	1054
1025	1027
1025	1028
1025	1029
1025	1030
1025	1031
1034	1033
1034	1037
1034	1044
1034	1045
1034	1046
1034	1047
1034	1048
1035	1034
1035	1040
1035	1042
1036	1035
1039	1038
1039	1041
1040	1039
1040	1049
1042	1043
1051	1052
1056	1055
1058	1057
1060	1059
1060	1061
1060	1062
1060	1063
1060	1064
1066	1065
1070	1069
1070	1075
1069	1071
1069	1072
1069	1073
1069	1074
1077	1076
1077	1703
1077	1706
1078	1077
1078	1076
1078	1610
1078	1701
1078	1949
1080	1079
1080	1081
1080	1082
1080	2324
1087	1086
1087	1766
1087	1767
1087	1768
1091	1090
1093	1092
1093	1097
1093	1098
1093	1099
1093	1100
1093	1101
1093	1102
1093	1103
1094	1093
1094	1131
1094	1217
1095	1094
1095	1106
1095	1126
1095	1148
1095	1197
1095	1216
1095	1218
1096	1094
1105	1104
1105	1146
1105	1173
1106	1108
1106	1109
1106	1110
1106	1111
1106	1112
1106	1113
1106	1114
1106	1115
1107	1106
1107	1148
1117	1116
1117	1203
1118	1117
1120	1119
1120	1205
1122	1121
1123	1122
1125	1124
1125	1171
1125	1193
1126	1125
1126	1161
1127	1126
1131	1130
1131	1133
1131	1134
1131	1136
1131	1138
1131	1140
1131	1142
1131	1144
1131	1172
1130	1132
1134	1135
1136	1137
1138	1139
1140	1141
1142	1143
1144	1145
1148	1147
1148	1157
1148	1174
1148	1201
1147	1149
1147	1150
1147	1151
1147	1152
1147	1153
1147	1154
1147	1155
1157	1156
1157	1182
1159	1158
1159	1183
1161	1160
1161	1184
1160	1163
1160	1164
1160	1165
1160	1166
1160	1167
1160	1168
1160	1169
1160	1170
1162	1161
1174	1175
1174	1176
1174	1177
1174	1178
1174	1179
1174	1180
1174	1181
1184	1185
1184	1186
1184	1187
1184	1188
1184	1189
1184	1190
1184	1191
1184	1192
1196	1195
1196	2234
1196	2462
1198	1197
1199	1198
1199	1237
1203	1202
1205	1204
1207	1206
1207	1850
1208	1207
1209	1208
1211	1210
1211	1212
1211	1213
1211	1219
1215	1214
1217	1235
1222	1221
1222	1403
1222	1404
1223	1222
1224	1223
1224	1399
1224	1402
1225	1224
1225	1406
1226	1225
1226	1221
1226	1227
1226	1408
1226	2140
1227	1221
1227	1409
1227	1410
1227	1404
1230	1229
1230	1231
1234	1233
1242	1243
1242	1244
1242	1245
1247	1246
1247	1248
1250	1249
1250	1252
1250	1253
1251	1250
1251	2507
1251	2511
1255	1254
1255	1270
1258	1257
1262	1263
1262	1264
1271	1272
1292	1291
1292	1367
1293	1292
1293	2776
1295	1294
1298	1297
1298	1385
1314	1315
1314	1316
1314	1317
1314	1318
1314	1319
1314	1320
1314	1321
1314	1322
1323	1324
1323	1325
1323	1326
1323	1327
1323	1328
1323	1329
1323	1330
1323	1338
1323	1339
1323	1340
1330	1331
1330	1332
1330	1333
1330	1334
1330	1335
1330	1336
1330	1337
1341	1342
1341	1343
1341	1344
1341	1345
1341	1346
1341	1347
1349	1350
1349	1351
1354	1353
1354	1356
1354	1357
1354	1359
1355	1354
1357	1358
1365	1364
1365	1375
1365	1379
1365	1383
1369	1368
1369	1370
1372	1373
1375	1374
1375	1382
1379	1380
1379	1381
1383	1384
1394	1393
1394	2326
1396	1395
1396	2325
1399	1400
1400	1401
1404	1405
1408	1409
1408	1410
1408	1411
1408	1412
1412	1413
1415	1414
1415	1416
1416	1414
1422	1421
1422	1423
1422	1954
1426	1425
1426	2140
1428	1427
1428	1431
1428	1432
1428	1433
1428	1436
1427	1430
1429	1428
1429	1440
1429	1441
1429	2771
1433	1434
1433	1435
1438	1437
1438	2014
1438	2023
1438	2030
1438	2070
1438	2350
1438	2467
1438	2474
1438	2611
1438	2629
1440	1439
1441	1432
1444	1443
1444	2079
1444	2226
1446	1445
1446	2649
1446	2656
1448	1447
1448	1839
1448	2188
1448	2204
1448	2365
1448	2465
1448	2466
1448	2469
1448	2476
1448	2491
1448	2492
1448	2493
1448	2613
1448	2614
1448	2615
1448	2616
1448	2617
1448	2618
1448	2663
1448	2664
1448	2665
1448	2678
1448	2679
1448	2680
1448	2681
1448	2684
1448	2706
1448	2782
1448	2464
1448	2871
1450	1449
1453	1452
1453	1548
1456	1455
1456	1457
1459	1460
1459	1461
1459	1462
1459	1463
1464	1465
1464	1466
1464	1467
1470	1471
1470	1472
1470	1473
1485	1484
1485	1487
1485	1488
1484	1486
1488	1489
1488	1490
1494	1495
1494	1496
1494	1497
1494	1498
1499	1500
1499	1501
1504	1505
1505	1520
1509	1510
1509	1511
1509	1512
1509	1513
1509	1514
1518	1517
1518	1519
1518	2772
1518	2773
1522	1521
1524	1525
1524	1526
1530	1529
1530	1533
1530	1536
1531	1530
1531	2775
1535	1534
1535	2774
1540	1539
1542	1541
1544	1543
1544	1764
1545	1547
1546	1545
1550	1549
1550	1552
1550	1553
1550	1817
1550	1849
1550	2685
1551	1550
1555	1554
1555	1939
1555	1941
1555	1944
1557	1556
1557	1559
1557	1564
1557	1594
1557	1595
1556	1558
1559	1560
1559	1561
1559	1562
1559	1563
1564	1565
1564	1566
1564	1567
1564	1568
1564	1569
1564	1570
1564	1571
1564	1572
1574	1573
1573	1575
1573	1576
1573	1577
1573	1578
1573	1579
1573	1580
1573	1581
1573	1582
1573	1583
1573	1586
1573	1589
1573	1590
1573	1591
1573	1592
1573	1593
1583	1584
1583	1585
1586	1587
1586	1588
1597	1596
1597	1600
1597	1601
1597	1602
1597	1603
1597	1604
1597	1605
1597	1606
1597	1607
1598	1597
1598	1608
1598	1613
1598	1700
1599	1598
1610	1609
1610	1702
1612	1611
1612	1627
1612	1628
1612	1629
1612	1630
1612	1631
1612	1632
1612	1633
1612	1634
1612	1635
1612	1636
1612	1637
1612	1639
1612	1640
1612	1642
1612	1643
1612	1644
1612	1645
1612	1646
1612	1647
1612	1648
1612	1649
1612	1650
1612	1651
1612	1652
1612	1653
1612	1654
1612	1655
1612	1656
1611	1614
1611	1615
1611	1616
1611	1617
1611	1618
1611	1619
1613	1612
1613	1620
1613	1657
1613	1680
1613	1682
1613	1695
1620	1621
1620	1622
1620	1623
1620	1624
1620	1625
1625	1626
1637	1638
1640	1641
1657	1658
1657	1659
1657	1660
1657	1661
1657	1662
1657	1663
1657	1664
1657	1665
1657	1666
1657	1667
1657	1668
1657	1669
1657	1670
1657	1671
1657	1672
1657	1673
1657	1674
1657	1675
1657	1676
1657	1677
1657	1678
1657	1679
1680	1681
1682	1683
1682	1684
1682	1686
1682	1687
1682	1688
1682	1691
1682	1692
1682	1693
1682	1694
1684	1685
1688	1689
1688	1690
1695	1696
1695	1697
1695	1698
1703	1704
1703	1705
1709	1708
1709	1710
1712	1711
1712	1715
1712	1717
1712	1722
1712	1725
1712	1729
1712	1730
1712	1733
1712	1738
1712	1739
1712	1740
1712	1741
1712	1742
1712	1744
1712	1745
1712	1749
1712	1752
1712	1753
1713	1712
1713	1719
1713	1721
1713	1731
1713	1735
1713	1746
1713	1751
1713	1762
1713	1763
1714	1713
1714	1716
1714	1743
1719	1718
1719	1727
1719	1728
1719	1734
1719	1737
1721	1720
1721	1723
1721	1724
1721	1747
1721	1748
1721	1750
1727	1726
1733	1732
1735	1736
1753	1754
1753	1755
1753	1756
1758	1757
1758	1760
1758	1765
1757	1759
1757	1760
1757	1761
1768	1769
1768	1770
1772	1771
1772	1774
1772	1859
1772	2520
1772	2521
1772	2522
1772	2539
1779	1778
1781	1780
1781	1791
1781	1798
1780	1784
1782	1781
1782	1808
1783	1780
1783	1785
1783	1784
1789	1788
1791	1793
1792	1791
1792	1794
1792	1793
1798	1800
1799	1798
1799	1801
1799	1800
1805	1804
1805	1811
1807	1806
1807	1810
1807	1812
1808	1809
1814	1813
1814	1816
1814	2007
1815	1814
1815	1953
1815	2008
1815	2010
1819	1818
1821	1820
1823	1822
1825	1824
1825	2002
1825	2005
1824	1826
1828	1827
1828	1830
1828	1831
1829	1828
1829	1833
1829	1834
1829	1836
1829	1842
1829	1843
1829	1845
1833	1832
1833	1844
1836	1835
1836	1837
1839	1838
1841	1840
1842	1841
1847	1846
1847	1851
1853	1852
1853	1854
1856	1855
1856	1857
1856	1858
1861	1860
1861	1884
1861	1886
1861	1887
1861	1975
1863	1862
1862	1864
1862	1865
1862	1868
1862	1880
1865	1866
1865	1867
1868	1869
1868	1870
1868	1871
1868	1872
1868	1873
1868	1874
1868	1875
1868	1876
1868	1877
1868	1878
1868	1879
1880	1881
1880	1882
1884	1885
1889	1888
1889	1891
1889	1896
1892	1893
1895	1894
1898	1897
1899	1898
1899	1901
1901	1900
1901	1902
1903	1904
1909	1908
1909	1919
1911	1912
1914	1913
1918	1917
1919	1918
1921	1920
1923	1922
1923	1929
1923	1930
1923	1931
1923	1932
1924	1923
1926	1925
1926	1942
1926	1943
1928	1927
1928	1933
1928	1948
1936	1935
1938	1937
1937	1940
1939	1938
1947	1946
1947	1948
1951	1950
1951	1953
1952	1950
1956	1955
1958	1957
1957	1959
1957	1960
1963	1962
1963	1809
1967	1966
1967	1968
1967	1970
1967	1973
1970	1969
1969	1971
1971	1972
1977	1976
1977	1978
1977	1982
1977	1985
1977	1986
1980	1979
1980	1981
1984	1983
1989	1988
1989	1992
1989	1993
1989	1994
1989	1995
1989	1996
1989	1997
1989	1998
1989	1999
1989	2000
1989	2001
1989	2002
1989	2003
1989	2004
1989	2005
1989	2006
1988	1990
1988	1991
2008	2009
2012	2011
2012	2013
2015	2016
2015	2018
2016	2017
2020	2019
2020	2021
2025	2024
2034	2035
2034	2036
2036	2037
2041	2040
2042	2041
2042	2071
2042	2097
2042	2106
2042	2231
2044	2043
2044	2048
2044	2050
2044	2051
2044	2054
2044	2216
2043	2046
2045	2044
2045	2061
2045	2067
2045	2069
2045	2072
2045	2074
2045	2077
2045	2084
2045	2105
2045	2134
2045	2136
2045	2141
2045	2149
2045	2157
2045	2194
2045	1404
2045	2197
2045	2199
2045	2203
2045	2227
2048	2047
2050	2049
2050	2052
2050	2053
2055	2056
2055	2057
2061	2060
2061	2064
2061	2065
2060	2062
2060	2063
2067	2066
2067	2068
2074	2073
2074	2075
2077	2076
2077	2078
2077	2081
2077	2083
2077	2229
2083	2082
2086	2085
2086	2113
2085	2087
2087	2088
2087	2089
2090	2091
2090	2092
2090	2093
2095	2094
2095	2111
2095	2122
2100	2099
2099	2101
2099	2102
2104	2103
2104	2132
2105	2104
2105	2120
2105	2129
2105	2130
2109	2108
2109	2115
2109	2121
2111	2110
2111	2116
2113	2112
2113	2114
2124	2123
2124	2126
2124	2127
2125	2123
2129	2128
2132	2131
2134	2133
2133	2135
2138	2137
2140	2141
2140	2142
2146	2145
2146	2147
2149	2148
2149	2151
2149	2152
2149	2153
2149	2155
2149	2228
2151	2150
2151	2154
2157	2156
2157	2159
2159	2158
2161	2160
2161	2174
2161	2218
2161	2219
2161	2220
2163	2162
2165	2164
2165	2175
2165	2221
2165	2222
2167	2166
2169	2168
2171	2170
2173	2172
2173	2179
2177	2176
2178	2176
2181	2180
2181	2598
2183	2182
2187	2186
2191	2190
2191	2192
2191	2193
2195	1404
2195	2199
2197	2196
2197	2198
2199	1768
2200	2199
2203	2202
2203	2205
2207	2206
2207	2214
2209	2208
2209	2211
2209	2212
2209	2213
2217	2216
2217	2228
2217	2229
2224	2223
2224	2225
2224	2760
2224	2761
2231	2230
2233	2232
2236	2235
2236	2243
2235	2237
2235	2238
2235	2239
2235	2240
2235	2241
2235	2242
2245	2244
2245	2247
2246	2245
2246	2247
2252	2251
2252	487
2252	2254
2252	2255
2253	2254
2253	2255
2256	2257
2256	2258
2256	2259
2256	2260
2256	2261
2256	2262
2256	2263
2268	2267
2268	2783
2268	318
2270	2269
2270	2784
2270	2785
2270	2786
2270	2787
2270	2788
2270	2789
2270	2790
2270	2791
2270	2792
2270	2793
2270	317
2270	2278
2279	508
2292	2279
2292	2280
2292	2281
2292	2282
2292	2283
2292	2284
2292	2285
2292	2252
2292	2286
2292	2287
2295	2294
2295	2296
2295	2297
2299	2298
2299	2300
2299	2301
2299	2302
2304	2303
2305	2303
2308	2307
2309	2310
2313	2312
2313	2315
2314	2313
2317	2316
2319	2318
2319	2320
2319	2321
2319	2322
2324	2323
2327	2328
2341	2340
2346	2345
2348	2347
2352	2351
2354	2353
2354	2355
2357	2356
2357	2383
2358	2357
2358	2359
2358	2360
2358	2370
2358	2394
2358	2398
2362	2363
2365	2364
2365	2612
2365	2686
2365	2687
2365	2619
2365	2620
2365	2621
2365	2622
2367	2366
2371	2372
2371	2375
2371	2376
2372	2373
2372	2374
2378	2377
2380	2379
2382	2381
2382	2389
2383	2382
2383	2384
2383	2391
2384	2385
2384	2388
2385	2386
2385	2387
2389	2390
2393	2392
2396	2395
2396	2716
2396	2717
2396	2719
2396	2720
2398	2397
2398	2399
2398	2400
2398	2401
2403	2402
2403	2406
2403	2405
2402	2404
2402	2406
2404	2405
2406	2407
2407	2408
2407	2409
2410	2406
2411	2407
2411	2404
2411	2408
2411	2415
2411	2436
2411	2413
2411	2414
2411	2417
2411	2418
2411	2419
2411	2437
2411	2427
2411	2446
2411	2449
2412	2413
2412	2414
2412	2415
2412	2417
2412	2418
2412	2419
2415	2416
2423	2422
2423	2424
2425	2426
2425	2428
2426	2427
2430	2429
2430	2431
2432	2404
2432	2449
2434	2433
2435	2415
2435	2436
2435	2413
2435	2414
2435	2417
2435	2418
2435	2419
2440	2439
2440	2441
2441	2442
2441	2443
2441	2444
2446	2445
2448	2447
2452	2451
2451	2453
2456	2455
2458	2457
2458	2459
2458	2461
2458	2670
2458	2675
2458	2676
2458	2677
2461	2460
2463	2462
2463	2483
2463	2480
2463	2487
2464	2463
2464	2477
2471	2470
2471	2472
2471	2473
2477	2478
2477	2479
2477	2480
2480	2481
2480	2484
2481	2482
2481	2486
2485	2484
2484	2482
2487	2481
2489	2488
2489	2490
2495	2494
2495	2510
2497	2496
2497	2502
2498	2497
2498	2508
2498	2509
2498	2512
2499	2497
2499	2503
2499	2508
2499	2509
2501	2500
2505	2504
2505	2506
2515	2514
2517	2516
2517	2518
2517	2519
2527	2528
2531	2532
2531	2533
2531	2534
2535	2536
2536	2101
2536	2102
2541	2481
2543	2544
2547	2548
2550	2549
2550	2548
2555	2554
2555	2562
2555	2563
2557	2556
2559	2558
2559	2708
2559	2709
2559	2710
2561	2560
2565	2564
2565	2568
2565	2573
2566	2564
2568	2567
2568	2571
2568	2572
2568	2574
2569	2570
2576	2575
2576	2577
2576	2580
2576	2586
2576	2592
2576	2593
2576	2588
2579	2578
2582	2581
2582	2587
2582	2591
2583	2581
2583	2584
2583	2585
2588	2587
2588	2591
2588	2594
2589	2587
2589	2591
2590	2589
2590	2831
2590	2832
2590	2833
2590	2834
2590	2835
2590	2836
2590	2837
2590	2838
2595	2596
2597	2598
2600	2599
2599	2600
2603	2602
2603	2604
2603	2605
2608	2607
2610	2609
2618	2619
2618	2620
2618	2621
2618	2622
2622	2623
2626	2625
2628	2627
2632	2631
2634	2633
2636	2635
2639	2638
2639	2640
2639	2641
2639	2642
2639	2645
2644	2643
2647	2646
2647	2648
2647	2758
2647	2759
2649	2651
2649	2652
2649	2657
2650	2649
2650	2656
2650	2659
2650	2724
2654	2653
2654	2655
2656	2654
2656	2661
2661	2660
2661	2662
2667	2666
2666	2668
2668	2669
2670	2671
2670	2672
2670	2673
2670	2674
2683	2682
2686	2623
2689	2688
2689	2690
2692	2691
2692	2693
2692	2694
2695	2696
2695	2697
2698	2699
2698	2700
2698	2872
2698	2873
2698	2874
2698	2875
2698	2876
2699	2460
2702	2701
2701	2703
2705	2704
2708	2707
2712	2711
2714	2713
2714	2715
2718	2717
2718	2719
2718	2720
2721	2722
2721	2723
2724	2725
2724	2726
2728	2727
2730	2731
2735	221
2735	222
2746	2120
2746	2130
2746	2129
2746	2104
2768	2767
2770	1549
2770	1552
2770	1553
2770	1817
2770	1849
2770	2685
2777	2778
2777	2779
2777	2780
2777	2781
2786	749
2786	759
2786	780
2787	760
2788	765
2789	773
2790	785
2794	2795
2794	2796
2794	2797
2794	2798
2794	2799
2794	2800
2794	2801
2794	2802
2794	2803
2794	2804
2794	2805
2794	2806
2794	2807
2794	2808
2809	2810
2809	2811
2809	2812
2813	2814
2813	2815
2813	2816
2817	2818
2817	2819
2817	2820
2817	2821
2817	2822
2817	2823
2817	2751
2824	2825
2824	2826
2824	2827
2828	2825
2828	2829
2828	2830
2831	2826
2831	2827
2839	2844
2839	2845
2839	2846
2839	2847
2839	2848
2839	2849
2839	2850
2839	2851
2839	2750
2839	2852
2839	2853
2839	2854
2839	2855
2839	2856
2839	2857
2839	2858
2839	2859
2839	2365
2839	2860
2839	2861
2839	2862
2839	2863
2839	2864
2839	2865
2839	2866
2839	2867
2839	2868
2839	2869
2839	2870
2840	2841
2840	2842
2840	2843
2864	1838
2873	2671
2873	2672
2873	2673
2873	2674
2878	2877
2879	2714
