1	0
0	4
2	1
3	2
3	71
4	5
4	23
4	24
4	25
4	31
4	32
4	46
4	47
4	48
5	6
5	9
5	10
5	12
5	13
5	14
5	15
5	16
5	17
5	18
5	19
5	20
5	21
5	22
6	7
6	8
10	11
10	50
13	52
13	53
19	54
19	55
21	56
21	60
21	61
21	62
21	63
21	64
21	65
21	66
21	67
25	26
25	27
25	28
25	29
25	30
32	33
32	34
32	35
32	36
32	37
32	38
32	39
32	40
32	41
32	42
32	43
32	44
32	45
49	4
50	51
56	57
56	58
56	59
69	68
69	70
73	72
73	76
73	95
73	96
73	97
73	98
73	99
73	100
73	101
73	102
73	103
73	104
73	105
73	2342
73	2724
73	2725
74	73
76	75
76	78
76	86
76	87
76	88
76	89
76	90
76	91
76	92
76	93
76	94
75	77
78	79
78	80
78	84
78	85
80	81
81	82
82	83
107	106
107	178
107	281
107	390
107	719
107	1077
107	1235
107	1393
107	1445
107	1952
107	2016
107	2052
107	2091
107	2337
107	2360
107	2425
107	2561
107	2587
107	2598
107	2622
107	2629
107	2713
106	108
110	109
110	1526
110	2178
112	111
112	1061
112	2177
114	113
114	960
114	961
114	987
114	988
114	1194
114	1293
114	1294
114	1295
114	1296
114	1297
114	1298
114	1299
114	1300
114	1301
114	1302
114	1303
114	1304
114	1305
114	1306
114	1307
114	1308
114	1357
114	1358
114	1382
114	1383
114	1384
114	1385
114	1386
114	1387
115	114
115	1292
115	1381
115	2762
117	116
117	1521
117	1522
118	117
118	1062
118	1536
119	118
120	118
120	976
120	1220
120	1215
120	1439
120	1442
120	1515
120	1540
120	1833
120	1842
120	1938
120	2038
120	2055
120	2061
120	2063
120	2066
120	2068
120	2071
120	2077
120	2089
120	2098
120	2127
120	2129
120	2142
120	2150
120	2180
120	2187
120	1399
120	2190
120	2192
120	2196
120	2203
120	2220
120	2459
120	2466
120	2475
120	2477
120	2478
120	2504
120	2522
120	2535
120	2551
120	2716
120	2455
120	2453
120	2831
122	121
122	126
122	2132
124	123
124	129
124	1877
124	1883
124	1884
124	1886
124	1899
125	124
125	1889
125	1893
125	1897
125	1900
125	1901
125	1905
126	125
128	127
129	128
129	1904
130	131
133	132
133	2398
133	2403
133	2411
133	2412
133	2395
133	2406
133	2427
133	2404
133	2405
133	2408
133	2409
133	2410
133	2428
133	2429
133	2418
133	2419
133	2437
135	134
135	571
135	575
135	579
135	590
135	592
135	593
135	594
135	595
135	596
135	598
135	599
135	2441
135	2445
137	136
137	138
137	141
137	145
137	146
137	151
137	149
137	148
137	154
137	155
137	156
137	157
137	152
137	158
137	159
137	162
137	160
137	161
137	163
137	164
137	165
137	166
137	169
137	172
137	173
136	138
136	141
136	142
136	143
136	144
136	145
136	153
136	154
136	155
136	156
136	157
136	158
136	159
136	160
136	161
136	162
136	163
136	164
136	165
136	166
136	169
136	170
136	171
136	172
136	173
138	139
138	140
145	146
145	147
145	149
145	150
145	152
147	148
150	151
166	167
166	168
175	174
177	176
177	179
177	180
177	181
177	182
177	183
177	184
177	185
177	186
177	187
177	188
177	189
177	190
177	191
177	192
177	193
177	194
177	195
177	196
177	197
178	177
178	223
178	229
178	230
178	282
178	403
178	404
178	426
178	444
178	466
178	520
178	525
178	605
178	613
178	618
178	782
178	785
178	786
178	787
178	788
178	789
178	790
178	791
178	796
178	797
178	877
178	902
178	921
178	1249
178	1250
178	1252
178	1253
178	1254
178	1255
178	1256
178	1259
178	1260
178	1261
178	1262
178	1263
178	1265
178	1267
178	1271
178	1272
178	1273
178	1274
178	1275
178	1276
178	1277
178	1278
178	1279
178	1280
178	1281
178	1282
178	1283
178	1284
178	2020
178	2022
178	2025
178	2026
178	2032
178	2033
178	2036
178	2136
199	198
199	202
199	226
199	227
199	228
200	199
200	198
202	201
202	212
202	214
202	215
202	216
202	217
202	218
202	224
202	225
201	203
201	204
201	205
201	206
201	207
201	208
201	209
201	210
201	211
212	213
220	219
220	873
220	2478
220	2727
220	2728
220	2469
220	2471
219	221
219	222
231	232
232	233
232	234
232	235
237	236
236	239
236	240
238	236
238	543
240	241
240	271
240	275
240	276
240	277
241	242
241	243
241	244
241	245
241	262
241	263
245	246
245	249
245	250
245	251
246	247
246	248
251	252
251	253
251	254
251	255
251	256
251	257
251	261
257	258
257	259
257	260
263	264
263	265
263	266
263	267
267	268
267	269
267	270
271	272
271	273
271	274
279	278
279	280
284	283
284	315
284	325
284	332
284	333
284	334
284	335
284	336
283	288
283	294
285	284
285	345
285	1081
286	285
286	289
286	290
286	292
286	293
286	370
286	896
286	1080
286	335
286	334
286	1768
286	2192
287	286
287	321
288	289
288	290
288	291
288	292
288	293
294	295
297	296
297	486
299	298
299	1082
299	1234
300	299
300	298
300	581
300	232
300	614
300	2021
302	301
301	303
303	304
306	305
305	307
305	308
309	307
311	310
311	366
311	367
311	368
312	311
312	310
312	367
312	1083
314	313
315	314
315	322
317	316
317	492
317	501
317	504
317	1079
317	1769
317	1770
317	2281
317	2283
317	2285
317	2264
317	2265
317	2266
317	2267
317	2268
317	2269
317	2270
317	2271
318	317
318	480
318	745
318	755
318	760
318	768
318	780
318	930
318	2259
318	744
318	2283
318	2758
318	2776
318	2777
318	2778
318	2779
318	2780
318	2781
318	2782
318	2783
318	2784
318	2785
318	2271
319	318
319	878
319	2263
320	319
320	976
320	1438
320	1439
320	1516
320	1549
320	2053
320	2072
320	2073
320	2089
320	2093
320	2100
320	2110
320	2111
320	2112
320	2180
320	2182
320	2194
320	2203
320	2241
320	2242
320	2244
320	481
320	2257
320	2258
320	2286
320	2459
320	2466
320	2476
320	2477
320	2478
320	2515
320	2516
320	2517
320	2518
320	2519
320	2521
320	2522
320	2523
320	2447
320	2527
320	2529
320	2530
320	2531
320	2532
320	2533
320	2534
320	2535
320	2537
320	2538
320	2551
320	2646
320	2716
320	2261
322	323
322	324
325	326
325	330
325	331
326	327
326	329
327	328
338	337
338	339
341	340
341	664
341	756
341	757
341	761
341	765
341	766
341	770
341	781
341	2299
341	2304
341	2322
341	2323
341	2324
341	2325
341	2326
341	2327
341	2328
341	2329
341	2330
341	2331
341	2332
341	2335
341	2336
343	342
345	344
345	370
345	371
345	372
345	373
345	374
347	346
347	365
347	375
347	901
347	1771
348	347
350	349
350	369
350	354
349	351
349	352
349	353
349	354
356	355
355	358
357	356
357	749
357	2009
357	2721
360	359
362	361
364	363
377	376
377	383
378	377
378	379
378	380
378	381
378	382
378	384
378	385
378	387
378	389
378	392
378	393
387	386
387	388
387	391
393	394
393	395
397	396
398	399
401	400
401	402
401	417
406	405
408	407
408	427
408	432
410	409
410	2726
411	409
411	1436
413	412
412	416
414	413
414	418
414	419
414	421
415	414
415	418
419	420
422	418
422	425
422	461
424	423
429	428
429	1436
431	430
432	433
432	434
436	435
438	437
438	439
438	440
438	441
438	442
444	443
446	445
447	448
450	449
450	452
450	454
449	451
449	453
449	454
451	452
456	455
456	1078
458	457
460	459
463	462
463	464
463	465
467	468
467	473
468	469
468	470
468	471
468	472
473	474
473	475
475	476
475	477
479	478
479	576
479	580
479	589
479	591
479	597
479	612
481	480
483	482
485	484
485	494
485	496
488	487
488	490
488	489
487	489
487	490
492	491
492	494
492	500
493	491
493	505
496	495
497	498
497	499
503	502
504	503
504	753
504	754
504	759
504	767
504	779
504	2243
504	2245
504	2246
504	2272
504	2273
504	2274
504	2275
504	2276
504	2277
504	2278
504	2279
504	2280
504	2282
504	2284
507	506
507	1448
507	1780
507	1784
507	1791
507	1955
507	2543
509	508
509	1781
509	1789
509	1796
509	1958
509	2544
511	510
511	1790
511	1797
511	1959
511	2545
513	512
513	514
515	514
517	516
517	518
517	519
517	524
522	521
523	522
523	722
523	756
523	2684
525	526
528	527
528	532
528	757
528	2307
528	2687
527	529
527	530
527	531
532	533
535	534
534	536
534	537
534	538
534	541
538	539
538	540
542	240
542	544
542	550
542	737
542	758
542	764
543	542
543	746
544	241
544	545
544	546
544	549
544	558
544	562
544	570
545	242
546	245
546	547
546	552
546	559
547	251
547	548
547	553
547	555
547	561
547	567
547	569
547	600
548	252
549	263
549	551
549	557
549	560
549	564
550	549
550	551
550	275
551	264
552	246
552	556
552	563
552	603
553	257
553	554
553	566
553	568
554	258
555	253
556	249
557	265
558	243
559	250
560	266
561	254
562	244
563	247
564	267
564	565
564	601
564	602
565	268
566	259
567	255
568	260
569	256
570	262
573	572
573	733
574	573
574	730
574	731
574	732
578	577
581	232
581	588
582	581
583	581
584	581
584	765
585	581
585	766
586	581
586	232
586	1268
586	1269
586	1270
586	2137
586	2208
587	233
588	587
588	234
600	261
601	269
602	270
603	248
605	604
605	606
605	607
609	608
611	610
611	958
611	983
611	1011
616	615
616	621
616	623
616	624
617	616
617	620
617	625
617	626
617	627
617	628
617	635
618	617
618	1205
618	1981
618	2027
618	2028
620	619
621	622
628	629
629	630
629	631
629	632
629	633
633	634
637	636
637	1418
638	637
640	639
640	1413
641	639
642	639
642	645
642	950
642	953
642	1030
642	1224
642	1223
642	1225
642	1531
642	2079
642	1413
642	2557
642	2756
644	643
644	949
644	975
644	1539
644	1902
644	1910
644	1913
645	644
645	950
645	958
645	976
645	1540
645	1823
645	1903
647	646
647	1214
647	1222
647	1226
647	1411
647	1702
647	1909
647	1928
647	2023
649	648
649	654
649	653
649	683
649	675
649	703
649	651
649	652
649	684
649	716
649	722
649	726
649	727
648	651
648	652
650	648
650	683
650	652
650	708
650	709
654	653
654	671
655	654
655	683
655	675
655	684
657	656
657	661
657	668
657	703
658	657
658	660
659	656
659	668
660	659
660	662
662	661
662	703
663	662
664	666
664	667
665	664
665	677
665	2359
670	669
673	672
672	675
674	672
674	677
675	676
675	677
677	678
678	679
679	680
682	681
682	729
683	684
684	685
684	688
684	689
684	698
684	699
685	686
685	687
689	690
689	693
689	696
690	691
690	692
693	694
693	695
696	697
701	700
702	677
702	1939
703	704
706	705
708	707
711	710
712	684
712	713
712	714
712	692
713	689
713	699
714	699
715	714
718	717
718	678
720	666
720	723
720	724
720	725
720	667
720	2759
721	666
721	667
721	2759
728	727
733	734
733	736
734	735
737	271
737	739
737	740
737	772
738	271
739	272
740	273
742	741
742	773
744	743
744	763
744	774
744	930
744	2260
744	2262
744	2264
744	2265
744	2266
744	2267
744	2268
744	2269
744	2270
744	2271
744	504
745	743
745	753
745	774
746	239
748	747
748	752
751	750
752	751
755	754
758	277
760	759
762	761
762	2305
762	2650
764	276
768	767
770	769
771	770
772	274
775	776
777	776
778	777
780	779
784	783
792	793
795	794
799	798
799	800
802	801
802	804
802	805
802	806
802	807
802	808
802	809
802	810
802	811
802	812
802	813
802	814
802	815
802	816
802	817
802	818
802	819
802	820
802	821
802	822
802	823
802	824
802	825
802	826
802	827
802	828
802	829
802	830
802	831
802	832
802	833
802	834
802	835
802	836
802	837
802	838
802	839
802	840
802	841
802	842
802	843
802	844
802	845
802	846
802	847
802	848
802	849
803	802
844	850
852	851
852	853
852	872
855	854
855	856
855	892
858	857
858	861
858	867
859	858
859	865
861	860
861	866
862	860
862	870
863	860
863	871
865	864
869	868
869	889
871	870
871	878
875	874
877	876
877	937
880	879
881	880
881	908
881	924
883	882
883	884
883	885
887	886
887	890
888	887
888	891
891	890
891	893
895	894
895	903
895	916
895	918
895	919
895	920
895	925
895	926
895	933
895	2761
896	325
896	897
896	909
897	326
898	897
898	909
900	899
900	907
900	917
900	910
900	911
900	934
905	904
905	910
905	911
905	912
905	913
906	905
906	914
906	915
907	906
909	327
909	330
923	922
928	927
928	929
932	931
932	935
932	936
939	938
941	940
941	956
943	942
943	944
946	945
946	1122
946	1123
946	1188
948	947
948	1343
949	948
949	1309
949	1318
949	1336
949	1344
950	949
951	950
951	1214
951	1225
951	1226
951	2754
951	2755
951	2756
951	2757
953	952
953	982
955	954
955	1117
956	957
959	958
959	1223
959	1392
959	1402
959	1412
959	1414
959	1693
959	1973
959	2096
959	2098
959	2174
959	2220
959	1413
959	2317
959	2518
959	2531
959	2532
959	2537
959	2556
959	2589
959	2593
959	2616
959	2729
959	2730
959	2731
959	2732
959	2733
959	2734
959	2735
959	2736
959	2737
959	2738
959	2739
959	2740
959	2741
959	2742
959	2743
959	2744
959	2745
959	2746
959	2747
959	2748
959	2749
959	2455
963	962
963	1232
963	1233
963	1290
963	1355
963	1356
963	1366
963	1367
963	1371
963	1372
963	1373
964	963
964	1360
964	1361
964	1517
964	1532
964	1968
966	965
965	967
965	968
968	969
968	970
972	971
972	1347
972	1468
972	1469
972	1470
972	1471
972	1472
972	1473
972	1474
972	1475
972	1476
973	972
973	1452
973	1453
973	1458
973	1462
973	1463
973	1464
973	1477
974	973
974	1230
974	1479
974	1485
974	1486
974	1487
974	1488
974	1493
974	1496
974	1497
974	1498
974	1500
975	974
975	1501
975	1502
975	1503
975	1509
975	1510
976	975
977	978
977	979
979	980
979	981
984	985
984	986
990	989
990	994
990	995
990	998
990	1003
990	1004
990	1005
991	990
991	1029
992	991
992	993
992	1030
993	990
995	996
995	997
998	999
998	1000
998	1001
998	1002
1005	1006
1008	1007
1009	1008
1009	1010
1009	1012
1014	1013
1014	1016
1014	1017
1014	1018
1014	1026
1015	1014
1020	1019
1020	1044
1020	1045
1020	1047
1020	1048
1019	1021
1019	1022
1019	1023
1019	1024
1019	1025
1028	1027
1028	1031
1028	1038
1028	1039
1028	1040
1028	1041
1028	1042
1029	1028
1029	1034
1029	1036
1030	1029
1033	1032
1033	1035
1034	1033
1034	1043
1036	1037
1045	1046
1050	1049
1052	1051
1054	1053
1054	1055
1054	1056
1054	1057
1054	1058
1060	1059
1064	1063
1064	1069
1063	1065
1063	1066
1063	1067
1063	1068
1071	1070
1071	1698
1071	1701
1072	1071
1072	1070
1072	1604
1072	1695
1072	1943
1074	1073
1074	1075
1074	1076
1074	2317
1081	1080
1081	1761
1081	1762
1081	1763
1085	1084
1087	1086
1087	1091
1087	1092
1087	1093
1087	1094
1087	1095
1087	1096
1087	1097
1088	1087
1088	1125
1088	1211
1089	1088
1089	1100
1089	1120
1089	1142
1089	1191
1089	1210
1089	1212
1090	1088
1099	1098
1099	1140
1099	1167
1100	1102
1100	1103
1100	1104
1100	1105
1100	1106
1100	1107
1100	1108
1100	1109
1101	1100
1101	1142
1111	1110
1111	1197
1112	1111
1114	1113
1114	1199
1116	1115
1117	1116
1119	1118
1119	1165
1119	1187
1120	1119
1120	1155
1121	1120
1125	1124
1125	1127
1125	1128
1125	1130
1125	1132
1125	1134
1125	1136
1125	1138
1125	1166
1124	1126
1128	1129
1130	1131
1132	1133
1134	1135
1136	1137
1138	1139
1142	1141
1142	1151
1142	1168
1142	1195
1141	1143
1141	1144
1141	1145
1141	1146
1141	1147
1141	1148
1141	1149
1151	1150
1151	1176
1153	1152
1153	1177
1155	1154
1155	1178
1154	1157
1154	1158
1154	1159
1154	1160
1154	1161
1154	1162
1154	1163
1154	1164
1156	1155
1168	1169
1168	1170
1168	1171
1168	1172
1168	1173
1168	1174
1168	1175
1178	1179
1178	1180
1178	1181
1178	1182
1178	1183
1178	1184
1178	1185
1178	1186
1190	1189
1190	2227
1190	2453
1192	1191
1193	1192
1193	1231
1197	1196
1199	1198
1201	1200
1201	1844
1202	1201
1203	1202
1205	1204
1205	1206
1205	1207
1205	1213
1209	1208
1211	1229
1216	1215
1216	1398
1216	1399
1217	1216
1218	1217
1218	1394
1218	1397
1219	1218
1219	1401
1220	1219
1220	1215
1220	1221
1220	1403
1220	2133
1221	1215
1221	1404
1221	1405
1221	1399
1224	1223
1224	1225
1228	1227
1236	1237
1236	1238
1236	1239
1241	1240
1241	1242
1244	1243
1244	1246
1244	1247
1245	1244
1245	2498
1245	2502
1249	1248
1249	1264
1252	1251
1256	1257
1256	1258
1265	1266
1286	1285
1286	1362
1287	1286
1287	1696
1287	2768
1289	1288
1292	1291
1292	1380
1309	1310
1309	1311
1309	1312
1309	1313
1309	1314
1309	1315
1309	1316
1309	1317
1318	1319
1318	1320
1318	1321
1318	1322
1318	1323
1318	1324
1318	1325
1318	1333
1318	1334
1318	1335
1325	1326
1325	1327
1325	1328
1325	1329
1325	1330
1325	1331
1325	1332
1336	1337
1336	1338
1336	1339
1336	1340
1336	1341
1336	1342
1344	1345
1344	1346
1349	1348
1349	1351
1349	1352
1349	1354
1350	1349
1352	1353
1360	1359
1360	1370
1360	1374
1360	1378
1364	1363
1364	1365
1367	1368
1370	1369
1370	1377
1374	1375
1374	1376
1378	1379
1389	1388
1389	2319
1391	1390
1391	2318
1394	1395
1395	1396
1399	1400
1403	1404
1403	1405
1403	1406
1403	1407
1407	1408
1410	1409
1416	1415
1416	1417
1416	1948
1420	1419
1420	2133
1422	1421
1422	1425
1422	1426
1422	1427
1422	1430
1421	1424
1423	1422
1423	1434
1423	1435
1423	2763
1427	1428
1427	1429
1432	1431
1432	2008
1432	2017
1432	2024
1432	2064
1432	2458
1432	2465
1432	2603
1432	2621
1434	1433
1435	1426
1438	1437
1438	2072
1438	2219
1440	1439
1440	2641
1440	2648
1442	1441
1442	1833
1442	2181
1442	2197
1442	2356
1442	2456
1442	2457
1442	2460
1442	2467
1442	2482
1442	2483
1442	2484
1442	2605
1442	2606
1442	2607
1442	2608
1442	2609
1442	2610
1442	2655
1442	2656
1442	2657
1442	2670
1442	2671
1442	2672
1442	2673
1442	2676
1442	2698
1442	2774
1442	2455
1442	2863
1444	1443
1447	1446
1447	1542
1450	1449
1450	1451
1453	1454
1453	1455
1453	1456
1453	1457
1458	1459
1458	1460
1458	1461
1464	1465
1464	1466
1464	1467
1479	1478
1479	1481
1479	1482
1478	1480
1482	1483
1482	1484
1488	1489
1488	1490
1488	1491
1488	1492
1493	1494
1493	1495
1498	1499
1499	1514
1503	1504
1503	1505
1503	1506
1503	1507
1503	1508
1512	1511
1512	1513
1512	2764
1512	2765
1516	1515
1518	1519
1518	1520
1524	1523
1524	1527
1524	1530
1525	1524
1525	2767
1529	1528
1529	2766
1534	1533
1536	1535
1538	1537
1538	1759
1539	1541
1540	1539
1544	1543
1544	1546
1544	1547
1544	1811
1544	1843
1544	2677
1545	1544
1549	1548
1549	1933
1549	1935
1549	1938
1551	1550
1551	1553
1551	1558
1551	1588
1551	1589
1550	1552
1553	1554
1553	1555
1553	1556
1553	1557
1558	1559
1558	1560
1558	1561
1558	1562
1558	1563
1558	1564
1558	1565
1558	1566
1568	1567
1567	1569
1567	1570
1567	1571
1567	1572
1567	1573
1567	1574
1567	1575
1567	1576
1567	1577
1567	1580
1567	1583
1567	1584
1567	1585
1567	1586
1567	1587
1577	1578
1577	1579
1580	1581
1580	1582
1591	1590
1591	1594
1591	1595
1591	1596
1591	1597
1591	1598
1591	1599
1591	1600
1591	1601
1592	1591
1592	1602
1592	1607
1592	1694
1593	1592
1604	1603
1604	1697
1606	1605
1606	1621
1606	1622
1606	1623
1606	1624
1606	1625
1606	1626
1606	1627
1606	1628
1606	1629
1606	1630
1606	1631
1606	1633
1606	1634
1606	1636
1606	1637
1606	1638
1606	1639
1606	1640
1606	1641
1606	1642
1606	1643
1606	1644
1606	1645
1606	1646
1606	1647
1606	1648
1606	1649
1606	1650
1605	1608
1605	1609
1605	1610
1605	1611
1605	1612
1605	1613
1607	1606
1607	1614
1607	1651
1607	1674
1607	1676
1607	1689
1614	1615
1614	1616
1614	1617
1614	1618
1614	1619
1619	1620
1631	1632
1634	1635
1651	1652
1651	1653
1651	1654
1651	1655
1651	1656
1651	1657
1651	1658
1651	1659
1651	1660
1651	1661
1651	1662
1651	1663
1651	1664
1651	1665
1651	1666
1651	1667
1651	1668
1651	1669
1651	1670
1651	1671
1651	1672
1651	1673
1674	1675
1676	1677
1676	1678
1676	1680
1676	1681
1676	1682
1676	1685
1676	1686
1676	1687
1676	1688
1678	1679
1682	1683
1682	1684
1689	1690
1689	1691
1689	1692
1698	1699
1698	1700
1704	1703
1704	1705
1707	1706
1707	1710
1707	1712
1707	1717
1707	1720
1707	1724
1707	1725
1707	1728
1707	1733
1707	1734
1707	1735
1707	1736
1707	1737
1707	1739
1707	1740
1707	1744
1707	1747
1707	1748
1708	1707
1708	1714
1708	1716
1708	1726
1708	1730
1708	1741
1708	1746
1708	1757
1708	1758
1709	1708
1709	1711
1709	1738
1714	1713
1714	1722
1714	1723
1714	1729
1714	1732
1716	1715
1716	1718
1716	1719
1716	1742
1716	1743
1716	1745
1722	1721
1728	1727
1730	1731
1748	1749
1748	1750
1748	1751
1753	1752
1753	1755
1753	1760
1752	1754
1752	1755
1752	1756
1763	1764
1763	1765
1767	1766
1767	1853
1767	2511
1767	2512
1767	2513
1767	2514
1767	2531
1773	1772
1775	1774
1775	1785
1775	1792
1774	1778
1776	1775
1776	1802
1777	1774
1777	1779
1777	1778
1783	1782
1785	1787
1786	1785
1786	1788
1786	1787
1792	1794
1793	1792
1793	1795
1793	1794
1799	1798
1799	1805
1801	1800
1801	1804
1801	1806
1802	1803
1808	1807
1808	1810
1808	2001
1809	1808
1809	1947
1809	2002
1809	2004
1813	1812
1815	1814
1817	1816
1819	1818
1819	1996
1819	1999
1818	1820
1822	1821
1822	1824
1822	1825
1823	1822
1823	1827
1823	1828
1823	1830
1823	1836
1823	1837
1823	1839
1827	1826
1827	1838
1830	1829
1830	1831
1833	1832
1835	1834
1836	1835
1841	1840
1841	1845
1847	1846
1847	1848
1850	1849
1850	1851
1850	1852
1855	1854
1855	1878
1855	1880
1855	1881
1855	1969
1857	1856
1856	1858
1856	1859
1856	1862
1856	1874
1859	1860
1859	1861
1862	1863
1862	1864
1862	1865
1862	1866
1862	1867
1862	1868
1862	1869
1862	1870
1862	1871
1862	1872
1862	1873
1874	1875
1874	1876
1878	1879
1883	1882
1883	1885
1883	1890
1886	1887
1889	1888
1892	1891
1893	1892
1893	1895
1895	1894
1895	1896
1897	1898
1903	1902
1903	1913
1905	1906
1908	1907
1912	1911
1913	1912
1915	1914
1917	1916
1917	1923
1917	1924
1917	1925
1917	1926
1918	1917
1920	1919
1920	1936
1920	1937
1922	1921
1922	1927
1922	1942
1930	1929
1932	1931
1931	1934
1933	1932
1941	1940
1941	1942
1945	1944
1945	1947
1946	1944
1950	1949
1952	1951
1951	1953
1951	1954
1957	1956
1957	1803
1961	1960
1961	1962
1961	1964
1961	1967
1964	1963
1963	1965
1965	1966
1971	1970
1971	1972
1971	1976
1971	1979
1971	1980
1974	1973
1974	1975
1978	1977
1983	1982
1983	1986
1983	1987
1983	1988
1983	1989
1983	1990
1983	1991
1983	1992
1983	1993
1983	1994
1983	1995
1983	1996
1983	1997
1983	1998
1983	1999
1983	2000
1982	1984
1982	1985
2002	2003
2006	2005
2006	2007
2009	2010
2009	2012
2010	2011
2014	2013
2014	2015
2019	2018
2028	2029
2028	2030
2030	2031
2035	2034
2036	2035
2036	2065
2036	2090
2036	2099
2036	2224
2038	2037
2038	2042
2038	2044
2038	2045
2038	2048
2038	2209
2037	2040
2039	2038
2039	2055
2039	2061
2039	2063
2039	2066
2039	2068
2039	2071
2039	2077
2039	2098
2039	2127
2039	2129
2039	2134
2039	2142
2039	2150
2039	2187
2039	1399
2039	2190
2039	2192
2039	2196
2039	2220
2042	2041
2044	2043
2044	2046
2044	2047
2049	2050
2049	2051
2055	2054
2055	2058
2055	2059
2054	2056
2054	2057
2061	2060
2061	2062
2068	2067
2068	2069
2071	2070
2071	2074
2071	2076
2071	2222
2076	2075
2079	2078
2079	2106
2078	2080
2080	2081
2080	2082
2083	2084
2083	2085
2083	2086
2088	2087
2088	2104
2088	2115
2093	2092
2092	2094
2092	2095
2097	2096
2097	2125
2098	2097
2098	2113
2098	2122
2098	2123
2102	2101
2102	2108
2102	2114
2104	2103
2104	2109
2106	2105
2106	2107
2117	2116
2117	2119
2117	2120
2118	2116
2122	2121
2125	2124
2127	2126
2126	2128
2131	2130
2133	2134
2133	2135
2139	2138
2139	2140
2142	2141
2142	2144
2142	2145
2142	2146
2142	2148
2142	2221
2144	2143
2144	2147
2150	2149
2150	2152
2152	2151
2154	2153
2154	2167
2154	2211
2154	2212
2154	2213
2156	2155
2158	2157
2158	2168
2158	2214
2158	2215
2160	2159
2162	2161
2164	2163
2166	2165
2166	2172
2170	2169
2171	2169
2174	2173
2174	2590
2176	2175
2180	2179
2184	2183
2184	2185
2184	2186
2188	1399
2188	2192
2190	2189
2190	2191
2192	1763
2193	2192
2196	2195
2196	2198
2200	2199
2200	2207
2202	2201
2202	2204
2202	2205
2202	2206
2210	2209
2210	2221
2210	2222
2217	2216
2217	2218
2217	2752
2217	2753
2224	2223
2226	2225
2229	2228
2229	2236
2228	2230
2228	2231
2228	2232
2228	2233
2228	2234
2228	2235
2238	2237
2238	2240
2239	2238
2239	2240
2245	2244
2245	481
2245	2247
2245	2248
2246	2247
2246	2248
2249	2250
2249	2251
2249	2252
2249	2253
2249	2254
2249	2255
2249	2256
2261	2260
2261	2775
2261	318
2263	2262
2263	2776
2263	2777
2263	2778
2263	2779
2263	2780
2263	2781
2263	2782
2263	2783
2263	2784
2263	2785
2263	317
2263	2271
2272	502
2285	2272
2285	2273
2285	2274
2285	2275
2285	2276
2285	2277
2285	2278
2285	2245
2285	2279
2285	2280
2288	2287
2288	2289
2288	2290
2292	2291
2292	2293
2292	2294
2292	2295
2297	2296
2298	2296
2301	2300
2302	2303
2306	2305
2306	2308
2307	2306
2310	2309
2312	2311
2312	2313
2312	2314
2312	2315
2317	2316
2320	2321
2334	2333
2339	2338
2341	2340
2344	2343
2346	2345
2346	2347
2349	2348
2349	2374
2350	2349
2350	2351
2350	2352
2350	2361
2350	2385
2350	2389
2353	2354
2356	2355
2356	2604
2356	2678
2356	2679
2356	2611
2356	2612
2356	2613
2356	2614
2358	2357
2362	2363
2362	2366
2362	2367
2363	2364
2363	2365
2369	2368
2371	2370
2373	2372
2373	2380
2374	2373
2374	2375
2374	2382
2375	2376
2375	2379
2376	2377
2376	2378
2380	2381
2384	2383
2387	2386
2387	2708
2387	2709
2387	2711
2387	2712
2389	2388
2389	2390
2389	2391
2389	2392
2394	2393
2394	2397
2394	2396
2393	2395
2393	2397
2395	2396
2397	2398
2398	2399
2398	2400
2401	2397
2402	2398
2402	2395
2402	2399
2402	2406
2402	2427
2402	2404
2402	2405
2402	2408
2402	2409
2402	2410
2402	2428
2402	2418
2402	2437
2402	2440
2403	2404
2403	2405
2403	2406
2403	2408
2403	2409
2403	2410
2406	2407
2414	2413
2414	2415
2416	2417
2416	2419
2417	2418
2421	2420
2421	2422
2423	2395
2423	2440
2425	2424
2426	2406
2426	2427
2426	2404
2426	2405
2426	2408
2426	2409
2426	2410
2431	2430
2431	2432
2432	2433
2432	2434
2432	2435
2437	2436
2439	2438
2443	2442
2442	2444
2447	2446
2449	2448
2449	2450
2449	2452
2449	2662
2449	2667
2449	2668
2449	2669
2452	2451
2454	2453
2454	2474
2454	2471
2454	2478
2455	2454
2455	2468
2462	2461
2462	2463
2462	2464
2468	2469
2468	2470
2468	2471
2471	2472
2471	2475
2472	2473
2472	2477
2476	2475
2475	2473
2478	2472
2480	2479
2480	2481
2486	2485
2486	2501
2488	2487
2488	2493
2489	2488
2489	2499
2489	2500
2489	2503
2490	2488
2490	2494
2490	2499
2490	2500
2492	2491
2496	2495
2496	2497
2506	2505
2508	2507
2508	2509
2508	2510
2519	2520
2523	2524
2523	2525
2523	2526
2527	2528
2528	2094
2528	2095
2533	2472
2535	2536
2539	2540
2542	2541
2542	2540
2547	2546
2547	2554
2547	2555
2549	2548
2551	2550
2551	2700
2551	2701
2551	2702
2553	2552
2557	2556
2557	2560
2557	2565
2558	2556
2560	2559
2560	2563
2560	2564
2560	2566
2561	2562
2568	2567
2568	2569
2568	2572
2568	2578
2568	2584
2568	2585
2568	2580
2571	2570
2574	2573
2574	2579
2574	2583
2575	2573
2575	2576
2575	2577
2580	2579
2580	2583
2580	2586
2581	2579
2581	2583
2582	2581
2582	2823
2582	2824
2582	2825
2582	2826
2582	2827
2582	2828
2582	2829
2582	2830
2587	2588
2589	2590
2592	2591
2591	2592
2595	2594
2595	2596
2595	2597
2600	2599
2602	2601
2610	2611
2610	2612
2610	2613
2610	2614
2614	2615
2618	2617
2620	2619
2624	2623
2626	2625
2628	2627
2631	2630
2631	2632
2631	2633
2631	2634
2631	2637
2636	2635
2639	2638
2639	2640
2639	2750
2639	2751
2641	2643
2641	2644
2641	2649
2642	2641
2642	2648
2642	2651
2642	2716
2646	2645
2646	2647
2648	2646
2648	2653
2653	2652
2653	2654
2659	2658
2658	2660
2660	2661
2662	2663
2662	2664
2662	2665
2662	2666
2675	2674
2678	2615
2681	2680
2681	2682
2684	2683
2684	2685
2684	2686
2687	2688
2687	2689
2690	2691
2690	2692
2690	2864
2690	2865
2690	2866
2690	2867
2690	2868
2691	2451
2694	2693
2693	2695
2697	2696
2700	2699
2704	2703
2706	2705
2706	2707
2710	2709
2710	2711
2710	2712
2713	2714
2713	2715
2716	2717
2716	2718
2720	2719
2722	2723
2727	221
2727	222
2738	2113
2738	2123
2738	2122
2738	2097
2760	2759
2762	1543
2762	1546
2762	1547
2762	1811
2762	1843
2762	2677
2769	2770
2769	2771
2769	2772
2769	2773
2778	743
2778	753
2778	774
2779	754
2780	759
2781	767
2782	779
2786	2787
2786	2788
2786	2789
2786	2790
2786	2791
2786	2792
2786	2793
2786	2794
2786	2795
2786	2796
2786	2797
2786	2798
2786	2799
2786	2800
2801	2802
2801	2803
2801	2804
2805	2806
2805	2807
2805	2808
2809	2810
2809	2811
2809	2812
2809	2813
2809	2814
2809	2815
2809	2743
2816	2817
2816	2818
2816	2819
2820	2817
2820	2821
2820	2822
2823	2818
2823	2819
2831	2836
2831	2837
2831	2838
2831	2839
2831	2840
2831	2841
2831	2842
2831	2843
2831	2742
2831	2844
2831	2845
2831	2846
2831	2847
2831	2848
2831	2849
2831	2850
2831	2851
2831	2356
2831	2852
2831	2853
2831	2854
2831	2855
2831	2856
2831	2857
2831	2858
2831	2859
2831	2860
2831	2861
2831	2862
2832	2833
2832	2834
2832	2835
2856	1832
2865	2663
2865	2664
2865	2665
2865	2666
2870	2869
2871	2706
