1	0
0	4
2	1
3	2
3	68
4	5
4	26
4	27
4	28
4	34
4	35
4	47
4	48
5	6
5	9
5	10
5	13
5	14
5	17
5	18
5	19
5	20
5	21
5	22
5	23
5	24
5	25
6	7
6	8
10	11
10	12
12	50
14	15
14	16
22	51
22	52
24	53
24	57
24	58
24	59
24	60
24	61
24	62
24	63
24	64
28	29
28	30
28	31
28	32
28	33
35	36
35	37
35	38
35	39
35	40
35	41
35	42
35	43
35	44
35	45
35	46
49	4
53	54
53	55
53	56
66	65
66	67
70	69
70	73
70	92
70	93
70	94
70	95
70	96
70	97
70	98
70	99
70	100
70	101
70	102
70	2355
70	2723
70	2724
71	70
73	72
73	75
73	83
73	84
73	85
73	86
73	87
73	88
73	89
73	90
73	91
72	74
75	76
75	77
75	81
75	82
77	78
78	79
79	80
104	103
104	176
104	279
104	388
104	717
104	1075
104	1233
104	1392
104	1450
104	1972
104	2035
104	2070
104	2109
104	2350
104	2373
104	2442
104	2559
104	2585
104	2596
104	2620
104	2627
104	2714
103	105
107	106
107	1531
107	2192
109	108
109	1059
109	2191
111	110
111	958
111	959
111	985
111	986
111	1192
111	1291
111	1292
111	1293
111	1294
111	1295
111	1296
111	1297
111	1298
111	1299
111	1300
111	1301
111	1302
111	1303
111	1304
111	1305
111	1306
111	1355
111	1356
111	1381
111	1382
111	1383
111	1384
111	1385
111	1386
112	111
112	1290
112	1380
112	2760
114	113
114	1526
114	1527
115	114
115	1060
115	1541
116	115
117	115
117	974
117	1218
117	1213
117	1444
117	1447
117	1520
117	1545
117	1852
117	1861
117	1958
117	2057
117	2073
117	2079
117	2081
117	2084
117	2086
117	2089
117	2095
117	2107
117	2116
117	2145
117	2147
117	2156
117	2164
117	2194
117	2201
117	1398
117	2204
117	2206
117	2209
117	2214
117	2234
117	2473
117	2475
117	2476
117	2502
117	2520
117	2533
117	2549
117	2717
117	2466
117	2825
119	118
119	123
119	2150
121	120
121	126
121	1897
121	1903
121	1904
121	1906
121	1919
122	121
122	1909
122	1913
122	1917
122	1920
122	1921
122	1925
123	122
125	124
126	125
126	1924
127	128
130	129
130	2415
130	2420
130	2428
130	2429
130	2412
130	2423
130	2444
130	2421
130	2422
130	2425
130	2426
130	2427
130	2445
130	2446
130	2435
130	2436
130	2454
132	131
132	569
132	573
132	577
132	588
132	590
132	591
132	592
132	593
132	594
132	596
132	597
132	2458
132	2462
134	133
134	135
134	138
134	142
134	143
134	148
134	146
134	145
134	151
134	152
134	153
134	154
134	149
134	155
134	156
134	159
134	157
134	158
134	160
134	161
134	162
134	163
134	166
134	167
134	170
134	171
133	135
133	138
133	139
133	140
133	141
133	142
133	150
133	151
133	152
133	153
133	154
133	155
133	156
133	157
133	158
133	159
133	160
133	161
133	162
133	163
133	166
133	167
133	168
133	169
133	170
133	171
135	136
135	137
142	143
142	144
142	146
142	147
142	149
144	145
147	148
163	164
163	165
173	172
175	174
175	177
175	178
175	179
175	180
175	181
175	182
175	183
175	184
175	185
175	186
175	187
175	188
175	189
175	190
175	191
175	192
175	193
175	194
175	195
176	175
176	221
176	227
176	228
176	280
176	401
176	402
176	424
176	442
176	464
176	518
176	523
176	603
176	611
176	616
176	780
176	783
176	784
176	785
176	786
176	787
176	788
176	789
176	794
176	795
176	875
176	900
176	919
176	1247
176	1248
176	1250
176	1251
176	1252
176	1253
176	1254
176	1257
176	1258
176	1259
176	1260
176	1261
176	1263
176	1265
176	1269
176	1270
176	1271
176	1272
176	1273
176	1274
176	1275
176	1276
176	1277
176	1278
176	1279
176	1280
176	1281
176	1282
176	1409
176	2039
176	2041
176	2044
176	2045
176	2051
176	2052
176	2055
197	196
197	200
197	224
197	225
197	226
198	197
198	196
200	199
200	210
200	212
200	213
200	214
200	215
200	216
200	222
200	223
199	201
199	202
199	203
199	204
199	205
199	206
199	207
199	208
199	209
210	211
218	217
218	871
218	2476
218	2726
218	2727
218	2468
217	219
217	220
229	230
230	231
230	232
230	233
235	234
234	237
234	238
236	234
236	541
238	239
238	269
238	273
238	274
238	275
239	240
239	241
239	242
239	243
239	260
239	261
243	244
243	247
243	248
243	249
244	245
244	246
249	250
249	251
249	252
249	253
249	254
249	255
249	259
255	256
255	257
255	258
261	262
261	263
261	264
261	265
265	266
265	267
265	268
269	270
269	271
269	272
277	276
277	278
282	281
282	313
282	323
282	330
282	331
282	332
282	333
282	334
281	286
281	292
283	282
283	343
283	1079
284	283
284	287
284	288
284	290
284	291
284	368
284	894
284	1078
284	333
284	332
284	1787
284	2206
285	284
285	319
286	287
286	288
286	289
286	290
286	291
292	293
295	294
295	484
297	296
297	1080
297	1232
298	297
298	296
298	579
298	230
298	612
298	2040
300	299
299	301
301	302
304	303
303	305
303	306
307	305
309	308
309	364
309	365
309	366
310	309
310	308
310	365
310	1081
312	311
313	312
313	320
315	314
315	490
315	499
315	502
315	1077
315	1788
315	1789
315	2295
315	2297
315	2299
315	2278
315	2279
315	2280
315	2281
315	2282
315	2283
315	2284
315	2285
316	315
316	478
316	743
316	753
316	758
316	766
316	778
316	928
316	2273
316	742
316	2297
316	2756
316	2774
316	2775
316	2776
316	2777
316	2778
316	2779
316	2780
316	2781
316	2782
316	2783
316	2285
317	316
317	876
317	2277
318	317
318	974
318	1443
318	1444
318	1521
318	1554
318	2071
318	2090
318	2091
318	2107
318	2111
318	2118
318	2128
318	2129
318	2130
318	2194
318	2196
318	2207
318	2214
318	2255
318	2256
318	2258
318	479
318	2271
318	2272
318	2474
318	2475
318	2476
318	2513
318	2514
318	2515
318	2516
318	2517
318	2519
318	2520
318	2521
318	2464
318	2525
318	2527
318	2528
318	2529
318	2530
318	2531
318	2532
318	2533
318	2535
318	2536
318	2549
318	2646
318	2717
318	2275
320	321
320	322
323	324
323	328
323	329
324	325
324	327
325	326
336	335
336	337
339	338
339	664
339	754
339	755
339	759
339	763
339	764
339	768
339	779
339	2312
339	2317
339	2335
339	2336
339	2337
339	2338
339	2339
339	2340
339	2341
339	2342
339	2343
339	2344
339	2345
339	2348
339	2349
341	340
343	342
343	368
343	369
343	370
343	371
343	372
345	344
345	363
345	373
345	899
345	1790
346	345
348	347
348	367
348	352
347	349
347	350
347	351
347	352
354	353
353	356
355	354
355	747
355	2029
355	2720
358	357
360	359
362	361
375	374
375	381
376	375
376	377
376	378
376	379
376	380
376	382
376	383
376	385
376	387
376	390
376	391
385	384
385	386
385	389
391	392
391	393
395	394
396	397
399	398
399	400
399	415
404	403
406	405
406	425
406	430
408	407
408	2725
409	407
409	1441
411	410
410	414
412	411
412	416
412	417
412	419
413	412
413	416
417	418
420	416
420	423
420	459
422	421
427	426
427	1441
429	428
430	431
430	432
434	433
436	435
436	437
436	438
436	439
436	440
442	441
444	443
445	446
448	447
448	450
448	452
447	449
447	451
447	452
449	450
454	453
454	1076
456	455
458	457
461	460
461	462
461	463
465	466
465	471
466	467
466	468
466	469
466	470
471	472
471	473
473	474
473	475
477	476
477	574
477	578
477	587
477	589
477	595
477	610
479	478
481	480
483	482
483	492
483	494
486	485
486	488
486	487
485	487
485	488
490	489
490	492
490	498
491	489
491	503
494	493
495	496
495	497
501	500
502	501
502	751
502	752
502	757
502	765
502	777
502	2257
502	2259
502	2260
502	2286
502	2287
502	2288
502	2289
502	2290
502	2291
502	2292
502	2293
502	2294
502	2296
502	2298
505	504
505	1453
505	1799
505	1803
505	1810
505	1975
505	2541
507	506
507	1800
507	1808
507	1815
507	1978
507	2542
509	508
509	1809
509	1816
509	1979
509	2543
511	510
511	512
513	512
515	514
515	516
515	517
515	522
520	519
521	520
521	720
521	754
521	2684
523	524
526	525
526	530
526	755
526	2320
526	2687
525	527
525	528
525	529
530	531
533	532
532	534
532	535
532	536
532	539
536	537
536	538
540	238
540	542
540	548
540	735
540	756
540	762
541	540
541	744
542	239
542	543
542	544
542	547
542	556
542	560
542	568
543	240
544	243
544	545
544	550
544	557
545	249
545	546
545	551
545	553
545	559
545	565
545	567
545	598
546	250
547	261
547	549
547	555
547	558
547	562
548	547
548	549
548	273
549	262
550	244
550	554
550	561
550	601
551	255
551	552
551	564
551	566
552	256
553	251
554	247
555	263
556	241
557	248
558	264
559	252
560	242
561	245
562	265
562	563
562	599
562	600
563	266
564	257
565	253
566	258
567	254
568	260
571	570
571	731
572	571
572	728
572	729
572	730
576	575
579	230
579	586
580	579
581	579
582	579
582	763
583	579
583	764
584	579
584	230
584	1266
584	1267
584	1268
584	2151
584	2218
585	231
586	585
586	232
598	259
599	267
600	268
601	246
603	602
603	604
603	605
607	606
609	608
609	956
609	981
609	1009
614	613
614	619
614	621
614	622
615	614
615	618
615	623
615	624
615	625
615	626
615	633
616	615
616	1203
616	2001
616	2046
616	2047
618	617
619	620
626	627
627	628
627	629
627	630
627	631
631	632
635	634
635	1424
636	635
638	637
638	1419
639	637
640	637
640	643
640	948
640	951
640	1028
640	1222
640	1221
640	1223
640	1536
640	2097
640	1419
640	2555
640	2754
642	641
642	947
642	973
642	1544
642	1922
642	1930
642	1933
643	642
643	948
643	956
643	974
643	1545
643	1842
643	1923
645	644
645	1212
645	1220
645	1224
645	1417
645	1707
645	1929
645	1948
645	2042
647	646
647	652
647	651
647	681
647	675
647	701
647	649
647	650
647	682
647	714
647	720
647	724
647	725
646	649
646	650
648	646
648	681
648	650
648	706
648	707
652	651
652	671
653	652
653	681
653	675
653	682
655	654
655	661
655	668
655	701
656	655
656	658
657	654
657	668
658	657
658	662
660	659
660	727
662	661
662	701
663	662
664	666
664	667
665	664
665	677
665	2372
670	669
673	672
672	675
674	672
674	677
675	676
675	677
677	678
678	679
679	680
681	682
682	683
682	686
682	687
682	696
682	697
683	684
683	685
687	688
687	691
687	694
688	689
688	690
691	692
691	693
694	695
699	698
700	677
700	1959
701	702
704	703
706	705
709	708
710	682
710	711
710	712
710	690
711	687
711	697
712	697
713	712
716	715
716	678
718	666
718	721
718	722
718	723
718	667
718	2757
719	666
719	667
719	2757
726	725
731	732
731	734
732	733
735	269
735	737
735	738
735	770
736	269
737	270
738	271
740	739
740	771
742	741
742	761
742	772
742	928
742	2274
742	2276
742	2278
742	2279
742	2280
742	2281
742	2282
742	2283
742	2284
742	2285
742	502
743	741
743	751
743	772
744	237
746	745
746	750
749	748
750	749
753	752
756	275
758	757
760	759
760	2318
760	2650
762	274
766	765
768	767
769	768
770	272
773	774
775	774
776	775
778	777
782	781
790	791
793	792
797	796
797	798
800	799
800	802
800	803
800	804
800	805
800	806
800	807
800	808
800	809
800	810
800	811
800	812
800	813
800	814
800	815
800	816
800	817
800	818
800	819
800	820
800	821
800	822
800	823
800	824
800	825
800	826
800	827
800	828
800	829
800	830
800	831
800	832
800	833
800	834
800	835
800	836
800	837
800	838
800	839
800	840
800	841
800	842
800	843
800	844
800	845
800	846
800	847
801	800
842	848
850	849
850	851
850	870
853	852
853	854
853	890
856	855
856	859
856	865
857	856
857	863
859	858
859	864
860	858
860	868
861	858
861	869
863	862
867	866
867	887
869	868
869	876
873	872
875	874
875	935
878	877
879	878
879	906
879	922
881	880
881	882
881	883
885	884
885	888
886	885
886	889
889	888
889	891
893	892
893	901
893	914
893	916
893	917
893	918
893	923
893	924
893	931
893	2759
894	323
894	895
894	907
895	324
896	895
896	907
898	897
898	905
898	915
898	908
898	909
898	932
903	902
903	908
903	909
903	910
903	911
904	903
904	912
904	913
905	904
907	325
907	328
921	920
926	925
926	927
930	929
930	933
930	934
937	936
939	938
939	954
941	940
941	942
944	943
944	1120
944	1121
944	1186
946	945
946	1341
947	946
947	1307
947	1316
947	1334
947	1342
948	947
949	948
949	1212
949	1223
949	1224
949	2752
949	2753
949	2754
949	2755
951	950
951	980
953	952
953	1115
954	955
957	956
957	1221
957	1391
957	1404
957	1418
957	1420
957	1698
957	1993
957	2114
957	2116
957	2188
957	1419
957	2330
957	2516
957	2529
957	2530
957	2535
957	2554
957	2587
957	2591
957	2614
957	2728
957	2729
957	2730
957	2731
957	2732
957	2733
957	2734
957	2735
957	2736
957	2737
957	2738
957	2739
957	2740
957	2741
957	2742
957	2743
957	2744
957	2745
957	2746
957	2747
957	2466
961	960
961	1230
961	1231
961	1288
961	1353
961	1354
961	1364
961	1365
961	1369
961	1370
961	1371
962	961
962	1358
962	1359
962	1522
962	1537
962	1988
964	963
963	965
963	966
966	967
966	968
970	969
970	1345
970	1473
970	1474
970	1475
970	1476
970	1477
970	1478
970	1479
970	1480
970	1481
971	970
971	1457
971	1458
971	1463
971	1467
971	1468
971	1469
971	1482
972	971
972	1228
972	1484
972	1490
972	1491
972	1492
972	1493
972	1498
972	1501
972	1502
972	1503
972	1505
973	972
973	1506
973	1507
973	1508
973	1514
973	1515
974	973
975	976
975	977
977	978
977	979
982	983
982	984
988	987
988	992
988	993
988	996
988	1001
988	1002
988	1003
989	988
989	1027
990	989
990	991
990	1028
991	988
993	994
993	995
996	997
996	998
996	999
996	1000
1003	1004
1006	1005
1007	1006
1007	1008
1007	1010
1012	1011
1012	1014
1012	1015
1012	1016
1012	1024
1013	1012
1018	1017
1018	1042
1018	1043
1018	1045
1018	1046
1017	1019
1017	1020
1017	1021
1017	1022
1017	1023
1026	1025
1026	1029
1026	1036
1026	1037
1026	1038
1026	1039
1026	1040
1027	1026
1027	1032
1027	1034
1028	1027
1031	1030
1031	1033
1032	1031
1032	1041
1034	1035
1043	1044
1048	1047
1050	1049
1052	1051
1052	1053
1052	1054
1052	1055
1052	1056
1058	1057
1062	1061
1062	1067
1061	1063
1061	1064
1061	1065
1061	1066
1069	1068
1069	1703
1069	1706
1070	1069
1070	1068
1070	1609
1070	1700
1070	1963
1072	1071
1072	1073
1072	1074
1072	2330
1079	1078
1079	1780
1079	1781
1079	1782
1083	1082
1085	1084
1085	1089
1085	1090
1085	1091
1085	1092
1085	1093
1085	1094
1085	1095
1086	1085
1086	1123
1086	1209
1087	1086
1087	1098
1087	1118
1087	1140
1087	1189
1087	1208
1087	1210
1088	1086
1097	1096
1097	1138
1097	1165
1098	1100
1098	1101
1098	1102
1098	1103
1098	1104
1098	1105
1098	1106
1098	1107
1099	1098
1099	1140
1109	1108
1109	1195
1110	1109
1112	1111
1112	1197
1114	1113
1115	1114
1117	1116
1117	1163
1117	1185
1118	1117
1118	1153
1119	1118
1123	1122
1123	1125
1123	1126
1123	1128
1123	1130
1123	1132
1123	1134
1123	1136
1123	1164
1122	1124
1126	1127
1128	1129
1130	1131
1132	1133
1134	1135
1136	1137
1140	1139
1140	1149
1140	1166
1140	1193
1139	1141
1139	1142
1139	1143
1139	1144
1139	1145
1139	1146
1139	1147
1149	1148
1149	1174
1151	1150
1151	1175
1153	1152
1153	1176
1152	1155
1152	1156
1152	1157
1152	1158
1152	1159
1152	1160
1152	1161
1152	1162
1154	1153
1166	1167
1166	1168
1166	1169
1166	1170
1166	1171
1166	1172
1166	1173
1176	1177
1176	1178
1176	1179
1176	1180
1176	1181
1176	1182
1176	1183
1176	1184
1188	1187
1188	2241
1190	1189
1191	1190
1191	1229
1195	1194
1197	1196
1199	1198
1199	1863
1200	1199
1201	1200
1203	1202
1203	1204
1203	1205
1203	1211
1207	1206
1209	1227
1214	1213
1214	1397
1214	1398
1215	1214
1216	1215
1216	1393
1216	1396
1217	1216
1217	1399
1218	1217
1218	1213
1218	1219
1218	1402
1218	1405
1219	1213
1219	1411
1219	1400
1219	1412
1219	1398
1222	1221
1222	1223
1226	1225
1234	1235
1234	1236
1234	1237
1239	1238
1239	1240
1242	1241
1242	1244
1242	1245
1243	1242
1243	2496
1243	2500
1247	1246
1247	1262
1250	1249
1254	1255
1254	1256
1263	1264
1284	1283
1284	1360
1285	1284
1285	1701
1285	2766
1287	1286
1290	1289
1290	1379
1307	1308
1307	1309
1307	1310
1307	1311
1307	1312
1307	1313
1307	1314
1307	1315
1316	1317
1316	1318
1316	1319
1316	1320
1316	1321
1316	1322
1316	1323
1316	1331
1316	1332
1316	1333
1323	1324
1323	1325
1323	1326
1323	1327
1323	1328
1323	1329
1323	1330
1334	1335
1334	1336
1334	1337
1334	1338
1334	1339
1334	1340
1342	1343
1342	1344
1347	1346
1347	1349
1347	1350
1347	1352
1348	1347
1350	1351
1358	1357
1358	1368
1358	1372
1358	1376
1358	1378
1362	1361
1362	1363
1365	1366
1368	1367
1368	1375
1372	1373
1372	1374
1376	1377
1388	1387
1388	2332
1390	1389
1390	2331
1393	1394
1394	1395
1399	1400
1402	1401
1402	1411
1402	1412
1402	1413
1402	1414
1401	1403
1405	1407
1405	1408
1406	1405
1406	1425
1410	1407
1410	2057
1410	2073
1410	2079
1410	2081
1410	2084
1410	2086
1410	2089
1410	2095
1410	2116
1410	2145
1410	2147
1410	2156
1410	2164
1410	2201
1410	1398
1410	2204
1410	2206
1410	2209
1410	2234
1416	1415
1422	1421
1422	1423
1422	1968
1427	1426
1427	1430
1427	1431
1427	1432
1427	1435
1426	1429
1428	1427
1428	1439
1428	1440
1428	2761
1432	1433
1432	1434
1437	1436
1437	2028
1437	2036
1437	2043
1437	2082
1437	2601
1437	2619
1439	1438
1440	1431
1443	1442
1443	2090
1443	2233
1445	1444
1445	2641
1445	2648
1447	1446
1447	1852
1447	2195
1447	2210
1447	2369
1447	2480
1447	2481
1447	2482
1447	2603
1447	2604
1447	2605
1447	2606
1447	2607
1447	2608
1447	2655
1447	2656
1447	2657
1447	2670
1447	2671
1447	2672
1447	2673
1447	2676
1447	2698
1447	2772
1447	2466
1447	2853
1449	1448
1452	1451
1452	1547
1455	1454
1455	1456
1458	1459
1458	1460
1458	1461
1458	1462
1463	1464
1463	1465
1463	1466
1469	1470
1469	1471
1469	1472
1484	1483
1484	1486
1484	1487
1483	1485
1487	1488
1487	1489
1493	1494
1493	1495
1493	1496
1493	1497
1498	1499
1498	1500
1503	1504
1504	1519
1508	1509
1508	1510
1508	1511
1508	1512
1508	1513
1517	1516
1517	1518
1517	2762
1517	2763
1521	1520
1523	1524
1523	1525
1529	1528
1529	1532
1529	1535
1530	1529
1530	2765
1534	1533
1534	2764
1539	1538
1541	1540
1543	1542
1543	1778
1544	1546
1545	1544
1549	1548
1549	1551
1549	1552
1549	1830
1549	1862
1549	2677
1550	1549
1554	1553
1554	1953
1554	1955
1554	1958
1556	1555
1556	1558
1556	1563
1556	1593
1556	1594
1555	1557
1558	1559
1558	1560
1558	1561
1558	1562
1563	1564
1563	1565
1563	1566
1563	1567
1563	1568
1563	1569
1563	1570
1563	1571
1573	1572
1572	1574
1572	1575
1572	1576
1572	1577
1572	1578
1572	1579
1572	1580
1572	1581
1572	1582
1572	1585
1572	1588
1572	1589
1572	1590
1572	1591
1572	1592
1582	1583
1582	1584
1585	1586
1585	1587
1596	1595
1596	1599
1596	1600
1596	1601
1596	1602
1596	1603
1596	1604
1596	1605
1596	1606
1597	1596
1597	1607
1597	1612
1597	1699
1598	1597
1609	1608
1609	1702
1611	1610
1611	1626
1611	1627
1611	1628
1611	1629
1611	1630
1611	1631
1611	1632
1611	1633
1611	1634
1611	1635
1611	1636
1611	1638
1611	1639
1611	1641
1611	1642
1611	1643
1611	1644
1611	1645
1611	1646
1611	1647
1611	1648
1611	1649
1611	1650
1611	1651
1611	1652
1611	1653
1611	1654
1611	1655
1610	1613
1610	1614
1610	1615
1610	1616
1610	1617
1610	1618
1612	1611
1612	1619
1612	1656
1612	1679
1612	1681
1612	1694
1619	1620
1619	1621
1619	1622
1619	1623
1619	1624
1624	1625
1636	1637
1639	1640
1656	1657
1656	1658
1656	1659
1656	1660
1656	1661
1656	1662
1656	1663
1656	1664
1656	1665
1656	1666
1656	1667
1656	1668
1656	1669
1656	1670
1656	1671
1656	1672
1656	1673
1656	1674
1656	1675
1656	1676
1656	1677
1656	1678
1679	1680
1681	1682
1681	1683
1681	1685
1681	1686
1681	1687
1681	1690
1681	1691
1681	1692
1681	1693
1683	1684
1687	1688
1687	1689
1694	1695
1694	1696
1694	1697
1703	1704
1703	1705
1709	1708
1709	1710
1712	1711
1712	1715
1712	1717
1712	1722
1712	1725
1712	1729
1712	1730
1712	1733
1712	1738
1712	1739
1712	1740
1712	1741
1712	1742
1712	1743
1712	1744
1712	1745
1712	1746
1712	1748
1712	1749
1712	1750
1712	1751
1712	1752
1712	1753
1712	1754
1712	1755
1712	1758
1712	1760
1712	1763
1712	1764
1712	1765
1712	1766
1712	1767
1713	1712
1713	1719
1713	1721
1713	1731
1713	1735
1713	1756
1713	1762
1713	1776
1713	1777
1714	1713
1714	1716
1714	1747
1719	1718
1719	1727
1719	1728
1719	1734
1719	1737
1721	1720
1721	1723
1721	1724
1721	1757
1721	1759
1721	1761
1727	1726
1733	1732
1735	1736
1767	1768
1767	1769
1767	1770
1772	1771
1772	1774
1772	1779
1771	1773
1771	1774
1771	1775
1782	1783
1782	1784
1786	1785
1786	1873
1786	2509
1786	2510
1786	2511
1786	2512
1786	2529
1792	1791
1794	1793
1794	1804
1794	1811
1793	1797
1795	1794
1795	1821
1796	1793
1796	1798
1796	1797
1802	1801
1804	1806
1805	1804
1805	1807
1805	1806
1811	1813
1812	1811
1812	1814
1812	1813
1818	1817
1818	1824
1820	1819
1820	1823
1820	1825
1821	1822
1827	1826
1827	1829
1827	2021
1828	1827
1828	1967
1828	2022
1828	2024
1832	1831
1834	1833
1836	1835
1838	1837
1838	2016
1838	2019
1837	1839
1841	1840
1841	1843
1841	1844
1842	1841
1842	1846
1842	1847
1842	1849
1842	1855
1842	1856
1842	1858
1846	1845
1846	1857
1849	1848
1849	1850
1852	1851
1854	1853
1855	1854
1860	1859
1860	1864
1866	1865
1866	1867
1866	1868
1870	1869
1870	1871
1870	1872
1875	1874
1875	1898
1875	1900
1875	1901
1875	1989
1877	1876
1876	1878
1876	1879
1876	1882
1876	1894
1879	1880
1879	1881
1882	1883
1882	1884
1882	1885
1882	1886
1882	1887
1882	1888
1882	1889
1882	1890
1882	1891
1882	1892
1882	1893
1894	1895
1894	1896
1898	1899
1903	1902
1903	1905
1903	1910
1906	1907
1909	1908
1912	1911
1913	1912
1913	1915
1915	1914
1915	1916
1917	1918
1923	1922
1923	1933
1925	1926
1928	1927
1932	1931
1933	1932
1935	1934
1937	1936
1937	1943
1937	1944
1937	1945
1937	1946
1938	1937
1940	1939
1940	1956
1940	1957
1942	1941
1942	1947
1942	1962
1950	1949
1952	1951
1951	1954
1953	1952
1961	1960
1961	1962
1965	1964
1965	1967
1966	1964
1970	1969
1972	1971
1971	1973
1971	1974
1977	1976
1977	1822
1981	1980
1981	1982
1981	1984
1981	1987
1984	1983
1983	1985
1985	1986
1991	1990
1991	1992
1991	1996
1991	1999
1991	2000
1994	1993
1994	1995
1998	1997
2003	2002
2003	2006
2003	2007
2003	2008
2003	2009
2003	2010
2003	2011
2003	2012
2003	2013
2003	2014
2003	2015
2003	2016
2003	2017
2003	2018
2003	2019
2003	2020
2002	2004
2002	2005
2022	2023
2026	2025
2026	2027
2029	2030
2030	2031
2033	2032
2033	2034
2038	2037
2047	2048
2047	2049
2049	2050
2054	2053
2055	2054
2055	2083
2055	2108
2055	2117
2055	2238
2057	2056
2057	2060
2057	2062
2057	2063
2057	2066
2057	2223
2056	2058
2060	2059
2062	2061
2062	2064
2062	2065
2067	2068
2067	2069
2073	2072
2073	2076
2073	2077
2072	2074
2072	2075
2079	2078
2079	2080
2086	2085
2086	2087
2089	2088
2089	2092
2089	2094
2089	2236
2094	2093
2097	2096
2097	2124
2096	2098
2098	2099
2098	2100
2101	2102
2101	2103
2101	2104
2106	2105
2106	2122
2106	2133
2111	2110
2110	2112
2110	2113
2115	2114
2115	2143
2116	2115
2116	2131
2116	2140
2116	2141
2120	2119
2120	2126
2120	2132
2122	2121
2122	2127
2124	2123
2124	2125
2135	2134
2135	2137
2135	2138
2136	2134
2140	2139
2143	2142
2145	2144
2144	2146
2149	2148
2153	2152
2153	2154
2156	2155
2156	2158
2156	2159
2156	2160
2156	2162
2156	2235
2158	2157
2158	2161
2164	2163
2164	2166
2166	2165
2168	2167
2168	2181
2168	2225
2168	2226
2168	2227
2170	2169
2172	2171
2172	2182
2172	2228
2172	2229
2174	2173
2176	2175
2178	2177
2180	2179
2180	2186
2184	2183
2185	2183
2188	2187
2188	2588
2190	2189
2194	2193
2198	2197
2198	2199
2198	2200
2202	1398
2202	2206
2204	2203
2204	2205
2206	1782
2209	2208
2209	2211
2213	2212
2213	2215
2213	2216
2213	2217
2220	2219
2220	2221
2220	2222
2224	2223
2224	2235
2224	2236
2231	2230
2231	2232
2231	2750
2231	2751
2238	2237
2240	2239
2243	2242
2243	2250
2242	2244
2242	2245
2242	2246
2242	2247
2242	2248
2242	2249
2252	2251
2252	2254
2253	2252
2253	2254
2259	2258
2259	479
2259	2261
2259	2262
2260	2261
2260	2262
2263	2264
2263	2265
2263	2266
2263	2267
2263	2268
2263	2269
2263	2270
2275	2274
2275	2773
2275	316
2277	2276
2277	2774
2277	2775
2277	2776
2277	2777
2277	2778
2277	2779
2277	2780
2277	2781
2277	2782
2277	2783
2277	315
2277	2285
2286	500
2299	2286
2299	2287
2299	2288
2299	2289
2299	2290
2299	2291
2299	2292
2299	2259
2299	2293
2299	2294
2301	2300
2301	2302
2301	2303
2305	2304
2305	2306
2305	2307
2305	2308
2310	2309
2311	2309
2314	2313
2315	2316
2319	2318
2319	2321
2320	2319
2323	2322
2325	2324
2325	2326
2325	2327
2325	2328
2330	2329
2333	2334
2347	2346
2352	2351
2354	2353
2357	2356
2359	2358
2359	2360
2362	2361
2362	2387
2363	2362
2363	2364
2363	2365
2363	2374
2363	2402
2363	2406
2366	2367
2369	2368
2369	2602
2369	2678
2369	2679
2369	2609
2369	2610
2369	2611
2369	2612
2371	2370
2375	2376
2375	2379
2375	2380
2376	2377
2376	2378
2382	2381
2384	2383
2386	2385
2386	2393
2387	2386
2387	2388
2387	2395
2387	2399
2388	2389
2388	2392
2389	2390
2389	2391
2393	2394
2395	2396
2395	2397
2395	2398
2401	2400
2404	2403
2404	2708
2404	2709
2404	2711
2404	2712
2404	2713
2406	2405
2406	2407
2406	2408
2406	2409
2411	2410
2411	2414
2411	2413
2410	2412
2410	2414
2412	2413
2414	2415
2415	2416
2415	2417
2418	2414
2419	2415
2419	2412
2419	2416
2419	2423
2419	2444
2419	2421
2419	2422
2419	2425
2419	2426
2419	2427
2419	2445
2419	2435
2419	2454
2419	2457
2420	2421
2420	2422
2420	2423
2420	2425
2420	2426
2420	2427
2423	2424
2431	2430
2431	2432
2433	2434
2433	2436
2434	2435
2438	2437
2438	2439
2440	2412
2440	2457
2442	2441
2443	2423
2443	2444
2443	2421
2443	2422
2443	2425
2443	2426
2443	2427
2448	2447
2448	2449
2449	2450
2449	2451
2449	2452
2454	2453
2456	2455
2460	2459
2459	2461
2464	2463
2466	2465
2466	2472
2465	2467
2465	2468
2468	2469
2468	2473
2469	2470
2469	2475
2472	2471
2472	2468
2472	2476
2474	2473
2473	2470
2476	2469
2478	2477
2478	2479
2484	2483
2484	2499
2486	2485
2486	2491
2487	2486
2487	2497
2487	2498
2487	2501
2488	2486
2488	2492
2488	2497
2488	2498
2490	2489
2494	2493
2494	2495
2504	2503
2506	2505
2506	2507
2506	2508
2517	2518
2521	2522
2521	2523
2521	2524
2525	2526
2526	2112
2526	2113
2531	2469
2533	2534
2537	2538
2540	2539
2540	2538
2545	2544
2545	2552
2545	2553
2547	2546
2549	2548
2549	2700
2549	2701
2549	2702
2551	2550
2555	2554
2555	2558
2555	2563
2556	2554
2558	2557
2558	2561
2558	2562
2558	2564
2559	2560
2566	2565
2566	2567
2566	2570
2566	2576
2566	2582
2566	2583
2566	2578
2569	2568
2572	2571
2572	2577
2572	2581
2573	2571
2573	2574
2573	2575
2578	2577
2578	2581
2578	2584
2579	2577
2579	2581
2580	2579
2580	2817
2580	2818
2580	2819
2580	2820
2580	2821
2580	2822
2580	2823
2580	2824
2585	2586
2587	2588
2590	2589
2589	2590
2593	2592
2593	2594
2593	2595
2598	2597
2600	2599
2608	2609
2608	2610
2608	2611
2608	2612
2612	2613
2616	2615
2618	2617
2622	2621
2624	2623
2626	2625
2629	2628
2629	2630
2629	2631
2629	2632
2629	2635
2634	2633
2637	2636
2637	2638
2637	2748
2637	2749
2640	2639
2640	2662
2640	2667
2640	2668
2640	2669
2641	2643
2641	2644
2641	2649
2642	2641
2642	2648
2642	2651
2642	2717
2646	2645
2646	2647
2648	2646
2648	2653
2653	2652
2653	2654
2659	2658
2658	2660
2660	2661
2662	2663
2662	2664
2662	2665
2662	2666
2675	2674
2678	2613
2681	2680
2681	2682
2684	2683
2684	2685
2684	2686
2687	2688
2687	2689
2690	2691
2690	2692
2690	2854
2690	2855
2690	2856
2694	2693
2693	2695
2697	2696
2700	2699
2704	2703
2706	2705
2706	2707
2710	2709
2710	2712
2710	2713
2714	2715
2714	2716
2717	2718
2717	2719
2721	2722
2726	219
2726	220
2737	2131
2737	2141
2737	2140
2737	2115
2758	2757
2760	1548
2760	1551
2760	1552
2760	1830
2760	1862
2760	2677
2767	2768
2767	2769
2767	2770
2767	2771
2776	741
2776	751
2776	772
2777	752
2778	757
2779	765
2780	777
2784	2785
2784	2786
2784	2787
2784	2788
2784	2789
2784	2790
2784	2791
2784	2792
2784	2793
2784	2794
2784	2795
2784	2796
2784	2797
2784	2798
2799	2800
2799	2801
2799	2802
2803	2804
2803	2805
2803	2806
2803	2807
2803	2808
2803	2809
2803	2741
2810	2811
2810	2812
2810	2813
2814	2811
2814	2815
2814	2816
2817	2812
2817	2813
2825	2830
2825	2831
2825	2832
2825	2833
2825	2740
2825	2834
2825	2835
2825	2836
2825	2837
2825	2838
2825	2839
2825	2840
2825	2841
2825	2369
2825	2842
2825	2843
2825	2844
2825	2845
2825	2846
2825	2847
2825	2848
2825	2849
2825	2850
2825	2851
2825	2852
2826	2827
2826	2828
2826	2829
2846	1851
2854	2663
2854	2664
2854	2665
2854	2666
2858	2857
2859	2706
