1	0
0	4
2	1
3	2
3	69
4	5
4	25
4	26
4	27
4	34
4	35
4	47
4	48
5	6
5	9
5	10
5	13
5	14
5	16
5	17
5	18
5	19
5	20
5	21
5	22
5	23
5	24
6	7
6	8
10	11
10	12
12	50
14	15
14	51
21	52
21	53
23	54
23	58
23	59
23	60
23	61
23	62
23	63
23	64
23	65
27	28
27	29
27	30
27	31
27	32
27	33
35	36
35	37
35	38
35	39
35	40
35	41
35	42
35	43
35	44
35	45
35	46
49	4
54	55
54	56
54	57
67	66
67	68
71	70
71	74
71	93
71	94
71	95
71	96
71	97
71	98
71	99
71	100
71	101
71	102
71	103
71	2274
71	2666
71	2667
72	71
74	73
74	76
74	84
74	85
74	86
74	87
74	88
74	89
74	90
74	91
74	92
73	75
76	77
76	78
76	82
76	83
78	79
79	80
80	81
105	104
105	182
105	286
105	623
105	980
105	1135
105	1296
105	1354
105	1883
105	1946
105	1981
105	2020
105	2269
105	2369
105	2395
105	2406
105	2427
105	2435
105	2454
105	2523
104	106
108	107
108	1435
108	2106
110	109
110	964
110	2102
112	111
112	863
112	864
112	890
112	891
112	1094
112	1194
112	1195
112	1196
112	1197
112	1198
112	1199
112	1200
112	1201
112	1202
112	1203
112	1204
112	1205
112	1206
112	1207
112	1208
112	1209
112	1258
112	1259
112	1285
112	1286
112	1287
112	1288
112	1289
112	1290
113	112
113	1283
113	1284
113	2702
115	114
115	1430
115	1431
116	115
116	965
116	1445
117	116
118	116
118	879
118	1120
118	1115
118	1348
118	1351
118	1424
118	1449
118	1737
118	1755
118	1764
118	1869
118	1968
118	1984
118	1990
118	1992
118	1995
118	1997
118	2000
118	2006
118	2018
118	2027
118	2056
118	2058
118	2067
118	2075
118	2118
118	1302
118	2121
118	2123
118	2126
118	2131
118	2151
118	2283
118	2285
118	2286
118	2312
118	2330
118	2108
118	2359
118	2579
118	2276
118	2764
120	119
120	124
120	2061
122	121
122	127
122	1808
122	1814
122	1815
122	1817
122	1830
123	122
123	1820
123	1824
123	1828
123	1831
123	1832
123	1836
124	123
126	125
127	126
127	1835
129	128
129	2633
129	2634
129	2635
129	2636
130	129
130	2110
130	2450
130	2577
130	2578
130	2580
130	2581
130	2582
130	2637
130	2638
132	131
132	2656
133	134
136	135
136	2496
136	2501
136	2509
136	2510
136	2493
136	2504
136	2525
136	2502
136	2503
136	2506
136	2507
136	2508
136	2526
136	2527
136	2516
136	2517
136	2535
138	137
138	480
138	484
138	495
138	497
138	498
138	499
138	500
138	501
138	503
138	504
138	2539
138	2543
140	139
140	141
140	144
140	148
140	149
140	154
140	152
140	151
140	157
140	158
140	159
140	160
140	155
140	161
140	162
140	165
140	163
140	164
140	166
140	167
140	168
140	169
140	172
140	173
140	176
140	177
139	141
139	144
139	145
139	146
139	147
139	148
139	156
139	157
139	158
139	159
139	160
139	161
139	162
139	163
139	164
139	165
139	166
139	167
139	168
139	169
139	172
139	173
139	174
139	175
139	176
139	177
141	142
141	143
148	149
148	150
148	152
148	153
148	155
150	151
153	154
169	170
169	171
179	178
181	180
181	183
181	184
181	185
181	186
181	187
181	188
181	189
181	190
181	191
181	192
181	193
181	194
181	195
181	196
181	197
181	198
181	199
181	200
181	201
182	181
182	227
182	234
182	235
182	287
182	370
182	428
182	433
182	510
182	518
182	523
182	688
182	691
182	692
182	693
182	694
182	695
182	696
182	697
182	702
182	703
182	783
182	807
182	824
182	1149
182	1150
182	1152
182	1153
182	1154
182	1155
182	1156
182	1159
182	1160
182	1161
182	1162
182	1163
182	1164
182	1166
182	1168
182	1172
182	1173
182	1174
182	1175
182	1176
182	1177
182	1178
182	1179
182	1180
182	1181
182	1182
182	1183
182	1184
182	1185
182	1314
182	1950
182	1952
182	1955
182	1956
182	1962
182	1963
182	1966
182	2651
182	2661
203	202
203	206
203	231
203	232
203	233
204	203
204	202
206	205
206	216
206	218
206	219
206	220
206	221
206	222
206	229
205	207
205	208
205	209
205	210
205	211
205	212
205	213
205	214
205	215
216	217
224	223
224	779
224	2286
224	2669
224	2670
224	2278
223	225
223	226
229	228
229	230
236	237
237	238
237	239
237	240
242	241
241	244
241	245
243	241
243	449
245	246
245	276
245	280
245	281
245	282
246	247
246	248
246	249
246	250
246	267
246	268
250	251
250	254
250	255
250	256
251	252
251	253
256	257
256	258
256	259
256	260
256	261
256	262
256	266
262	263
262	264
262	265
268	269
268	270
268	271
268	272
272	273
272	274
272	275
276	277
276	278
276	279
284	283
284	285
289	288
289	320
289	325
289	332
289	333
289	334
289	335
289	336
289	337
289	338
289	339
289	340
288	293
288	299
290	289
290	364
291	290
291	294
291	295
291	297
291	298
291	365
291	802
291	332
291	337
291	336
291	1689
291	2123
292	291
292	321
293	294
293	295
293	296
293	297
293	298
299	300
302	301
302	393
304	303
304	982
304	1134
305	304
305	303
305	486
305	237
305	519
305	1951
307	306
306	308
308	309
311	310
310	312
310	313
314	312
316	315
316	360
316	361
316	362
317	316
317	315
317	361
317	983
319	318
320	319
320	322
322	323
322	324
325	326
325	330
325	331
326	327
326	329
327	328
340	341
340	342
344	343
344	345
347	346
347	571
347	663
347	664
347	668
347	672
347	673
347	677
347	687
347	2233
347	2236
347	2254
347	2255
347	2256
347	2257
347	2258
347	2259
347	2260
347	2261
347	2262
347	2263
347	2264
347	2267
347	2268
349	348
351	350
351	363
351	355
350	352
350	353
350	354
350	355
357	356
356	359
358	357
358	656
358	1940
358	2663
364	365
364	366
364	367
364	368
364	369
371	372
371	377
372	373
372	374
372	375
372	376
377	378
377	379
379	380
379	381
383	382
383	481
383	485
383	494
383	496
383	502
383	517
383	1688
383	2215
385	384
385	653
385	655
386	384
386	402
386	649
386	654
386	662
386	667
386	675
386	833
386	2192
386	648
386	2213
386	2698
386	2715
386	2716
386	2717
386	2718
386	2719
386	2720
386	2721
386	2722
386	2723
386	2724
386	2201
387	386
387	784
387	2196
388	387
388	879
388	1347
388	1348
388	1425
388	1458
388	1982
388	2001
388	2002
388	2018
388	2022
388	2029
388	2039
388	2040
388	2041
388	2104
388	2111
388	2124
388	2131
388	2172
388	2173
388	2175
388	385
388	2190
388	2191
388	2284
388	2285
388	2286
388	2323
388	2324
388	2325
388	2326
388	2327
388	2329
388	2330
388	2331
388	2335
388	2336
388	2338
388	2339
388	2341
388	2342
388	2343
388	2344
388	2108
388	2345
388	2346
388	2359
388	2567
388	2579
388	2194
390	389
392	391
392	401
392	404
395	394
395	397
395	396
394	396
394	397
399	398
399	401
399	408
400	398
400	413
402	399
402	409
402	412
402	981
402	2211
402	2213
402	2216
402	2197
402	2198
402	2199
402	2200
402	2201
404	403
405	406
405	407
411	410
412	411
412	660
412	661
412	666
412	674
412	686
412	2174
412	2176
412	2177
412	2202
412	2203
412	2204
412	2205
412	2206
412	2207
412	2208
412	2209
412	2210
412	2212
412	2214
415	414
415	1357
415	1698
415	1702
415	1709
415	1886
415	2351
417	416
417	1699
417	1707
417	1714
417	1889
417	2352
419	418
419	1708
419	1715
419	1890
419	2353
421	420
421	422
423	422
425	424
425	426
425	427
425	432
430	429
431	430
431	626
431	663
431	2547
431	2552
433	434
436	435
436	440
436	664
436	2239
436	2622
435	437
435	438
435	439
440	441
443	442
442	444
442	447
444	445
444	446
448	245
448	450
448	456
448	641
448	665
448	671
449	448
449	650
450	246
450	451
450	452
450	455
450	464
450	468
450	476
451	247
452	250
452	453
452	458
452	465
453	256
453	454
453	459
453	461
453	467
453	473
453	475
453	505
454	257
455	268
455	457
455	463
455	466
455	470
456	455
456	457
456	280
457	269
458	251
458	462
458	469
458	508
459	262
459	460
459	472
459	474
460	263
461	258
462	254
463	270
464	248
465	255
466	271
467	259
468	249
469	252
470	272
470	471
470	506
470	507
471	273
472	264
473	260
474	265
475	261
476	267
478	477
478	637
479	478
479	634
479	635
479	636
483	482
486	237
486	493
487	486
488	486
489	486
489	672
489	2550
490	486
490	673
491	486
491	237
491	1169
491	1170
491	1171
491	2062
491	2135
492	238
493	492
493	239
505	266
506	274
507	275
508	253
510	509
510	511
510	512
514	513
516	515
516	861
516	886
516	914
521	520
521	526
521	528
521	529
522	521
522	525
522	530
522	531
522	532
522	533
522	540
523	522
523	1105
523	1912
523	1957
523	1958
525	524
526	527
533	534
534	535
534	536
534	537
534	538
538	539
542	541
542	1329
543	542
545	544
545	1324
546	544
547	544
547	550
547	853
547	856
547	933
547	1124
547	1123
547	1125
547	1440
547	2008
547	1324
547	2365
547	2696
549	548
549	852
549	878
549	1448
549	1833
549	1841
549	1844
550	549
550	853
550	861
550	879
550	1449
550	1745
550	1834
552	551
552	1114
552	1122
552	1126
552	1322
552	1612
552	1840
552	1859
552	1953
554	553
554	559
554	558
554	588
554	582
554	607
554	556
554	557
554	589
554	620
554	626
554	630
554	631
553	556
553	557
555	553
555	588
555	557
555	612
555	613
559	558
559	578
560	559
560	588
560	582
560	589
562	561
562	568
562	575
562	607
563	562
563	565
564	561
564	575
565	564
565	569
567	566
567	633
569	568
569	607
570	569
571	573
571	574
572	571
572	584
572	2453
577	576
580	579
579	582
581	579
581	584
582	583
582	584
584	585
585	586
586	587
588	589
589	590
589	593
589	594
589	602
589	603
590	591
590	592
594	595
594	598
594	600
595	596
595	597
598	599
600	601
605	604
606	584
606	1870
607	608
610	609
612	611
615	614
616	589
616	617
616	618
616	597
617	594
617	603
618	603
619	618
622	621
622	585
624	573
624	627
624	628
624	629
624	574
624	2699
625	573
625	574
625	2699
632	631
637	638
637	640
638	639
641	276
641	643
641	644
641	679
642	276
643	277
644	278
646	645
646	680
648	647
648	670
648	681
648	833
648	2193
648	2195
648	2197
648	2198
648	2199
648	2200
648	2201
648	412
649	647
649	660
649	681
650	244
652	651
652	659
654	653
654	655
654	686
658	657
659	658
662	661
665	282
667	666
669	668
669	2237
669	2573
671	281
675	674
677	676
678	677
679	279
682	683
684	683
685	684
690	689
698	699
701	700
705	704
705	706
708	707
708	710
708	711
708	712
708	713
708	714
708	715
708	716
708	717
708	718
708	719
708	720
708	721
708	722
708	723
708	724
708	725
708	726
708	727
708	728
708	729
708	730
708	731
708	732
708	733
708	734
708	735
708	736
708	737
708	738
708	739
708	740
708	741
708	742
708	743
708	744
708	745
708	746
708	747
708	748
708	749
708	750
708	751
708	752
708	753
708	754
708	755
709	708
750	756
758	757
758	759
758	778
761	760
761	762
761	798
764	763
764	767
764	773
765	764
765	771
767	766
767	772
768	766
768	776
769	766
769	777
771	770
775	774
775	795
777	776
777	784
781	780
783	782
783	840
786	785
787	786
787	808
787	827
789	788
789	790
789	791
793	792
793	796
794	793
794	797
797	796
797	799
801	800
801	819
801	821
801	822
801	823
801	828
801	829
801	836
801	2701
802	325
802	803
802	809
803	326
804	803
804	809
806	805
806	811
806	820
806	813
806	814
806	837
809	327
809	330
811	810
810	812
810	817
810	818
812	813
812	814
812	815
812	816
826	825
831	830
831	832
835	834
835	838
835	839
842	841
844	843
844	859
846	845
846	847
849	848
849	1022
849	1023
849	1088
851	850
851	1244
852	851
852	1210
852	1219
852	1237
852	1245
853	852
854	853
854	1114
854	1125
854	1126
854	2694
854	2695
854	2696
854	2697
856	855
856	885
858	857
858	1017
859	860
862	861
862	1123
862	1295
862	1309
862	1323
862	1325
862	1601
862	1904
862	2025
862	2027
862	2099
862	1324
862	2249
862	2326
862	2341
862	2342
862	2364
862	2397
862	2401
862	2421
862	2671
862	2672
862	2673
862	2674
862	2675
862	2676
862	2677
862	2678
862	2679
862	2680
862	2681
862	2682
862	2683
862	2684
862	2685
862	2686
862	2687
862	2688
862	2689
862	2276
866	865
866	1132
866	1133
866	1193
866	1256
866	1257
866	1267
866	1268
866	1272
866	1273
866	1274
867	866
867	1261
867	1262
867	1426
867	1441
867	1899
869	868
868	870
868	871
871	872
871	873
875	874
875	1248
875	1377
875	1378
875	1379
875	1380
875	1381
875	1382
875	1383
875	1384
875	1385
876	875
876	1361
876	1362
876	1367
876	1371
876	1372
876	1373
876	1386
877	876
877	1130
877	1388
877	1394
877	1395
877	1396
877	1397
877	1402
877	1405
877	1406
877	1407
877	1409
878	877
878	1410
878	1411
878	1412
878	1418
878	1419
879	878
880	881
880	882
882	883
882	884
887	888
887	889
893	892
893	897
893	898
893	901
893	906
893	907
893	908
894	893
894	932
895	894
895	896
895	933
896	893
898	899
898	900
901	902
901	903
901	904
901	905
908	909
911	910
912	911
912	913
912	915
917	916
917	919
917	920
917	921
917	929
918	917
923	922
923	947
923	948
923	950
923	951
922	924
922	925
922	926
922	927
922	928
931	930
931	934
931	941
931	942
931	943
931	944
931	945
932	931
932	937
932	939
933	932
936	935
936	938
937	936
937	946
939	940
948	949
953	952
955	954
957	956
957	958
957	959
957	960
957	961
963	962
967	966
967	972
966	968
966	969
966	970
966	971
974	973
974	1608
974	1611
975	974
975	973
975	1190
975	1603
975	1874
977	976
977	978
977	979
977	2249
985	984
987	986
987	991
987	992
987	993
987	994
987	995
987	996
987	997
988	987
988	1025
988	1111
989	988
989	1000
989	1020
989	1042
989	1091
989	1110
989	1112
990	988
999	998
999	1040
999	1067
1000	1002
1000	1003
1000	1004
1000	1005
1000	1006
1000	1007
1000	1008
1000	1009
1001	1000
1001	1042
1011	1010
1011	1097
1012	1011
1014	1013
1014	1099
1016	1015
1017	1016
1019	1018
1019	1065
1019	1087
1020	1019
1020	1055
1021	1020
1025	1024
1025	1027
1025	1028
1025	1030
1025	1032
1025	1034
1025	1036
1025	1038
1025	1066
1024	1026
1028	1029
1030	1031
1032	1033
1034	1035
1036	1037
1038	1039
1042	1041
1042	1051
1042	1068
1042	1095
1041	1043
1041	1044
1041	1045
1041	1046
1041	1047
1041	1048
1041	1049
1051	1050
1051	1076
1053	1052
1053	1077
1055	1054
1055	1078
1054	1057
1054	1058
1054	1059
1054	1060
1054	1061
1054	1062
1054	1063
1054	1064
1056	1055
1068	1069
1068	1070
1068	1071
1068	1072
1068	1073
1068	1074
1068	1075
1078	1079
1078	1080
1078	1081
1078	1082
1078	1083
1078	1084
1078	1085
1078	1086
1090	1089
1090	2158
1092	1091
1093	1092
1093	1131
1097	1096
1099	1098
1101	1100
1101	1766
1101	1767
1102	1101
1103	1102
1105	1104
1105	1106
1105	1107
1105	1113
1109	1108
1111	1129
1116	1115
1116	1301
1116	1302
1117	1116
1118	1117
1118	1297
1118	1300
1119	1118
1119	1303
1120	1119
1120	1115
1120	1121
1120	1307
1120	1310
1121	1115
1121	1316
1121	1304
1121	1317
1121	1302
1121	1313
1124	1123
1124	1125
1128	1127
1136	1137
1136	1138
1136	1139
1141	1140
1141	1142
1144	1143
1144	1146
1144	1147
1145	1144
1145	2306
1145	2310
1149	1148
1149	1165
1152	1151
1156	1157
1156	1158
1166	1167
1187	1186
1187	1263
1187	1605
1187	1606
1188	1187
1188	1604
1188	2708
1190	1189
1190	1512
1190	1607
1192	1191
1210	1211
1210	1212
1210	1213
1210	1214
1210	1215
1210	1216
1210	1217
1210	1218
1219	1220
1219	1221
1219	1222
1219	1223
1219	1224
1219	1225
1219	1226
1219	1234
1219	1235
1219	1236
1226	1227
1226	1228
1226	1229
1226	1230
1226	1231
1226	1232
1226	1233
1237	1238
1237	1239
1237	1240
1237	1241
1237	1242
1237	1243
1245	1246
1245	1247
1250	1249
1250	1252
1250	1253
1250	1255
1251	1250
1253	1254
1261	1260
1261	1271
1261	1275
1261	1279
1261	1281
1265	1264
1265	1266
1268	1269
1271	1270
1271	1278
1275	1276
1275	1277
1279	1280
1283	1282
1292	1291
1292	2251
1294	1293
1294	2250
1297	1298
1298	1299
1303	1304
1304	1305
1307	1306
1307	1316
1307	1317
1307	1318
1307	1319
1306	1308
1310	1312
1310	1313
1311	1310
1311	1330
1311	1305
1315	1312
1315	1968
1315	1984
1315	1990
1315	1992
1315	1995
1315	1997
1315	2000
1315	2006
1315	2027
1315	2056
1315	2058
1315	2067
1315	2075
1315	2118
1315	1302
1315	2121
1315	2123
1315	2126
1315	1313
1315	2151
1321	1320
1327	1326
1327	1328
1327	1879
1332	1331
1332	1335
1332	1336
1332	1337
1332	1340
1331	1334
1333	1332
1333	1344
1333	1345
1333	2703
1337	1338
1337	1339
1342	1341
1342	1939
1342	1947
1342	1954
1342	1993
1342	2411
1342	2426
1344	1343
1345	1336
1347	1346
1347	2001
1347	2150
1349	1348
1349	2565
1351	1350
1351	1755
1351	1776
1351	2127
1351	2290
1351	2291
1351	2292
1351	2413
1351	2414
1351	2415
1351	2416
1351	2417
1351	2418
1351	2419
1351	2583
1351	2584
1351	2599
1351	2600
1351	2601
1351	2602
1351	2603
1351	2276
1353	1352
1356	1355
1356	1451
1359	1358
1359	1360
1362	1363
1362	1364
1362	1365
1362	1366
1367	1368
1367	1369
1367	1370
1373	1374
1373	1375
1373	1376
1388	1387
1388	1390
1388	1391
1387	1389
1391	1392
1391	1393
1397	1398
1397	1399
1397	1400
1397	1401
1402	1403
1402	1404
1407	1408
1408	1423
1412	1413
1412	1414
1412	1415
1412	1416
1412	1417
1421	1420
1421	1422
1421	2704
1421	2705
1425	1424
1427	1428
1427	1429
1433	1432
1433	1436
1433	1439
1434	1433
1434	2707
1438	1437
1438	2706
1443	1442
1445	1444
1447	1446
1447	1686
1448	1450
1449	1448
1453	1452
1453	1455
1453	1456
1453	1730
1453	1765
1453	2604
1454	1453
1458	1457
1458	1864
1458	1866
1458	1869
1460	1459
1460	1462
1460	1467
1460	1497
1460	1498
1459	1461
1462	1463
1462	1464
1462	1465
1462	1466
1467	1468
1467	1469
1467	1470
1467	1471
1467	1472
1467	1473
1467	1474
1467	1475
1477	1476
1476	1478
1476	1479
1476	1480
1476	1481
1476	1482
1476	1483
1476	1484
1476	1485
1476	1486
1476	1489
1476	1492
1476	1493
1476	1494
1476	1495
1476	1496
1486	1487
1486	1488
1489	1490
1489	1491
1500	1499
1500	1503
1500	1504
1500	1505
1500	1506
1500	1507
1500	1508
1500	1509
1500	1510
1501	1500
1501	1511
1501	1515
1501	1602
1502	1501
1514	1513
1514	1529
1514	1530
1514	1531
1514	1532
1514	1533
1514	1534
1514	1535
1514	1536
1514	1537
1514	1538
1514	1539
1514	1541
1514	1542
1514	1544
1514	1545
1514	1546
1514	1547
1514	1548
1514	1549
1514	1550
1514	1551
1514	1552
1514	1553
1514	1554
1514	1555
1514	1556
1514	1557
1514	1558
1513	1516
1513	1517
1513	1518
1513	1519
1513	1520
1513	1521
1515	1514
1515	1522
1515	1559
1515	1582
1515	1584
1515	1597
1522	1523
1522	1524
1522	1525
1522	1526
1522	1527
1527	1528
1539	1540
1542	1543
1559	1560
1559	1561
1559	1562
1559	1563
1559	1564
1559	1565
1559	1566
1559	1567
1559	1568
1559	1569
1559	1570
1559	1571
1559	1572
1559	1573
1559	1574
1559	1575
1559	1576
1559	1577
1559	1578
1559	1579
1559	1580
1559	1581
1582	1583
1584	1585
1584	1586
1584	1588
1584	1589
1584	1590
1584	1593
1584	1594
1584	1595
1584	1596
1586	1587
1590	1591
1590	1592
1597	1598
1597	1599
1597	1600
1608	1609
1608	1610
1614	1613
1614	1615
1617	1616
1617	1620
1617	1622
1617	1627
1617	1630
1617	1634
1617	1635
1617	1638
1617	1643
1617	1644
1617	1645
1617	1646
1617	1647
1617	1648
1617	1649
1617	1650
1617	1651
1617	1653
1617	1654
1617	1655
1617	1656
1617	1657
1617	1658
1617	1659
1617	1660
1617	1663
1617	1665
1617	1668
1617	1669
1617	1670
1617	1671
1617	1676
1618	1617
1618	1624
1618	1626
1618	1636
1618	1640
1618	1661
1618	1667
1618	1684
1618	1685
1619	1618
1619	1621
1619	1652
1619	1673
1624	1623
1624	1632
1624	1633
1624	1639
1624	1642
1626	1625
1626	1628
1626	1629
1626	1662
1626	1664
1626	1666
1632	1631
1638	1637
1640	1641
1672	1673
1675	1674
1675	1680
1675	1682
1675	1687
1676	1677
1676	1678
1676	1679
1680	1681
1680	1682
1680	1683
1691	1690
1693	1692
1693	1703
1693	1710
1693	1720
1692	1696
1694	1693
1694	1721
1695	1692
1695	1697
1695	1696
1701	1700
1703	1705
1704	1703
1704	1706
1704	1705
1710	1712
1711	1710
1711	1713
1711	1712
1717	1716
1717	1724
1719	1718
1719	1723
1719	1725
1721	1722
1727	1726
1727	1729
1727	1932
1728	1727
1728	1878
1728	1933
1728	1935
1732	1731
1734	1733
1736	1735
1738	1737
1738	1742
1737	1739
1737	1740
1740	1741
1742	1741
1742	1927
1742	1930
1744	1743
1744	1746
1744	1747
1745	1744
1745	1749
1745	1750
1745	1752
1745	1758
1745	1759
1745	1761
1749	1748
1749	1760
1752	1751
1752	1753
1755	1754
1757	1756
1758	1757
1763	1762
1763	1768
1770	1769
1770	1773
1770	1774
1772	1771
1776	1775
1776	1777
1776	1778
1780	1779
1780	1781
1780	1782
1784	1783
1784	2319
1784	2320
1784	2321
1784	2322
1784	2341
1786	1785
1786	1809
1786	1811
1786	1812
1786	1900
1788	1787
1787	1789
1787	1790
1787	1793
1787	1805
1790	1791
1790	1792
1793	1794
1793	1795
1793	1796
1793	1797
1793	1798
1793	1799
1793	1800
1793	1801
1793	1802
1793	1803
1793	1804
1805	1806
1805	1807
1809	1810
1814	1813
1814	1816
1814	1821
1817	1818
1820	1819
1823	1822
1824	1823
1824	1826
1826	1825
1826	1827
1828	1829
1834	1833
1834	1844
1836	1837
1839	1838
1843	1842
1844	1843
1846	1845
1848	1847
1848	1854
1848	1855
1848	1856
1848	1857
1849	1848
1851	1850
1851	1867
1851	1868
1853	1852
1853	1858
1853	1873
1861	1860
1863	1862
1862	1865
1864	1863
1872	1871
1872	1873
1876	1875
1876	1878
1877	1875
1881	1880
1883	1882
1882	1884
1882	1885
1888	1887
1888	1722
1892	1891
1892	1893
1892	1895
1892	1898
1895	1894
1894	1896
1896	1897
1902	1901
1902	1903
1902	1907
1902	1910
1902	1911
1905	1904
1905	1906
1909	1908
1914	1913
1914	1917
1914	1918
1914	1919
1914	1920
1914	1921
1914	1922
1914	1923
1914	1924
1914	1925
1914	1926
1914	1927
1914	1928
1914	1929
1914	1930
1914	1931
1913	1915
1913	1916
1933	1934
1937	1936
1937	1938
1940	1941
1941	1942
1944	1943
1944	1945
1949	1948
1958	1959
1958	1960
1960	1961
1965	1964
1966	1965
1966	1994
1966	2019
1966	2028
1966	2155
1968	1967
1968	1971
1968	1973
1968	1974
1968	1977
1968	2140
1967	1969
1971	1970
1973	1972
1973	1975
1973	1976
1978	1979
1978	1980
1984	1983
1984	1987
1984	1988
1983	1985
1983	1986
1990	1989
1990	1991
1997	1996
1997	1998
2000	1999
2000	2003
2000	2005
2000	2153
2005	2004
2008	2007
2008	2035
2007	2009
2009	2010
2009	2011
2012	2013
2012	2014
2012	2015
2017	2016
2017	2033
2017	2044
2022	2021
2021	2023
2021	2024
2026	2025
2026	2054
2027	2026
2027	2042
2027	2051
2027	2052
2031	2030
2031	2037
2031	2043
2033	2032
2033	2038
2035	2034
2035	2036
2046	2045
2046	2048
2046	2049
2047	2045
2051	2050
2054	2053
2056	2055
2055	2057
2060	2059
2064	2063
2064	2065
2067	2066
2067	2069
2067	2070
2067	2071
2067	2073
2067	2152
2069	2068
2069	2072
2075	2074
2075	2077
2077	2076
2079	2078
2079	2092
2079	2142
2079	2143
2079	2144
2081	2080
2083	2082
2083	2093
2083	2145
2083	2146
2085	2084
2087	2086
2089	2088
2091	2090
2091	2097
2095	2094
2096	2094
2099	2098
2099	2398
2101	2100
2104	2103
2105	2103
2108	2107
2110	2109
2110	2116
2110	2117
2113	2112
2113	2114
2113	2115
2119	1302
2119	2123
2121	2120
2121	2122
2123	340
2126	2125
2126	2128
2130	2129
2130	2132
2130	2133
2130	2134
2137	2136
2137	2138
2137	2139
2141	2140
2141	2152
2141	2153
2148	2147
2148	2149
2148	2692
2148	2693
2155	2154
2157	2156
2160	2159
2160	2167
2159	2161
2159	2162
2159	2163
2159	2164
2159	2165
2159	2166
2169	2168
2169	2171
2170	2169
2170	2171
2176	2175
2176	385
2176	2178
2176	2179
2177	2178
2177	2179
2180	2181
2180	2182
2180	2183
2180	2184
2180	2185
2180	2186
2180	2187
2180	2188
2180	2189
2194	2193
2194	2714
2194	386
2196	2195
2196	2715
2196	2716
2196	2717
2196	2718
2196	2719
2196	2720
2196	2721
2196	2722
2196	2723
2196	2724
2196	402
2196	2201
2202	410
2216	2202
2216	2203
2216	2204
2216	2205
2216	2206
2216	2207
2216	2208
2216	2176
2216	2209
2216	2210
2218	2217
2218	2219
2218	2220
2221	2222
2223	2224
2226	2225
2226	2227
2226	2228
2226	2229
2226	2545
2231	2230
2232	2230
2234	2235
2238	2237
2238	2240
2239	2238
2242	2241
2244	2243
2244	2245
2244	2246
2244	2247
2249	2248
2252	2253
2266	2265
2271	2270
2273	2272
2276	2275
2276	2282
2275	2277
2275	2278
2278	2279
2278	2283
2279	2280
2279	2285
2282	2281
2282	2278
2282	2286
2284	2283
2283	2280
2286	2279
2288	2287
2288	2289
2294	2293
2294	2309
2296	2295
2296	2301
2297	2296
2297	2307
2297	2308
2297	2311
2298	2296
2298	2302
2298	2307
2298	2308
2300	2299
2304	2303
2304	2305
2314	2313
2316	2315
2316	2317
2316	2318
2327	2328
2331	2332
2331	2333
2331	2334
2335	2544
2336	2337
2337	2023
2337	2024
2339	2340
2343	2279
2347	2348
2350	2349
2350	2348
2355	2354
2355	2362
2355	2363
2357	2356
2359	2358
2359	2641
2359	2642
2361	2360
2365	2364
2365	2368
2365	2373
2366	2364
2368	2367
2368	2371
2368	2372
2368	2374
2369	2370
2376	2375
2376	2377
2376	2380
2376	2386
2376	2392
2376	2393
2376	2388
2379	2378
2382	2381
2382	2387
2382	2391
2383	2381
2383	2384
2383	2385
2388	2387
2388	2391
2388	2394
2389	2387
2389	2391
2390	2389
2390	2756
2390	2757
2390	2758
2390	2759
2390	2760
2390	2761
2390	2762
2390	2763
2395	2396
2397	2398
2400	2399
2399	2400
2403	2402
2403	2404
2403	2405
2408	2407
2410	2409
2413	2412
2413	2420
2419	2420
2423	2422
2425	2424
2429	2428
2431	2430
2430	2432
2434	2433
2437	2436
2438	2437
2438	2657
2440	2439
2440	2441
2443	2442
2443	2468
2444	2443
2444	2445
2444	2446
2444	2455
2444	2483
2444	2487
2447	2448
2450	2449
2450	2637
2450	2639
2452	2451
2456	2457
2456	2460
2456	2461
2457	2458
2457	2459
2463	2462
2465	2464
2467	2466
2467	2474
2468	2467
2468	2469
2468	2476
2468	2480
2469	2470
2469	2473
2470	2471
2470	2472
2474	2475
2476	2477
2476	2478
2476	2479
2482	2481
2485	2484
2485	2610
2485	2611
2485	2613
2485	2614
2485	2615
2487	2486
2487	2488
2487	2489
2487	2490
2492	2491
2492	2495
2492	2494
2491	2493
2491	2495
2493	2494
2495	2496
2496	2497
2496	2498
2499	2495
2500	2496
2500	2493
2500	2497
2500	2504
2500	2525
2500	2502
2500	2503
2500	2506
2500	2507
2500	2508
2500	2526
2500	2516
2500	2535
2500	2538
2501	2502
2501	2503
2501	2504
2501	2506
2501	2507
2501	2508
2504	2505
2512	2511
2512	2513
2514	2515
2514	2517
2515	2516
2519	2518
2519	2520
2521	2493
2521	2538
2523	2522
2524	2504
2524	2525
2524	2502
2524	2503
2524	2506
2524	2507
2524	2508
2529	2528
2529	2530
2530	2531
2530	2532
2530	2533
2535	2534
2537	2536
2541	2540
2540	2542
2547	2546
2547	2548
2547	2549
2547	2551
2554	2553
2554	2555
2554	2556
2554	2557
2554	2560
2559	2558
2562	2561
2562	2563
2562	2564
2562	2598
2565	2567
2565	2568
2565	2569
2566	2565
2566	2570
2566	2574
2567	2571
2567	2572
2569	2575
2569	2576
2578	2577
2578	2580
2578	2581
2586	2585
2585	2587
2587	2588
2590	2589
2590	2668
2589	2591
2589	2592
2589	2593
2589	2594
2596	2595
2596	2597
2596	2690
2596	2691
2606	2605
2606	2607
2606	2608
2606	2609
2612	2611
2612	2614
2612	2615
2617	2616
2617	2631
2617	2632
2618	2617
2620	2619
2620	2621
2622	2623
2622	2624
2625	2626
2625	2627
2625	2789
2625	2790
2629	2628
2628	2630
2638	2637
2641	2640
2644	2643
2646	2645
2646	2647
2649	2648
2651	2650
2650	2652
2650	2653
2650	2654
2650	2655
2659	2658
2659	2660
2661	2662
2664	2665
2668	2591
2668	2592
2668	2593
2668	2594
2669	225
2669	226
2680	2042
2680	2052
2680	2051
2680	2026
2700	2699
2702	1452
2702	1455
2702	1456
2702	1730
2702	1765
2702	2604
2709	2710
2709	2711
2709	2712
2709	2713
2717	647
2717	660
2717	681
2718	661
2719	666
2720	674
2721	653
2721	655
2721	686
2725	2726
2725	2727
2725	2728
2725	2729
2725	2730
2725	2731
2725	2732
2725	2733
2725	2734
2725	2735
2725	2736
2725	2737
2725	2738
2739	2740
2739	2741
2739	2742
2743	2744
2743	2745
2743	2746
2743	2747
2743	2748
2743	2684
2749	2750
2749	2751
2749	2752
2753	2750
2753	2754
2753	2755
2756	2751
2756	2752
2764	2769
2764	2770
2764	2771
2764	2683
2764	2772
2764	2773
2764	2774
2764	2775
2764	2776
2764	2777
2764	2778
2764	2779
2764	2780
2764	2413
2764	2781
2764	2782
2764	2783
2764	2784
2764	2785
2764	2786
2764	2787
2764	2788
2765	2766
2765	2767
2765	2768
2770	1775
2770	1777
2770	1778
2784	1754
2792	2791
2793	2646
