1	0
0	4
2	1
3	2
3	69
4	5
4	25
4	26
4	27
4	34
4	35
4	47
4	48
5	6
5	9
5	10
5	13
5	14
5	16
5	17
5	18
5	19
5	20
5	21
5	22
5	23
5	24
6	7
6	8
10	11
10	12
12	50
14	15
14	51
21	52
21	53
23	54
23	58
23	59
23	60
23	61
23	62
23	63
23	64
23	65
27	28
27	29
27	30
27	31
27	32
27	33
35	36
35	37
35	38
35	39
35	40
35	41
35	42
35	43
35	44
35	45
35	46
49	4
54	55
54	56
54	57
67	66
67	68
71	70
71	74
71	93
71	94
71	95
71	96
71	97
71	98
71	99
71	100
71	101
71	102
71	103
71	2296
71	2737
71	2738
72	71
74	73
74	76
74	84
74	85
74	86
74	87
74	88
74	89
74	90
74	91
74	92
73	75
76	77
76	78
76	82
76	83
78	79
79	80
80	81
105	104
105	193
105	297
105	634
105	991
105	1146
105	1306
105	1371
105	1905
105	1967
105	2002
105	2041
105	2291
105	2396
105	2422
105	2434
105	2455
105	2463
105	2482
105	2551
104	106
108	107
108	1454
108	2127
110	109
110	975
110	2123
112	111
112	874
112	875
112	901
112	902
112	1105
112	1205
112	1206
112	1207
112	1208
112	1209
112	1210
112	1211
112	1212
112	1213
112	1214
112	1215
112	1216
112	1217
112	1218
112	1219
112	1220
112	1221
112	1268
112	1269
112	1295
112	1296
112	1297
112	1298
112	1299
112	1300
113	112
113	1293
113	1294
113	2775
115	114
115	1449
115	1450
116	115
116	976
116	1464
117	116
118	116
118	890
118	1131
118	1126
118	1365
118	1368
118	1444
118	1443
118	1468
118	1757
118	1775
118	1784
118	1891
118	1989
118	2005
118	2011
118	2013
118	2016
118	2018
118	2021
118	2027
118	2039
118	2048
118	2077
118	2079
118	2088
118	2096
118	2139
118	1316
118	2142
118	2144
118	2147
118	2152
118	2172
118	2305
118	2307
118	2308
118	2313
118	2314
118	2319
118	2354
118	2357
118	2129
118	2386
118	2625
118	2298
118	2837
120	119
120	124
120	2082
122	121
122	127
122	1829
122	1835
122	1836
122	1838
122	1851
123	122
123	1841
123	1845
123	1849
123	1852
123	1853
123	1857
124	123
126	125
127	126
127	1856
129	128
129	2680
129	2681
129	2682
129	2683
130	129
130	2131
130	2478
130	2623
130	2624
130	2626
130	2627
130	2628
130	2631
130	2685
130	2686
130	2714
130	2718
132	131
132	2577
132	2578
132	2579
132	2589
133	132
133	443
133	637
133	674
133	2590
135	134
135	2727
137	136
137	2580
137	2581
137	2582
137	2583
137	2584
137	2585
137	2586
137	2587
137	2591
137	2592
138	137
138	447
138	451
138	675
138	2261
138	2667
140	139
142	141
142	2574
142	2679
142	2699
142	2700
142	2710
143	142
144	145
147	146
147	2524
147	2529
147	2537
147	2538
147	2521
147	2532
147	2553
147	2530
147	2531
147	2534
147	2535
147	2536
147	2554
147	2555
147	2544
147	2545
147	2563
149	148
149	491
149	495
149	506
149	508
149	509
149	510
149	511
149	512
149	514
149	515
149	2567
149	2571
151	150
151	152
151	155
151	159
151	160
151	165
151	163
151	162
151	168
151	169
151	170
151	171
151	166
151	172
151	173
151	176
151	174
151	175
151	177
151	178
151	179
151	180
151	183
151	184
151	187
151	188
150	152
150	155
150	156
150	157
150	158
150	159
150	167
150	168
150	169
150	170
150	171
150	172
150	173
150	174
150	175
150	176
150	177
150	178
150	179
150	180
150	183
150	184
150	185
150	186
150	187
150	188
152	153
152	154
159	160
159	161
159	163
159	164
159	166
161	162
164	165
180	181
180	182
190	189
192	191
192	194
192	195
192	196
192	197
192	198
192	199
192	200
192	201
192	202
192	203
192	204
192	205
192	206
192	207
192	208
192	209
192	210
192	211
192	212
193	192
193	238
193	245
193	246
193	298
193	383
193	441
193	445
193	521
193	529
193	534
193	699
193	702
193	703
193	704
193	705
193	706
193	707
193	708
193	713
193	714
193	794
193	818
193	835
193	1160
193	1161
193	1163
193	1164
193	1165
193	1166
193	1167
193	1170
193	1171
193	1172
193	1173
193	1174
193	1175
193	1177
193	1179
193	1183
193	1184
193	1185
193	1186
193	1187
193	1188
193	1189
193	1190
193	1191
193	1192
193	1193
193	1194
193	1195
193	1196
193	1330
193	1339
193	1971
193	1973
193	1976
193	1977
193	1983
193	1984
193	1987
193	2722
193	2732
214	213
214	217
214	242
214	243
214	244
215	214
215	213
217	216
217	227
217	229
217	230
217	231
217	232
217	233
217	240
216	218
216	219
216	220
216	221
216	222
216	223
216	224
216	225
216	226
227	228
235	234
235	790
235	2308
235	2741
235	2742
235	2300
234	236
234	237
240	239
240	241
247	248
248	249
248	250
248	251
253	252
252	255
252	256
254	252
254	460
256	257
256	287
256	291
256	292
256	293
257	258
257	259
257	260
257	261
257	278
257	279
261	262
261	265
261	266
261	267
262	263
262	264
267	268
267	269
267	270
267	271
267	272
267	273
267	277
273	274
273	275
273	276
279	280
279	281
279	282
279	283
283	284
283	285
283	286
287	288
287	289
287	290
295	294
295	296
300	299
300	331
300	333
300	337
300	344
300	345
300	346
300	347
300	348
300	349
300	350
300	351
300	352
300	353
299	304
299	310
301	300
301	377
302	301
302	305
302	306
302	308
302	309
302	378
302	813
302	344
302	350
302	349
302	1710
302	2144
303	302
303	332
304	305
304	306
304	307
304	308
304	309
310	311
313	312
313	406
315	314
315	993
315	1145
316	315
316	314
316	497
316	248
316	530
316	1972
318	317
317	319
319	320
322	321
321	323
321	324
325	323
327	326
327	373
327	374
327	375
328	327
328	326
328	374
328	994
330	329
331	330
331	334
334	335
334	336
337	338
337	342
337	343
338	339
338	341
339	340
353	354
353	355
357	356
357	358
360	359
360	582
360	674
360	675
360	679
360	683
360	684
360	688
360	698
360	2255
360	2258
360	2276
360	2277
360	2278
360	2279
360	2280
360	2281
360	2282
360	2283
360	2284
360	2285
360	2286
360	2289
360	2290
362	361
364	363
364	376
364	368
363	365
363	366
363	367
363	368
370	369
369	372
371	370
371	667
371	1961
371	2734
377	378
377	379
377	380
377	381
377	382
384	385
384	390
385	386
385	387
385	388
385	389
390	391
390	392
392	393
392	394
396	395
396	492
396	496
396	505
396	507
396	513
396	528
396	1709
396	2237
398	397
398	664
398	666
399	397
399	415
399	660
399	665
399	673
399	678
399	686
399	844
399	2214
399	659
399	2235
399	2770
399	2788
399	2789
399	2790
399	2791
399	2792
399	2793
399	2794
399	2795
399	2796
399	2797
399	2223
400	399
400	795
400	2218
401	400
401	890
401	1364
401	1365
401	1444
401	1478
401	2003
401	2022
401	2023
401	2039
401	2043
401	2050
401	2060
401	2061
401	2062
401	2125
401	2132
401	2145
401	2152
401	2193
401	2194
401	2196
401	398
401	2212
401	2213
401	2306
401	2307
401	2308
401	2350
401	2351
401	2352
401	2353
401	2354
401	2356
401	2357
401	2358
401	2362
401	2363
401	2365
401	2366
401	2368
401	2369
401	2370
401	2371
401	2129
401	2372
401	2373
401	2386
401	2613
401	2625
401	2216
403	402
405	404
405	414
405	417
408	407
408	410
408	409
407	409
407	410
412	411
412	414
412	421
413	411
413	426
415	412
415	422
415	425
415	992
415	2233
415	2235
415	2238
415	2219
415	2220
415	2221
415	2222
415	2223
417	416
418	419
418	420
424	423
425	424
425	671
425	672
425	677
425	685
425	697
425	2195
425	2197
425	2198
425	2224
425	2225
425	2226
425	2227
425	2228
425	2229
425	2230
425	2231
425	2232
425	2234
425	2236
428	427
428	1374
428	1719
428	1723
428	1730
428	1908
428	2378
430	429
430	1720
430	1728
430	1735
430	1911
430	2379
432	431
432	1729
432	1736
432	1912
432	2380
434	433
434	435
436	435
438	437
438	439
438	440
438	444
443	442
445	446
447	448
447	449
447	450
451	452
454	453
453	455
453	458
455	456
455	457
459	256
459	461
459	467
459	652
459	676
459	682
460	459
460	661
461	257
461	462
461	463
461	466
461	475
461	479
461	487
462	258
463	261
463	464
463	469
463	476
464	267
464	465
464	470
464	472
464	478
464	484
464	486
464	516
465	268
466	279
466	468
466	474
466	477
466	481
467	466
467	468
467	291
468	280
469	262
469	473
469	480
469	519
470	273
470	471
470	483
470	485
471	274
472	269
473	265
474	281
475	259
476	266
477	282
478	270
479	260
480	263
481	283
481	482
481	517
481	518
482	284
483	275
484	271
485	276
486	272
487	278
489	488
489	648
490	489
490	645
490	646
490	647
494	493
497	248
497	504
498	497
499	497
500	497
500	683
500	2588
501	497
501	684
502	497
502	248
502	1180
502	1181
502	1182
502	2083
502	2156
503	249
504	503
504	250
516	277
517	285
518	286
519	264
521	520
521	522
521	523
525	524
527	526
527	872
527	897
527	925
532	531
532	537
532	539
532	540
533	532
533	536
533	541
533	542
533	543
533	544
533	551
534	533
534	1116
534	1934
534	1978
534	1979
536	535
537	538
544	545
545	546
545	547
545	548
545	549
549	550
553	552
553	1346
554	553
556	555
556	1341
557	555
558	555
558	561
558	864
558	867
558	944
558	1135
558	1134
558	1136
558	1459
558	2029
558	1341
558	2392
558	2768
560	559
560	863
560	889
560	1467
560	1854
560	1862
560	1865
561	560
561	864
561	872
561	890
561	1468
561	1765
561	1855
563	562
563	1125
563	1133
563	1137
563	1338
563	1632
563	1861
563	1880
563	1974
565	564
565	570
565	569
565	599
565	593
565	618
565	567
565	568
565	600
565	631
565	637
565	641
565	642
564	567
564	568
566	564
566	599
566	568
566	623
566	624
570	569
570	589
571	570
571	599
571	593
571	600
573	572
573	579
573	586
573	618
574	573
574	576
575	572
575	586
576	575
576	580
578	577
578	644
580	579
580	618
581	580
582	584
582	585
583	582
583	595
583	2481
588	587
591	590
590	593
592	590
592	595
593	594
593	595
595	596
596	597
597	598
599	600
600	601
600	604
600	605
600	613
600	614
601	602
601	603
605	606
605	609
605	611
606	607
606	608
609	610
611	612
616	615
617	595
617	1892
618	619
621	620
623	622
626	625
627	600
627	628
627	629
627	608
628	605
628	614
629	614
630	629
633	632
633	596
635	584
635	638
635	639
635	640
635	585
635	2772
636	584
636	585
636	2772
643	642
648	649
648	651
649	650
652	287
652	654
652	655
652	690
653	287
654	288
655	289
657	656
657	691
659	658
659	681
659	692
659	844
659	2215
659	2217
659	2219
659	2220
659	2221
659	2222
659	2223
659	425
660	658
660	671
660	692
661	255
663	662
663	670
665	664
665	666
665	697
669	668
670	669
673	672
676	293
678	677
680	679
680	2259
680	2619
682	292
686	685
688	687
689	688
690	290
693	694
695	694
696	695
701	700
709	710
712	711
716	715
716	717
719	718
719	721
719	722
719	723
719	724
719	725
719	726
719	727
719	728
719	729
719	730
719	731
719	732
719	733
719	734
719	735
719	736
719	737
719	738
719	739
719	740
719	741
719	742
719	743
719	744
719	745
719	746
719	747
719	748
719	749
719	750
719	751
719	752
719	753
719	754
719	755
719	756
719	757
719	758
719	759
719	760
719	761
719	762
719	763
719	764
719	765
719	766
720	719
761	767
769	768
769	770
769	789
772	771
772	773
772	809
775	774
775	778
775	784
776	775
776	782
778	777
778	783
779	777
779	787
780	777
780	788
782	781
786	785
786	806
788	787
788	795
792	791
794	793
794	851
797	796
798	797
798	819
798	838
800	799
800	801
800	802
804	803
804	807
805	804
805	808
808	807
808	810
812	811
812	830
812	832
812	833
812	834
812	839
812	840
812	847
812	2774
813	337
813	814
813	820
814	338
815	814
815	820
817	816
817	822
817	831
817	824
817	825
817	848
820	339
820	342
822	821
821	823
821	828
821	829
823	824
823	825
823	826
823	827
837	836
842	841
842	843
846	845
846	849
846	850
853	852
855	854
855	870
857	856
857	858
860	859
860	1033
860	1034
860	1099
862	861
863	862
863	1222
863	1231
863	1249
863	1256
864	863
865	864
865	1125
865	1136
865	1137
865	2766
865	2767
865	2768
865	2769
867	866
867	896
869	868
869	1028
870	871
873	872
873	1134
873	1305
873	1324
873	1340
873	1342
873	1621
873	1926
873	2046
873	2048
873	2120
873	1341
873	2271
873	2353
873	2368
873	2369
873	2391
873	2424
873	2428
873	2449
873	2743
873	2744
873	2745
873	2746
873	2747
873	2748
873	2749
873	2750
873	2751
873	2752
873	2753
873	2754
873	2755
873	2756
873	2757
873	2758
873	2759
873	2760
873	2761
873	2298
877	876
877	1143
877	1144
877	1204
877	1266
877	1267
877	1277
877	1278
877	1282
877	1283
877	1284
878	877
878	1271
878	1272
878	1445
878	1460
878	1921
880	879
879	881
879	882
882	883
882	884
886	885
886	1394
886	1395
886	1396
886	1397
886	1398
886	1399
886	1400
886	1401
886	1402
887	886
887	1378
887	1379
887	1384
887	1388
887	1389
887	1390
887	1403
888	887
888	1141
888	1405
888	1411
888	1412
888	1413
888	1414
888	1419
888	1422
888	1423
888	1424
888	1425
889	888
889	1426
889	1427
889	1428
889	1436
889	1437
890	889
891	892
891	893
893	894
893	895
898	899
898	900
904	903
904	908
904	909
904	912
904	917
904	918
904	919
905	904
905	943
906	905
906	907
906	944
907	904
909	910
909	911
912	913
912	914
912	915
912	916
919	920
922	921
923	922
923	924
923	926
928	927
928	930
928	931
928	932
928	940
929	928
934	933
934	958
934	959
934	961
934	962
933	935
933	936
933	937
933	938
933	939
942	941
942	945
942	952
942	953
942	954
942	955
942	956
943	942
943	948
943	950
944	943
947	946
947	949
948	947
948	957
950	951
959	960
964	963
966	965
968	967
968	969
968	970
968	971
968	972
974	973
978	977
978	983
977	979
977	980
977	981
977	982
985	984
985	1628
985	1631
986	985
986	984
986	1201
986	1623
986	1896
988	987
988	989
988	990
988	2271
996	995
998	997
998	1002
998	1003
998	1004
998	1005
998	1006
998	1007
998	1008
999	998
999	1036
999	1122
1000	999
1000	1011
1000	1031
1000	1053
1000	1102
1000	1121
1000	1123
1001	999
1010	1009
1010	1051
1010	1078
1011	1013
1011	1014
1011	1015
1011	1016
1011	1017
1011	1018
1011	1019
1011	1020
1012	1011
1012	1053
1022	1021
1022	1108
1023	1022
1025	1024
1025	1110
1027	1026
1028	1027
1030	1029
1030	1076
1030	1098
1031	1030
1031	1066
1032	1031
1036	1035
1036	1038
1036	1039
1036	1041
1036	1043
1036	1045
1036	1047
1036	1049
1036	1077
1035	1037
1039	1040
1041	1042
1043	1044
1045	1046
1047	1048
1049	1050
1053	1052
1053	1062
1053	1079
1053	1106
1052	1054
1052	1055
1052	1056
1052	1057
1052	1058
1052	1059
1052	1060
1062	1061
1062	1087
1064	1063
1064	1088
1066	1065
1066	1089
1065	1068
1065	1069
1065	1070
1065	1071
1065	1072
1065	1073
1065	1074
1065	1075
1067	1066
1079	1080
1079	1081
1079	1082
1079	1083
1079	1084
1079	1085
1079	1086
1089	1090
1089	1091
1089	1092
1089	1093
1089	1094
1089	1095
1089	1096
1089	1097
1101	1100
1101	1470
1101	2179
1101	2429
1103	1102
1104	1103
1104	1142
1108	1107
1110	1109
1112	1111
1112	1786
1112	1787
1113	1112
1114	1113
1116	1115
1116	1117
1116	1118
1116	1124
1120	1119
1122	1140
1127	1126
1127	1315
1127	1316
1128	1127
1129	1128
1129	1311
1129	1314
1130	1129
1130	1317
1131	1130
1131	1126
1131	1132
1131	1321
1131	1325
1132	1126
1132	1332
1132	1318
1132	1333
1132	1316
1132	1328
1135	1134
1135	1136
1139	1138
1147	1148
1147	1149
1147	1150
1152	1151
1152	1153
1155	1154
1155	1157
1155	1158
1156	1155
1156	2334
1156	2338
1160	1159
1160	1176
1163	1162
1167	1168
1167	1169
1177	1178
1198	1197
1198	1273
1198	1625
1198	1626
1199	1198
1199	1624
1199	2781
1201	1200
1201	1532
1201	1627
1203	1202
1222	1223
1222	1224
1222	1225
1222	1226
1222	1227
1222	1228
1222	1229
1222	1230
1231	1232
1231	1233
1231	1234
1231	1235
1231	1236
1231	1237
1231	1238
1231	1246
1231	1247
1231	1248
1238	1239
1238	1240
1238	1241
1238	1242
1238	1243
1238	1244
1238	1245
1249	1250
1249	1251
1249	1252
1249	1253
1249	1254
1249	1255
1256	1257
1256	1258
1260	1259
1260	1262
1260	1263
1260	1265
1261	1260
1263	1264
1271	1270
1271	1281
1271	1285
1271	1289
1271	1291
1275	1274
1275	1276
1278	1279
1281	1280
1281	1288
1285	1286
1285	1287
1289	1290
1293	1292
1302	1301
1302	2273
1304	1303
1304	2272
1308	1307
1308	1309
1308	1310
1311	1312
1312	1313
1317	1318
1318	1319
1321	1320
1321	1322
1321	1329
1321	1332
1321	1333
1321	1334
1321	1335
1322	1323
1325	1327
1325	1328
1326	1325
1326	1347
1326	1319
1331	1327
1331	1989
1331	2005
1331	2011
1331	2013
1331	2016
1331	2018
1331	2021
1331	2027
1331	2048
1331	2077
1331	2079
1331	2088
1331	2096
1331	2139
1331	1316
1331	2142
1331	2144
1331	2147
1331	1328
1331	2172
1337	1336
1344	1343
1344	1345
1344	1901
1349	1348
1349	1352
1349	1353
1349	1354
1349	1357
1348	1351
1350	1349
1350	1361
1350	1362
1350	2776
1354	1355
1354	1356
1359	1358
1359	1960
1359	1968
1359	1975
1359	2014
1359	2439
1359	2454
1359	2708
1361	1360
1362	1353
1364	1363
1364	2022
1364	2171
1366	1365
1366	2611
1368	1367
1368	1775
1368	1797
1368	2148
1368	2321
1368	2322
1368	2323
1368	2441
1368	2442
1368	2443
1368	2444
1368	2445
1368	2446
1368	2447
1368	2629
1368	2630
1368	2645
1368	2646
1368	2647
1368	2701
1368	2298
1370	1369
1373	1372
1373	1471
1376	1375
1376	1377
1379	1380
1379	1381
1379	1382
1379	1383
1384	1385
1384	1386
1384	1387
1390	1391
1390	1392
1390	1393
1405	1404
1405	1407
1405	1408
1404	1406
1408	1409
1408	1410
1414	1415
1414	1416
1414	1417
1414	1418
1419	1420
1419	1421
1424	1442
1428	1429
1428	1430
1428	1431
1428	1432
1428	1433
1428	1434
1428	1435
1439	1438
1439	1440
1439	2777
1439	2778
1442	1441
1444	1443
1446	1447
1446	1448
1452	1451
1452	1455
1452	1458
1453	1452
1453	2780
1457	1456
1457	2779
1462	1461
1464	1463
1466	1465
1466	1707
1467	1469
1468	1467
1473	1472
1473	1475
1473	1476
1473	1785
1473	2649
1474	1473
1478	1477
1478	1884
1478	1885
1478	1888
1478	1891
1478	2771
1480	1479
1480	1482
1480	1487
1480	1517
1480	1518
1479	1481
1482	1483
1482	1484
1482	1485
1482	1486
1487	1488
1487	1489
1487	1490
1487	1491
1487	1492
1487	1493
1487	1494
1487	1495
1497	1496
1496	1498
1496	1499
1496	1500
1496	1501
1496	1502
1496	1503
1496	1504
1496	1505
1496	1506
1496	1509
1496	1512
1496	1513
1496	1514
1496	1515
1496	1516
1506	1507
1506	1508
1509	1510
1509	1511
1520	1519
1520	1523
1520	1524
1520	1525
1520	1526
1520	1527
1520	1528
1520	1529
1520	1530
1521	1520
1521	1531
1521	1535
1521	1622
1522	1521
1534	1533
1534	1549
1534	1550
1534	1551
1534	1552
1534	1553
1534	1554
1534	1555
1534	1556
1534	1557
1534	1558
1534	1559
1534	1561
1534	1562
1534	1564
1534	1565
1534	1566
1534	1567
1534	1568
1534	1569
1534	1570
1534	1571
1534	1572
1534	1573
1534	1574
1534	1575
1534	1576
1534	1577
1534	1578
1533	1536
1533	1537
1533	1538
1533	1539
1533	1540
1533	1541
1535	1534
1535	1542
1535	1579
1535	1602
1535	1604
1535	1617
1542	1543
1542	1544
1542	1545
1542	1546
1542	1547
1547	1548
1559	1560
1562	1563
1579	1580
1579	1581
1579	1582
1579	1583
1579	1584
1579	1585
1579	1586
1579	1587
1579	1588
1579	1589
1579	1590
1579	1591
1579	1592
1579	1593
1579	1594
1579	1595
1579	1596
1579	1597
1579	1598
1579	1599
1579	1600
1579	1601
1602	1603
1604	1605
1604	1606
1604	1608
1604	1609
1604	1610
1604	1613
1604	1614
1604	1615
1604	1616
1606	1607
1610	1611
1610	1612
1617	1618
1617	1619
1617	1620
1628	1629
1628	1630
1634	1633
1634	1635
1637	1636
1637	1640
1637	1642
1637	1647
1637	1650
1637	1654
1637	1655
1637	1656
1637	1659
1637	1664
1637	1665
1637	1666
1637	1667
1637	1668
1637	1669
1637	1670
1637	1671
1637	1672
1637	1674
1637	1675
1637	1676
1637	1677
1637	1678
1637	1679
1637	1680
1637	1681
1637	1684
1637	1686
1637	1689
1637	1690
1637	1691
1637	1692
1637	1697
1638	1637
1638	1644
1638	1646
1638	1657
1638	1661
1638	1682
1638	1688
1638	1705
1638	1706
1639	1638
1639	1641
1639	1673
1639	1694
1644	1643
1644	1652
1644	1653
1644	1660
1644	1663
1646	1645
1646	1648
1646	1649
1646	1683
1646	1685
1646	1687
1652	1651
1659	1658
1661	1662
1693	1694
1696	1695
1696	1701
1696	1703
1696	1708
1697	1698
1697	1699
1697	1700
1701	1702
1701	1703
1701	1704
1712	1711
1714	1713
1714	1724
1714	1731
1714	1741
1713	1717
1715	1714
1715	1742
1716	1713
1716	1718
1716	1717
1722	1721
1724	1726
1725	1724
1725	1727
1725	1726
1731	1733
1732	1731
1732	1734
1732	1733
1738	1737
1738	1745
1740	1739
1740	1744
1740	1746
1742	1743
1748	1747
1748	1750
1748	1953
1749	1748
1749	1900
1749	1954
1749	1956
1752	1751
1754	1753
1756	1755
1758	1757
1758	1762
1757	1759
1757	1760
1760	1761
1762	1761
1762	1948
1762	1951
1764	1763
1764	1766
1764	1767
1765	1764
1765	1769
1765	1770
1765	1772
1765	1778
1765	1779
1765	1781
1769	1768
1769	1780
1772	1771
1772	1773
1775	1774
1777	1776
1778	1777
1783	1782
1783	1788
1790	1789
1790	1793
1790	1795
1790	1794
1792	1791
1793	1794
1793	1795
1797	1796
1797	1798
1797	1799
1801	1800
1801	1802
1801	1803
1805	1804
1805	2346
1805	2347
1805	2348
1805	2349
1805	2368
1807	1806
1807	1830
1807	1832
1807	1833
1807	1922
1809	1808
1808	1810
1808	1811
1808	1814
1808	1826
1811	1812
1811	1813
1814	1815
1814	1816
1814	1817
1814	1818
1814	1819
1814	1820
1814	1821
1814	1822
1814	1823
1814	1824
1814	1825
1826	1827
1826	1828
1830	1831
1835	1834
1835	1837
1835	1842
1838	1839
1841	1840
1844	1843
1845	1844
1845	1847
1847	1846
1847	1848
1849	1850
1855	1854
1855	1865
1857	1858
1860	1859
1864	1863
1865	1864
1867	1866
1869	1868
1869	1875
1869	1876
1869	1877
1869	1878
1870	1869
1872	1871
1872	1889
1872	1890
1874	1873
1874	1879
1874	1895
1882	1881
1884	1883
1883	1886
1885	1883
1885	1887
1894	1893
1894	1895
1898	1897
1898	1900
1899	1897
1903	1902
1905	1904
1904	1906
1904	1907
1910	1909
1910	1743
1914	1913
1914	1915
1914	1917
1914	1920
1917	1916
1916	1918
1918	1919
1924	1923
1924	1925
1924	1929
1924	1932
1924	1933
1927	1926
1927	1928
1931	1930
1936	1935
1936	1939
1936	1940
1936	1941
1936	1942
1936	1943
1936	1944
1936	1945
1936	1946
1936	1947
1936	1948
1936	1949
1936	1950
1936	1951
1936	1952
1935	1937
1935	1938
1954	1955
1958	1957
1958	1959
1961	1962
1962	1963
1965	1964
1965	1966
1970	1969
1979	1980
1979	1981
1981	1982
1986	1985
1987	1986
1987	2015
1987	2040
1987	2049
1987	2176
1989	1988
1989	1992
1989	1994
1989	1995
1989	1998
1989	2161
1988	1990
1992	1991
1994	1993
1994	1996
1994	1997
1999	2000
1999	2001
2005	2004
2005	2008
2005	2009
2004	2006
2004	2007
2011	2010
2011	2012
2018	2017
2018	2019
2021	2020
2021	2024
2021	2026
2021	2174
2026	2025
2029	2028
2029	2056
2028	2030
2030	2031
2030	2032
2033	2034
2033	2035
2033	2036
2038	2037
2038	2054
2038	2065
2043	2042
2042	2044
2042	2045
2047	2046
2047	2075
2048	2047
2048	2063
2048	2072
2048	2073
2052	2051
2052	2058
2052	2064
2054	2053
2054	2059
2056	2055
2056	2057
2067	2066
2067	2069
2067	2070
2068	2066
2072	2071
2075	2074
2077	2076
2076	2078
2081	2080
2085	2084
2085	2086
2088	2087
2088	2090
2088	2091
2088	2092
2088	2094
2088	2173
2090	2089
2090	2093
2096	2095
2096	2098
2098	2097
2100	2099
2100	2113
2100	2163
2100	2164
2100	2165
2102	2101
2104	2103
2104	2114
2104	2166
2104	2167
2106	2105
2108	2107
2110	2109
2112	2111
2112	2118
2116	2115
2117	2115
2120	2119
2120	2425
2122	2121
2125	2124
2126	2124
2129	2128
2131	2130
2131	2137
2131	2138
2134	2133
2134	2135
2134	2136
2140	1316
2142	2141
2142	2143
2144	353
2147	2146
2147	2149
2151	2150
2151	2153
2151	2154
2151	2155
2158	2157
2158	2159
2158	2160
2162	2161
2162	2173
2162	2174
2169	2168
2169	2170
2169	2764
2169	2765
2176	2175
2178	2177
2181	2180
2181	2188
2180	2182
2180	2183
2180	2184
2180	2185
2180	2186
2180	2187
2190	2189
2190	2192
2191	2190
2191	2192
2197	2196
2197	398
2197	2199
2197	2200
2198	2199
2198	2200
2201	2202
2201	2203
2201	2204
2201	2205
2201	2206
2201	2207
2201	2208
2201	2209
2201	2210
2201	2211
2216	2215
2216	2787
2216	399
2218	2217
2218	2788
2218	2789
2218	2790
2218	2791
2218	2792
2218	2793
2218	2794
2218	2795
2218	2796
2218	2797
2218	415
2218	2223
2224	423
2238	2224
2238	2225
2238	2226
2238	2227
2238	2228
2238	2229
2238	2230
2238	2197
2238	2231
2238	2232
2240	2239
2240	2241
2240	2242
2243	2244
2245	2246
2248	2247
2248	2249
2248	2250
2248	2251
2248	2573
2253	2252
2254	2252
2256	2257
2260	2259
2260	2262
2261	2260
2264	2263
2266	2265
2266	2267
2266	2268
2266	2269
2271	2270
2274	2275
2288	2287
2293	2292
2295	2294
2298	2297
2298	2304
2297	2299
2297	2300
2300	2301
2300	2305
2301	2302
2301	2307
2304	2303
2304	2300
2304	2308
2306	2305
2305	2302
2308	2301
2310	2309
2310	2311
2313	2312
2313	2314
2313	2319
2312	2314
2312	2319
2314	2315
2314	2316
2314	2317
2314	2318
2319	2320
2325	2324
2325	2337
2327	2326
2327	2332
2328	2327
2328	2335
2328	2336
2328	2339
2329	2327
2329	2333
2329	2335
2329	2336
2331	2330
2341	2340
2343	2342
2343	2344
2343	2345
2354	2355
2358	2359
2358	2360
2358	2361
2362	2572
2363	2364
2364	2044
2364	2045
2366	2367
2370	2301
2374	2375
2377	2376
2377	2375
2382	2381
2382	2389
2382	2390
2384	2383
2386	2385
2386	2688
2386	2689
2388	2387
2392	2391
2392	2395
2392	2400
2393	2391
2395	2394
2395	2398
2395	2399
2395	2401
2396	2397
2403	2402
2403	2404
2403	2407
2403	2413
2403	2419
2403	2420
2403	2415
2406	2405
2409	2408
2409	2414
2409	2418
2410	2408
2410	2411
2410	2412
2415	2414
2415	2418
2415	2421
2416	2414
2416	2418
2417	2416
2417	2829
2417	2830
2417	2831
2417	2832
2417	2833
2417	2834
2417	2835
2417	2836
2422	2423
2424	2425
2427	2426
2426	2427
2431	2430
2431	2432
2431	2433
2436	2435
2438	2437
2441	2440
2441	2448
2447	2448
2451	2450
2453	2452
2457	2456
2459	2458
2458	2460
2462	2461
2465	2464
2466	2465
2466	2728
2468	2467
2468	2469
2471	2470
2471	2496
2472	2471
2472	2473
2472	2474
2472	2483
2472	2511
2472	2515
2475	2476
2478	2477
2478	2648
2478	2684
2478	2685
2480	2479
2484	2485
2484	2488
2484	2489
2485	2486
2485	2487
2491	2490
2493	2492
2495	2494
2495	2502
2496	2495
2496	2497
2496	2504
2496	2508
2497	2498
2497	2501
2498	2499
2498	2500
2502	2503
2504	2505
2504	2506
2504	2507
2510	2509
2513	2512
2513	2655
2513	2656
2513	2658
2513	2659
2513	2660
2515	2514
2515	2516
2515	2517
2515	2518
2520	2519
2520	2523
2520	2522
2519	2521
2519	2523
2521	2522
2523	2524
2524	2525
2524	2526
2527	2523
2528	2524
2528	2521
2528	2525
2528	2532
2528	2553
2528	2530
2528	2531
2528	2534
2528	2535
2528	2536
2528	2554
2528	2544
2528	2563
2528	2566
2529	2530
2529	2531
2529	2532
2529	2534
2529	2535
2529	2536
2532	2533
2540	2539
2540	2541
2542	2543
2542	2545
2543	2544
2547	2546
2547	2548
2549	2521
2549	2566
2551	2550
2552	2532
2552	2553
2552	2530
2552	2531
2552	2534
2552	2535
2552	2536
2557	2556
2557	2558
2558	2559
2558	2560
2558	2561
2563	2562
2565	2564
2569	2568
2568	2570
2574	2575
2574	2576
2594	2593
2594	2595
2594	2596
2594	2597
2594	2600
2599	2598
2602	2601
2602	2603
2605	2604
2605	2636
2605	2739
2605	2740
2607	2606
2607	2608
2607	2609
2607	2610
2607	2644
2611	2613
2611	2614
2611	2615
2612	2611
2612	2616
2612	2620
2613	2617
2613	2618
2615	2621
2615	2622
2624	2623
2624	2626
2624	2627
2633	2632
2632	2634
2634	2635
2636	2637
2636	2638
2636	2639
2636	2640
2642	2641
2642	2643
2642	2762
2642	2763
2651	2650
2651	2652
2651	2653
2651	2654
2657	2656
2657	2659
2657	2660
2662	2661
2662	2674
2662	2675
2663	2662
2663	2676
2663	2678
2665	2664
2665	2666
2668	2669
2668	2670
2668	2861
2668	2862
2668	2863
2672	2671
2671	2673
2678	2677
2686	2685
2688	2687
2691	2690
2693	2692
2693	2694
2696	2695
2696	2698
2698	2697
2698	2704
2703	2702
2703	2709
2704	2705
2704	2706
2704	2707
2710	2711
2710	2712
2710	2713
2714	2715
2714	2717
2715	2716
2720	2719
2722	2721
2721	2723
2721	2724
2721	2725
2721	2726
2730	2729
2730	2731
2732	2733
2735	2736
2740	2637
2740	2638
2740	2639
2740	2640
2741	236
2741	237
2752	2063
2752	2073
2752	2072
2752	2047
2773	2772
2775	1472
2775	1475
2775	1476
2775	1785
2775	2649
2782	2783
2782	2784
2782	2785
2782	2786
2790	658
2790	671
2790	692
2791	672
2792	677
2793	685
2794	664
2794	666
2794	697
2798	2799
2798	2800
2798	2801
2798	2802
2798	2803
2798	2804
2798	2805
2798	2806
2798	2807
2798	2808
2798	2809
2798	2810
2798	2811
2812	2813
2812	2814
2812	2815
2816	2817
2816	2818
2816	2819
2816	2820
2816	2821
2816	2756
2822	2823
2822	2824
2822	2825
2826	2823
2826	2827
2826	2828
2829	2824
2829	2825
2837	2842
2837	2843
2837	2844
2837	2755
2837	2845
2837	2846
2837	2847
2837	2848
2837	2849
2837	2850
2837	2851
2837	2852
2837	2853
2837	2441
2837	2854
2837	2855
2837	2856
2837	2857
2837	2858
2837	2859
2837	2860
2838	2839
2838	2840
2838	2841
2843	1796
2843	1798
2843	1799
2857	1774
2865	2864
2866	2693
