1	0
0	4
2	1
3	2
3	70
4	5
4	25
4	26
4	27
4	34
4	35
4	47
4	48
5	6
5	9
5	10
5	11
5	12
5	13
5	14
5	15
5	16
5	17
5	18
5	19
5	20
5	21
5	22
5	23
5	24
6	7
6	8
10	50
10	51
12	53
12	54
23	55
23	59
23	60
23	61
23	62
23	63
23	64
23	65
23	66
27	28
27	29
27	30
27	31
27	32
27	33
35	36
35	37
35	38
35	39
35	40
35	41
35	42
35	43
35	44
35	45
35	46
49	4
51	52
55	56
55	57
55	58
68	67
68	69
72	71
72	75
72	94
72	95
72	96
72	97
72	98
72	99
72	100
72	101
72	102
72	103
72	104
72	2934
72	2935
73	72
75	74
75	77
75	85
75	86
75	87
75	88
75	89
75	90
75	91
75	92
75	93
74	76
77	78
77	79
77	83
77	84
79	80
80	81
81	82
106	105
106	202
106	306
106	644
106	997
106	1160
106	1326
106	1397
106	1950
106	2012
106	2047
106	2086
106	2345
106	2449
106	2475
106	2491
106	2523
106	2531
106	2550
106	2613
106	2921
105	107
109	108
109	1482
109	2173
111	110
111	981
111	1370
111	1498
111	2169
111	2915
113	112
113	880
113	881
113	907
113	908
113	1119
113	1219
113	1220
113	1221
113	1222
113	1223
113	1224
113	1225
113	1226
113	1227
113	1228
113	1229
113	1230
113	1231
113	1232
113	1233
113	1234
113	1235
113	1236
113	1237
113	1238
113	1239
113	1287
113	1288
113	1315
113	1316
113	1317
113	1318
113	1319
113	1320
114	113
114	1313
114	1314
114	2977
116	115
116	1476
116	1477
116	1478
117	116
117	982
117	1492
118	117
119	117
119	896
119	1145
119	1140
119	1391
119	1394
119	1470
119	1469
119	1496
119	1791
119	1809
119	1818
119	1932
119	1936
119	2034
119	2050
119	2056
119	2058
119	2061
119	2063
119	2066
119	2072
119	2084
119	2093
119	2122
119	2125
119	2134
119	2142
119	2185
119	1337
119	2188
119	358
119	2192
119	2197
119	2216
119	2358
119	2360
119	2361
119	2366
119	2367
119	2372
119	2407
119	2410
119	2175
119	2439
119	2691
119	2696
119	2752
119	2351
119	3045
121	120
121	125
121	2128
123	122
123	128
123	1863
123	1869
123	1870
123	1872
123	1885
124	123
124	1875
124	1879
124	1883
124	1886
124	1887
125	124
125	1891
125	1903
127	126
128	127
128	1890
130	129
130	2809
130	2810
130	2811
130	2812
131	130
131	2177
131	2541
131	2750
131	2751
131	2753
131	2754
131	2755
131	2758
131	2814
131	2815
131	2845
131	2849
133	132
133	2702
133	2703
133	2704
133	2714
134	133
134	452
134	647
134	680
134	2715
136	135
136	2858
138	137
138	2705
138	2706
138	2707
138	2708
138	2709
138	2710
138	2711
138	2712
138	2716
138	2717
139	138
139	456
139	460
139	681
139	2315
139	2796
141	140
143	142
143	2699
143	2808
143	2830
143	2831
143	2841
144	143
145	146
148	147
148	2586
148	2591
148	2599
148	2600
148	2583
148	2594
148	2615
148	2592
148	2593
148	2596
148	2597
148	2598
148	2616
148	2617
148	2606
148	2607
148	2625
150	149
150	500
150	504
150	515
150	517
150	518
150	519
150	520
150	521
150	523
150	524
150	2892
150	2897
150	2900
150	2902
150	2903
150	2904
150	2906
150	2912
152	151
152	153
152	156
152	160
152	161
152	166
152	164
152	163
152	170
152	171
152	172
152	173
152	167
152	174
152	175
152	178
152	176
152	177
152	179
152	180
152	181
152	182
152	185
152	186
152	189
152	190
152	191
152	194
152	195
151	153
151	156
151	157
151	158
151	159
151	160
151	169
151	170
151	171
151	172
151	173
151	174
151	175
151	176
151	177
151	178
151	179
151	180
151	181
151	182
151	185
151	186
151	187
151	188
151	189
151	190
151	191
151	192
151	193
151	194
151	195
151	196
151	197
153	154
153	155
160	161
160	162
160	164
160	165
160	167
160	168
162	163
165	166
182	183
182	184
199	198
201	200
201	203
201	204
201	205
201	206
201	207
201	208
201	209
201	210
201	211
201	212
201	213
201	214
201	215
201	216
201	217
201	218
201	219
201	220
201	221
202	201
202	247
202	254
202	255
202	307
202	392
202	450
202	454
202	530
202	538
202	543
202	705
202	708
202	709
202	710
202	711
202	712
202	713
202	714
202	719
202	720
202	800
202	824
202	841
202	1174
202	1175
202	1177
202	1178
202	1179
202	1180
202	1181
202	1184
202	1185
202	1186
202	1187
202	1188
202	1189
202	1191
202	1193
202	1197
202	1198
202	1199
202	1200
202	1201
202	1202
202	1203
202	1204
202	1205
202	1206
202	1207
202	1208
202	1209
202	1210
202	1364
202	2016
202	2018
202	2021
202	2022
202	2028
202	2029
202	2032
202	2853
202	2929
223	222
223	226
223	251
223	252
223	253
224	223
224	222
226	225
226	236
226	238
226	239
226	240
226	241
226	242
226	249
225	227
225	228
225	229
225	230
225	231
225	232
225	233
225	234
225	235
236	237
244	243
244	796
244	2361
244	2872
244	2922
244	2923
244	2937
244	2938
244	2353
244	2939
244	2940
244	2941
243	245
243	246
249	248
249	250
256	257
257	258
257	259
257	260
262	261
261	264
261	265
263	261
263	469
265	266
265	296
265	300
265	301
265	302
266	267
266	268
266	269
266	270
266	287
266	288
270	271
270	274
270	275
270	276
271	272
271	273
276	277
276	278
276	279
276	280
276	281
276	282
276	286
282	283
282	284
282	285
288	289
288	290
288	291
288	292
292	293
292	294
292	295
296	297
296	298
296	299
304	303
304	305
307	308
310	309
310	341
310	343
310	347
310	354
310	355
310	356
310	357
310	359
310	360
310	361
310	362
310	363
310	364
309	314
309	320
311	310
311	386
312	311
312	315
312	316
312	318
312	319
312	387
312	819
312	354
312	361
312	360
312	1744
312	2864
313	312
313	342
314	315
314	316
314	317
314	318
314	319
320	321
323	322
323	415
325	324
325	999
325	1159
326	325
326	324
326	506
326	257
326	539
326	2017
326	2866
328	327
328	2867
327	329
329	330
332	331
331	333
331	334
335	333
337	336
337	382
337	383
337	384
338	337
338	336
338	383
338	1000
340	339
341	340
341	344
344	345
344	346
347	348
347	352
347	353
348	349
348	351
349	350
357	358
366	365
366	367
369	368
369	592
369	680
369	681
369	685
369	689
369	690
369	694
369	704
369	2309
369	2312
369	2330
369	2331
369	2332
369	2333
369	2334
369	2335
369	2336
369	2337
369	2338
369	2339
369	2340
369	2343
369	2344
371	370
373	372
373	385
373	377
373	2862
372	374
372	375
372	376
372	377
379	378
379	2869
378	381
380	379
380	673
380	2006
380	2868
380	2931
386	387
386	388
386	389
386	390
386	391
393	394
393	399
394	395
394	396
394	397
394	398
399	400
399	401
401	402
401	403
405	404
405	501
405	505
405	514
405	516
405	522
405	537
405	1743
405	2291
405	2894
405	2895
405	2909
405	2916
405	2917
405	2918
405	2920
407	406
407	670
407	672
408	406
408	424
408	666
408	671
408	679
408	684
408	692
408	850
408	2267
408	665
408	2289
408	2971
408	2990
408	2991
408	2992
408	2993
408	2994
408	2995
408	2996
408	2997
408	2998
408	2999
408	2276
409	408
409	801
409	2271
410	409
410	896
410	1390
410	1391
410	1470
410	1507
410	2048
410	2067
410	2068
410	2084
410	2088
410	2095
410	2105
410	2106
410	2107
410	2171
410	2178
410	2190
410	2197
410	2237
410	2238
410	2240
410	407
410	2265
410	2266
410	2359
410	2360
410	2361
410	2403
410	2404
410	2405
410	2406
410	2407
410	2409
410	2410
410	2411
410	2415
410	2416
410	2418
410	2419
410	2421
410	2422
410	2423
410	2424
410	2175
410	2425
410	2426
410	2439
410	2740
410	2752
410	2919
410	2269
412	411
414	413
414	423
414	426
417	416
417	419
417	418
416	418
416	419
421	420
421	423
421	430
422	420
422	435
424	421
424	431
424	434
424	998
424	2287
424	2289
424	2292
424	2272
424	2273
424	2274
424	2275
424	2276
426	425
427	428
427	429
433	432
434	433
434	677
434	678
434	683
434	691
434	703
434	2239
434	2241
434	2242
434	2277
434	2278
434	2279
434	2280
434	2281
434	2282
434	2283
434	2284
434	2285
434	2286
434	2288
434	2290
437	436
437	1400
437	1753
437	1757
437	1764
437	1953
437	2431
439	438
439	1754
439	1762
439	1769
439	1956
439	2432
441	440
441	1763
441	1770
441	1957
441	2433
443	442
443	444
445	444
447	446
447	448
447	449
447	453
452	451
454	455
456	457
456	458
456	459
460	461
463	462
462	464
462	467
464	465
464	466
468	265
468	470
468	476
468	658
468	682
468	688
468	2887
469	468
469	667
469	2886
470	266
470	471
470	472
470	475
470	484
470	488
470	496
471	267
472	270
472	473
472	478
472	485
473	276
473	474
473	479
473	481
473	487
473	493
473	495
473	525
474	277
475	288
475	477
475	483
475	486
475	490
476	475
476	477
476	300
476	2898
477	289
478	271
478	482
478	489
478	528
479	282
479	480
479	492
479	494
480	283
481	278
482	274
483	290
484	268
485	275
486	291
487	279
488	269
489	272
490	292
490	491
490	526
490	527
491	293
492	284
493	280
494	285
495	281
496	287
498	497
499	498
499	655
499	656
499	657
499	2975
503	502
506	257
506	513
506	2896
507	506
508	506
509	506
509	689
509	2713
510	506
510	690
511	506
511	257
511	1194
511	1195
511	1196
511	2129
511	2201
512	258
513	512
513	259
525	286
526	294
527	295
528	273
530	529
530	531
530	532
534	533
536	535
536	878
536	903
536	931
541	540
541	548
541	550
542	541
542	545
542	551
542	552
542	553
542	554
542	561
543	542
543	1130
543	1979
543	2023
543	2024
545	544
545	546
545	547
548	549
554	555
555	556
555	557
555	558
555	559
559	560
563	562
563	1372
564	563
566	565
566	1366
567	565
568	565
568	571
568	870
568	873
568	950
568	1149
568	1148
568	1150
568	1487
568	2074
568	1366
568	2445
568	2969
570	569
570	869
570	895
570	1495
570	1888
570	1907
570	1910
571	570
571	870
571	878
571	896
571	1496
571	1799
571	1889
573	572
573	1139
573	1147
573	1151
573	1363
573	1662
573	1906
573	1925
573	2019
575	574
575	580
575	579
575	609
575	603
575	628
575	577
575	578
575	610
575	641
575	647
575	651
575	652
574	577
574	578
576	574
576	609
576	578
576	633
576	634
580	579
580	599
581	580
581	609
581	603
581	610
583	582
583	589
583	596
583	628
584	583
584	586
585	582
585	596
586	585
586	590
588	587
588	654
590	589
590	628
591	590
592	594
592	595
593	592
593	605
593	2547
598	597
601	600
600	603
602	600
602	605
603	604
603	605
605	606
606	607
607	608
609	610
610	611
610	614
610	615
610	623
610	624
611	612
611	613
615	616
615	619
615	621
616	617
616	618
619	620
621	622
626	625
627	605
627	1937
628	629
631	630
633	632
636	635
637	610
637	638
637	639
637	618
638	615
638	624
639	624
640	639
643	642
643	606
645	594
645	648
645	649
645	650
645	595
645	2973
646	594
646	595
646	2973
653	652
658	296
658	660
658	661
658	696
658	2888
659	296
660	297
660	2889
661	298
661	2890
663	662
663	697
665	664
665	687
665	698
665	850
665	2268
665	2270
665	2272
665	2273
665	2274
665	2275
665	2276
665	434
666	664
666	677
666	698
666	2897
667	264
667	2893
669	668
669	676
671	670
671	672
671	703
671	2913
675	674
676	675
679	678
682	302
682	2899
684	683
684	2901
686	685
686	2313
686	2748
688	301
688	2905
692	691
692	2907
694	693
695	694
695	2908
696	299
696	2910
699	700
701	700
701	2911
702	701
707	706
715	716
718	717
722	721
722	723
725	724
725	727
725	728
725	729
725	730
725	731
725	732
725	733
725	734
725	735
725	736
725	737
725	738
725	739
725	740
725	741
725	742
725	743
725	744
725	745
725	746
725	747
725	748
725	749
725	750
725	751
725	752
725	753
725	754
725	755
725	756
725	757
725	758
725	759
725	760
725	761
725	762
725	763
725	764
725	765
725	766
725	767
725	768
725	769
725	770
725	771
725	772
726	725
767	773
775	774
775	776
775	795
778	777
778	779
778	815
781	780
781	784
781	790
782	781
782	788
784	783
784	789
785	783
785	793
786	783
786	794
788	787
792	791
792	812
794	793
794	801
798	797
800	799
800	857
803	802
804	803
804	825
804	844
806	805
806	807
806	808
810	809
810	813
811	810
811	814
814	813
814	816
818	817
818	836
818	838
818	839
818	840
818	845
818	846
818	853
818	2976
819	347
819	820
819	826
820	348
821	820
821	826
823	822
823	828
823	837
823	830
823	831
823	854
826	349
826	352
828	827
827	829
827	834
827	835
829	830
829	831
829	832
829	833
843	842
848	847
848	849
852	851
852	855
852	856
859	858
861	860
861	876
863	862
863	864
866	865
866	1041
866	1042
866	1113
868	867
869	868
869	1240
869	1250
869	1268
869	1275
870	869
871	870
871	1139
871	1150
871	1151
871	2967
871	2968
871	2969
871	2970
873	872
873	902
875	874
875	1036
876	877
879	878
879	1148
879	1325
879	1348
879	1365
879	1367
879	1651
879	1971
879	2091
879	2093
879	2166
879	1366
879	2325
879	2406
879	2421
879	2422
879	2444
879	2477
879	2485
879	2506
879	2942
879	2943
879	2944
879	2945
879	2946
879	2947
879	2948
879	2949
879	2950
879	2951
879	2952
879	2953
879	2954
879	2955
879	2956
879	2957
879	2958
879	2959
879	2960
879	2351
883	882
883	1157
883	1158
883	1218
883	1285
883	1286
883	1296
883	1298
883	1299
883	1302
883	1303
883	1304
884	883
884	1290
884	1291
884	1472
884	1488
884	1966
884	2914
886	885
885	887
885	888
888	889
888	890
892	891
892	1420
892	1421
892	1422
892	1423
892	1424
892	1425
892	1426
892	1427
892	1428
893	892
893	1404
893	1405
893	1410
893	1414
893	1415
893	1416
893	1429
894	893
894	1155
894	1431
894	1437
894	1438
894	1439
894	1440
894	1445
894	1447
894	1448
894	1449
894	1450
895	894
895	1451
895	1452
895	1453
895	1461
895	1462
895	1463
896	895
897	898
897	899
899	900
899	901
904	905
904	906
910	909
910	914
910	915
910	918
910	923
910	924
910	925
911	910
911	949
912	911
912	913
912	950
913	910
915	916
915	917
918	919
918	920
918	921
918	922
925	926
928	927
929	928
929	930
929	932
934	933
934	936
934	937
934	938
934	946
935	934
940	939
940	964
940	965
940	967
940	968
939	941
939	942
939	943
939	944
939	945
948	947
948	951
948	958
948	959
948	960
948	961
948	962
949	948
949	954
949	956
950	949
953	952
953	955
954	953
954	963
956	957
965	966
970	969
972	971
974	973
974	975
974	976
974	977
974	978
980	979
984	983
984	989
983	985
983	986
983	987
983	988
991	990
991	1658
991	1661
992	991
992	990
992	1215
992	1653
992	1941
994	993
994	995
994	996
994	2325
1002	1001
1004	1003
1004	1008
1004	1009
1004	1010
1004	1011
1004	1012
1004	1013
1004	1014
1004	1015
1005	1004
1005	1044
1005	1136
1006	1005
1006	1018
1006	1039
1006	1063
1006	1116
1006	1135
1006	1137
1007	1005
1017	1016
1017	1061
1017	1090
1018	1020
1018	1021
1018	1022
1018	1023
1018	1024
1018	1025
1018	1026
1018	1027
1018	1028
1019	1018
1019	1063
1030	1029
1030	1122
1031	1030
1033	1032
1033	1124
1035	1034
1036	1035
1038	1037
1038	1088
1038	1112
1039	1038
1039	1077
1040	1039
1044	1043
1044	1046
1044	1047
1044	1049
1044	1051
1044	1053
1044	1055
1044	1057
1044	1059
1044	1089
1043	1045
1047	1048
1049	1050
1051	1052
1053	1054
1055	1056
1057	1058
1059	1060
1063	1062
1063	1073
1063	1091
1063	1120
1062	1064
1062	1065
1062	1066
1062	1067
1062	1068
1062	1069
1062	1070
1062	1071
1073	1072
1073	1100
1075	1074
1075	1101
1077	1076
1077	1102
1076	1079
1076	1080
1076	1081
1076	1082
1076	1083
1076	1084
1076	1085
1076	1086
1076	1087
1078	1077
1091	1092
1091	1093
1091	1094
1091	1095
1091	1096
1091	1097
1091	1098
1091	1099
1102	1103
1102	1104
1102	1105
1102	1106
1102	1107
1102	1108
1102	1109
1102	1110
1102	1111
1115	1114
1115	1499
1115	2223
1115	2486
1117	1116
1118	1117
1118	1156
1122	1121
1124	1123
1126	1125
1126	1820
1126	1821
1127	1126
1128	1127
1130	1129
1130	1131
1130	1132
1130	1138
1134	1133
1136	1154
1141	1140
1141	1336
1141	1337
1142	1141
1143	1142
1143	1332
1143	1335
1144	1143
1144	1338
1145	1144
1145	1140
1145	1146
1145	1342
1145	1349
1146	1140
1146	1357
1146	1339
1146	1358
1146	1337
1146	1352
1149	1148
1149	1150
1153	1152
1161	1162
1161	1163
1161	1164
1166	1165
1166	1167
1169	1168
1169	1171
1169	1172
1170	1169
1170	2387
1170	2391
1174	1173
1174	1190
1177	1176
1181	1182
1181	1183
1191	1192
1212	1211
1212	1292
1212	1655
1212	1656
1213	1212
1213	1654
1213	2983
1215	1214
1215	1561
1215	1657
1217	1216
1240	1241
1240	1242
1240	1243
1240	1244
1240	1245
1240	1246
1240	1247
1240	1248
1240	1249
1250	1251
1250	1252
1250	1253
1250	1254
1250	1255
1250	1256
1250	1257
1250	1265
1250	1266
1250	1267
1257	1258
1257	1259
1257	1260
1257	1261
1257	1262
1257	1263
1257	1264
1268	1269
1268	1270
1268	1271
1268	1272
1268	1273
1268	1274
1275	1276
1275	1277
1279	1278
1279	1281
1279	1282
1279	1284
1280	1279
1282	1283
1290	1289
1290	1301
1290	1305
1290	1309
1290	1311
1294	1293
1294	1295
1298	1297
1301	1300
1301	1308
1305	1306
1305	1307
1309	1310
1313	1312
1322	1321
1322	2327
1324	1323
1324	2326
1328	1327
1328	1330
1328	1331
1328	2689
1328	2693
1327	1329
1332	1333
1333	1334
1338	1339
1339	1340
1342	1341
1342	1346
1342	1353
1342	1357
1342	1358
1342	1359
1342	1360
1341	1344
1341	1345
1343	1342
1343	1351
1343	357
1343	2034
1343	2050
1343	2056
1343	2058
1343	2061
1343	2063
1343	2066
1343	2072
1343	2093
1343	2122
1343	2125
1343	2134
1343	2142
1343	2185
1343	1337
1343	2188
1343	358
1343	2192
1343	1352
1343	2216
1346	1347
1349	1351
1349	1352
1350	1349
1350	1373
1350	1340
1350	1344
1350	1345
1355	1354
1355	1356
1355	2213
1355	2214
1355	2963
1355	2964
1355	2965
1355	2966
1362	1361
1369	1368
1369	1371
1369	1946
1375	1374
1375	1378
1375	1379
1375	1380
1375	1383
1374	1377
1376	1375
1376	1387
1376	1388
1376	2978
1380	1381
1380	1382
1385	1384
1385	2005
1385	2013
1385	2020
1385	2059
1385	2496
1385	2522
1385	2839
1385	2891
1387	1386
1388	1379
1390	1389
1390	2067
1390	2215
1392	1391
1392	2738
1394	1393
1394	1809
1394	1831
1394	2193
1394	2374
1394	2375
1394	2376
1394	2498
1394	2499
1394	2500
1394	2501
1394	2502
1394	2503
1394	2504
1394	2756
1394	2757
1394	2773
1394	2774
1394	2775
1394	2832
1394	2351
1396	1395
1399	1398
1399	1500
1402	1401
1402	1403
1405	1406
1405	1407
1405	1408
1405	1409
1410	1411
1410	1412
1410	1413
1416	1417
1416	1418
1416	1419
1431	1430
1431	1433
1431	1434
1430	1432
1434	1435
1434	1436
1440	1441
1440	1442
1440	1443
1440	1444
1445	1446
1445	1471
1449	1468
1453	1454
1453	1455
1453	1456
1453	1457
1453	1458
1453	1459
1453	1460
1465	1464
1465	1466
1465	2979
1465	2980
1468	1467
1470	1469
1473	1474
1473	1475
1480	1479
1480	1483
1480	1486
1481	1480
1481	2982
1485	1484
1485	2981
1490	1489
1492	1491
1494	1493
1494	1741
1495	1497
1496	1495
1502	1501
1502	1504
1502	1505
1502	1819
1502	2777
1503	1502
1507	1506
1507	1929
1507	1930
1507	1933
1507	1936
1507	2972
1509	1508
1509	1511
1509	1516
1509	1546
1509	1547
1508	1510
1511	1512
1511	1513
1511	1514
1511	1515
1516	1517
1516	1518
1516	1519
1516	1520
1516	1521
1516	1522
1516	1523
1516	1524
1526	1525
1525	1527
1525	1528
1525	1529
1525	1530
1525	1531
1525	1532
1525	1533
1525	1534
1525	1535
1525	1538
1525	1541
1525	1542
1525	1543
1525	1544
1525	1545
1535	1536
1535	1537
1538	1539
1538	1540
1549	1548
1549	1552
1549	1553
1549	1554
1549	1555
1549	1556
1549	1557
1549	1558
1549	1559
1550	1549
1550	1560
1550	1564
1550	1652
1551	1550
1563	1562
1563	1578
1563	1579
1563	1580
1563	1581
1563	1582
1563	1583
1563	1584
1563	1585
1563	1586
1563	1587
1563	1588
1563	1590
1563	1591
1563	1593
1563	1594
1563	1595
1563	1596
1563	1597
1563	1598
1563	1599
1563	1600
1563	1601
1563	1602
1563	1603
1563	1604
1563	1605
1563	1606
1563	1607
1562	1565
1562	1566
1562	1567
1562	1568
1562	1569
1562	1570
1564	1563
1564	1571
1564	1608
1564	1631
1564	1633
1564	1647
1571	1572
1571	1573
1571	1574
1571	1575
1571	1576
1576	1577
1588	1589
1591	1592
1608	1609
1608	1610
1608	1611
1608	1612
1608	1613
1608	1614
1608	1615
1608	1616
1608	1617
1608	1618
1608	1619
1608	1620
1608	1621
1608	1622
1608	1623
1608	1624
1608	1625
1608	1626
1608	1627
1608	1628
1608	1629
1608	1630
1631	1632
1633	1634
1633	1635
1633	1637
1633	1638
1633	1639
1633	1642
1633	1643
1633	1644
1633	1645
1633	1646
1635	1636
1639	1640
1639	1641
1647	1648
1647	1649
1647	1650
1658	1659
1658	1660
1664	1663
1664	1665
1667	1666
1667	1670
1667	1672
1667	1677
1667	1678
1667	1680
1667	1681
1667	1684
1667	1688
1667	1689
1667	1690
1667	1693
1667	1698
1667	1699
1667	1700
1667	1701
1667	1702
1667	1703
1667	1704
1667	1705
1667	1706
1667	1708
1667	1709
1667	1710
1667	1711
1667	1712
1667	1713
1667	1714
1667	1715
1667	1718
1667	1720
1667	1723
1667	1724
1667	1725
1667	1726
1667	1731
1668	1667
1668	1674
1668	1676
1668	1691
1668	1695
1668	1716
1668	1722
1668	1739
1668	1740
1669	1668
1669	1671
1669	1707
1669	1728
1674	1673
1674	1686
1674	1687
1674	1694
1674	1697
1676	1675
1676	1679
1676	1682
1676	1683
1676	1717
1676	1719
1676	1721
1686	1685
1693	1692
1695	1696
1727	1728
1730	1729
1730	1735
1730	1737
1730	1742
1731	1732
1731	1733
1731	1734
1735	1736
1735	1737
1735	1738
1746	1745
1748	1747
1748	1758
1748	1765
1748	1775
1747	1751
1749	1748
1749	1776
1750	1747
1750	1752
1750	1751
1756	1755
1758	1760
1759	1758
1759	1761
1759	1760
1765	1767
1766	1765
1766	1768
1766	1767
1772	1771
1772	1779
1774	1773
1774	1778
1774	1780
1776	1777
1782	1781
1782	1784
1782	1998
1783	1782
1783	1945
1783	1999
1783	2001
1786	1785
1788	1787
1790	1789
1792	1791
1792	1796
1791	1793
1791	1794
1794	1795
1796	1795
1796	1993
1796	1996
1798	1797
1798	1800
1798	1801
1799	1798
1799	1803
1799	1804
1799	1806
1799	1812
1799	1813
1799	1815
1803	1802
1803	1814
1806	1805
1806	1807
1809	1808
1811	1810
1812	1811
1817	1816
1817	1822
1824	1823
1824	1827
1824	1829
1824	1828
1826	1825
1827	1828
1827	1829
1831	1830
1831	1832
1831	1833
1835	1834
1835	1836
1835	1837
1839	1838
1839	2399
1839	2400
1839	2401
1839	2402
1839	2421
1841	1840
1841	1864
1841	1866
1841	1867
1841	1967
1843	1842
1842	1844
1842	1845
1842	1848
1842	1860
1845	1846
1845	1847
1848	1849
1848	1850
1848	1851
1848	1852
1848	1853
1848	1854
1848	1855
1848	1856
1848	1857
1848	1858
1848	1859
1860	1861
1860	1862
1864	1865
1869	1868
1869	1871
1869	1876
1872	1873
1875	1874
1878	1877
1879	1878
1879	1881
1881	1880
1881	1882
1883	1884
1889	1888
1889	1910
1891	1892
1891	1897
1891	1900
1892	1893
1892	1894
1892	1895
1892	1896
1897	1898
1897	1899
1900	1901
1901	1902
1905	1904
1909	1908
1910	1909
1912	1911
1914	1913
1914	1920
1914	1921
1914	1922
1914	1923
1915	1914
1917	1916
1917	1934
1917	1935
1919	1918
1919	1924
1919	1940
1927	1926
1929	1928
1928	1931
1930	1928
1930	1932
1939	1938
1939	1940
1943	1942
1943	1945
1944	1942
1948	1947
1950	1949
1949	1951
1949	1952
1955	1954
1955	1777
1959	1958
1959	1960
1959	1962
1959	1965
1962	1961
1961	1963
1963	1964
1969	1968
1969	1970
1969	1974
1969	1977
1969	1978
1972	1971
1972	1973
1976	1975
1981	1980
1981	1984
1981	1985
1981	1986
1981	1987
1981	1988
1981	1989
1981	1990
1981	1991
1981	1992
1981	1993
1981	1994
1981	1995
1981	1996
1981	1997
1980	1982
1980	1983
1999	2000
2003	2002
2003	2004
2006	2007
2007	2008
2010	2009
2010	2011
2015	2014
2024	2025
2024	2026
2026	2027
2031	2030
2032	2031
2032	2060
2032	2085
2032	2094
2032	2220
2034	2033
2034	2037
2034	2039
2034	2040
2034	2043
2034	2206
2033	2035
2037	2036
2039	2038
2039	2041
2039	2042
2044	2045
2044	2046
2050	2049
2050	2053
2050	2054
2049	2051
2049	2052
2056	2055
2056	2057
2063	2062
2063	2064
2066	2065
2066	2069
2066	2071
2066	2218
2071	2070
2074	2073
2074	2101
2073	2075
2075	2076
2075	2077
2078	2079
2078	2080
2078	2081
2083	2082
2083	2099
2083	2110
2088	2087
2087	2089
2087	2090
2092	2091
2092	2120
2093	2092
2093	2108
2093	2117
2093	2118
2097	2096
2097	2103
2097	2109
2099	2098
2099	2104
2101	2100
2101	2102
2112	2111
2112	2114
2112	2115
2113	2111
2117	2116
2120	2119
2122	2121
2122	2124
2121	2123
2127	2126
2131	2130
2131	2132
2134	2133
2134	2136
2134	2137
2134	2138
2134	2140
2134	2217
2136	2135
2136	2139
2142	2141
2142	2144
2144	2143
2146	2145
2146	2159
2146	2208
2146	2209
2146	2210
2148	2147
2150	2149
2150	2160
2150	2211
2150	2212
2152	2151
2154	2153
2156	2155
2158	2157
2158	2164
2162	2161
2163	2161
2166	2165
2166	2478
2168	2167
2171	2170
2172	2170
2175	2174
2177	2176
2177	2183
2177	2184
2180	2179
2180	2181
2180	2182
2186	1337
2188	2187
2188	2189
2192	2191
2192	2194
2196	2195
2196	2198
2196	2199
2196	2200
2203	2202
2203	2204
2203	2205
2207	2206
2207	2217
2207	2218
2220	2219
2222	2221
2225	2224
2225	2232
2224	2226
2224	2227
2224	2228
2224	2229
2224	2230
2224	2231
2234	2233
2234	2236
2235	2234
2235	2236
2241	2240
2241	407
2241	2243
2241	2244
2242	2243
2242	2244
2245	2246
2245	2247
2245	2248
2245	2249
2245	2250
2245	2251
2245	2252
2245	2253
2245	2254
2245	2255
2245	2256
2245	2257
2245	2258
2245	2259
2245	2260
2245	2261
2245	2262
2245	2263
2245	2264
2269	2268
2269	2989
2269	408
2271	2270
2271	2990
2271	2991
2271	2992
2271	2993
2271	2994
2271	2995
2271	2996
2271	2997
2271	2998
2271	2999
2271	424
2271	2276
2277	432
2292	2277
2292	2278
2292	2279
2292	2280
2292	2281
2292	2282
2292	2283
2292	2241
2292	2284
2292	2285
2292	2286
2294	2293
2294	2295
2294	2296
2297	2298
2299	2300
2302	2301
2302	2303
2302	2304
2302	2305
2302	2698
2307	2306
2308	2306
2310	2311
2314	2313
2314	2316
2315	2314
2318	2317
2320	2319
2320	2321
2320	2322
2320	2323
2325	2324
2328	2329
2342	2341
2347	2346
2349	2348
2351	2350
2351	2357
2350	2352
2350	2353
2353	2354
2353	2358
2354	2355
2354	2360
2357	2356
2357	2353
2357	2361
2359	2358
2358	2355
2361	2354
2363	2362
2363	2364
2366	2365
2366	2367
2366	2372
2365	2367
2365	2372
2367	2368
2367	2369
2367	2370
2367	2371
2372	2373
2378	2377
2378	2390
2380	2379
2380	2385
2381	2380
2381	2388
2381	2389
2381	2392
2382	2380
2382	2386
2382	2388
2382	2389
2384	2383
2394	2393
2396	2395
2396	2397
2396	2398
2407	2408
2411	2412
2411	2413
2411	2414
2416	2417
2417	2089
2417	2090
2419	2420
2423	2354
2427	2428
2430	2429
2430	2428
2435	2434
2435	2442
2435	2443
2437	2436
2439	2438
2439	2817
2439	2818
2441	2440
2445	2444
2445	2448
2445	2453
2446	2444
2448	2447
2448	2451
2448	2452
2448	2454
2449	2450
2456	2455
2456	2457
2456	2460
2456	2466
2456	2472
2456	2473
2456	2468
2459	2458
2462	2461
2462	2467
2462	2471
2463	2461
2463	2464
2463	2465
2468	2467
2468	2471
2468	2474
2469	2467
2469	2471
2470	2469
2470	3037
2470	3038
2470	3039
2470	3040
2470	3041
2470	3042
2470	3043
2470	3044
2475	2476
2477	2478
2480	2479
2480	2481
2482	2483
2482	2484
2488	2487
2488	2489
2488	2490
2493	2492
2495	2494
2498	2497
2498	2505
2504	2505
2508	2507
2510	2509
2512	2511
2512	2519
2511	2513
2511	2514
2513	2517
2513	2518
2513	2520
2513	2521
2516	2515
2525	2524
2527	2526
2526	2528
2530	2529
2533	2532
2533	2558
2534	2533
2534	2535
2534	2536
2534	2537
2534	2551
2534	2573
2534	2577
2538	2539
2541	2540
2541	2776
2541	2813
2541	2814
2543	2542
2544	2542
2544	2548
2546	2545
2549	2548
2553	2552
2555	2554
2557	2556
2557	2564
2558	2557
2558	2559
2558	2566
2558	2570
2559	2560
2559	2563
2560	2561
2560	2562
2564	2565
2566	2567
2566	2568
2566	2569
2572	2571
2575	2574
2575	2783
2575	2785
2575	2786
2575	2787
2575	2788
2575	2789
2577	2576
2577	2578
2577	2579
2577	2580
2582	2581
2582	2585
2582	2584
2581	2583
2581	2585
2583	2584
2585	2586
2586	2587
2586	2588
2589	2585
2590	2586
2590	2583
2590	2587
2590	2594
2590	2615
2590	2592
2590	2593
2590	2596
2590	2597
2590	2598
2590	2616
2590	2606
2590	2625
2590	2628
2591	2592
2591	2593
2591	2594
2591	2596
2591	2597
2591	2598
2594	2595
2602	2601
2602	2603
2604	2605
2604	2607
2605	2606
2609	2608
2609	2610
2611	2583
2611	2628
2613	2612
2614	2594
2614	2615
2614	2592
2614	2593
2614	2596
2614	2597
2614	2598
2619	2618
2619	2620
2620	2621
2620	2622
2620	2623
2625	2624
2627	2626
2630	2629
2630	2634
2629	2632
2629	2633
2631	2630
2636	2635
2636	2647
2637	2636
2637	2648
2638	2637
2640	2639
2640	2655
2640	2687
2641	2640
2643	2642
2643	2670
2644	2643
2646	2645
2646	2675
2650	2649
2650	2685
2651	2650
2651	2654
2651	2686
2652	2651
2653	2650
2657	2656
2657	2660
2657	2661
2657	2668
2657	2669
2658	2657
2660	2659
2660	2662
2660	2663
2660	2664
2660	2665
2660	2666
2660	2667
2670	2671
2670	2672
2670	2673
2675	2674
2675	2676
2676	2677
2676	2678
2677	2679
2677	2682
2678	2680
2678	2681
2684	2683
2689	2688
2691	2690
2691	2692
2693	1329
2693	2694
2696	2695
2696	2697
2699	2700
2699	2701
2719	2718
2719	2720
2719	2721
2719	2722
2719	2725
2724	2723
2727	2726
2727	2728
2727	2729
2727	2730
2732	2731
2732	2733
2732	2734
2732	2735
2732	2736
2732	2737
2732	2772
2738	2740
2738	2741
2738	2742
2739	2738
2739	2745
2739	2749
2740	2746
2740	2747
2742	2743
2742	2744
2751	2750
2751	2753
2751	2754
2760	2759
2759	2761
2761	2762
2764	2763
2764	2936
2763	2765
2763	2766
2763	2767
2763	2768
2770	2769
2770	2771
2770	2961
2770	2962
2779	2778
2779	2780
2779	2781
2779	2782
2784	2783
2784	2786
2784	2788
2784	2789
2791	2790
2791	2803
2791	2804
2792	2791
2792	2805
2792	2807
2794	2793
2794	2795
2797	2798
2797	2799
2797	3069
2797	3070
2797	3071
2797	3072
2797	3073
2801	2800
2800	2802
2807	2806
2815	2814
2817	2816
2820	2819
2822	2821
2822	2823
2822	2824
2822	2825
2827	2826
2827	2829
2829	2828
2829	2835
2834	2833
2834	2840
2835	2836
2835	2837
2835	2838
2841	2842
2841	2843
2841	2844
2845	2846
2845	2848
2846	2847
2851	2850
2853	2852
2852	2854
2852	2855
2852	2856
2852	2857
2860	2859
2860	2863
2860	2865
2860	2873
2860	2874
2860	2884
2861	2860
2861	2862
2861	2866
2861	2886
2861	2911
2862	2859
2864	2863
2866	2865
2866	2896
2871	2870
2871	2885
2874	2875
2874	2876
2876	2877
2876	2881
2876	2882
2876	2883
2877	2878
2877	2879
2877	2880
2886	2874
2886	2887
2886	2893
2887	2876
2887	2888
2887	2898
2887	2899
2887	2905
2888	2877
2888	2889
2888	2890
2888	2910
2889	2878
2890	2879
2893	2875
2896	2873
2898	2881
2899	2883
2905	2882
2910	2880
2911	2884
2925	2924
2927	2926
2927	2928
2929	2930
2932	2933
2936	2765
2936	2766
2936	2767
2936	2768
2937	245
2937	246
2951	2108
2951	2118
2951	2117
2951	2092
2974	2973
2977	1501
2977	1504
2977	1505
2977	1819
2977	2777
2984	2985
2984	2986
2984	2987
2984	2988
2992	664
2992	677
2992	698
2992	2897
2993	678
2994	683
2994	2901
2995	691
2995	2907
2996	670
2996	672
2996	703
2996	2913
3000	3001
3000	3002
3000	3003
3000	3004
3000	3005
3000	3006
3000	3007
3000	3008
3000	3009
3000	3010
3000	3011
3000	3012
3000	3013
3000	3014
3000	3015
3000	3016
3000	3017
3000	3018
3000	3019
3020	3021
3020	3022
3020	3023
3024	3025
3024	3026
3024	3027
3024	3028
3024	3029
3024	2955
3030	3031
3030	3032
3030	3033
3034	3031
3034	3035
3034	3036
3037	3032
3037	3033
3045	3050
3045	3051
3045	3052
3045	2954
3045	3053
3045	3054
3045	3055
3045	3056
3045	3057
3045	3058
3045	3059
3045	3060
3045	3061
3045	2498
3045	3062
3045	3063
3045	3064
3045	3065
3045	3066
3045	3067
3045	3068
3046	3047
3046	3048
3046	3049
3051	1830
3051	1832
3051	1833
3065	1808
3074	2822
