1	0
1	54
1	55
1	56
2	1
2	9
2	12
2	13
2	14
2	15
2	16
2	17
2	18
2	19
2	20
2	21
2	22
2	23
2	24
2	25
2	26
3	2
3	27
3	28
3	29
3	36
3	37
3	49
3	50
4	3
5	4
6	5
7	6
7	72
8	3
9	10
9	11
13	51
13	52
25	57
25	61
25	62
25	63
25	64
25	65
25	66
25	67
25	68
29	30
29	31
29	32
29	33
29	34
29	35
37	38
37	39
37	40
37	41
37	42
37	43
37	44
37	45
37	46
37	47
37	48
52	53
57	58
57	59
57	60
70	69
70	71
74	73
74	77
74	96
74	97
74	98
74	99
74	100
74	101
74	102
74	103
74	104
74	105
74	106
74	2957
74	2958
75	74
77	76
77	79
77	87
77	88
77	89
77	90
77	91
77	92
77	93
77	94
77	95
76	78
79	80
79	81
79	85
79	86
81	82
82	83
83	84
108	107
108	206
108	310
108	648
108	1001
108	1164
108	1333
108	1403
108	1956
108	2018
108	2053
108	2096
108	2355
108	2459
108	2485
108	2501
108	2533
108	2541
108	2562
108	2625
108	2941
107	109
111	110
111	1479
111	1480
113	112
113	1488
113	2183
115	114
115	985
115	1481
115	1504
115	2179
115	2935
117	116
117	884
117	885
117	911
117	912
117	1123
117	1224
117	1225
117	1226
117	1227
117	1228
117	1229
117	1230
117	1231
117	1232
117	1233
117	1234
117	1235
117	1236
117	1237
117	1238
117	1239
117	1240
117	1241
117	1242
117	1243
117	1244
117	1245
117	1246
117	1295
117	1296
117	1323
117	1324
117	1325
117	1326
117	1327
118	117
118	1321
118	1322
118	3000
120	119
120	1482
120	1483
120	1484
121	120
121	986
121	1498
122	121
123	121
123	900
123	1149
123	1144
123	1397
123	1400
123	1476
123	1475
123	1502
123	1797
123	1815
123	1824
123	1938
123	1942
123	2040
123	2056
123	2062
123	2066
123	2068
123	2071
123	2073
123	2076
123	2082
123	2094
123	2103
123	2132
123	2135
123	2144
123	2152
123	2195
123	1345
123	2198
123	362
123	2202
123	2207
123	2226
123	2371
123	2373
123	2374
123	2379
123	2380
123	2385
123	2417
123	2420
123	2185
123	2449
123	2704
123	2709
123	2767
123	2364
123	3068
125	124
125	129
125	2138
127	126
127	132
127	1869
127	1875
127	1876
127	1878
127	1891
128	127
128	1881
128	1885
128	1889
128	1892
128	1893
129	128
129	1897
129	1909
131	130
132	131
132	1896
134	133
134	2830
134	2831
134	2832
134	2833
135	134
135	2187
135	2551
135	2765
135	2766
135	2768
135	2769
135	2772
135	2814
135	2827
135	2829
135	2835
135	2836
135	2866
135	3094
135	3095
135	3096
135	3097
137	136
137	2715
137	2716
137	2717
137	2727
137	2728
138	137
138	456
138	651
138	684
138	2729
140	139
140	2878
142	141
142	2718
142	2719
142	2720
142	2721
142	2722
142	2723
142	2724
142	2725
142	2730
142	2731
143	142
143	460
143	464
143	685
143	2325
143	2813
145	144
147	146
147	2712
147	2828
147	2851
147	2852
147	2862
148	147
149	150
152	151
152	2598
152	2603
152	2611
152	2612
152	2595
152	2606
152	2627
152	2604
152	2605
152	2608
152	2609
152	2610
152	2628
152	2629
152	2618
152	2619
152	2637
154	153
154	504
154	508
154	519
154	521
154	522
154	523
154	524
154	525
154	527
154	528
154	2912
154	2917
154	2920
154	2922
154	2923
154	2924
154	2926
154	2932
156	155
156	157
156	160
156	164
156	165
156	170
156	168
156	167
156	174
156	175
156	176
156	177
156	171
156	178
156	179
156	182
156	180
156	181
156	183
156	184
156	185
156	186
156	189
156	190
156	193
156	194
156	195
156	198
156	199
155	157
155	160
155	161
155	162
155	163
155	164
155	173
155	174
155	175
155	176
155	177
155	178
155	179
155	180
155	181
155	182
155	183
155	184
155	185
155	186
155	189
155	190
155	191
155	192
155	193
155	194
155	195
155	196
155	197
155	198
155	199
155	200
155	201
157	158
157	159
164	165
164	166
164	168
164	169
164	171
164	172
166	167
169	170
186	187
186	188
203	202
205	204
205	207
205	208
205	209
205	210
205	211
205	212
205	213
205	214
205	215
205	216
205	217
205	218
205	219
205	220
205	221
205	222
205	223
205	224
205	225
206	205
206	251
206	258
206	259
206	311
206	396
206	454
206	458
206	534
206	542
206	547
206	709
206	712
206	713
206	714
206	715
206	716
206	717
206	718
206	723
206	724
206	804
206	828
206	845
206	1178
206	1179
206	1181
206	1182
206	1183
206	1184
206	1185
206	1188
206	1189
206	1190
206	1191
206	1192
206	1193
206	1195
206	1197
206	1201
206	1202
206	1203
206	1204
206	1205
206	1206
206	1207
206	1208
206	1209
206	1210
206	1212
206	1213
206	1214
206	1215
206	1371
206	2022
206	2024
206	2027
206	2028
206	2034
206	2035
206	2038
206	2873
206	2952
227	226
227	230
227	255
227	256
227	257
228	227
228	226
230	229
230	240
230	242
230	243
230	244
230	245
230	246
230	253
229	231
229	232
229	233
229	234
229	235
229	236
229	237
229	238
229	239
240	241
248	247
248	800
248	2374
248	2892
248	2942
248	2943
248	2960
248	2961
248	2366
248	2962
248	2963
248	2964
247	249
247	250
253	252
253	254
260	261
261	262
261	263
261	264
266	265
265	268
265	269
267	265
267	473
269	270
269	300
269	304
269	305
269	306
270	271
270	272
270	273
270	274
270	291
270	292
274	275
274	278
274	279
274	280
275	276
275	277
280	281
280	282
280	283
280	284
280	285
280	286
280	290
286	287
286	288
286	289
292	293
292	294
292	295
292	296
296	297
296	298
296	299
300	301
300	302
300	303
308	307
308	309
311	312
314	313
314	345
314	347
314	351
314	358
314	359
314	360
314	361
314	363
314	364
314	365
314	366
314	367
314	368
313	318
313	324
315	314
315	390
316	315
316	319
316	320
316	322
316	323
316	391
316	823
316	358
316	365
316	364
316	1750
316	2884
317	316
317	346
318	319
318	320
318	321
318	322
318	323
324	325
327	326
327	419
329	328
329	1003
329	1163
330	329
330	328
330	510
330	261
330	543
330	2023
330	2886
332	331
332	1211
332	2887
331	333
333	334
336	335
335	337
335	338
339	337
341	340
341	386
341	387
341	388
342	341
342	340
342	387
342	1004
344	343
345	344
345	348
348	349
348	350
351	352
351	356
351	357
352	353
352	355
353	354
361	362
370	369
370	371
373	372
373	596
373	684
373	685
373	689
373	693
373	694
373	698
373	708
373	2319
373	2322
373	2340
373	2341
373	2342
373	2343
373	2344
373	2345
373	2346
373	2347
373	2348
373	2349
373	2350
373	2353
373	2354
375	374
377	376
377	389
377	381
377	2882
376	378
376	379
376	380
376	381
383	382
383	2889
382	385
384	383
384	677
384	2012
384	2888
384	2954
390	391
390	392
390	393
390	394
390	395
397	398
397	403
398	399
398	400
398	401
398	402
403	404
403	405
405	406
405	407
409	408
409	505
409	509
409	518
409	520
409	526
409	541
409	1749
409	2301
409	2914
409	2915
409	2929
409	2936
409	2937
409	2938
409	2940
411	410
411	674
411	676
412	410
412	428
412	670
412	675
412	683
412	688
412	696
412	854
412	2277
412	669
412	2299
412	2994
412	3013
412	3014
412	3015
412	3016
412	3017
412	3018
412	3019
412	3020
412	3021
412	3022
412	2286
413	412
413	805
413	2281
414	413
414	900
414	1396
414	1397
414	1476
414	1513
414	2054
414	2077
414	2078
414	2094
414	2098
414	2105
414	2115
414	2116
414	2117
414	2181
414	2188
414	2200
414	2207
414	2247
414	2248
414	2250
414	411
414	2275
414	2276
414	2372
414	2373
414	2374
414	2413
414	2414
414	2415
414	2416
414	2417
414	2419
414	2420
414	2421
414	2425
414	2426
414	2428
414	2429
414	2431
414	2432
414	2433
414	2434
414	2185
414	2435
414	2436
414	2449
414	2755
414	2767
414	2939
414	2279
416	415
418	417
418	427
418	430
421	420
421	423
421	422
420	422
420	423
425	424
425	427
425	434
426	424
426	439
428	425
428	435
428	438
428	1002
428	2297
428	2299
428	2302
428	2282
428	2283
428	2284
428	2285
428	2286
430	429
431	432
431	433
437	436
438	437
438	681
438	682
438	687
438	695
438	707
438	2249
438	2251
438	2252
438	2287
438	2288
438	2289
438	2290
438	2291
438	2292
438	2293
438	2294
438	2295
438	2296
438	2298
438	2300
441	440
441	1406
441	1759
441	1763
441	1770
441	1959
441	2441
441	2946
443	442
443	1760
443	1768
443	1775
443	1962
443	2442
445	444
445	1769
445	1776
445	1963
445	2443
447	446
447	448
449	448
451	450
451	452
451	453
451	457
456	455
458	459
460	461
460	462
460	463
464	465
467	466
466	468
466	471
468	469
468	470
472	269
472	474
472	480
472	662
472	686
472	692
472	2907
473	472
473	671
473	2906
474	270
474	475
474	476
474	479
474	488
474	492
474	500
475	271
476	274
476	477
476	482
476	489
477	280
477	478
477	483
477	485
477	491
477	497
477	499
477	529
478	281
479	292
479	481
479	487
479	490
479	494
480	479
480	481
480	304
480	2918
481	293
482	275
482	486
482	493
482	532
483	286
483	484
483	496
483	498
484	287
485	282
486	278
487	294
488	272
489	279
490	295
491	283
492	273
493	276
494	296
494	495
494	530
494	531
495	297
496	288
497	284
498	289
499	285
500	291
502	501
503	502
503	659
503	660
503	661
503	2998
507	506
510	261
510	517
510	2916
511	510
512	510
513	510
513	693
513	2726
514	510
514	694
515	510
515	261
515	1198
515	1199
515	1200
515	2139
515	2211
516	262
517	516
517	263
529	290
530	298
531	299
532	277
534	533
534	535
534	536
538	537
540	539
540	882
540	907
540	935
545	544
545	552
545	554
546	545
546	549
546	555
546	556
546	557
546	558
546	565
547	546
547	1134
547	1985
547	2029
547	2030
549	548
549	550
549	551
552	553
558	559
559	560
559	561
559	562
559	563
563	564
567	566
567	1378
568	567
570	569
570	1373
571	569
572	569
572	575
572	874
572	877
572	954
572	1153
572	1152
572	1154
572	1493
572	2084
572	1373
572	2455
572	2992
574	573
574	873
574	899
574	1501
574	1894
574	1913
574	1916
575	574
575	874
575	882
575	900
575	1502
575	1805
575	1895
577	576
577	1143
577	1151
577	1155
577	1370
577	1668
577	1912
577	1931
577	2025
579	578
579	584
579	583
579	613
579	607
579	632
579	581
579	582
579	614
579	645
579	651
579	655
579	656
578	581
578	582
580	578
580	613
580	582
580	637
580	638
584	583
584	603
585	584
585	613
585	607
585	614
587	586
587	593
587	600
587	632
588	587
588	590
589	586
589	600
590	589
590	594
592	591
592	658
594	593
594	632
595	594
596	598
596	599
597	596
597	609
597	2557
602	601
605	604
604	607
606	604
606	609
607	608
607	609
609	610
610	611
611	612
613	614
614	615
614	618
614	619
614	627
614	628
615	616
615	617
619	620
619	623
619	625
620	621
620	622
623	624
625	626
630	629
631	609
631	1943
632	633
635	634
637	636
640	639
641	614
641	642
641	643
641	622
642	619
642	628
643	628
644	643
647	646
647	610
649	598
649	652
649	653
649	654
649	599
649	2996
650	598
650	599
650	2996
657	656
662	300
662	664
662	665
662	700
662	2908
663	300
664	301
664	2909
665	302
665	2910
667	666
667	701
669	668
669	691
669	702
669	854
669	2278
669	2280
669	2282
669	2283
669	2284
669	2285
669	2286
669	438
670	668
670	681
670	702
670	2917
671	268
671	2913
673	672
673	680
675	674
675	676
675	707
675	2933
679	678
680	679
683	682
686	306
686	2919
688	687
688	2921
690	689
690	2323
690	2763
692	305
692	2925
696	695
696	2927
698	697
699	698
699	2928
700	303
700	2930
703	704
705	704
705	2931
706	705
711	710
719	720
722	721
726	725
726	727
729	728
729	731
729	732
729	733
729	734
729	735
729	736
729	737
729	738
729	739
729	740
729	741
729	742
729	743
729	744
729	745
729	746
729	747
729	748
729	749
729	750
729	751
729	752
729	753
729	754
729	755
729	756
729	757
729	758
729	759
729	760
729	761
729	762
729	763
729	764
729	765
729	766
729	767
729	768
729	769
729	770
729	771
729	772
729	773
729	774
729	775
729	776
730	729
771	777
779	778
779	780
779	799
782	781
782	783
782	819
785	784
785	788
785	794
786	785
786	792
788	787
788	793
789	787
789	797
790	787
790	798
792	791
796	795
796	816
798	797
798	805
802	801
804	803
804	861
807	806
808	807
808	829
808	848
810	809
810	811
810	812
814	813
814	817
815	814
815	818
818	817
818	820
822	821
822	840
822	842
822	843
822	844
822	849
822	850
822	857
822	2999
823	351
823	824
823	830
824	352
825	824
825	830
827	826
827	832
827	841
827	834
827	835
827	858
830	353
830	356
832	831
831	833
831	838
831	839
833	834
833	835
833	836
833	837
847	846
852	851
852	853
856	855
856	859
856	860
863	862
865	864
865	880
867	866
867	868
870	869
870	1045
870	1046
870	1117
872	871
873	872
873	1247
873	1257
873	1276
873	1283
874	873
875	874
875	1143
875	1154
875	1155
875	2990
875	2991
875	2992
875	2993
877	876
877	906
879	878
879	1040
880	881
883	882
883	1152
883	1332
883	1356
883	1372
883	1374
883	1657
883	1977
883	2101
883	2103
883	2176
883	1373
883	2335
883	2416
883	2431
883	2432
883	2454
883	2487
883	2495
883	2516
883	2965
883	2966
883	2967
883	2968
883	2969
883	2970
883	2971
883	2972
883	2973
883	2974
883	2975
883	2976
883	2977
883	2978
883	2979
883	2980
883	2981
883	2982
883	2983
883	2364
887	886
887	1161
887	1162
887	1223
887	1293
887	1294
887	1304
887	1306
887	1307
887	1311
887	1312
887	1313
888	887
888	1298
888	1299
888	1478
888	1494
888	1972
888	2934
890	889
889	891
889	892
892	893
892	894
896	895
896	1426
896	1427
896	1428
896	1429
896	1430
896	1431
896	1432
896	1433
896	1434
897	896
897	1411
897	1412
897	1416
897	1420
897	1421
897	1422
897	1435
898	897
898	1159
898	1437
898	1443
898	1444
898	1445
898	1446
898	1451
898	1453
898	1454
898	1455
898	1456
899	898
899	1457
899	1458
899	1459
899	1467
899	1468
899	1469
900	899
901	902
901	903
903	904
903	905
908	909
908	910
914	913
914	918
914	919
914	922
914	927
914	928
914	929
915	914
915	953
916	915
916	917
916	954
917	914
919	920
919	921
922	923
922	924
922	925
922	926
929	930
932	931
933	932
933	934
933	936
938	937
938	940
938	941
938	942
938	950
939	938
944	943
944	968
944	969
944	971
944	972
943	945
943	946
943	947
943	948
943	949
952	951
952	955
952	962
952	963
952	964
952	965
952	966
953	952
953	958
953	960
954	953
957	956
957	959
958	957
958	967
960	961
969	970
974	973
976	975
978	977
978	979
978	980
978	981
978	982
984	983
988	987
988	993
987	989
987	990
987	991
987	992
995	994
995	1664
995	1667
996	995
996	994
996	1220
996	1659
996	1947
998	997
998	999
998	1000
998	2335
1006	1005
1008	1007
1008	1012
1008	1013
1008	1014
1008	1015
1008	1016
1008	1017
1008	1018
1008	1019
1009	1008
1009	1048
1009	1140
1010	1009
1010	1022
1010	1043
1010	1067
1010	1120
1010	1139
1010	1141
1011	1009
1021	1020
1021	1065
1021	1094
1022	1024
1022	1025
1022	1026
1022	1027
1022	1028
1022	1029
1022	1030
1022	1031
1022	1032
1023	1022
1023	1067
1034	1033
1034	1126
1035	1034
1037	1036
1037	1128
1039	1038
1040	1039
1042	1041
1042	1092
1042	1116
1043	1042
1043	1081
1044	1043
1048	1047
1048	1050
1048	1051
1048	1053
1048	1055
1048	1057
1048	1059
1048	1061
1048	1063
1048	1093
1047	1049
1051	1052
1053	1054
1055	1056
1057	1058
1059	1060
1061	1062
1063	1064
1067	1066
1067	1077
1067	1095
1067	1124
1066	1068
1066	1069
1066	1070
1066	1071
1066	1072
1066	1073
1066	1074
1066	1075
1077	1076
1077	1104
1079	1078
1079	1105
1081	1080
1081	1106
1080	1083
1080	1084
1080	1085
1080	1086
1080	1087
1080	1088
1080	1089
1080	1090
1080	1091
1082	1081
1095	1096
1095	1097
1095	1098
1095	1099
1095	1100
1095	1101
1095	1102
1095	1103
1106	1107
1106	1108
1106	1109
1106	1110
1106	1111
1106	1112
1106	1113
1106	1114
1106	1115
1119	1118
1119	1505
1119	2233
1119	2496
1121	1120
1122	1121
1122	1160
1126	1125
1128	1127
1130	1129
1130	1826
1130	1827
1131	1130
1132	1131
1134	1133
1134	1135
1134	1136
1134	1142
1138	1137
1140	1158
1145	1144
1145	1344
1145	1345
1146	1145
1147	1146
1147	1340
1147	1343
1148	1147
1148	1346
1149	1148
1149	1144
1149	1150
1149	1350
1149	1357
1150	1144
1150	1365
1150	1347
1150	1366
1150	1345
1150	1360
1153	1152
1153	1154
1157	1156
1165	1166
1165	1167
1165	1168
1170	1169
1170	1171
1173	1172
1173	1175
1173	1176
1174	1173
1174	2397
1174	2401
1178	1177
1178	1194
1181	1180
1185	1186
1185	1187
1195	1196
1217	1216
1217	1300
1217	1661
1217	1662
1218	1217
1218	1660
1218	3006
1220	1219
1220	1567
1220	1663
1222	1221
1247	1248
1247	1249
1247	1250
1247	1251
1247	1252
1247	1253
1247	1254
1247	1255
1247	1256
1257	1258
1257	1261
1257	1262
1257	1263
1257	1264
1257	1265
1257	1273
1257	1274
1257	1275
1258	1259
1258	1260
1265	1266
1265	1267
1265	1268
1265	1269
1265	1270
1265	1271
1265	1272
1276	1277
1276	1278
1276	1279
1276	1280
1276	1281
1276	1282
1283	1284
1283	1285
1287	1286
1287	1289
1287	1290
1287	1292
1288	1287
1290	1291
1298	1297
1298	1309
1298	1314
1298	1318
1302	1301
1302	1303
1306	1305
1309	1308
1309	1310
1309	1317
1314	1315
1314	1316
1318	1319
1321	1320
1329	1328
1329	2337
1331	1330
1331	2336
1335	1334
1335	1337
1335	1338
1335	2702
1335	2706
1334	1336
1340	1339
1340	1341
1341	1342
1346	1347
1347	1348
1350	1349
1350	1354
1350	1361
1350	1365
1350	1366
1350	1367
1349	1352
1349	1353
1351	1350
1351	1359
1351	361
1351	2040
1351	2056
1351	2066
1351	2068
1351	2071
1351	2073
1351	2076
1351	2082
1351	2103
1351	2132
1351	2135
1351	2144
1351	2152
1351	2195
1351	1345
1351	2198
1351	362
1351	2202
1351	1360
1351	2226
1354	1355
1357	1359
1357	1360
1358	1357
1358	1379
1358	1348
1358	1352
1358	1353
1363	1362
1363	1364
1363	2223
1363	2224
1363	2986
1363	2987
1363	2988
1363	2989
1369	1368
1376	1375
1376	1377
1376	1952
1381	1380
1381	1384
1381	1385
1381	1386
1381	1389
1380	1383
1382	1381
1382	1393
1382	1394
1382	3001
1386	1387
1386	1388
1391	1390
1391	2011
1391	2019
1391	2026
1391	2069
1391	2506
1391	2532
1391	2860
1391	2911
1393	1392
1394	1385
1396	1395
1396	2077
1396	2225
1398	1397
1398	2753
1400	1399
1400	1815
1400	1837
1400	2203
1400	2508
1400	2509
1400	2510
1400	2511
1400	2512
1400	2513
1400	2514
1400	2770
1400	2771
1400	2787
1400	2788
1400	2789
1400	2853
1400	2364
1402	1401
1405	1404
1405	1506
1408	1407
1408	1409
1408	1410
1412	1413
1412	1414
1412	1415
1416	1417
1416	1418
1416	1419
1422	1423
1422	1424
1422	1425
1437	1436
1437	1439
1437	1440
1436	1438
1440	1441
1440	1442
1446	1447
1446	1448
1446	1449
1446	1450
1451	1452
1451	1477
1455	1474
1459	1460
1459	1461
1459	1462
1459	1463
1459	1464
1459	1465
1459	1466
1471	1470
1471	1472
1471	3002
1471	3003
1474	1473
1476	1475
1486	1485
1486	1489
1486	1492
1487	1486
1487	3005
1491	1490
1491	3004
1496	1495
1498	1497
1500	1499
1500	1747
1501	1503
1502	1501
1508	1507
1508	1510
1508	1511
1508	1825
1508	2791
1509	1508
1513	1512
1513	1935
1513	1936
1513	1939
1513	1942
1513	2995
1515	1514
1515	1517
1515	1522
1515	1552
1515	1553
1514	1516
1517	1518
1517	1519
1517	1520
1517	1521
1522	1523
1522	1524
1522	1525
1522	1526
1522	1527
1522	1528
1522	1529
1522	1530
1532	1531
1531	1533
1531	1534
1531	1535
1531	1536
1531	1537
1531	1538
1531	1539
1531	1540
1531	1541
1531	1544
1531	1547
1531	1548
1531	1549
1531	1550
1531	1551
1541	1542
1541	1543
1544	1545
1544	1546
1555	1554
1555	1558
1555	1559
1555	1560
1555	1561
1555	1562
1555	1563
1555	1564
1555	1565
1556	1555
1556	1566
1556	1570
1556	1658
1557	1556
1569	1568
1569	1584
1569	1585
1569	1586
1569	1587
1569	1588
1569	1589
1569	1590
1569	1591
1569	1592
1569	1593
1569	1594
1569	1596
1569	1597
1569	1599
1569	1600
1569	1601
1569	1602
1569	1603
1569	1604
1569	1605
1569	1606
1569	1607
1569	1608
1569	1609
1569	1610
1569	1611
1569	1612
1569	1613
1568	1571
1568	1572
1568	1573
1568	1574
1568	1575
1568	1576
1570	1569
1570	1577
1570	1614
1570	1637
1570	1639
1570	1653
1577	1578
1577	1579
1577	1580
1577	1581
1577	1582
1582	1583
1594	1595
1597	1598
1614	1615
1614	1616
1614	1617
1614	1618
1614	1619
1614	1620
1614	1621
1614	1622
1614	1623
1614	1624
1614	1625
1614	1626
1614	1627
1614	1628
1614	1629
1614	1630
1614	1631
1614	1632
1614	1633
1614	1634
1614	1635
1614	1636
1637	1638
1639	1640
1639	1641
1639	1643
1639	1644
1639	1645
1639	1648
1639	1649
1639	1650
1639	1651
1639	1652
1641	1642
1645	1646
1645	1647
1653	1654
1653	1655
1653	1656
1664	1665
1664	1666
1670	1669
1670	1671
1673	1672
1673	1676
1673	1678
1673	1683
1673	1684
1673	1686
1673	1687
1673	1690
1673	1694
1673	1695
1673	1696
1673	1699
1673	1704
1673	1705
1673	1706
1673	1707
1673	1708
1673	1709
1673	1710
1673	1711
1673	1712
1673	1714
1673	1715
1673	1716
1673	1717
1673	1718
1673	1719
1673	1720
1673	1721
1673	1724
1673	1726
1673	1729
1673	1730
1673	1731
1673	1732
1673	1737
1674	1673
1674	1680
1674	1682
1674	1697
1674	1701
1674	1722
1674	1728
1674	1745
1674	1746
1675	1674
1675	1677
1675	1713
1675	1734
1680	1679
1680	1692
1680	1693
1680	1700
1680	1703
1682	1681
1682	1685
1682	1688
1682	1689
1682	1723
1682	1725
1682	1727
1692	1691
1699	1698
1701	1702
1733	1734
1736	1735
1736	1741
1736	1743
1736	1748
1737	1738
1737	1739
1737	1740
1741	1742
1741	1743
1741	1744
1752	1751
1754	1753
1754	1764
1754	1771
1754	1781
1753	1757
1755	1754
1755	1782
1756	1753
1756	1758
1756	1757
1762	1761
1764	1766
1765	1764
1765	1767
1765	1766
1771	1773
1772	1771
1772	1774
1772	1773
1778	1777
1778	1785
1780	1779
1780	1784
1780	1786
1782	1783
1788	1787
1788	1790
1788	2004
1789	1788
1789	1951
1789	2005
1789	2007
1792	1791
1794	1793
1796	1795
1798	1797
1798	1802
1797	1799
1797	1800
1800	1801
1802	1801
1802	1999
1802	2002
1804	1803
1804	1806
1804	1807
1805	1804
1805	1809
1805	1810
1805	1812
1805	1818
1805	1819
1805	1821
1809	1808
1809	1820
1812	1811
1812	1813
1815	1814
1817	1816
1818	1817
1823	1822
1823	1828
1830	1829
1830	1833
1830	1835
1830	1834
1832	1831
1833	1834
1833	1835
1837	1836
1837	1838
1837	1839
1841	1840
1841	1842
1841	1843
1845	1844
1845	2409
1845	2410
1845	2411
1845	2412
1845	2431
1847	1846
1847	1870
1847	1872
1847	1873
1847	1973
1849	1848
1848	1850
1848	1851
1848	1854
1848	1866
1851	1852
1851	1853
1854	1855
1854	1856
1854	1857
1854	1858
1854	1859
1854	1860
1854	1861
1854	1862
1854	1863
1854	1864
1854	1865
1866	1867
1866	1868
1870	1871
1875	1874
1875	1877
1875	1882
1878	1879
1881	1880
1884	1883
1885	1884
1885	1887
1887	1886
1887	1888
1889	1890
1895	1894
1895	1916
1897	1898
1897	1903
1897	1906
1898	1899
1898	1900
1898	1901
1898	1902
1903	1904
1903	1905
1906	1907
1907	1908
1911	1910
1915	1914
1916	1915
1918	1917
1920	1919
1920	1926
1920	1927
1920	1928
1920	1929
1921	1920
1923	1922
1923	1940
1923	1941
1925	1924
1925	1930
1925	1946
1933	1932
1935	1934
1934	1937
1936	1934
1936	1938
1945	1944
1945	1946
1949	1948
1949	1951
1950	1948
1954	1953
1956	1955
1955	1957
1955	1958
1961	1960
1961	1783
1965	1964
1965	1966
1965	1968
1965	1971
1968	1967
1967	1969
1969	1970
1975	1974
1975	1976
1975	1980
1975	1983
1975	1984
1978	1977
1978	1979
1982	1981
1987	1986
1987	1990
1987	1991
1987	1992
1987	1993
1987	1994
1987	1995
1987	1996
1987	1997
1987	1998
1987	1999
1987	2000
1987	2001
1987	2002
1987	2003
1986	1988
1986	1989
2005	2006
2009	2008
2009	2010
2012	2013
2013	2014
2016	2015
2016	2017
2021	2020
2030	2031
2030	2032
2032	2033
2037	2036
2038	2037
2038	2070
2038	2095
2038	2104
2038	2230
2040	2039
2040	2043
2040	2045
2040	2046
2040	2049
2040	2216
2039	2041
2043	2042
2045	2044
2045	2047
2045	2048
2050	2051
2050	2052
2056	2055
2056	2059
2056	2060
2055	2057
2055	2058
2062	2061
2062	2063
2062	2064
2066	2065
2066	2067
2073	2072
2073	2074
2076	2075
2076	2079
2076	2081
2076	2228
2081	2080
2084	2083
2084	2111
2083	2085
2085	2086
2085	2087
2088	2089
2088	2090
2088	2091
2093	2092
2093	2109
2093	2120
2098	2097
2097	2099
2097	2100
2102	2101
2102	2130
2103	2102
2103	2118
2103	2127
2103	2128
2107	2106
2107	2113
2107	2119
2109	2108
2109	2114
2111	2110
2111	2112
2122	2121
2122	2124
2122	2125
2123	2121
2127	2126
2130	2129
2132	2131
2132	2134
2131	2133
2137	2136
2141	2140
2141	2142
2144	2143
2144	2146
2144	2147
2144	2148
2144	2150
2144	2227
2146	2145
2146	2149
2152	2151
2152	2154
2154	2153
2156	2155
2156	2169
2156	2218
2156	2219
2156	2220
2158	2157
2160	2159
2160	2170
2160	2221
2160	2222
2162	2161
2164	2163
2166	2165
2168	2167
2168	2174
2172	2171
2173	2171
2176	2175
2176	2488
2178	2177
2181	2180
2182	2180
2185	2184
2187	2186
2187	2193
2187	2194
2190	2189
2190	2191
2190	2192
2196	1345
2198	2197
2198	2199
2202	2201
2202	2204
2206	2205
2206	2208
2206	2209
2206	2210
2213	2212
2213	2214
2213	2215
2217	2216
2217	2227
2217	2228
2230	2229
2232	2231
2235	2234
2235	2242
2234	2236
2234	2237
2234	2238
2234	2239
2234	2240
2234	2241
2244	2243
2244	2246
2245	2244
2245	2246
2251	2250
2251	411
2251	2253
2251	2254
2252	2253
2252	2254
2255	2256
2255	2257
2255	2258
2255	2259
2255	2260
2255	2261
2255	2262
2255	2263
2255	2264
2255	2265
2255	2266
2255	2267
2255	2268
2255	2269
2255	2270
2255	2271
2255	2272
2255	2273
2255	2274
2279	2278
2279	3012
2279	412
2281	2280
2281	3013
2281	3014
2281	3015
2281	3016
2281	3017
2281	3018
2281	3019
2281	3020
2281	3021
2281	3022
2281	428
2281	2286
2287	436
2302	2287
2302	2288
2302	2289
2302	2290
2302	2291
2302	2292
2302	2293
2302	2251
2302	2294
2302	2295
2302	2296
2304	2303
2304	2305
2304	2306
2307	2308
2309	2310
2312	2311
2312	2313
2312	2314
2312	2315
2312	2711
2317	2316
2318	2316
2320	2321
2324	2323
2324	2326
2325	2324
2328	2327
2330	2329
2330	2331
2330	2332
2330	2333
2335	2334
2338	2339
2352	2351
2357	2356
2356	2358
2359	2360
2362	2361
2364	2363
2364	2370
2363	2365
2363	2366
2366	2367
2366	2371
2367	2368
2367	2373
2370	2369
2370	2366
2370	2374
2372	2371
2371	2368
2374	2367
2376	2375
2376	2377
2379	2378
2379	2380
2379	2385
2378	2380
2378	2385
2380	2381
2380	2382
2380	2383
2380	2384
2385	2386
2388	2387
2388	2400
2390	2389
2390	2395
2391	2390
2391	2398
2391	2399
2391	2402
2392	2390
2392	2396
2392	2398
2392	2399
2394	2393
2404	2403
2406	2405
2406	2407
2406	2408
2417	2418
2421	2422
2421	2423
2421	2424
2426	2427
2427	2099
2427	2100
2429	2430
2433	2367
2437	2438
2440	2439
2440	2438
2445	2444
2445	2452
2445	2453
2446	2447
2449	2448
2449	2838
2449	2839
2451	2450
2455	2454
2455	2458
2455	2463
2456	2454
2458	2457
2458	2461
2458	2462
2458	2464
2459	2460
2466	2465
2466	2467
2466	2470
2466	2476
2466	2482
2466	2483
2466	2478
2469	2468
2472	2471
2472	2477
2472	2481
2473	2471
2473	2474
2473	2475
2478	2477
2478	2481
2478	2484
2479	2477
2479	2481
2480	2479
2480	3060
2480	3061
2480	3062
2480	3063
2480	3064
2480	3065
2480	3066
2480	3067
2485	2486
2487	2488
2490	2489
2490	2491
2492	2493
2492	2494
2498	2497
2498	2499
2498	2500
2503	2502
2505	2504
2508	2507
2508	2515
2514	2515
2518	2517
2520	2519
2522	2521
2522	2529
2521	2523
2521	2524
2523	2527
2523	2528
2523	2530
2523	2531
2526	2525
2535	2534
2537	2536
2536	2538
2540	2539
2543	2542
2543	2570
2544	2543
2544	2545
2544	2546
2544	2547
2544	2563
2544	2585
2544	2589
2548	2549
2551	2550
2551	2790
2551	2834
2551	2835
2553	2552
2554	2552
2554	2560
2556	2555
2559	2558
2561	2560
2565	2564
2567	2566
2569	2568
2569	2576
2570	2569
2570	2571
2570	2578
2570	2582
2571	2572
2571	2575
2572	2573
2572	2574
2576	2577
2578	2579
2578	2580
2578	2581
2584	2583
2587	2586
2587	2799
2587	2801
2587	2802
2587	2803
2587	2804
2587	2805
2589	2588
2589	2590
2589	2591
2589	2592
2594	2593
2594	2597
2594	2596
2593	2595
2593	2597
2595	2596
2597	2598
2598	2599
2598	2600
2601	2597
2602	2598
2602	2595
2602	2599
2602	2606
2602	2627
2602	2604
2602	2605
2602	2608
2602	2609
2602	2610
2602	2628
2602	2618
2602	2637
2602	2640
2603	2604
2603	2605
2603	2606
2603	2608
2603	2609
2603	2610
2606	2607
2614	2613
2614	2615
2616	2617
2616	2619
2617	2618
2621	2620
2621	2622
2623	2595
2623	2640
2625	2624
2626	2606
2626	2627
2626	2604
2626	2605
2626	2608
2626	2609
2626	2610
2631	2630
2631	2632
2632	2633
2632	2634
2632	2635
2637	2636
2639	2638
2642	2641
2642	2646
2641	2644
2641	2645
2643	2642
2648	2647
2648	2659
2649	2648
2649	2660
2650	2649
2652	2651
2652	2667
2652	2700
2653	2652
2655	2654
2655	2683
2656	2655
2658	2657
2658	2688
2662	2661
2662	2698
2663	2662
2663	2666
2663	2699
2664	2663
2665	2662
2669	2668
2669	2672
2669	2673
2669	2674
2669	2681
2669	2682
2670	2669
2672	2671
2672	2675
2672	2676
2672	2677
2672	2678
2672	2679
2672	2680
2683	2684
2683	2685
2683	2686
2688	2687
2688	2689
2689	2690
2689	2691
2690	2692
2690	2695
2691	2693
2691	2694
2697	2696
2702	2701
2704	2703
2704	2705
2706	1336
2706	2707
2709	2708
2709	2710
2712	2713
2712	2714
2733	2732
2733	2734
2733	2735
2733	2736
2733	2739
2738	2737
2741	2740
2742	2741
2742	2743
2742	2744
2742	2745
2747	2746
2747	2748
2747	2749
2747	2750
2747	2751
2747	2752
2747	2786
2753	2755
2753	2756
2753	2757
2754	2753
2754	2760
2754	2764
2755	2761
2755	2762
2757	2758
2757	2759
2766	2765
2766	2768
2766	2769
2774	2773
2773	2775
2775	2776
2778	2777
2778	2959
2777	2779
2777	2780
2777	2781
2777	2782
2784	2783
2784	2785
2784	2984
2784	2985
2793	2792
2793	2794
2793	2796
2793	2798
2796	2795
2796	2797
2800	2799
2800	2802
2800	2804
2800	2805
2807	2806
2807	2821
2807	2822
2808	2807
2808	2823
2808	2825
2810	2809
2810	2811
2810	2812
2815	2816
2815	2817
2815	3089
2815	3090
2815	3091
2815	3092
2815	3093
2819	2818
2818	2820
2825	2824
2827	2826
2836	2835
2838	2837
2841	2840
2843	2842
2843	2844
2843	2845
2843	2846
2848	2847
2848	2850
2850	2849
2850	2856
2855	2854
2855	2861
2856	2857
2856	2858
2856	2859
2862	2863
2862	2864
2862	2865
2866	2867
2866	2869
2867	2868
2871	2870
2873	2872
2872	2874
2872	2875
2872	2876
2872	2877
2880	2879
2880	2883
2880	2885
2880	2893
2880	2894
2880	2904
2881	2880
2881	2882
2881	2886
2881	2906
2881	2931
2882	2879
2884	2883
2886	2885
2886	2916
2891	2890
2891	2905
2894	2895
2894	2896
2896	2897
2896	2901
2896	2902
2896	2903
2897	2898
2897	2899
2897	2900
2906	2894
2906	2907
2906	2913
2907	2896
2907	2908
2907	2918
2907	2919
2907	2925
2908	2897
2908	2909
2908	2910
2908	2930
2909	2898
2910	2899
2913	2895
2916	2893
2918	2901
2919	2903
2925	2902
2930	2900
2931	2904
2945	2944
2948	2947
2950	2949
2950	2951
2952	2953
2955	2956
2959	2779
2959	2780
2959	2781
2959	2782
2960	249
2960	250
2974	2118
2974	2128
2974	2127
2974	2102
2997	2996
3000	1507
3000	1510
3000	1511
3000	1825
3000	2791
3007	3008
3007	3009
3007	3010
3007	3011
3015	668
3015	681
3015	702
3015	2917
3016	682
3017	687
3017	2921
3018	695
3018	2927
3019	674
3019	676
3019	707
3019	2933
3023	3024
3023	3025
3023	3026
3023	3027
3023	3028
3023	3029
3023	3030
3023	3031
3023	3032
3023	3033
3023	3034
3023	3035
3023	3036
3023	3037
3023	3038
3023	3039
3023	3040
3023	3041
3023	3042
3043	3044
3043	3045
3043	3046
3047	3048
3047	3049
3047	3050
3047	3051
3047	3052
3047	2978
3053	3054
3053	3055
3053	3056
3057	3054
3057	3058
3057	3059
3060	3055
3060	3056
3068	3073
3068	3074
3068	3075
3068	2977
3068	3076
3068	3077
3068	3078
3068	3079
3068	3080
3068	3081
3068	2508
3068	3082
3068	3083
3068	3084
3068	3085
3068	3086
3068	3087
3068	3088
3069	3070
3069	3071
3069	3072
3074	1836
3074	1838
3074	1839
3085	1814
3098	2843
