1	0
1	54
1	55
1	56
2	1
2	9
2	12
2	13
2	14
2	15
2	16
2	17
2	18
2	19
2	20
2	21
2	22
2	23
2	24
2	25
2	26
3	2
3	27
3	28
3	29
3	36
3	37
3	49
3	50
4	3
5	4
6	5
7	6
7	71
8	3
9	10
9	11
13	51
13	52
25	57
25	61
25	62
25	63
25	64
25	65
25	66
25	67
29	30
29	31
29	32
29	33
29	34
29	35
37	38
37	39
37	40
37	41
37	42
37	43
37	44
37	45
37	46
37	47
37	48
52	53
57	58
57	59
57	60
69	68
69	70
73	72
73	76
73	95
73	96
73	97
73	98
73	99
73	100
73	101
73	102
73	103
73	104
73	105
73	2977
73	2978
74	73
76	75
76	78
76	86
76	87
76	88
76	89
76	90
76	91
76	92
76	93
76	94
75	77
78	79
78	80
78	84
78	85
80	81
81	82
82	83
107	106
107	210
107	314
107	651
107	1004
107	1167
107	1337
107	1407
107	1962
107	2024
107	2059
107	2102
107	2360
107	2369
107	2468
107	2493
107	2509
107	2543
107	2551
107	2572
107	2635
107	2961
106	108
110	109
110	1484
110	1485
112	111
112	1490
112	2189
114	113
114	988
114	1486
114	1508
114	2185
114	2955
116	115
116	887
116	888
116	914
116	915
116	1126
116	1228
116	1229
116	1230
116	1231
116	1232
116	1233
116	1234
116	1235
116	1236
116	1237
116	1238
116	1239
116	1240
116	1241
116	1242
116	1243
116	1244
116	1245
116	1246
116	1247
116	1248
116	1249
116	1250
116	1299
116	1300
116	1327
116	1328
116	1329
116	1330
116	1331
117	116
117	1325
117	1326
117	3021
119	118
119	1487
119	1488
119	1489
120	119
120	989
120	1502
121	120
122	120
122	903
122	1152
122	1147
122	1401
122	1404
122	1479
122	1478
122	1506
122	1802
122	1820
122	1829
122	1944
122	1948
122	2046
122	2062
122	2068
122	2072
122	2074
122	2077
122	2079
122	2082
122	2088
122	2100
122	2109
122	2138
122	2141
122	2150
122	2158
122	2201
122	1349
122	2204
122	366
122	2208
122	2213
122	2232
122	2379
122	2381
122	2382
122	2387
122	2388
122	2393
122	2425
122	2428
122	2191
122	2458
122	2714
122	2719
122	2783
122	2372
122	3088
124	123
124	128
124	2144
126	125
126	131
126	1874
126	1880
126	1881
126	1883
126	1897
127	126
127	1886
127	1890
127	1894
127	1898
127	1899
128	127
128	1903
128	1915
130	129
131	130
131	1902
133	132
133	2851
133	2852
133	2853
133	2854
134	133
134	2193
134	2561
134	2781
134	2782
134	2784
134	2785
134	2788
134	2835
134	2848
134	2850
134	2856
134	2857
134	2885
134	3114
134	3115
134	3116
134	3117
136	135
136	2725
136	2726
136	2727
136	2728
136	2739
136	2740
137	136
137	459
137	654
137	687
137	2741
137	2742
139	138
139	2896
139	2897
141	140
141	2760
141	2889
141	2898
143	142
143	2729
143	2730
143	2731
143	2732
143	2733
143	2734
143	2735
143	2736
143	2737
143	2743
143	2744
143	2745
144	143
144	463
144	467
144	688
144	2330
144	2834
146	145
148	147
148	2722
148	2849
148	2870
148	2871
148	2881
149	148
150	151
153	152
153	2608
153	2613
153	2621
153	2622
153	2605
153	2616
153	2637
153	2614
153	2615
153	2618
153	2619
153	2620
153	2638
153	2639
153	2628
153	2629
153	2647
155	154
155	507
155	511
155	522
155	524
155	525
155	526
155	527
155	528
155	530
155	531
155	2932
155	2937
155	2940
155	2942
155	2943
155	2944
155	2946
155	2952
157	156
157	158
157	161
157	165
157	166
157	207
157	169
157	168
157	174
157	175
157	176
157	177
157	171
157	178
157	179
157	182
157	180
157	181
157	183
157	184
157	185
157	186
157	189
157	190
157	193
157	194
157	195
157	198
157	202
156	158
156	161
156	162
156	163
156	164
156	165
156	173
156	174
156	175
156	176
156	177
156	178
156	179
156	180
156	181
156	182
156	183
156	184
156	185
156	186
156	189
156	190
156	191
156	192
156	193
156	194
156	195
156	196
156	197
156	198
156	199
156	200
156	201
156	202
156	203
156	204
158	159
158	160
165	166
165	167
165	169
165	170
165	171
165	172
167	168
170	207
186	187
186	188
206	205
209	208
209	211
209	212
209	213
209	214
209	215
209	216
209	217
209	218
209	219
209	220
209	221
209	222
209	223
209	224
209	225
209	226
209	227
209	228
209	229
210	209
210	255
210	262
210	263
210	315
210	399
210	457
210	461
210	537
210	545
210	550
210	712
210	715
210	716
210	717
210	718
210	719
210	720
210	721
210	726
210	727
210	807
210	831
210	848
210	1181
210	1182
210	1184
210	1185
210	1186
210	1187
210	1188
210	1191
210	1192
210	1193
210	1194
210	1195
210	1196
210	1198
210	1200
210	1204
210	1205
210	1206
210	1207
210	1208
210	1209
210	1210
210	1211
210	1212
210	1213
210	1215
210	1216
210	1217
210	1218
210	1375
210	2028
210	2030
210	2033
210	2034
210	2040
210	2041
210	2044
210	2891
210	2972
231	230
231	234
231	259
231	260
231	261
232	231
232	230
234	233
234	244
234	246
234	247
234	248
234	249
234	250
234	257
233	235
233	236
233	237
233	238
233	239
233	240
233	241
233	242
233	243
244	245
252	251
252	803
252	2382
252	2912
252	2962
252	2963
252	2980
252	2981
252	2374
252	2982
252	2983
252	2984
251	253
251	254
257	256
257	258
264	265
265	266
265	267
265	268
270	269
269	272
269	273
271	269
271	476
273	274
273	304
273	308
273	309
273	310
274	275
274	276
274	277
274	278
274	295
274	296
278	279
278	282
278	283
278	284
279	280
279	281
284	285
284	286
284	287
284	288
284	289
284	290
284	294
290	291
290	292
290	293
296	297
296	298
296	299
296	300
300	301
300	302
300	303
304	305
304	306
304	307
312	311
312	313
315	316
318	317
318	349
318	351
318	355
318	362
318	363
318	364
318	365
318	367
318	368
318	369
318	370
318	371
317	322
317	328
319	318
319	393
320	319
320	323
320	324
320	326
320	327
320	394
320	826
320	362
320	369
320	368
320	1755
320	2904
321	320
321	350
322	323
322	324
322	325
322	326
322	327
328	329
331	330
331	422
333	332
333	1006
333	1166
334	333
334	332
334	513
334	265
334	546
334	2029
334	2906
336	335
336	1214
336	2907
335	337
337	338
340	339
339	341
339	342
343	341
345	344
345	389
345	390
345	391
346	345
346	344
346	390
346	1007
348	347
349	348
349	352
352	353
352	354
355	356
355	360
355	361
356	357
356	359
357	358
365	366
373	372
373	374
376	375
376	599
376	687
376	688
376	692
376	696
376	697
376	701
376	711
376	2324
376	2327
376	2345
376	2346
376	2347
376	2348
376	2349
376	2350
376	2351
376	2352
376	2353
376	2354
376	2355
376	2358
376	2359
378	377
380	379
380	392
380	384
380	2902
379	381
379	382
379	383
379	384
386	385
386	2909
385	388
387	386
387	680
387	2018
387	2908
387	2974
393	394
393	395
393	396
393	397
393	398
400	401
400	406
401	402
401	403
401	404
401	405
406	407
406	408
408	409
408	410
412	411
412	508
412	512
412	521
412	523
412	529
412	544
412	1754
412	2306
412	2934
412	2935
412	2949
412	2956
412	2957
412	2958
412	2960
414	413
414	677
414	679
415	413
415	431
415	673
415	678
415	686
415	691
415	699
415	857
415	2282
415	672
415	2304
415	3015
415	3034
415	3035
415	3036
415	3037
415	3038
415	3039
415	3040
415	3041
415	3042
415	3043
415	2291
416	415
416	808
416	2286
417	416
417	903
417	1400
417	1401
417	1479
417	1517
417	2060
417	2083
417	2084
417	2100
417	2104
417	2111
417	2121
417	2122
417	2123
417	2187
417	2194
417	2206
417	2213
417	2253
417	2254
417	2256
417	414
417	2280
417	2281
417	2380
417	2381
417	2382
417	2421
417	2422
417	2423
417	2424
417	2425
417	2427
417	2428
417	2429
417	2434
417	2435
417	2437
417	2438
417	2440
417	2441
417	2442
417	2443
417	2191
417	2444
417	2445
417	2458
417	2770
417	2783
417	2959
417	2284
419	418
421	420
421	430
421	433
424	423
424	426
424	425
423	425
423	426
428	427
428	430
428	437
429	427
429	442
431	428
431	438
431	441
431	1005
431	2302
431	2304
431	2307
431	2287
431	2288
431	2289
431	2290
431	2291
433	432
434	435
434	436
440	439
441	440
441	684
441	685
441	690
441	698
441	710
441	2255
441	2257
441	2258
441	2292
441	2293
441	2294
441	2295
441	2296
441	2297
441	2298
441	2299
441	2300
441	2301
441	2303
441	2305
444	443
444	1410
444	1764
444	1768
444	1775
444	1965
444	2450
444	2966
446	445
446	1765
446	1773
446	1780
446	1968
446	2451
448	447
448	1774
448	1781
448	1969
448	2452
450	449
450	451
452	451
454	453
454	455
454	456
454	460
459	458
461	462
463	464
463	465
463	466
467	468
470	469
469	471
469	474
471	472
471	473
475	273
475	477
475	483
475	665
475	689
475	695
475	2927
476	475
476	674
476	2926
477	274
477	478
477	479
477	482
477	491
477	495
477	503
478	275
479	278
479	480
479	485
479	492
480	284
480	481
480	486
480	488
480	494
480	500
480	502
480	532
481	285
482	296
482	484
482	490
482	493
482	497
483	482
483	484
483	308
483	2938
484	297
485	279
485	489
485	496
485	535
486	290
486	487
486	499
486	501
487	291
488	286
489	282
490	298
491	276
492	283
493	299
494	287
495	277
496	280
497	300
497	498
497	533
497	534
498	301
499	292
500	288
501	293
502	289
503	295
505	504
506	505
506	662
506	663
506	664
506	3019
510	509
513	265
513	520
513	2936
514	513
515	513
516	513
516	696
516	2738
517	513
517	697
518	513
518	265
518	1201
518	1202
518	1203
518	2145
518	2217
519	266
520	519
520	267
532	294
533	302
534	303
535	281
537	536
537	538
537	539
541	540
543	542
543	885
543	910
543	938
548	547
548	555
548	557
549	548
549	552
549	558
549	559
549	560
549	561
549	568
550	549
550	1137
550	1991
550	2035
550	2036
552	551
552	553
552	554
555	556
561	562
562	563
562	564
562	565
562	566
566	567
570	569
570	1382
571	570
573	572
573	1377
574	572
575	572
575	578
575	877
575	880
575	957
575	1156
575	1155
575	1157
575	1497
575	2090
575	1377
575	2464
575	3013
577	576
577	876
577	902
577	1505
577	1900
577	1919
577	1922
578	577
578	877
578	885
578	903
578	1506
578	1810
578	1901
580	579
580	1146
580	1154
580	1158
580	1374
580	1671
580	1918
580	1937
580	2031
582	581
582	587
582	586
582	616
582	610
582	635
582	584
582	585
582	617
582	648
582	654
582	658
582	659
581	584
581	585
583	581
583	616
583	585
583	640
583	641
587	586
587	606
588	587
588	616
588	610
588	617
590	589
590	596
590	603
590	635
591	590
591	593
592	589
592	603
593	592
593	597
595	594
595	661
597	596
597	635
598	597
599	601
599	602
600	599
600	612
600	2567
605	604
608	607
607	610
609	607
609	612
610	611
610	612
612	613
613	614
614	615
616	617
617	618
617	621
617	622
617	630
617	631
618	619
618	620
622	623
622	626
622	628
623	624
623	625
626	627
628	629
633	632
634	612
634	1949
635	636
638	637
640	639
643	642
644	617
644	645
644	646
644	625
645	622
645	631
646	631
647	646
650	649
650	613
652	601
652	655
652	656
652	657
652	602
652	3017
653	601
653	602
653	3017
660	659
665	304
665	667
665	668
665	703
665	2928
666	304
667	305
667	2929
668	306
668	2930
670	669
670	704
672	671
672	694
672	705
672	857
672	2283
672	2285
672	2287
672	2288
672	2289
672	2290
672	2291
672	441
673	671
673	684
673	705
673	2937
674	272
674	2933
676	675
676	683
678	677
678	679
678	710
678	2953
682	681
683	682
686	685
689	310
689	2939
691	690
691	2941
693	692
693	2328
693	2779
695	309
695	2945
699	698
699	2947
701	700
702	701
702	2948
703	307
703	2950
706	707
708	707
708	2951
709	708
714	713
722	723
725	724
729	728
729	730
732	731
732	734
732	735
732	736
732	737
732	738
732	739
732	740
732	741
732	742
732	743
732	744
732	745
732	746
732	747
732	748
732	749
732	750
732	751
732	752
732	753
732	754
732	755
732	756
732	757
732	758
732	759
732	760
732	761
732	762
732	763
732	764
732	765
732	766
732	767
732	768
732	769
732	770
732	771
732	772
732	773
732	774
732	775
732	776
732	777
732	778
732	779
733	732
774	780
782	781
782	783
782	802
785	784
785	786
785	822
788	787
788	791
788	797
789	788
789	795
791	790
791	796
792	790
792	800
793	790
793	801
795	794
799	798
799	819
801	800
801	808
805	804
807	806
807	864
810	809
811	810
811	832
811	851
813	812
813	814
813	815
817	816
817	820
818	817
818	821
821	820
821	823
825	824
825	843
825	845
825	846
825	847
825	852
825	853
825	860
825	3020
826	355
826	827
826	833
827	356
828	827
828	833
830	829
830	835
830	844
830	837
830	838
830	861
833	357
833	360
835	834
834	836
834	841
834	842
836	837
836	838
836	839
836	840
850	849
855	854
855	856
859	858
859	862
859	863
866	865
868	867
868	883
870	869
870	871
873	872
873	1048
873	1049
873	1120
875	874
876	875
876	1251
876	1261
876	1280
876	1287
877	876
878	877
878	1146
878	1157
878	1158
878	3011
878	3012
878	3013
878	3014
880	879
880	909
882	881
882	1043
883	884
886	885
886	1155
886	1336
886	1360
886	1376
886	1378
886	1660
886	1983
886	2107
886	2109
886	2182
886	1377
886	2340
886	2368
886	2424
886	2440
886	2441
886	2463
886	2495
886	2503
886	2524
886	2985
886	2986
886	2987
886	2988
886	2989
886	2990
886	2991
886	2992
886	2993
886	2994
886	2995
886	2996
886	2997
886	2998
886	2999
886	3000
886	3001
886	3002
886	3003
886	3004
886	2372
890	889
890	1164
890	1165
890	1227
890	1297
890	1298
890	1308
890	1310
890	1311
890	1315
890	1316
890	1317
891	890
891	1302
891	1303
891	1483
891	1498
891	1978
891	2954
893	892
892	894
892	895
895	896
895	897
899	898
899	1430
899	1431
899	1432
899	1433
899	1434
899	1435
899	1436
899	1437
899	1438
900	899
900	1415
900	1416
900	1420
900	1424
900	1425
900	1426
900	1439
901	900
901	1162
901	1441
901	1444
901	1445
901	1446
901	1447
901	1452
901	1453
901	1454
901	1455
901	1456
901	1457
902	901
902	1458
902	1459
902	1460
902	1469
902	1470
902	1471
903	902
904	905
904	906
906	907
906	908
911	912
911	913
917	916
917	921
917	922
917	925
917	930
917	931
917	932
918	917
918	956
919	918
919	920
919	957
920	917
922	923
922	924
925	926
925	927
925	928
925	929
932	933
935	934
936	935
936	937
936	939
941	940
941	943
941	944
941	945
941	953
942	941
947	946
947	971
947	972
947	974
947	975
946	948
946	949
946	950
946	951
946	952
955	954
955	958
955	965
955	966
955	967
955	968
955	969
956	955
956	961
956	963
957	956
960	959
960	962
961	960
961	970
963	964
972	973
977	976
979	978
981	980
981	982
981	983
981	984
981	985
987	986
991	990
991	996
990	992
990	993
990	994
990	995
998	997
998	1667
998	1670
999	998
999	997
999	1224
999	1662
999	1953
1001	1000
1001	1002
1001	1003
1001	2340
1009	1008
1011	1010
1011	1015
1011	1016
1011	1017
1011	1018
1011	1019
1011	1020
1011	1021
1011	1022
1012	1011
1012	1051
1012	1143
1013	1012
1013	1025
1013	1046
1013	1070
1013	1123
1013	1142
1013	1144
1014	1012
1024	1023
1024	1068
1024	1097
1025	1027
1025	1028
1025	1029
1025	1030
1025	1031
1025	1032
1025	1033
1025	1034
1025	1035
1026	1025
1026	1070
1037	1036
1037	1129
1038	1037
1040	1039
1040	1131
1042	1041
1043	1042
1045	1044
1045	1095
1045	1119
1046	1045
1046	1084
1047	1046
1051	1050
1051	1053
1051	1054
1051	1056
1051	1058
1051	1060
1051	1062
1051	1064
1051	1066
1051	1096
1050	1052
1054	1055
1056	1057
1058	1059
1060	1061
1062	1063
1064	1065
1066	1067
1070	1069
1070	1080
1070	1098
1070	1127
1069	1071
1069	1072
1069	1073
1069	1074
1069	1075
1069	1076
1069	1077
1069	1078
1080	1079
1080	1107
1082	1081
1082	1108
1084	1083
1084	1109
1083	1086
1083	1087
1083	1088
1083	1089
1083	1090
1083	1091
1083	1092
1083	1093
1083	1094
1085	1084
1098	1099
1098	1100
1098	1101
1098	1102
1098	1103
1098	1104
1098	1105
1098	1106
1109	1110
1109	1111
1109	1112
1109	1113
1109	1114
1109	1115
1109	1116
1109	1117
1109	1118
1122	1121
1122	1509
1122	2239
1122	2504
1124	1123
1125	1124
1125	1163
1129	1128
1131	1130
1133	1132
1133	1831
1133	1832
1134	1133
1135	1134
1137	1136
1137	1138
1137	1139
1137	1145
1141	1140
1143	1161
1148	1147
1148	1348
1148	1349
1149	1148
1150	1149
1150	1344
1150	1347
1151	1150
1151	1350
1152	1151
1152	1147
1152	1153
1152	1354
1152	1361
1153	1147
1153	1369
1153	1351
1153	1370
1153	1349
1153	1364
1156	1155
1156	1157
1160	1159
1168	1169
1168	1170
1168	1171
1173	1172
1173	1174
1176	1175
1176	1178
1176	1179
1177	1176
1177	2405
1177	2409
1181	1180
1181	1197
1184	1183
1188	1189
1188	1190
1198	1199
1220	1219
1220	1222
1220	1304
1220	1664
1220	1665
1221	1220
1221	1663
1221	3027
1224	1223
1224	1571
1224	1666
1226	1225
1251	1252
1251	1253
1251	1254
1251	1255
1251	1256
1251	1257
1251	1258
1251	1259
1251	1260
1261	1262
1261	1265
1261	1266
1261	1267
1261	1268
1261	1269
1261	1277
1261	1278
1261	1279
1262	1263
1262	1264
1269	1270
1269	1271
1269	1272
1269	1273
1269	1274
1269	1275
1269	1276
1280	1281
1280	1282
1280	1283
1280	1284
1280	1285
1280	1286
1287	1288
1287	1289
1291	1290
1291	1293
1291	1294
1291	1296
1292	1291
1294	1295
1302	1301
1302	1313
1302	1318
1302	1322
1306	1305
1306	1307
1310	1309
1313	1312
1313	1314
1313	1321
1318	1319
1318	1320
1322	1323
1325	1324
1333	1332
1333	2342
1335	1334
1335	2341
1339	1338
1339	1341
1339	1342
1339	2712
1339	2716
1338	1340
1344	1343
1344	1345
1345	1346
1350	1351
1351	1352
1354	1353
1354	1358
1354	1365
1354	1369
1354	1370
1354	1371
1353	1356
1353	1357
1355	1354
1355	1363
1355	365
1355	2046
1355	2062
1355	2072
1355	2074
1355	2077
1355	2079
1355	2082
1355	2088
1355	2109
1355	2138
1355	2141
1355	2150
1355	2158
1355	2201
1355	1349
1355	2204
1355	366
1355	2208
1355	1364
1355	2232
1358	1359
1361	1363
1361	1364
1362	1361
1362	1383
1362	1352
1362	1356
1362	1357
1367	1366
1367	1368
1367	2229
1367	2230
1367	3007
1367	3008
1367	3009
1367	3010
1373	1372
1380	1379
1380	1381
1380	1958
1385	1384
1385	1388
1385	1389
1385	1390
1385	1393
1384	1387
1386	1385
1386	1397
1386	1398
1386	3022
1390	1391
1390	1392
1395	1394
1395	2017
1395	2025
1395	2032
1395	2075
1395	2514
1395	2542
1395	2879
1395	2931
1397	1396
1398	1389
1400	1399
1400	2083
1400	2231
1400	2370
1402	1401
1402	2768
1404	1403
1404	1820
1404	1842
1404	2209
1404	2516
1404	2517
1404	2518
1404	2519
1404	2520
1404	2521
1404	2522
1404	2786
1404	2787
1404	2808
1404	2809
1404	2810
1404	2872
1404	2372
1406	1405
1409	1408
1409	1510
1412	1411
1412	1413
1412	1414
1416	1417
1416	1418
1416	1419
1420	1421
1420	1422
1420	1423
1426	1427
1426	1428
1426	1429
1441	1440
1441	1443
1440	1442
1447	1448
1447	1449
1447	1450
1447	1451
1452	1474
1452	1480
1455	1477
1456	1481
1456	1482
1460	1461
1460	1462
1460	1463
1460	1464
1460	1465
1460	1466
1460	1467
1460	1468
1473	1472
1473	1475
1473	3023
1473	3024
1477	1476
1479	1478
1492	1491
1492	1496
1493	1492
1493	3026
1495	1494
1495	3025
1500	1499
1502	1501
1504	1503
1504	1752
1505	1507
1506	1505
1512	1511
1512	1514
1512	1515
1512	1830
1512	2812
1513	1512
1517	1516
1517	1941
1517	1942
1517	1945
1517	1948
1517	3016
1519	1518
1519	1521
1519	1526
1519	1556
1519	1557
1518	1520
1521	1522
1521	1523
1521	1524
1521	1525
1526	1527
1526	1528
1526	1529
1526	1530
1526	1531
1526	1532
1526	1533
1526	1534
1536	1535
1535	1537
1535	1538
1535	1539
1535	1540
1535	1541
1535	1542
1535	1543
1535	1544
1535	1545
1535	1548
1535	1551
1535	1552
1535	1553
1535	1554
1535	1555
1545	1546
1545	1547
1548	1549
1548	1550
1559	1558
1559	1562
1559	1563
1559	1564
1559	1565
1559	1566
1559	1567
1559	1568
1559	1569
1560	1559
1560	1570
1560	1574
1560	1661
1561	1560
1573	1572
1573	1588
1573	1589
1573	1590
1573	1591
1573	1592
1573	1593
1573	1594
1573	1595
1573	1596
1573	1597
1573	1598
1573	1600
1573	1601
1573	1603
1573	1604
1573	1605
1573	1606
1573	1607
1573	1608
1573	1609
1573	1610
1573	1611
1573	1612
1573	1613
1573	1614
1573	1615
1573	1616
1573	1617
1572	1575
1572	1576
1572	1577
1572	1578
1572	1579
1572	1580
1574	1573
1574	1581
1574	1618
1574	1641
1574	1643
1574	1657
1581	1582
1581	1583
1581	1584
1581	1585
1581	1586
1586	1587
1598	1599
1601	1602
1618	1619
1618	1620
1618	1621
1618	1622
1618	1623
1618	1624
1618	1625
1618	1626
1618	1627
1618	1628
1618	1629
1618	1630
1618	1631
1618	1632
1618	1633
1618	1634
1618	1635
1618	1636
1618	1637
1618	1638
1618	1639
1618	1640
1641	1642
1643	1644
1643	1645
1643	1647
1643	1648
1643	1649
1643	1652
1643	1653
1643	1654
1643	1655
1643	1656
1645	1646
1649	1650
1649	1651
1657	1658
1657	1659
1667	1668
1667	1669
1673	1672
1673	1674
1676	1675
1676	1679
1676	1681
1676	1686
1676	1687
1676	1689
1676	1690
1676	1693
1676	1697
1676	1698
1676	1699
1676	1702
1676	1707
1676	1708
1676	1709
1676	1710
1676	1711
1676	1712
1676	1713
1676	1714
1676	1715
1676	1717
1676	1718
1676	1719
1676	1720
1676	1721
1676	1722
1676	1723
1676	1724
1676	1729
1676	1731
1676	1734
1676	1735
1676	1736
1676	1737
1676	1742
1677	1676
1677	1683
1677	1685
1677	1700
1677	1704
1677	1727
1677	1733
1677	1750
1677	1751
1678	1677
1678	1680
1678	1716
1678	1739
1683	1682
1683	1695
1683	1696
1683	1703
1683	1706
1685	1684
1685	1688
1685	1691
1685	1692
1685	1725
1685	1726
1685	1728
1685	1730
1685	1732
1695	1694
1702	1701
1704	1705
1738	1739
1741	1740
1741	1746
1741	1748
1741	1753
1742	1743
1742	1744
1742	1745
1746	1747
1746	1748
1746	1749
1757	1756
1759	1758
1759	1769
1759	1776
1759	1786
1758	1762
1760	1759
1760	1787
1761	1758
1761	1763
1761	1762
1767	1766
1769	1771
1770	1769
1770	1772
1770	1771
1776	1778
1777	1776
1777	1779
1777	1778
1783	1782
1783	1790
1785	1784
1785	1789
1785	1791
1787	1788
1793	1792
1793	1795
1793	2010
1794	1793
1794	1957
1794	2011
1794	2013
1797	1796
1799	1798
1801	1800
1803	1802
1803	1807
1802	1804
1802	1805
1805	1806
1807	1806
1807	2005
1807	2008
1809	1808
1809	1811
1809	1812
1810	1809
1810	1814
1810	1815
1810	1817
1810	1823
1810	1824
1810	1826
1814	1813
1814	1825
1817	1816
1817	1818
1820	1819
1822	1821
1823	1822
1828	1827
1828	1833
1835	1834
1835	1838
1835	1840
1835	1839
1837	1836
1838	1839
1838	1840
1842	1841
1842	1843
1842	1844
1846	1845
1846	1847
1846	1848
1850	1849
1850	2417
1850	2418
1850	2419
1850	2420
1850	2440
1852	1851
1852	1875
1852	1877
1852	1878
1852	1979
1854	1853
1853	1855
1853	1856
1853	1859
1853	1871
1856	1857
1856	1858
1859	1860
1859	1861
1859	1862
1859	1863
1859	1864
1859	1865
1859	1866
1859	1867
1859	1868
1859	1869
1859	1870
1871	1872
1871	1873
1875	1876
1880	1879
1880	1882
1880	1887
1883	1884
1886	1885
1886	1896
1889	1888
1890	1889
1890	1892
1892	1891
1892	1893
1894	1895
1901	1900
1901	1922
1903	1904
1903	1909
1903	1912
1904	1905
1904	1906
1904	1907
1904	1908
1909	1910
1909	1911
1912	1913
1913	1914
1917	1916
1921	1920
1922	1921
1924	1923
1926	1925
1926	1932
1926	1933
1926	1934
1926	1935
1927	1926
1929	1928
1929	1946
1929	1947
1931	1930
1931	1936
1931	1952
1939	1938
1941	1940
1940	1943
1942	1940
1942	1944
1951	1950
1951	1952
1955	1954
1955	1957
1956	1954
1960	1959
1962	1961
1961	1963
1961	1964
1967	1966
1967	1788
1971	1970
1971	1972
1971	1974
1971	1977
1974	1973
1973	1975
1975	1976
1981	1980
1981	1982
1981	1986
1981	1989
1981	1990
1984	1983
1984	1985
1988	1987
1993	1992
1993	1996
1993	1997
1993	1998
1993	1999
1993	2000
1993	2001
1993	2002
1993	2003
1993	2004
1993	2005
1993	2006
1993	2007
1993	2008
1993	2009
1992	1994
1992	1995
2011	2012
2015	2014
2015	2016
2018	2019
2019	2020
2022	2021
2022	2023
2027	2026
2036	2037
2036	2038
2038	2039
2043	2042
2044	2043
2044	2076
2044	2101
2044	2110
2044	2236
2046	2045
2046	2049
2046	2051
2046	2052
2046	2055
2046	2222
2045	2047
2049	2048
2051	2050
2051	2053
2051	2054
2056	2057
2056	2058
2062	2061
2062	2065
2062	2066
2061	2063
2061	2064
2068	2067
2068	2069
2068	2070
2072	2071
2072	2073
2079	2078
2079	2080
2082	2081
2082	2085
2082	2087
2082	2234
2087	2086
2090	2089
2090	2117
2089	2091
2091	2092
2091	2093
2094	2095
2094	2096
2094	2097
2099	2098
2099	2115
2099	2126
2104	2103
2103	2105
2103	2106
2108	2107
2108	2136
2109	2108
2109	2124
2109	2133
2109	2134
2113	2112
2113	2119
2113	2125
2115	2114
2115	2120
2117	2116
2117	2118
2128	2127
2128	2130
2128	2131
2129	2127
2133	2132
2136	2135
2138	2137
2138	2140
2137	2139
2143	2142
2147	2146
2147	2148
2150	2149
2150	2152
2150	2153
2150	2154
2150	2156
2150	2233
2152	2151
2152	2155
2158	2157
2158	2160
2160	2159
2162	2161
2162	2175
2162	2224
2162	2225
2162	2226
2164	2163
2166	2165
2166	2176
2166	2227
2166	2228
2168	2167
2170	2169
2172	2171
2174	2173
2174	2180
2178	2177
2179	2177
2182	2181
2182	2496
2184	2183
2187	2186
2188	2186
2191	2190
2193	2192
2193	2199
2193	2200
2196	2195
2196	2197
2196	2198
2202	1349
2204	2203
2204	2205
2208	2207
2208	2210
2212	2211
2212	2214
2212	2215
2212	2216
2219	2218
2219	2220
2219	2221
2223	2222
2223	2233
2223	2234
2236	2235
2238	2237
2241	2240
2241	2248
2240	2242
2240	2243
2240	2244
2240	2245
2240	2246
2240	2247
2250	2249
2250	2252
2251	2250
2251	2252
2257	2256
2257	414
2257	2259
2257	2260
2258	2259
2258	2260
2261	2262
2261	2263
2261	2264
2261	2265
2261	2266
2261	2267
2261	2268
2261	2269
2261	2270
2261	2271
2261	2272
2261	2273
2261	2274
2261	2275
2261	2276
2261	2277
2261	2278
2261	2279
2284	2283
2284	3033
2284	415
2286	2285
2286	3034
2286	3035
2286	3036
2286	3037
2286	3038
2286	3039
2286	3040
2286	3041
2286	3042
2286	3043
2286	431
2286	2291
2292	439
2307	2292
2307	2293
2307	2294
2307	2295
2307	2296
2307	2297
2307	2298
2307	2257
2307	2299
2307	2300
2307	2301
2309	2308
2309	2310
2309	2311
2312	2313
2314	2315
2317	2316
2317	2318
2317	2319
2317	2320
2317	2721
2322	2321
2323	2321
2325	2326
2329	2328
2329	2331
2330	2329
2333	2332
2335	2334
2335	2336
2335	2337
2335	2338
2340	2339
2343	2344
2357	2356
2362	2361
2361	2363
2364	2365
2367	2366
2372	2371
2372	2378
2371	2373
2371	2374
2374	2375
2374	2379
2375	2376
2375	2381
2378	2377
2378	2374
2378	2382
2380	2379
2379	2376
2382	2375
2384	2383
2384	2385
2387	2386
2387	2388
2387	2393
2386	2388
2386	2393
2388	2389
2388	2390
2388	2391
2388	2392
2393	2394
2396	2395
2396	2408
2398	2397
2398	2403
2399	2398
2399	2406
2399	2407
2399	2410
2400	2398
2400	2404
2400	2406
2400	2407
2402	2401
2412	2411
2414	2413
2414	2415
2414	2416
2425	2426
2429	2430
2429	2431
2429	2432
2429	2433
2435	2436
2436	2105
2436	2106
2438	2439
2442	2375
2446	2447
2449	2448
2449	2447
2454	2453
2454	2461
2454	2462
2455	2456
2458	2457
2458	2859
2458	2860
2460	2459
2464	2463
2464	2467
2464	2472
2465	2463
2467	2466
2467	2470
2467	2471
2467	2473
2468	2469
2475	2474
2475	2476
2475	2479
2475	2485
2475	2491
2475	2487
2478	2477
2481	2480
2481	2486
2481	2490
2482	2480
2482	2483
2482	2484
2487	2486
2487	2490
2487	2492
2488	2486
2488	2490
2489	2488
2489	3081
2489	3082
2489	3083
2489	3084
2489	3085
2489	3086
2489	3087
2493	2494
2495	2496
2498	2497
2498	2499
2500	2501
2500	2502
2506	2505
2506	2507
2506	2508
2511	2510
2513	2512
2516	2515
2516	2523
2522	2523
2526	2525
2528	2527
2530	2529
2530	2538
2529	2531
2529	2532
2531	2536
2531	2537
2531	2539
2531	2540
2531	2541
2532	2533
2535	2534
2545	2544
2547	2546
2546	2548
2550	2549
2553	2552
2553	2580
2554	2553
2554	2555
2554	2556
2554	2557
2554	2573
2554	2595
2554	2599
2558	2559
2561	2560
2561	2811
2561	2855
2561	2856
2563	2562
2564	2562
2564	2570
2566	2565
2569	2568
2571	2570
2575	2574
2577	2576
2579	2578
2579	2586
2580	2579
2580	2581
2580	2588
2580	2592
2581	2582
2581	2585
2582	2583
2582	2584
2586	2587
2588	2589
2588	2590
2588	2591
2594	2593
2597	2596
2597	2820
2597	2822
2597	2823
2597	2824
2597	2825
2597	2826
2599	2598
2599	2600
2599	2601
2599	2602
2604	2603
2604	2607
2604	2606
2603	2605
2603	2607
2605	2606
2607	2608
2608	2609
2608	2610
2611	2607
2612	2608
2612	2605
2612	2609
2612	2616
2612	2637
2612	2614
2612	2615
2612	2618
2612	2619
2612	2620
2612	2638
2612	2628
2612	2647
2612	2650
2613	2614
2613	2615
2613	2616
2613	2618
2613	2619
2613	2620
2616	2617
2624	2623
2624	2625
2626	2627
2626	2629
2627	2628
2631	2630
2631	2632
2633	2605
2633	2650
2635	2634
2636	2616
2636	2637
2636	2614
2636	2615
2636	2618
2636	2619
2636	2620
2641	2640
2641	2642
2642	2643
2642	2644
2642	2645
2647	2646
2649	2648
2652	2651
2652	2656
2651	2654
2651	2655
2653	2652
2658	2657
2658	2669
2659	2658
2659	2670
2660	2659
2662	2661
2662	2677
2662	2710
2663	2662
2665	2664
2665	2693
2666	2665
2668	2667
2668	2698
2672	2671
2672	2708
2673	2672
2673	2676
2673	2709
2674	2673
2675	2672
2679	2678
2679	2682
2679	2683
2679	2684
2679	2691
2679	2692
2680	2679
2682	2681
2682	2685
2682	2686
2682	2687
2682	2688
2682	2689
2682	2690
2693	2694
2693	2695
2693	2696
2698	2697
2698	2699
2699	2700
2699	2701
2700	2702
2700	2705
2701	2703
2701	2704
2707	2706
2712	2711
2714	2713
2714	2715
2716	1340
2716	2717
2719	2718
2719	2720
2722	2723
2722	2724
2747	2746
2747	2748
2747	2749
2747	2750
2747	2753
2752	2751
2755	2754
2756	2755
2756	2757
2756	2758
2756	2759
2762	2761
2762	2763
2762	2764
2762	2765
2762	2766
2762	2767
2762	2807
2768	2770
2768	2771
2768	2772
2769	2768
2769	2775
2769	2776
2769	2780
2770	2777
2770	2778
2772	2773
2772	2774
2782	2781
2782	2784
2782	2785
2790	2789
2792	2791
2792	2869
2792	2875
2793	2792
2793	2868
2795	2794
2794	2796
2796	2797
2799	2798
2799	2979
2798	2800
2798	2801
2798	2802
2798	2803
2805	2804
2805	2806
2805	3005
2805	3006
2814	2813
2814	2815
2814	2817
2814	2819
2817	2816
2817	2818
2821	2820
2821	2823
2821	2825
2821	2826
2828	2827
2828	2842
2828	2843
2829	2828
2829	2844
2829	2846
2831	2830
2831	2832
2831	2833
2836	2837
2836	2838
2836	3109
2836	3110
2836	3111
2836	3112
2836	3113
2840	2839
2839	2841
2846	2845
2848	2847
2857	2856
2859	2858
2862	2861
2864	2863
2864	2865
2864	2866
2864	2867
2874	2873
2874	2880
2875	2876
2875	2877
2875	2878
2881	2882
2881	2883
2881	2884
2885	2886
2885	2888
2886	2887
2891	2890
2890	2892
2890	2893
2890	2894
2890	2895
2900	2899
2900	2903
2900	2905
2900	2913
2900	2914
2900	2924
2901	2900
2901	2902
2901	2906
2901	2926
2901	2951
2902	2899
2904	2903
2906	2905
2906	2936
2911	2910
2911	2925
2914	2915
2914	2916
2916	2917
2916	2921
2916	2922
2916	2923
2917	2918
2917	2919
2917	2920
2926	2914
2926	2927
2926	2933
2927	2916
2927	2928
2927	2938
2927	2939
2927	2945
2928	2917
2928	2929
2928	2930
2928	2950
2929	2918
2930	2919
2933	2915
2936	2913
2938	2921
2939	2923
2945	2922
2950	2920
2951	2924
2965	2964
2968	2967
2970	2969
2970	2971
2972	2973
2975	2976
2979	2800
2979	2801
2979	2802
2979	2803
2980	253
2980	254
2994	2124
2994	2134
2994	2133
2994	2108
3018	3017
3021	1511
3021	1514
3021	1515
3021	1830
3021	2812
3028	3029
3028	3030
3028	3031
3028	3032
3036	671
3036	684
3036	705
3036	2937
3037	685
3038	690
3038	2941
3039	698
3039	2947
3040	677
3040	679
3040	710
3040	2953
3044	3045
3044	3046
3044	3047
3044	3048
3044	3049
3044	3050
3044	3051
3044	3052
3044	3053
3044	3054
3044	3055
3044	3056
3044	3057
3044	3058
3044	3059
3044	3060
3044	3061
3044	3062
3044	3063
3064	3065
3064	3066
3064	3067
3068	3069
3068	3070
3068	3071
3068	3072
3068	3073
3068	2999
3074	3075
3074	3076
3074	3077
3078	3075
3078	3079
3078	3080
3081	3076
3081	3077
3088	3093
3088	3094
3088	3095
3088	2998
3088	3096
3088	3097
3088	3098
3088	3099
3088	3100
3088	3101
3088	2516
3088	3102
3088	3103
3088	3104
3088	3105
3088	3106
3088	3107
3088	3108
3089	3090
3089	3091
3089	3092
3094	1841
3094	1843
3094	1844
3105	1819
3118	2864
