1	0
1	54
1	55
1	56
2	1
2	9
2	12
2	13
2	14
2	15
2	16
2	17
2	18
2	19
2	20
2	21
2	22
2	23
2	24
2	25
2	26
3	2
3	27
3	28
3	29
3	36
3	37
3	49
3	50
4	3
5	4
6	5
7	6
7	71
8	3
9	10
9	11
13	51
13	52
25	57
25	61
25	62
25	63
25	64
25	65
25	66
25	67
29	30
29	31
29	32
29	33
29	34
29	35
37	38
37	39
37	40
37	41
37	42
37	43
37	44
37	45
37	46
37	47
37	48
52	53
57	58
57	59
57	60
69	68
69	70
73	72
73	76
73	95
73	96
73	97
73	98
73	99
73	100
73	101
73	102
73	103
73	104
73	105
73	2978
73	2979
74	73
76	75
76	78
76	86
76	87
76	88
76	89
76	90
76	91
76	92
76	93
76	94
75	77
78	79
78	80
78	84
78	85
80	81
81	82
82	83
107	106
107	210
107	313
107	651
107	1004
107	1167
107	1337
107	1407
107	1964
107	2026
107	2061
107	2104
107	2361
107	2370
107	2469
107	2494
107	2510
107	2544
107	2552
107	2573
107	2636
107	2962
106	108
110	109
110	1485
110	1486
112	111
112	1491
112	2190
114	113
114	988
114	1487
114	1509
114	2186
114	2956
116	115
116	887
116	888
116	914
116	915
116	1126
116	1228
116	1229
116	1230
116	1231
116	1232
116	1233
116	1234
116	1235
116	1236
116	1237
116	1238
116	1239
116	1240
116	1241
116	1242
116	1243
116	1244
116	1245
116	1246
116	1247
116	1248
116	1249
116	1250
116	1299
116	1300
116	1327
116	1328
116	1329
116	1330
116	1331
117	116
117	1325
117	1326
117	3022
119	118
119	1488
119	1489
119	1490
120	119
120	989
120	1503
121	120
122	120
122	903
122	1152
122	1147
122	1401
122	1404
122	1480
122	1479
122	1507
122	1803
122	1821
122	1830
122	1946
122	1950
122	2048
122	2064
122	2070
122	2074
122	2076
122	2079
122	2081
122	2084
122	2090
122	2102
122	2111
122	2140
122	2143
122	2151
122	2159
122	2202
122	1349
122	2205
122	365
122	2209
122	2214
122	2233
122	2380
122	2382
122	2383
122	2388
122	2389
122	2394
122	2426
122	2429
122	2192
122	2459
122	2715
122	2720
122	2784
122	2373
122	3089
124	123
124	128
124	2146
126	125
126	131
126	1875
126	1881
126	1882
126	1884
126	1898
127	126
127	1887
127	1891
127	1895
127	1899
127	1900
128	127
128	1904
128	1916
130	129
131	130
131	1903
133	132
133	2855
133	2856
133	2857
133	2858
134	133
134	2194
134	2562
134	2782
134	2783
134	2785
134	2786
134	2789
134	2837
134	2850
134	2854
134	2859
134	2860
134	2889
134	3115
134	3116
134	3117
134	3118
136	135
136	2726
136	2727
136	2728
136	2729
136	2740
136	2741
137	136
137	458
137	654
137	687
137	2742
137	2743
139	138
139	2897
139	2898
141	140
141	2761
141	2893
141	2899
143	142
143	2730
143	2731
143	2732
143	2733
143	2734
143	2735
143	2736
143	2737
143	2738
143	2744
143	2745
143	2746
144	143
144	462
144	466
144	688
144	2331
144	2836
146	145
148	147
148	2723
148	2851
148	2874
148	2875
148	2885
149	148
150	151
153	152
153	2609
153	2614
153	2622
153	2623
153	2606
153	2617
153	2638
153	2615
153	2616
153	2619
153	2620
153	2621
153	2639
153	2640
153	2629
153	2630
153	2648
155	154
155	506
155	510
155	521
155	523
155	524
155	525
155	526
155	527
155	529
155	530
155	2933
155	2938
155	2941
155	2943
155	2944
155	2945
155	2947
155	2953
157	156
157	158
157	161
157	165
157	166
157	207
157	169
157	168
157	174
157	175
157	176
157	177
157	171
157	178
157	179
157	182
157	180
157	181
157	183
157	184
157	185
157	186
157	189
157	190
157	193
157	194
157	195
157	198
157	202
156	158
156	161
156	162
156	163
156	164
156	165
156	173
156	174
156	175
156	176
156	177
156	178
156	179
156	180
156	181
156	182
156	183
156	184
156	185
156	186
156	189
156	190
156	191
156	192
156	193
156	194
156	195
156	196
156	197
156	198
156	199
156	200
156	201
156	202
156	203
156	204
158	159
158	160
165	166
165	167
165	169
165	170
165	171
165	172
167	168
170	207
186	187
186	188
206	205
209	208
209	211
209	212
209	213
209	214
209	215
209	216
209	217
209	218
209	219
209	220
209	221
209	222
209	223
209	224
209	225
209	226
209	227
209	228
210	209
210	254
210	261
210	262
210	314
210	398
210	456
210	460
210	536
210	544
210	549
210	712
210	715
210	716
210	717
210	718
210	719
210	720
210	721
210	726
210	727
210	807
210	831
210	848
210	1181
210	1182
210	1184
210	1185
210	1186
210	1187
210	1188
210	1191
210	1192
210	1193
210	1194
210	1195
210	1196
210	1198
210	1200
210	1204
210	1205
210	1206
210	1207
210	1208
210	1209
210	1210
210	1211
210	1212
210	1213
210	1215
210	1216
210	1217
210	1218
210	1375
210	2030
210	2032
210	2035
210	2036
210	2042
210	2043
210	2046
210	2894
210	2973
230	229
230	233
230	258
230	259
230	260
231	230
231	229
233	232
233	243
233	245
233	246
233	247
233	248
233	249
233	256
232	234
232	235
232	236
232	237
232	238
232	239
232	240
232	241
232	242
243	244
251	250
251	803
251	2383
251	2913
251	2963
251	2964
251	2981
251	2982
251	2375
251	2983
251	2984
251	2985
250	252
250	253
256	255
256	257
263	264
264	265
264	266
264	267
269	268
268	271
268	272
270	268
270	475
272	273
272	303
272	307
272	308
272	309
273	274
273	275
273	276
273	277
273	294
273	295
277	278
277	281
277	282
277	283
278	279
278	280
283	284
283	285
283	286
283	287
283	288
283	289
283	293
289	290
289	291
289	292
295	296
295	297
295	298
295	299
299	300
299	301
299	302
303	304
303	305
303	306
311	310
311	312
314	315
317	316
317	348
317	350
317	354
317	361
317	362
317	363
317	364
317	366
317	367
317	368
317	369
317	370
316	321
316	327
318	317
318	392
319	318
319	322
319	323
319	325
319	326
319	393
319	826
319	361
319	368
319	367
319	1757
319	2905
320	319
320	349
321	322
321	323
321	324
321	325
321	326
327	328
330	329
330	421
332	331
332	1006
332	1166
333	332
333	331
333	512
333	264
333	545
333	2031
333	2907
335	334
335	1214
335	2908
334	336
336	337
339	338
338	340
338	341
342	340
344	343
344	388
344	389
344	390
345	344
345	343
345	389
345	1007
347	346
348	347
348	351
351	352
351	353
354	355
354	359
354	360
355	356
355	358
356	357
364	365
372	371
372	373
375	374
375	599
375	687
375	688
375	692
375	696
375	697
375	701
375	711
375	2325
375	2328
375	2346
375	2347
375	2348
375	2349
375	2350
375	2351
375	2352
375	2353
375	2354
375	2355
375	2356
375	2359
375	2360
377	376
379	378
379	391
379	383
379	2903
378	380
378	381
378	382
378	383
385	384
385	2910
384	387
386	385
386	680
386	2020
386	2909
386	2975
392	393
392	394
392	395
392	396
392	397
399	400
399	405
400	401
400	402
400	403
400	404
405	406
405	407
407	408
407	409
411	410
411	507
411	511
411	520
411	522
411	528
411	543
411	1756
411	2307
411	2935
411	2936
411	2950
411	2957
411	2958
411	2959
411	2961
413	412
413	677
413	679
414	412
414	430
414	673
414	678
414	686
414	691
414	699
414	857
414	2283
414	672
414	2305
414	3016
414	3035
414	3036
414	3037
414	3038
414	3039
414	3040
414	3041
414	3042
414	3043
414	3044
414	2292
415	414
415	808
415	2287
416	415
416	903
416	1400
416	1401
416	1480
416	1518
416	2062
416	2085
416	2086
416	2102
416	2106
416	2113
416	2123
416	2124
416	2125
416	2188
416	2195
416	2207
416	2214
416	2254
416	2255
416	2257
416	413
416	2281
416	2282
416	2381
416	2382
416	2383
416	2422
416	2423
416	2424
416	2425
416	2426
416	2428
416	2429
416	2430
416	2435
416	2436
416	2438
416	2439
416	2441
416	2442
416	2443
416	2444
416	2192
416	2445
416	2446
416	2459
416	2771
416	2784
416	2960
416	2285
418	417
420	419
420	429
420	432
423	422
423	425
423	424
422	424
422	425
427	426
427	429
427	436
428	426
428	441
430	427
430	437
430	440
430	1005
430	2303
430	2305
430	2308
430	2288
430	2289
430	2290
430	2291
430	2292
432	431
433	434
433	435
439	438
440	439
440	684
440	685
440	690
440	698
440	710
440	2256
440	2258
440	2259
440	2293
440	2294
440	2295
440	2296
440	2297
440	2298
440	2299
440	2300
440	2301
440	2302
440	2304
440	2306
443	442
443	1411
443	1766
443	1770
443	1777
443	1967
443	2451
443	2967
445	444
445	1767
445	1775
445	1782
445	1970
445	2452
447	446
447	1776
447	1783
447	1971
447	2453
449	448
449	450
451	450
453	452
453	454
453	455
453	459
458	457
460	461
462	463
462	464
462	465
466	467
469	468
468	470
468	473
470	471
470	472
474	272
474	476
474	482
474	665
474	689
474	695
474	2928
475	474
475	674
475	2927
476	273
476	477
476	478
476	481
476	490
476	494
476	502
477	274
478	277
478	479
478	484
478	491
479	283
479	480
479	485
479	487
479	493
479	499
479	501
479	531
480	284
481	295
481	483
481	489
481	492
481	496
482	481
482	483
482	307
482	2939
483	296
484	278
484	488
484	495
484	534
485	289
485	486
485	498
485	500
486	290
487	285
488	281
489	297
490	275
491	282
492	298
493	286
494	276
495	279
496	299
496	497
496	532
496	533
497	300
498	291
499	287
500	292
501	288
502	294
504	503
505	504
505	662
505	663
505	664
505	3020
509	508
512	264
512	519
512	2937
513	512
514	512
515	512
515	696
515	2739
516	512
516	697
517	512
517	264
517	1201
517	1202
517	1203
517	2147
517	2218
518	265
519	518
519	266
531	293
532	301
533	302
534	280
536	535
536	537
536	538
540	539
542	541
542	885
542	910
542	938
547	546
547	554
547	556
548	547
548	551
548	557
548	558
548	559
548	560
548	568
549	548
549	1137
549	1993
549	2037
549	2038
551	550
551	552
551	553
554	555
560	561
560	567
561	562
561	563
561	564
561	565
565	566
570	569
570	1382
571	570
573	572
573	1377
574	572
575	572
575	578
575	877
575	880
575	957
575	1156
575	1155
575	1157
575	1498
575	2092
575	1377
575	2465
575	3014
577	576
577	876
577	902
577	1506
577	1901
577	1920
577	1923
578	577
578	877
578	885
578	903
578	1507
578	1811
578	1902
580	579
580	1146
580	1154
580	1158
580	1374
580	1673
580	1919
580	1938
580	2033
582	581
582	587
582	586
582	616
582	610
582	635
582	584
582	585
582	617
582	648
582	654
582	658
582	659
581	584
581	585
583	581
583	616
583	585
583	640
583	641
587	586
587	606
588	587
588	616
588	610
588	617
590	589
590	596
590	603
590	635
591	590
591	593
592	589
592	603
593	592
593	597
595	594
595	661
597	596
597	635
598	597
599	601
599	602
600	599
600	612
600	2568
605	604
608	607
607	610
609	607
609	612
610	611
610	612
612	613
613	614
614	615
616	617
617	618
617	621
617	622
617	630
617	631
618	619
618	620
622	623
622	626
622	628
623	624
623	625
626	627
628	629
633	632
634	612
634	1951
635	636
638	637
640	639
643	642
644	617
644	645
644	646
644	625
645	622
645	631
646	631
647	646
650	649
650	613
652	601
652	655
652	656
652	657
652	602
652	3018
653	601
653	602
653	3018
660	659
665	303
665	667
665	668
665	703
665	2929
666	303
667	304
667	2930
668	305
668	2931
670	669
670	704
672	671
672	694
672	705
672	857
672	2284
672	2286
672	2288
672	2289
672	2290
672	2291
672	2292
672	440
673	671
673	684
673	705
673	2938
674	271
674	2934
676	675
676	683
678	677
678	679
678	710
678	2954
682	681
683	682
686	685
689	309
689	2940
691	690
691	2942
693	692
693	2329
693	2780
695	308
695	2946
699	698
699	2948
701	700
702	701
702	2949
703	306
703	2951
706	707
708	707
708	2952
709	708
714	713
722	723
725	724
729	728
729	730
732	731
732	734
732	735
732	736
732	737
732	738
732	739
732	740
732	741
732	742
732	743
732	744
732	745
732	746
732	747
732	748
732	749
732	750
732	751
732	752
732	753
732	754
732	755
732	756
732	757
732	758
732	759
732	760
732	761
732	762
732	763
732	764
732	765
732	766
732	767
732	768
732	769
732	770
732	771
732	772
732	773
732	774
732	775
732	776
732	777
732	778
732	779
733	732
774	780
782	781
782	783
782	802
785	784
785	786
785	822
788	787
788	791
788	797
789	788
789	795
791	790
791	796
792	790
792	800
793	790
793	801
795	794
799	798
799	819
801	800
801	808
805	804
807	806
807	864
810	809
811	810
811	832
811	851
813	812
813	814
813	815
817	816
817	820
818	817
818	821
821	820
821	823
825	824
825	843
825	845
825	846
825	847
825	852
825	853
825	860
825	3021
826	354
826	827
826	833
827	355
828	827
828	833
830	829
830	835
830	844
830	837
830	838
830	861
833	356
833	359
835	834
834	836
834	841
834	842
836	837
836	838
836	839
836	840
850	849
855	854
855	856
859	858
859	862
859	863
866	865
868	867
868	883
870	869
870	871
873	872
873	1048
873	1049
873	1120
875	874
876	875
876	1251
876	1261
876	1280
876	1287
877	876
878	877
878	1146
878	1157
878	1158
878	3012
878	3013
878	3014
878	3015
880	879
880	909
882	881
882	1043
883	884
886	885
886	1155
886	1336
886	1360
886	1376
886	1378
886	1662
886	1985
886	2109
886	2111
886	2183
886	1377
886	2341
886	2369
886	2425
886	2441
886	2442
886	2464
886	2496
886	2504
886	2525
886	2986
886	2987
886	2988
886	2989
886	2990
886	2991
886	2992
886	2993
886	2994
886	2995
886	2996
886	2997
886	2998
886	2999
886	3000
886	3001
886	3002
886	3003
886	3004
886	3005
886	2373
890	889
890	1164
890	1165
890	1227
890	1297
890	1298
890	1308
890	1310
890	1311
890	1315
890	1316
890	1317
891	890
891	1302
891	1303
891	1484
891	1499
891	1980
891	2955
893	892
892	894
892	895
895	896
895	897
899	898
899	1431
899	1432
899	1433
899	1434
899	1435
899	1436
899	1437
899	1438
899	1439
900	899
900	1416
900	1417
900	1421
900	1425
900	1426
900	1427
900	1440
901	900
901	1162
901	1442
901	1445
901	1446
901	1447
901	1448
901	1453
901	1454
901	1455
901	1456
901	1457
901	1458
902	901
902	1459
902	1460
902	1461
902	1470
902	1471
902	1472
903	902
904	905
904	906
906	907
906	908
911	912
911	913
917	916
917	921
917	922
917	925
917	930
917	931
917	932
918	917
918	956
919	918
919	920
919	957
920	917
922	923
922	924
925	926
925	927
925	928
925	929
932	933
935	934
936	935
936	937
936	939
941	940
941	943
941	944
941	945
941	953
942	941
947	946
947	971
947	972
947	974
947	975
946	948
946	949
946	950
946	951
946	952
955	954
955	958
955	965
955	966
955	967
955	968
955	969
956	955
956	961
956	963
957	956
960	959
960	962
961	960
961	970
963	964
972	973
977	976
979	978
981	980
981	982
981	983
981	984
981	985
987	986
991	990
991	996
990	992
990	993
990	994
990	995
998	997
998	1669
998	1672
999	998
999	997
999	1224
999	1664
999	1955
1001	1000
1001	1002
1001	1003
1001	2341
1009	1008
1011	1010
1011	1015
1011	1016
1011	1017
1011	1018
1011	1019
1011	1020
1011	1021
1011	1022
1012	1011
1012	1051
1012	1143
1013	1012
1013	1025
1013	1046
1013	1070
1013	1123
1013	1142
1013	1144
1014	1012
1024	1023
1024	1068
1024	1097
1025	1027
1025	1028
1025	1029
1025	1030
1025	1031
1025	1032
1025	1033
1025	1034
1025	1035
1026	1025
1026	1070
1037	1036
1037	1129
1038	1037
1040	1039
1040	1131
1042	1041
1043	1042
1045	1044
1045	1095
1045	1119
1046	1045
1046	1084
1047	1046
1051	1050
1051	1053
1051	1054
1051	1056
1051	1058
1051	1060
1051	1062
1051	1064
1051	1066
1051	1096
1050	1052
1054	1055
1056	1057
1058	1059
1060	1061
1062	1063
1064	1065
1066	1067
1070	1069
1070	1080
1070	1098
1070	1127
1069	1071
1069	1072
1069	1073
1069	1074
1069	1075
1069	1076
1069	1077
1069	1078
1080	1079
1080	1107
1082	1081
1082	1108
1084	1083
1084	1109
1083	1086
1083	1087
1083	1088
1083	1089
1083	1090
1083	1091
1083	1092
1083	1093
1083	1094
1085	1084
1098	1099
1098	1100
1098	1101
1098	1102
1098	1103
1098	1104
1098	1105
1098	1106
1109	1110
1109	1111
1109	1112
1109	1113
1109	1114
1109	1115
1109	1116
1109	1117
1109	1118
1122	1121
1122	1510
1122	2240
1122	2505
1124	1123
1125	1124
1125	1163
1129	1128
1131	1130
1133	1132
1133	1832
1133	1833
1134	1133
1135	1134
1137	1136
1137	1138
1137	1139
1137	1145
1141	1140
1143	1161
1148	1147
1148	1348
1148	1349
1149	1148
1150	1149
1150	1344
1150	1347
1151	1150
1151	1350
1152	1151
1152	1147
1152	1153
1152	1354
1152	1361
1153	1147
1153	1369
1153	1351
1153	1370
1153	1349
1153	1364
1156	1155
1156	1157
1160	1159
1168	1169
1168	1170
1168	1171
1173	1172
1173	1174
1176	1175
1176	1178
1176	1179
1177	1176
1177	2406
1177	2410
1181	1180
1181	1197
1184	1183
1188	1189
1188	1190
1198	1199
1220	1219
1220	1222
1220	1304
1220	1666
1220	1667
1221	1220
1221	1665
1221	3028
1224	1223
1224	1573
1224	1668
1226	1225
1251	1252
1251	1253
1251	1254
1251	1255
1251	1256
1251	1257
1251	1258
1251	1259
1251	1260
1261	1262
1261	1265
1261	1266
1261	1267
1261	1268
1261	1269
1261	1277
1261	1278
1261	1279
1262	1263
1262	1264
1269	1270
1269	1271
1269	1272
1269	1273
1269	1274
1269	1275
1269	1276
1280	1281
1280	1282
1280	1283
1280	1284
1280	1285
1280	1286
1287	1288
1287	1289
1291	1290
1291	1293
1291	1294
1291	1296
1292	1291
1294	1295
1302	1301
1302	1313
1302	1318
1302	1322
1306	1305
1306	1307
1310	1309
1313	1312
1313	1314
1313	1321
1318	1319
1318	1320
1322	1323
1325	1324
1333	1332
1333	2343
1335	1334
1335	2342
1339	1338
1339	1341
1339	1342
1339	2713
1339	2717
1338	1340
1344	1343
1344	1345
1345	1346
1350	1351
1351	1352
1354	1353
1354	1358
1354	1365
1354	1369
1354	1370
1354	1371
1353	1356
1353	1357
1355	1354
1355	1363
1355	364
1355	2048
1355	2064
1355	2074
1355	2076
1355	2079
1355	2081
1355	2084
1355	2090
1355	2111
1355	2140
1355	2143
1355	2151
1355	2159
1355	2202
1355	1349
1355	2205
1355	365
1355	2209
1355	1364
1355	2233
1358	1359
1361	1363
1361	1364
1362	1361
1362	1383
1362	1352
1362	1356
1362	1357
1367	1366
1367	1368
1367	2230
1367	2231
1367	3008
1367	3009
1367	3010
1367	3011
1373	1372
1380	1379
1380	1381
1380	1960
1385	1384
1385	1388
1385	1389
1385	1390
1385	1393
1384	1387
1386	1385
1386	1397
1386	1398
1386	3023
1390	1391
1390	1392
1395	1394
1395	2019
1395	2027
1395	2034
1395	2077
1395	2515
1395	2543
1395	2883
1395	2932
1397	1396
1398	1389
1400	1399
1400	2085
1400	2232
1400	2371
1402	1401
1402	2769
1404	1403
1404	1821
1404	1843
1404	2210
1404	2517
1404	2518
1404	2519
1404	2520
1404	2521
1404	2522
1404	2523
1404	2787
1404	2788
1404	2809
1404	2810
1404	2811
1404	2876
1404	2373
1406	1405
1409	1408
1409	1511
1410	1409
1413	1412
1413	1414
1413	1415
1417	1418
1417	1419
1417	1420
1421	1422
1421	1423
1421	1424
1427	1428
1427	1429
1427	1430
1442	1441
1442	1444
1441	1443
1448	1449
1448	1450
1448	1451
1448	1452
1453	1475
1453	1481
1456	1478
1457	1482
1457	1483
1461	1462
1461	1463
1461	1464
1461	1465
1461	1466
1461	1467
1461	1468
1461	1469
1474	1473
1474	1476
1474	3024
1474	3025
1478	1477
1480	1479
1493	1492
1493	1497
1494	1493
1494	3027
1496	1495
1496	3026
1501	1500
1503	1502
1505	1504
1505	1754
1506	1508
1507	1506
1513	1512
1513	1515
1513	1516
1513	1831
1513	2813
1514	1513
1518	1517
1518	1519
1518	1943
1518	1944
1518	1947
1518	1950
1518	3017
1521	1520
1521	1523
1521	1528
1521	1558
1521	1559
1520	1522
1523	1524
1523	1525
1523	1526
1523	1527
1528	1529
1528	1530
1528	1531
1528	1532
1528	1533
1528	1534
1528	1535
1528	1536
1538	1537
1537	1539
1537	1540
1537	1541
1537	1542
1537	1543
1537	1544
1537	1545
1537	1546
1537	1547
1537	1550
1537	1553
1537	1554
1537	1555
1537	1556
1537	1557
1547	1548
1547	1549
1550	1551
1550	1552
1561	1560
1561	1564
1561	1565
1561	1566
1561	1567
1561	1568
1561	1569
1561	1570
1561	1571
1562	1561
1562	1572
1562	1576
1562	1663
1563	1562
1575	1574
1575	1590
1575	1591
1575	1592
1575	1593
1575	1594
1575	1595
1575	1596
1575	1597
1575	1598
1575	1599
1575	1600
1575	1602
1575	1603
1575	1605
1575	1606
1575	1607
1575	1608
1575	1609
1575	1610
1575	1611
1575	1612
1575	1613
1575	1614
1575	1615
1575	1616
1575	1617
1575	1618
1575	1619
1574	1577
1574	1578
1574	1579
1574	1580
1574	1581
1574	1582
1576	1575
1576	1583
1576	1620
1576	1643
1576	1645
1576	1659
1583	1584
1583	1585
1583	1586
1583	1587
1583	1588
1588	1589
1600	1601
1603	1604
1620	1621
1620	1622
1620	1623
1620	1624
1620	1625
1620	1626
1620	1627
1620	1628
1620	1629
1620	1630
1620	1631
1620	1632
1620	1633
1620	1634
1620	1635
1620	1636
1620	1637
1620	1638
1620	1639
1620	1640
1620	1641
1620	1642
1643	1644
1645	1646
1645	1647
1645	1649
1645	1650
1645	1651
1645	1654
1645	1655
1645	1656
1645	1657
1645	1658
1647	1648
1651	1652
1651	1653
1659	1660
1659	1661
1669	1670
1669	1671
1675	1674
1675	1676
1678	1677
1678	1681
1678	1683
1678	1688
1678	1689
1678	1691
1678	1692
1678	1695
1678	1699
1678	1700
1678	1701
1678	1704
1678	1709
1678	1710
1678	1711
1678	1712
1678	1713
1678	1714
1678	1715
1678	1716
1678	1717
1678	1719
1678	1720
1678	1721
1678	1722
1678	1723
1678	1724
1678	1725
1678	1726
1678	1731
1678	1733
1678	1736
1678	1737
1678	1738
1678	1739
1678	1744
1679	1678
1679	1685
1679	1687
1679	1702
1679	1706
1679	1729
1679	1735
1679	1752
1679	1753
1680	1679
1680	1682
1680	1718
1680	1741
1685	1684
1685	1697
1685	1698
1685	1705
1685	1708
1687	1686
1687	1690
1687	1693
1687	1694
1687	1727
1687	1728
1687	1730
1687	1732
1687	1734
1697	1696
1704	1703
1706	1707
1740	1741
1743	1742
1743	1748
1743	1750
1743	1755
1744	1745
1744	1746
1744	1747
1748	1749
1748	1750
1748	1751
1759	1758
1761	1760
1761	1771
1761	1778
1760	1764
1762	1761
1762	1788
1763	1760
1763	1765
1763	1764
1769	1768
1771	1773
1772	1771
1772	1774
1772	1773
1778	1780
1779	1778
1779	1781
1779	1780
1785	1784
1785	1791
1787	1786
1787	1790
1787	1792
1788	1789
1794	1793
1794	1796
1794	2012
1795	1794
1795	1959
1795	2013
1795	2015
1798	1797
1800	1799
1802	1801
1804	1803
1804	1808
1803	1805
1803	1806
1806	1807
1808	1807
1808	2007
1808	2010
1810	1809
1810	1812
1810	1813
1811	1810
1811	1815
1811	1816
1811	1818
1811	1824
1811	1825
1811	1827
1815	1814
1815	1826
1818	1817
1818	1819
1821	1820
1823	1822
1824	1823
1829	1828
1829	1834
1836	1835
1836	1839
1836	1841
1836	1840
1838	1837
1839	1840
1839	1841
1843	1842
1843	1844
1843	1845
1847	1846
1847	1848
1847	1849
1851	1850
1851	2418
1851	2419
1851	2420
1851	2421
1851	2441
1853	1852
1853	1876
1853	1878
1853	1879
1853	1981
1855	1854
1854	1856
1854	1857
1854	1860
1854	1872
1857	1858
1857	1859
1860	1861
1860	1862
1860	1863
1860	1864
1860	1865
1860	1866
1860	1867
1860	1868
1860	1869
1860	1870
1860	1871
1872	1873
1872	1874
1876	1877
1881	1880
1881	1883
1881	1888
1884	1885
1887	1886
1887	1897
1890	1889
1891	1890
1891	1893
1893	1892
1893	1894
1895	1896
1902	1901
1902	1923
1904	1905
1904	1910
1904	1913
1905	1906
1905	1907
1905	1908
1905	1909
1910	1911
1910	1912
1913	1914
1914	1915
1918	1917
1922	1921
1923	1922
1925	1924
1927	1926
1927	1933
1927	1934
1927	1935
1927	1936
1928	1927
1930	1929
1930	1948
1930	1949
1932	1931
1932	1937
1932	1954
1940	1939
1940	1941
1943	1942
1942	1945
1944	1942
1944	1946
1953	1952
1953	1954
1957	1956
1957	1959
1958	1956
1962	1961
1964	1963
1963	1965
1963	1966
1969	1968
1969	1789
1973	1972
1973	1974
1973	1976
1973	1979
1976	1975
1975	1977
1977	1978
1983	1982
1983	1984
1983	1988
1983	1991
1983	1992
1986	1985
1986	1987
1990	1989
1995	1994
1995	1998
1995	1999
1995	2000
1995	2001
1995	2002
1995	2003
1995	2004
1995	2005
1995	2006
1995	2007
1995	2008
1995	2009
1995	2010
1995	2011
1994	1996
1994	1997
2013	2014
2017	2016
2017	2018
2020	2021
2021	2022
2024	2023
2024	2025
2029	2028
2038	2039
2038	2040
2040	2041
2045	2044
2046	2045
2046	2078
2046	2103
2046	2112
2046	2237
2048	2047
2048	2051
2048	2053
2048	2054
2048	2057
2048	2223
2047	2049
2051	2050
2053	2052
2053	2055
2053	2056
2058	2059
2058	2060
2064	2063
2064	2067
2064	2068
2063	2065
2063	2066
2070	2069
2070	2071
2070	2072
2074	2073
2074	2075
2081	2080
2081	2082
2084	2083
2084	2087
2084	2089
2084	2235
2089	2088
2092	2091
2092	2119
2091	2093
2093	2094
2093	2095
2096	2097
2096	2098
2096	2099
2101	2100
2101	2117
2101	2128
2106	2105
2105	2107
2105	2108
2110	2109
2110	2138
2111	2110
2111	2126
2111	2135
2111	2136
2115	2114
2115	2121
2115	2127
2117	2116
2117	2122
2119	2118
2119	2120
2130	2129
2130	2132
2130	2133
2131	2129
2135	2134
2138	2137
2140	2139
2140	2142
2139	2141
2145	2144
2149	2148
2151	2150
2151	2153
2151	2154
2151	2155
2151	2157
2151	2234
2153	2152
2153	2156
2159	2158
2159	2161
2161	2160
2163	2162
2163	2176
2163	2225
2163	2226
2163	2227
2165	2164
2167	2166
2167	2177
2167	2228
2167	2229
2169	2168
2171	2170
2173	2172
2175	2174
2175	2181
2179	2178
2180	2178
2183	2182
2183	2497
2185	2184
2188	2187
2189	2187
2192	2191
2194	2193
2194	2200
2194	2201
2197	2196
2197	2198
2197	2199
2203	1349
2205	2204
2205	2206
2209	2208
2209	2211
2213	2212
2213	2215
2213	2216
2213	2217
2220	2219
2220	2221
2220	2222
2224	2223
2224	2234
2224	2235
2237	2236
2239	2238
2242	2241
2242	2249
2241	2243
2241	2244
2241	2245
2241	2246
2241	2247
2241	2248
2251	2250
2251	2253
2252	2251
2252	2253
2258	2257
2258	413
2258	2260
2258	2261
2259	2260
2259	2261
2262	2263
2262	2264
2262	2265
2262	2266
2262	2267
2262	2268
2262	2269
2262	2270
2262	2271
2262	2272
2262	2273
2262	2274
2262	2275
2262	2276
2262	2277
2262	2278
2262	2279
2262	2280
2285	2284
2285	3034
2285	414
2287	2286
2287	3035
2287	3036
2287	3037
2287	3038
2287	3039
2287	3040
2287	3041
2287	3042
2287	3043
2287	3044
2287	430
2287	2292
2293	438
2308	2293
2308	2294
2308	2295
2308	2296
2308	2297
2308	2298
2308	2299
2308	2258
2308	2300
2308	2301
2308	2302
2310	2309
2310	2311
2310	2312
2313	2314
2315	2316
2318	2317
2318	2319
2318	2320
2318	2321
2318	2722
2323	2322
2324	2322
2326	2327
2330	2329
2330	2332
2331	2330
2334	2333
2336	2335
2336	2337
2336	2338
2336	2339
2341	2340
2344	2345
2358	2357
2363	2362
2362	2364
2365	2366
2368	2367
2373	2372
2373	2379
2372	2374
2372	2375
2375	2376
2375	2380
2376	2377
2376	2382
2379	2378
2379	2375
2379	2383
2381	2380
2380	2377
2383	2376
2385	2384
2385	2386
2388	2387
2388	2389
2388	2394
2387	2389
2387	2394
2389	2390
2389	2391
2389	2392
2389	2393
2394	2395
2397	2396
2397	2409
2399	2398
2399	2404
2400	2399
2400	2407
2400	2408
2400	2411
2401	2399
2401	2405
2401	2407
2401	2408
2403	2402
2413	2412
2415	2414
2415	2416
2415	2417
2426	2427
2430	2431
2430	2432
2430	2433
2430	2434
2436	2437
2437	2107
2437	2108
2439	2440
2443	2376
2447	2448
2450	2449
2450	2448
2455	2454
2455	2462
2455	2463
2456	2457
2459	2458
2459	2863
2459	2864
2461	2460
2465	2464
2465	2468
2465	2473
2466	2464
2468	2467
2468	2471
2468	2472
2468	2474
2469	2470
2476	2475
2476	2477
2476	2480
2476	2486
2476	2492
2476	2488
2479	2478
2482	2481
2482	2487
2482	2491
2483	2481
2483	2484
2483	2485
2488	2487
2488	2491
2488	2493
2489	2487
2489	2491
2490	2489
2490	3082
2490	3083
2490	3084
2490	3085
2490	3086
2490	3087
2490	3088
2494	2495
2496	2497
2499	2498
2499	2500
2501	2502
2501	2503
2507	2506
2507	2508
2507	2509
2512	2511
2514	2513
2517	2516
2517	2524
2523	2524
2527	2526
2529	2528
2531	2530
2531	2539
2530	2532
2530	2533
2532	2537
2532	2538
2532	2540
2532	2541
2532	2542
2533	2534
2536	2535
2546	2545
2548	2547
2547	2549
2551	2550
2554	2553
2554	2581
2555	2554
2555	2556
2555	2557
2555	2558
2555	2574
2555	2596
2555	2600
2559	2560
2562	2561
2562	2812
2562	2859
2562	2861
2564	2563
2565	2563
2565	2571
2567	2566
2570	2569
2572	2571
2576	2575
2578	2577
2580	2579
2580	2587
2581	2580
2581	2582
2581	2589
2581	2593
2582	2583
2582	2586
2583	2584
2583	2585
2587	2588
2589	2590
2589	2591
2589	2592
2595	2594
2598	2597
2598	2822
2598	2824
2598	2825
2598	2826
2598	2827
2598	2828
2600	2599
2600	2601
2600	2602
2600	2603
2605	2604
2605	2608
2605	2607
2604	2606
2604	2608
2606	2607
2608	2609
2609	2610
2609	2611
2612	2608
2613	2609
2613	2606
2613	2610
2613	2617
2613	2638
2613	2615
2613	2616
2613	2619
2613	2620
2613	2621
2613	2639
2613	2629
2613	2648
2613	2651
2614	2615
2614	2616
2614	2617
2614	2619
2614	2620
2614	2621
2617	2618
2625	2624
2625	2626
2627	2628
2627	2630
2628	2629
2632	2631
2632	2633
2634	2606
2634	2651
2636	2635
2637	2617
2637	2638
2637	2615
2637	2616
2637	2619
2637	2620
2637	2621
2642	2641
2642	2643
2643	2644
2643	2645
2643	2646
2648	2647
2650	2649
2653	2652
2653	2657
2652	2655
2652	2656
2654	2653
2659	2658
2659	2670
2660	2659
2660	2671
2661	2660
2663	2662
2663	2678
2663	2711
2664	2663
2666	2665
2666	2694
2667	2666
2669	2668
2669	2699
2673	2672
2673	2709
2674	2673
2674	2677
2674	2710
2675	2674
2676	2673
2680	2679
2680	2683
2680	2684
2680	2685
2680	2692
2680	2693
2681	2680
2683	2682
2683	2686
2683	2687
2683	2688
2683	2689
2683	2690
2683	2691
2694	2695
2694	2696
2694	2697
2699	2698
2699	2700
2700	2701
2700	2702
2701	2703
2701	2706
2702	2704
2702	2705
2708	2707
2713	2712
2715	2714
2715	2716
2717	1340
2717	2718
2720	2719
2720	2721
2723	2724
2723	2725
2748	2747
2748	2749
2748	2750
2748	2751
2748	2754
2753	2752
2756	2755
2757	2756
2757	2758
2757	2759
2757	2760
2763	2762
2763	2764
2763	2765
2763	2766
2763	2767
2763	2768
2763	2808
2769	2771
2769	2772
2769	2773
2770	2769
2770	2776
2770	2777
2770	2781
2771	2778
2771	2779
2773	2774
2773	2775
2783	2782
2783	2785
2783	2786
2791	2790
2793	2792
2793	2873
2793	2879
2794	2793
2794	2872
2796	2795
2795	2797
2797	2798
2800	2799
2800	2980
2799	2801
2799	2802
2799	2803
2799	2804
2806	2805
2806	2807
2806	3006
2806	3007
2815	2814
2815	2816
2815	2818
2815	2820
2815	2821
2818	2817
2818	2819
2823	2822
2823	2825
2823	2827
2823	2828
2830	2829
2830	2844
2830	2845
2831	2830
2831	2846
2831	2848
2833	2832
2833	2834
2833	2835
2838	2839
2838	2840
2838	3110
2838	3111
2838	3112
2838	3113
2838	3114
2842	2841
2841	2843
2848	2847
2850	2849
2853	2852
2860	2859
2863	2862
2866	2865
2868	2867
2868	2869
2868	2870
2868	2871
2878	2877
2878	2884
2879	2880
2879	2881
2879	2882
2885	2886
2885	2887
2885	2888
2889	2890
2889	2892
2890	2891
2894	2895
2894	2896
2901	2900
2901	2904
2901	2906
2901	2914
2901	2915
2901	2925
2902	2901
2902	2903
2902	2907
2902	2927
2902	2952
2903	2900
2905	2904
2907	2906
2907	2937
2912	2911
2912	2926
2915	2916
2915	2917
2917	2918
2917	2922
2917	2923
2917	2924
2918	2919
2918	2920
2918	2921
2927	2915
2927	2928
2927	2934
2928	2917
2928	2929
2928	2939
2928	2940
2928	2946
2929	2918
2929	2930
2929	2931
2929	2951
2930	2919
2931	2920
2934	2916
2937	2914
2939	2922
2940	2924
2946	2923
2951	2921
2952	2925
2966	2965
2969	2968
2971	2970
2971	2972
2973	2974
2976	2977
2980	2801
2980	2802
2980	2803
2980	2804
2981	252
2981	253
2995	2126
2995	2136
2995	2135
2995	2110
3019	3018
3022	1512
3022	1515
3022	1516
3022	1831
3022	2813
3029	3030
3029	3031
3029	3032
3029	3033
3037	671
3037	684
3037	705
3037	2938
3038	685
3039	690
3039	2942
3040	698
3040	2948
3041	677
3041	679
3041	710
3041	2954
3045	3046
3045	3047
3045	3048
3045	3049
3045	3050
3045	3051
3045	3052
3045	3053
3045	3054
3045	3055
3045	3056
3045	3057
3045	3058
3045	3059
3045	3060
3045	3061
3045	3062
3045	3063
3045	3064
3065	3066
3065	3067
3065	3068
3069	3070
3069	3071
3069	3072
3069	3073
3069	3074
3069	3000
3075	3076
3075	3077
3075	3078
3079	3076
3079	3080
3079	3081
3082	3077
3082	3078
3089	3094
3089	3095
3089	3096
3089	2999
3089	3097
3089	3098
3089	3099
3089	3100
3089	3101
3089	3102
3089	2517
3089	3103
3089	3104
3089	3105
3089	3106
3089	3107
3089	3108
3089	3109
3090	3091
3090	3092
3090	3093
3095	1842
3095	1844
3095	1845
3106	1820
3119	2868
