1	0
1	55
1	56
1	57
2	1
2	9
2	11
2	12
2	13
2	14
2	15
2	16
2	17
2	18
2	19
2	20
2	21
2	22
2	23
2	24
2	25
3	2
3	26
3	27
3	28
3	36
3	37
3	49
3	50
4	3
5	4
6	5
7	6
7	72
8	3
9	10
9	51
11	52
11	53
24	58
24	62
24	63
24	64
24	65
24	66
24	67
24	68
28	29
28	30
28	31
28	32
28	33
28	34
28	35
37	38
37	39
37	40
37	41
37	42
37	43
37	44
37	45
37	46
37	47
37	48
53	54
58	59
58	60
58	61
70	69
70	71
74	73
74	77
74	96
74	97
74	98
74	99
74	100
74	101
74	102
74	103
74	104
74	105
74	106
74	107
74	3464
74	3465
75	74
77	76
77	79
77	87
77	88
77	89
77	90
77	91
77	92
77	93
77	94
77	95
76	78
79	80
79	81
79	85
79	86
81	82
82	83
83	84
109	108
109	217
109	321
109	653
109	1012
109	1175
109	1345
109	1415
109	1979
109	2041
109	2076
109	2119
109	2367
109	2400
109	2502
109	2527
109	2543
109	2580
109	2588
109	2647
109	3004
109	3412
108	110
112	111
112	1534
112	1536
112	1541
112	1572
112	1573
112	1574
114	113
114	1498
114	1499
116	115
116	1504
116	2184
116	3082
118	117
118	996
118	1500
118	1523
118	2180
118	3406
120	119
120	895
120	896
120	922
120	923
120	1134
120	1235
120	1236
120	1237
120	1238
120	1239
120	1240
120	1241
120	1242
120	1243
120	1244
120	1245
120	1246
120	1247
120	1248
120	1249
120	1250
120	1251
120	1252
120	1253
120	1254
120	1255
120	1256
120	1257
120	1333
120	1334
120	1335
120	1336
120	1337
120	1338
121	120
121	1331
121	1332
121	3521
123	122
123	1501
123	1502
123	1503
124	123
124	997
124	1517
125	124
126	124
126	911
126	1160
126	1155
126	1409
126	1412
126	1493
126	1492
126	1521
126	1817
126	1835
126	1845
126	1961
126	1965
126	2063
126	2079
126	2085
126	2089
126	2091
126	2094
126	2096
126	2099
126	2105
126	2117
126	2126
126	2196
126	2200
126	2207
126	2211
126	2214
126	1357
126	2217
126	371
126	2221
126	2226
126	2245
126	2409
126	2411
126	2412
126	2417
126	2418
126	2422
126	2456
126	2459
126	2186
126	2492
126	3098
126	3105
126	3168
126	3217
126	2402
126	3600
128	127
128	132
128	2157
130	129
130	135
130	1890
130	1896
130	1897
130	1899
130	1913
131	130
131	1902
131	1906
131	1910
131	1914
131	1915
132	131
132	1919
132	1931
134	133
135	134
135	1918
137	136
137	3242
137	3243
137	3244
137	3245
138	137
138	2188
138	2624
138	2735
138	3166
138	3167
138	3170
138	3171
138	3175
138	3224
138	3237
138	3241
138	3246
138	3247
138	3303
138	3322
138	3335
138	3626
138	3627
138	3628
138	3629
138	3630
140	139
140	3111
140	3112
140	3113
140	3114
140	3125
140	3126
141	140
141	468
141	656
141	696
141	3127
141	3128
143	142
143	3093
143	3344
143	3345
143	3346
143	3347
145	144
145	3094
145	3146
145	3172
145	3340
145	3343
145	3348
147	146
147	3115
147	3116
147	3117
147	3118
147	3119
147	3120
147	3121
147	3122
147	3123
147	3129
147	3130
147	3131
148	147
148	472
148	476
148	666
148	697
148	3223
150	149
152	151
152	3108
152	3238
152	3320
152	3321
152	3331
153	152
153	3307
153	3339
154	155
156	157
159	158
159	2977
159	2982
159	2990
159	2991
159	2974
159	2985
159	3006
159	2983
159	2984
159	2987
159	2988
159	2989
159	3007
159	3008
159	2997
159	2998
159	3016
161	160
161	516
161	520
161	531
161	533
161	534
161	535
161	536
161	537
161	539
161	540
161	3383
161	3388
161	3391
161	3393
161	3394
161	3395
161	3397
161	3403
163	162
163	164
163	167
163	171
163	172
163	213
163	174
163	214
163	179
163	180
163	181
163	182
163	176
163	183
163	184
163	187
163	185
163	186
163	188
163	189
163	190
163	191
163	193
163	194
163	197
163	198
163	199
163	202
163	207
163	210
162	164
162	167
162	168
162	169
162	170
162	171
162	178
162	179
162	180
162	181
162	182
162	183
162	184
162	185
162	186
162	187
162	188
162	189
162	190
162	191
162	193
162	194
162	195
162	196
162	197
162	198
162	199
162	200
162	201
162	202
162	203
162	204
162	205
162	206
162	207
162	208
162	209
162	210
164	165
164	166
171	172
171	173
171	174
171	175
171	176
171	177
173	214
175	213
191	192
191	1339
212	211
216	215
216	218
216	219
216	220
216	221
216	222
216	223
216	224
216	225
216	226
216	227
216	228
216	229
216	230
216	231
216	232
216	233
216	234
216	235
217	216
217	261
217	269
217	270
217	322
217	408
217	466
217	470
217	546
217	554
217	559
217	720
217	723
217	724
217	725
217	726
217	727
217	728
217	729
217	734
217	735
217	815
217	839
217	856
217	1189
217	1190
217	1192
217	1193
217	1194
217	1195
217	1196
217	1199
217	1200
217	1201
217	1202
217	1203
217	1204
217	1206
217	1208
217	1212
217	1213
217	1214
217	1215
217	1216
217	1217
217	1218
217	1219
217	1220
217	1222
217	1223
217	1224
217	1225
217	1383
217	2045
217	2047
217	2050
217	2051
217	2057
217	2058
217	2061
217	3300
217	3424
237	236
237	239
237	241
237	266
237	267
237	268
238	237
238	236
238	239
241	240
241	251
241	253
241	254
241	255
241	256
241	263
241	265
240	242
240	243
240	244
240	245
240	246
240	247
240	248
240	249
240	250
251	252
258	257
258	811
258	2412
258	3362
258	3414
258	3415
258	3468
258	3469
258	2404
258	3470
258	3471
258	3472
257	259
257	260
263	262
263	264
271	272
272	273
272	274
272	275
277	276
276	279
276	280
278	276
278	485
280	281
280	311
280	315
280	316
280	317
281	282
281	283
281	284
281	285
281	302
281	303
285	286
285	289
285	290
285	291
286	287
286	288
291	292
291	293
291	294
291	295
291	296
291	297
291	301
297	298
297	299
297	300
303	304
303	305
303	306
303	307
307	308
307	309
307	310
311	312
311	313
311	314
319	318
319	320
322	323
325	324
325	355
325	356
325	360
325	367
325	368
325	369
325	370
325	372
325	373
325	374
325	375
325	376
325	377
324	328
324	329
324	334
326	325
326	402
327	326
327	328
327	330
327	332
327	333
327	403
327	834
327	367
327	374
327	373
327	1772
327	3354
329	330
329	331
329	332
329	333
334	335
337	336
337	431
339	338
339	1014
339	1174
340	339
340	338
340	522
340	272
340	555
340	2046
340	3356
342	341
342	1221
342	3357
341	343
343	344
346	345
345	347
345	348
349	347
351	350
351	398
351	399
351	400
352	351
352	350
352	399
352	1015
354	353
355	354
355	357
357	358
357	359
360	361
360	365
360	366
361	362
361	364
362	363
370	371
377	378
378	379
378	380
382	381
382	383
385	384
385	608
385	696
385	697
385	701
385	704
385	705
385	709
385	719
385	2339
385	2342
385	2352
385	2353
385	2354
385	2355
385	2356
385	2357
385	2358
385	2359
385	2360
385	2361
385	2362
385	2365
385	2366
387	386
389	388
389	401
389	393
389	3352
388	390
388	391
388	392
388	393
395	394
395	3359
394	397
396	395
396	689
396	2035
396	3358
396	3461
402	403
402	404
402	405
402	406
402	407
409	410
409	415
410	411
410	412
410	413
410	414
415	416
415	417
417	418
417	419
421	420
421	517
421	521
421	530
421	532
421	538
421	553
421	1771
421	2321
421	3080
421	3081
421	3385
421	3386
421	3400
421	3407
421	3408
421	3409
421	3411
423	422
423	686
423	688
424	422
424	440
424	682
424	687
424	695
424	700
424	707
424	865
424	2297
424	681
424	2319
424	3515
424	3533
424	3534
424	3535
424	3536
424	3537
424	3538
424	3539
424	3540
424	3541
424	3542
424	2306
425	424
425	816
425	2301
426	425
426	911
426	1408
426	1409
426	1493
426	1532
426	2077
426	2100
426	2101
426	2117
426	2121
426	2128
426	2138
426	2139
426	2140
426	2182
426	2189
426	2219
426	2226
426	2266
426	2267
426	2269
426	423
426	2295
426	2296
426	2410
426	2411
426	2412
426	2452
426	2453
426	2454
426	2455
426	2456
426	2458
426	2459
426	2460
426	2468
426	2469
426	2471
426	2472
426	2474
426	2475
426	2476
426	2477
426	2186
426	2478
426	2479
426	2492
426	3155
426	3168
426	3217
426	2465
426	2466
426	3304
426	3410
426	2299
428	427
430	429
430	439
430	442
433	432
433	435
433	434
432	434
432	435
437	436
437	439
437	446
438	436
438	451
440	437
440	447
440	450
440	1013
440	2317
440	2319
440	2322
440	2302
440	2303
440	2304
440	2305
440	2306
442	441
443	444
443	445
449	448
450	449
450	693
450	694
450	699
450	706
450	718
450	2268
450	2270
450	2271
450	2307
450	2308
450	2309
450	2310
450	2311
450	2312
450	2313
450	2314
450	2315
450	2316
450	2318
450	2320
453	452
453	1421
453	1781
453	1784
453	1791
453	1982
453	2484
453	3418
455	454
455	1782
455	1789
455	1796
455	1985
455	2485
457	456
457	1783
457	1790
457	1797
457	1986
457	2486
457	3256
457	3261
457	3263
457	3266
457	3270
457	3273
457	3274
457	3275
457	3280
457	3281
457	3291
457	3293
457	3297
459	458
459	460
461	460
463	462
463	464
463	465
463	469
468	467
470	471
472	473
472	474
472	475
476	477
479	478
478	480
478	483
480	481
480	482
484	280
484	486
484	492
484	674
484	698
484	703
484	3378
485	484
485	683
485	3377
486	281
486	487
486	488
486	491
486	500
486	504
486	512
487	282
488	285
488	489
488	494
488	501
489	291
489	490
489	495
489	497
489	503
489	509
489	511
489	541
490	292
491	303
491	493
491	499
491	502
491	506
492	491
492	493
492	315
492	3389
493	304
494	286
494	498
494	505
494	544
495	297
495	496
495	508
495	510
496	298
497	293
498	289
499	305
500	283
501	290
502	306
503	294
504	284
505	287
506	307
506	507
506	542
506	543
507	308
508	299
509	295
510	300
511	296
512	302
514	513
515	514
515	671
515	672
515	673
515	3519
519	518
522	272
522	529
522	3387
523	522
524	522
525	522
525	704
525	3124
526	522
526	705
527	522
527	272
527	1209
527	1210
527	1211
527	2158
527	2230
528	273
529	528
529	274
541	301
542	309
543	310
544	288
546	545
546	547
546	548
550	549
552	551
552	893
552	918
552	946
557	556
557	564
557	566
558	557
558	561
558	567
558	568
558	569
558	570
558	578
559	558
559	1145
559	2008
559	2052
559	2053
561	560
561	562
561	563
564	565
570	571
570	577
571	572
571	573
571	574
571	575
575	576
580	579
580	1390
581	580
583	582
583	1385
584	582
584	2389
584	3256
584	3261
584	3263
584	3266
584	3270
584	3273
584	3274
584	3275
584	3280
584	3281
584	3288
584	3291
584	3293
584	3297
585	582
585	588
585	885
585	888
585	965
585	1164
585	1163
585	1165
585	1512
585	2107
585	1385
585	2498
585	3512
587	586
587	884
587	910
587	1520
587	1916
587	1935
587	1938
588	587
588	885
588	893
588	911
588	1521
588	1825
588	1917
590	589
590	1154
590	1162
590	1166
590	1688
590	1934
590	1953
590	2048
592	591
592	596
592	595
592	625
592	619
592	642
592	593
592	594
592	626
592	650
592	656
592	660
592	661
591	593
591	594
596	595
596	615
597	596
597	625
597	619
597	626
599	598
599	605
599	612
599	642
600	599
600	602
601	598
601	612
602	601
602	606
604	603
604	663
606	605
606	642
607	606
608	610
608	611
609	608
609	621
609	2599
609	2633
614	613
617	616
616	619
618	616
618	621
619	620
619	621
621	622
622	623
623	624
625	626
626	627
626	630
626	631
626	639
626	640
627	628
627	629
631	632
631	635
631	637
632	633
632	634
635	636
637	638
641	621
641	1966
642	643
645	644
646	626
646	647
646	648
646	634
647	631
647	640
648	640
649	648
652	651
652	622
654	610
654	657
654	658
654	659
654	611
654	3517
655	610
655	611
655	3517
662	661
665	664
665	668
666	665
667	664
667	701
667	3164
670	669
674	311
674	676
674	677
674	711
674	3379
675	311
676	312
676	3380
677	313
677	3381
679	678
679	712
681	680
681	702
681	713
681	865
681	2298
681	2300
681	2302
681	2303
681	2304
681	2305
681	2306
681	450
682	680
682	693
682	713
682	3388
683	279
683	3384
685	684
685	692
687	686
687	688
687	718
687	3404
691	690
692	691
695	694
698	317
698	3390
700	699
700	3392
703	316
703	3396
707	706
707	3398
709	708
710	709
710	3399
711	314
711	3401
714	715
716	715
716	3402
717	716
722	721
730	731
733	732
737	736
737	738
740	739
740	742
740	743
740	744
740	745
740	746
740	747
740	748
740	749
740	750
740	751
740	752
740	753
740	754
740	755
740	756
740	757
740	758
740	759
740	760
740	761
740	762
740	763
740	764
740	765
740	766
740	767
740	768
740	769
740	770
740	771
740	772
740	773
740	774
740	775
740	776
740	777
740	778
740	779
740	780
740	781
740	782
740	783
740	784
740	785
740	786
740	787
741	740
782	788
790	789
790	791
790	810
793	792
793	794
793	830
796	795
796	799
796	805
797	796
797	803
799	798
799	804
800	798
800	808
801	798
801	809
803	802
807	806
807	827
809	808
809	816
813	812
815	814
815	872
818	817
819	818
819	840
819	859
821	820
821	822
821	823
825	824
825	828
826	825
826	829
829	828
829	831
833	832
833	851
833	853
833	854
833	855
833	860
833	861
833	868
833	3520
834	360
834	835
834	841
835	361
836	835
836	841
838	837
838	843
838	852
838	845
838	846
838	869
841	362
841	365
843	842
842	844
842	849
842	850
844	845
844	846
844	847
844	848
858	857
863	862
863	864
867	866
867	870
867	871
874	873
876	875
876	891
878	877
878	879
881	880
881	1056
881	1057
881	1128
883	882
884	883
884	1258
884	1268
884	1288
884	1295
885	884
886	885
886	1154
886	1165
886	1166
886	3510
886	3511
886	3512
886	3513
888	887
888	917
890	889
890	1051
891	892
894	893
894	1163
894	1344
894	1368
894	1384
894	1386
894	1677
894	2000
894	2124
894	2126
894	2177
894	1385
894	2349
894	2399
894	2455
894	2474
894	2475
894	2497
894	2529
894	2537
894	2561
894	3217
894	3473
894	3474
894	3475
894	3476
894	3477
894	3478
894	3479
894	3480
894	3481
894	3482
894	3483
894	3484
894	3485
894	3486
894	3487
894	3488
894	3489
894	3490
894	3491
894	3492
894	3493
894	2402
898	897
898	1172
898	1173
898	1234
898	1305
898	1306
898	1314
898	1316
898	1317
898	1321
898	1322
898	1323
899	898
899	1308
899	1309
899	1497
899	1513
899	1995
899	2387
899	3405
901	900
900	902
900	903
903	904
903	905
907	906
907	1441
907	1442
907	1443
907	1444
907	1445
907	1446
907	1447
907	1448
907	1449
907	1450
908	907
908	1426
908	1427
908	1431
908	1435
908	1436
908	1437
908	1451
908	1452
909	908
909	1170
909	1454
909	1457
909	1458
909	1459
909	1460
909	1463
909	1464
909	1465
909	1466
909	1467
909	1468
909	1469
910	909
910	1470
910	1471
910	1472
910	1481
910	1482
910	1483
911	910
912	913
912	914
914	915
914	916
919	920
919	921
925	924
925	929
925	930
925	933
925	938
925	939
925	940
926	925
926	964
927	926
927	928
927	965
928	925
930	931
930	932
933	934
933	935
933	936
933	937
940	941
943	942
944	943
944	945
944	947
949	948
949	951
949	952
949	953
949	961
950	949
955	954
955	979
955	980
955	982
955	983
954	956
954	957
954	958
954	959
954	960
963	962
963	966
963	973
963	974
963	975
963	976
963	977
964	963
964	969
964	971
965	964
968	967
968	970
969	968
969	978
971	972
980	981
985	984
987	986
989	988
989	990
989	991
989	992
989	993
995	994
999	998
999	1004
998	1000
998	1001
998	1002
998	1003
1006	1005
1006	1684
1006	1687
1007	1006
1007	1005
1007	1231
1007	1679
1007	1970
1007	2384
1009	1008
1009	1010
1009	1011
1009	2349
1017	1016
1019	1018
1019	1023
1019	1024
1019	1025
1019	1026
1019	1027
1019	1028
1019	1029
1019	1030
1020	1019
1020	1059
1020	1151
1021	1020
1021	1033
1021	1054
1021	1078
1021	1131
1021	1150
1021	1152
1022	1020
1032	1031
1032	1076
1032	1105
1033	1035
1033	1036
1033	1037
1033	1038
1033	1039
1033	1040
1033	1041
1033	1042
1033	1043
1034	1033
1034	1078
1045	1044
1045	1137
1046	1045
1048	1047
1048	1139
1050	1049
1051	1050
1053	1052
1053	1103
1053	1127
1054	1053
1054	1092
1055	1054
1059	1058
1059	1061
1059	1062
1059	1064
1059	1066
1059	1068
1059	1070
1059	1072
1059	1074
1059	1104
1058	1060
1062	1063
1064	1065
1066	1067
1068	1069
1070	1071
1072	1073
1074	1075
1078	1077
1078	1088
1078	1106
1078	1135
1077	1079
1077	1080
1077	1081
1077	1082
1077	1083
1077	1084
1077	1085
1077	1086
1088	1087
1088	1115
1090	1089
1090	1116
1092	1091
1092	1117
1091	1094
1091	1095
1091	1096
1091	1097
1091	1098
1091	1099
1091	1100
1091	1101
1091	1102
1093	1092
1106	1107
1106	1108
1106	1109
1106	1110
1106	1111
1106	1112
1106	1113
1106	1114
1117	1118
1117	1119
1117	1120
1117	1121
1117	1122
1117	1123
1117	1124
1117	1125
1117	1126
1130	1129
1130	1524
1130	2252
1130	2538
1130	2608
1130	2617
1132	1131
1133	1132
1133	1171
1137	1136
1139	1138
1141	1140
1141	1847
1141	1848
1142	1141
1143	1142
1145	1144
1145	1146
1145	1147
1145	1153
1149	1148
1151	1169
1156	1155
1156	1356
1156	1357
1157	1156
1158	1157
1158	1352
1158	1355
1159	1158
1159	1358
1160	1159
1160	1155
1160	1161
1160	1362
1160	1369
1161	1155
1161	1377
1161	1359
1161	1378
1161	1357
1161	1372
1164	1163
1164	1165
1168	1167
1176	1177
1176	1178
1176	1179
1181	1180
1181	1182
1184	1183
1184	1186
1184	1187
1185	1184
1185	2434
1185	2440
1185	2732
1189	1188
1189	1205
1192	1191
1196	1197
1196	1198
1206	1207
1227	1226
1227	1229
1227	1310
1227	1681
1227	1682
1228	1227
1228	1680
1228	3526
1231	1230
1231	1588
1231	1683
1233	1232
1258	1259
1258	1260
1258	1261
1258	1262
1258	1263
1258	1264
1258	1265
1258	1266
1258	1267
1268	1269
1268	1272
1268	1273
1268	1274
1268	1275
1268	1276
1268	1285
1268	1286
1268	1287
1269	1270
1269	1271
1276	1277
1276	1280
1276	1281
1276	1282
1276	1283
1276	1284
1277	1278
1277	1279
1288	1289
1288	1290
1288	1291
1288	1292
1288	1293
1288	1294
1295	1296
1295	1297
1299	1298
1299	1301
1299	1302
1299	1304
1300	1299
1302	1303
1308	1307
1308	1319
1308	1324
1308	1328
1312	1311
1312	1313
1316	1315
1319	1318
1319	1320
1319	1327
1324	1325
1324	1326
1328	1329
1331	1330
1341	1340
1343	1342
1347	1346
1347	1349
1347	1350
1347	3096
1347	3102
1346	1348
1352	1351
1352	1353
1353	1354
1358	1359
1359	1360
1362	1361
1362	1366
1362	1373
1362	1377
1362	1378
1362	1379
1362	1380
1361	1364
1361	1365
1363	1362
1363	1371
1363	370
1363	2063
1363	2079
1363	2089
1363	2091
1363	2094
1363	2096
1363	2099
1363	2105
1363	2126
1363	2196
1363	2200
1363	2207
1363	2211
1363	2214
1363	1357
1363	2217
1363	371
1363	2221
1363	1372
1363	2245
1366	1367
1369	1371
1369	1372
1370	1369
1370	1391
1370	1360
1370	1364
1370	1365
1375	1374
1375	1376
1375	2242
1375	2243
1375	3506
1375	3507
1375	3508
1375	3509
1382	1381
1388	1387
1388	1389
1388	1975
1393	1392
1393	1396
1393	1397
1393	1398
1393	1401
1392	1395
1394	1393
1394	1405
1394	1406
1398	1399
1398	1400
1403	1402
1403	2034
1403	2042
1403	2049
1403	2092
1403	2551
1403	2579
1403	3329
1403	3382
1405	1404
1406	1397
1408	1407
1408	2100
1408	2244
1408	3218
1408	3304
1410	1409
1410	3154
1412	1411
1412	1835
1412	1858
1412	2222
1412	2553
1412	2554
1412	2555
1412	2556
1412	2557
1412	2558
1412	2559
1412	3173
1412	3174
1412	3195
1412	3196
1412	2402
1414	1413
1417	1416
1419	1418
1419	1525
1420	1419
1420	2417
1420	3298
1420	3303
1423	1422
1423	1424
1423	1425
1427	1428
1427	1429
1427	1430
1431	1432
1431	1433
1431	1434
1437	1438
1437	1439
1437	1440
1454	1453
1454	1456
1453	1455
1460	1461
1460	1462
1460	1487
1460	1488
1463	1486
1463	1494
1466	1491
1467	1495
1467	1496
1472	1473
1472	1474
1472	1475
1472	1476
1472	1477
1472	1478
1472	1479
1472	1480
1485	1484
1485	1489
1485	3522
1485	3523
1491	1490
1493	1492
1506	1505
1506	1508
1506	1511
1507	1506
1507	3525
1510	1509
1510	3524
1515	1514
1517	1516
1519	1518
1519	1769
1520	1522
1521	1520
1527	1526
1527	1529
1527	1530
1527	1846
1527	3198
1528	1527
1532	1531
1532	1533
1532	1958
1532	1959
1532	1962
1532	1965
1532	3516
1534	1535
1536	1537
1536	1538
1536	1539
1536	1540
1541	1542
1541	1543
1541	1544
1541	1545
1541	1546
1541	1547
1541	1548
1541	1549
1551	1550
1550	1552
1550	1553
1550	1554
1550	1555
1550	1556
1550	1557
1550	1558
1550	1559
1550	1560
1550	1561
1550	1564
1550	1567
1550	1568
1550	1569
1550	1570
1550	1571
1561	1562
1561	1563
1564	1565
1564	1566
1576	1575
1576	1579
1576	1580
1576	1581
1576	1582
1576	1583
1576	1584
1576	1585
1576	1586
1577	1576
1577	1587
1577	1591
1577	1678
1578	1577
1590	1589
1590	1605
1590	1606
1590	1607
1590	1608
1590	1609
1590	1610
1590	1611
1590	1612
1590	1613
1590	1614
1590	1615
1590	1617
1590	1618
1590	1620
1590	1621
1590	1622
1590	1623
1590	1624
1590	1625
1590	1626
1590	1627
1590	1628
1590	1629
1590	1630
1590	1631
1590	1632
1590	1633
1590	1634
1589	1592
1589	1593
1589	1594
1589	1595
1589	1596
1589	1597
1591	1590
1591	1598
1591	1635
1591	1658
1591	1660
1591	1674
1598	1599
1598	1600
1598	1601
1598	1602
1598	1603
1603	1604
1615	1616
1618	1619
1635	1636
1635	1637
1635	1638
1635	1639
1635	1640
1635	1641
1635	1642
1635	1643
1635	1644
1635	1645
1635	1646
1635	1647
1635	1648
1635	1649
1635	1650
1635	1651
1635	1652
1635	1653
1635	1654
1635	1655
1635	1656
1635	1657
1658	1659
1660	1661
1660	1662
1660	1664
1660	1665
1660	1666
1660	1669
1660	1670
1660	1671
1660	1672
1660	1673
1662	1663
1666	1667
1666	1668
1674	1675
1674	1676
1684	1685
1684	1686
1690	1689
1690	1691
1693	1692
1693	1696
1693	1698
1693	1703
1693	1704
1693	1706
1693	1707
1693	1710
1693	1714
1693	1715
1693	1716
1693	1719
1693	1724
1693	1725
1693	1726
1693	1727
1693	1728
1693	1729
1693	1730
1693	1731
1693	1732
1693	1734
1693	1735
1693	1736
1693	1737
1693	1738
1693	1739
1693	1740
1693	1741
1693	1746
1693	1748
1693	1751
1693	1752
1693	1753
1693	1754
1693	1759
1694	1693
1694	1700
1694	1702
1694	1717
1694	1721
1694	1744
1694	1750
1694	1767
1694	1768
1695	1694
1695	1697
1695	1733
1695	1756
1700	1699
1700	1712
1700	1713
1700	1720
1700	1723
1702	1701
1702	1705
1702	1708
1702	1709
1702	1742
1702	1743
1702	1745
1702	1747
1702	1749
1712	1711
1719	1718
1721	1722
1755	1756
1758	1757
1758	1763
1758	1765
1758	1770
1759	1760
1759	1761
1759	1762
1763	1764
1763	1765
1763	1766
1774	1773
1776	1775
1776	1785
1776	1792
1775	1779
1777	1776
1777	1802
1778	1775
1778	1780
1778	1779
1785	1787
1786	1785
1786	1788
1786	1787
1792	1794
1793	1792
1793	1795
1793	1794
1799	1798
1799	1805
1801	1800
1801	1804
1801	1806
1802	1803
1808	1807
1808	1810
1808	2027
1809	1808
1809	1974
1809	2028
1809	2030
1809	2382
1812	1811
1814	1813
1816	1815
1818	1817
1818	1822
1817	1819
1817	1820
1820	1821
1822	1821
1822	2022
1822	2025
1824	1823
1824	1826
1824	1827
1825	1824
1825	1829
1825	1830
1825	1832
1825	1838
1825	1839
1825	1841
1829	1828
1829	1840
1832	1831
1832	1833
1835	1834
1837	1836
1838	1837
1843	1842
1843	1849
1845	1844
1851	1850
1851	1854
1851	1856
1851	1855
1853	1852
1854	1855
1854	1856
1858	1857
1858	1859
1858	1860
1862	1861
1862	1863
1862	1864
1866	1865
1866	2448
1866	2449
1866	2450
1866	2451
1866	2474
1868	1867
1868	1891
1868	1893
1868	1894
1868	1996
1868	2388
1870	1869
1869	1871
1869	1872
1869	1875
1869	1887
1872	1873
1872	1874
1875	1876
1875	1877
1875	1878
1875	1879
1875	1880
1875	1881
1875	1882
1875	1883
1875	1884
1875	1885
1875	1886
1887	1888
1887	1889
1891	1892
1896	1895
1896	1898
1896	1903
1899	1900
1902	1901
1902	1912
1905	1904
1906	1905
1906	1908
1908	1907
1908	1909
1910	1911
1917	1916
1917	1938
1919	1920
1919	1925
1919	1928
1920	1921
1920	1922
1920	1923
1920	1924
1925	1926
1925	1927
1928	1929
1929	1930
1933	1932
1937	1936
1938	1937
1940	1939
1942	1941
1942	1948
1942	1949
1942	1950
1942	1951
1943	1942
1945	1944
1945	1963
1945	1964
1947	1946
1947	1952
1947	1969
1955	1954
1955	1956
1958	1957
1957	1960
1959	1957
1959	1961
1968	1967
1968	1969
1972	1971
1972	1974
1973	1971
1977	1976
1979	1978
1978	1980
1978	1981
1984	1983
1984	1803
1988	1987
1988	1989
1988	1991
1988	1994
1991	1990
1990	1992
1992	1993
1998	1997
1998	1999
1998	2003
1998	2006
1998	2007
2001	2000
2001	2002
2005	2004
2010	2009
2010	2013
2010	2014
2010	2015
2010	2016
2010	2017
2010	2018
2010	2019
2010	2020
2010	2021
2010	2022
2010	2023
2010	2024
2010	2025
2010	2026
2009	2011
2009	2012
2028	2029
2032	2031
2032	2033
2035	2036
2036	2037
2039	2038
2039	2040
2044	2043
2053	2054
2053	2055
2055	2056
2060	2059
2061	2060
2061	2093
2061	2118
2061	2127
2061	2249
2063	2062
2063	2066
2063	2068
2063	2069
2063	2072
2063	2235
2062	2064
2066	2065
2068	2067
2068	2070
2068	2071
2073	2074
2073	2075
2079	2078
2079	2082
2079	2083
2078	2080
2078	2081
2085	2084
2085	2086
2085	2087
2089	2088
2089	2090
2096	2095
2096	2097
2099	2098
2099	2102
2099	2104
2099	2247
2104	2103
2107	2106
2107	2134
2106	2108
2108	2109
2108	2110
2111	2112
2111	2113
2111	2114
2116	2115
2116	2132
2116	2143
2121	2120
2120	2122
2120	2123
2125	2124
2125	2154
2126	2125
2126	2141
2126	2151
2126	2152
2130	2129
2130	2136
2130	2142
2132	2131
2132	2137
2134	2133
2134	2135
2145	2144
2145	2165
2145	2237
2145	2238
2145	2239
2147	2146
2149	2148
2151	2150
2154	2153
2156	2155
2160	2159
2160	2166
2160	2240
2160	2241
2162	2161
2164	2163
2168	2167
2169	2167
2171	2170
2173	2172
2174	2173
2175	2172
2177	2176
2177	2530
2179	2178
2182	2181
2183	2181
2186	2185
2188	2187
2188	2194
2188	2195
2191	2190
2191	2192
2191	2193
2198	2197
2200	2199
2200	2202
2200	2203
2200	2204
2200	2246
2202	2201
2202	2205
2207	2206
2207	2209
2209	2208
2211	2210
2211	2213
2210	2212
2215	1357
2217	2216
2217	2218
2221	2220
2221	2223
2225	2224
2225	2227
2225	2228
2225	2229
2232	2231
2232	2233
2232	2234
2236	2235
2236	2246
2236	2247
2249	2248
2251	2250
2254	2253
2254	2261
2253	2255
2253	2256
2253	2257
2253	2258
2253	2259
2253	2260
2263	2262
2263	2265
2264	2263
2264	2265
2270	2269
2270	423
2270	2272
2270	2273
2271	2272
2271	2273
2274	2275
2274	2276
2274	2277
2274	2278
2274	2279
2274	2280
2274	2281
2274	2282
2274	2283
2274	2284
2274	2285
2274	2286
2274	2287
2274	2288
2274	2289
2274	2290
2274	2291
2274	2292
2274	2293
2274	2294
2299	2298
2299	3532
2299	424
2301	2300
2301	3533
2301	3534
2301	3535
2301	3536
2301	3537
2301	3538
2301	3539
2301	3540
2301	3541
2301	3542
2301	440
2301	2306
2307	448
2322	2307
2322	2308
2322	2309
2322	2310
2322	2311
2322	2312
2322	2313
2322	2270
2322	2314
2322	2315
2322	2316
2324	2323
2324	2325
2324	2326
2327	2328
2329	2330
2332	2331
2332	2333
2332	2334
2332	2335
2332	3107
2337	2336
2338	2336
2340	2341
2344	2343
2344	2345
2344	2346
2344	2347
2349	2348
2350	2351
2364	2363
2369	2368
2368	2370
2371	2372
2374	2373
2376	2375
2376	2377
2376	2378
2376	2379
2376	2380
2376	2381
2383	2382
2383	2384
2383	2385
2383	2387
2383	2388
2386	2385
2389	2391
2389	2395
2389	2397
2390	2389
2392	2391
2392	2395
2392	2397
2393	2391
2393	2395
2393	2397
2394	2391
2394	2395
2394	2397
2396	2395
2398	2397
2402	2401
2402	2408
2401	2403
2401	2404
2404	2405
2404	2409
2405	2406
2405	2411
2408	2407
2408	2404
2408	2412
2410	2409
2409	2406
2412	2405
2414	2413
2414	2415
2417	2416
2417	2418
2417	2422
2416	2418
2416	2422
2418	2419
2418	2420
2418	2421
2422	2423
2425	2424
2425	2439
2427	2426
2427	2432
2428	2427
2428	2435
2428	2436
2428	2441
2429	2427
2429	2433
2429	2435
2429	2436
2431	2430
2438	2437
2438	2653
2443	2442
2445	2444
2445	2446
2445	2447
2456	2457
2460	2461
2460	2462
2460	2463
2460	2464
2460	2467
2464	2465
2464	2466
2469	2470
2470	2122
2470	2123
2472	2473
2476	2405
2480	2481
2483	2482
2483	2481
2488	2487
2488	2495
2488	2496
2489	2490
2492	2491
2492	3309
2492	3310
2494	2493
2498	2497
2498	2501
2498	2506
2499	2497
2501	2500
2501	2504
2501	2505
2501	2507
2502	2503
2509	2508
2509	2510
2509	2513
2509	2519
2509	2525
2509	2521
2512	2511
2515	2514
2515	2520
2515	2524
2516	2514
2516	2517
2516	2518
2521	2520
2521	2524
2521	2526
2522	2520
2522	2524
2523	2522
2523	3589
2523	3590
2523	3591
2523	3592
2523	3593
2523	3594
2523	3595
2527	2528
2529	2530
2532	2531
2532	2533
2534	2535
2534	2536
2540	2539
2540	2541
2540	2542
2545	2544
2547	2546
2548	2549
2548	2550
2553	2552
2553	2560
2559	2560
2563	2562
2565	2564
2567	2566
2567	2575
2566	2568
2566	2569
2568	2573
2568	2574
2568	2576
2568	2577
2568	2578
2569	2570
2572	2571
2582	2581
2584	2583
2583	2585
2587	2586
2588	2589
2591	2590
2593	2592
2592	2594
2592	2595
2597	2596
2597	2598
2601	2600
2602	2601
2602	2610
2602	2611
2603	2602
2603	2612
2603	2613
2603	2614
2604	2603
2604	2618
2604	2642
2605	2604
2605	2609
2605	2656
2605	2671
2606	2605
2606	2615
2606	2616
2606	2619
2606	2620
2606	2621
2606	2622
2606	2648
2606	2674
2606	2678
2608	2607
2624	2623
2624	2625
2624	3197
2624	3246
2624	3248
2624	3249
2627	2626
2628	2626
2628	2632
2628	2638
2630	2629
2630	2631
2635	2634
2635	2636
2635	2637
2635	2640
2639	2638
2641	2640
2642	2643
2643	2644
2644	2645
2645	2646
2650	2649
2650	3577
2650	3578
2650	3579
2650	3580
2650	3581
2650	3487
2652	2651
2655	2654
2655	2664
2654	2657
2656	2655
2656	2659
2656	2666
2656	2670
2657	2658
2659	2660
2659	2663
2660	2661
2660	2662
2664	2665
2666	2667
2666	2668
2666	2669
2673	2672
2676	2675
2676	3207
2676	3209
2676	3210
2676	3211
2676	3212
2676	3213
2678	2677
2678	2679
2678	2680
2678	2681
2683	2682
2683	2685
2683	2689
2683	2692
2683	2693
2683	2694
2683	2725
2683	2726
2683	2727
2683	2728
2683	2729
2684	2683
2684	2687
2684	2737
2684	2742
2687	2686
2687	2688
2687	2690
2687	2691
2696	2695
2696	2706
2696	2713
2696	2715
2696	2716
2697	2696
2697	2699
2699	2698
2699	2711
2699	2712
2699	2714
2699	2717
2699	2720
2701	2700
2702	2701
2702	2708
2704	2703
2705	2704
2705	2710
2708	2707
2710	2709
2718	2705
2718	2719
2718	2697
2718	2724
2719	2721
2719	2722
2719	2723
2731	2730
2732	2731
2734	2733
2734	2736
2735	2734
2737	2738
2737	2739
2737	2740
2737	2741
2742	2743
2742	2744
2742	2745
2742	2746
2742	2747
2742	2748
2742	2749
2742	2750
2742	2751
2742	2752
2742	2753
2742	2754
2742	2755
2742	2756
2758	2757
2758	2760
2758	2761
2758	2764
2758	2765
2758	2766
2759	2758
2759	2763
2759	2824
2759	2769
2763	2762
2768	2767
2768	2770
2768	2773
2768	2774
2768	2776
2769	2768
2769	2772
2769	2821
2769	2826
2769	2827
2769	2828
2769	2829
2769	2830
2769	2831
2769	2832
2769	2838
2769	2839
2769	2840
2772	2771
2772	2775
2778	2777
2778	2792
2779	2778
2779	2781
2779	2809
2779	2812
2781	2780
2781	2790
2781	2791
2781	2793
2783	2782
2784	2783
2784	2789
2784	2803
2784	2805
2786	2785
2787	2786
2787	2796
2787	2807
2787	2817
2789	2788
2795	2794
2796	2795
2796	2798
2796	2799
2796	2801
2798	2797
2799	2800
2801	2802
2803	2804
2805	2806
2807	2808
2809	2810
2809	2811
2812	2813
2812	2814
2812	2815
2812	2816
2819	2818
2819	2820
2821	2822
2821	2823
2824	2825
2832	2833
2832	2834
2832	2835
2832	2836
2832	2837
2842	2841
2842	2846
2842	2850
2841	2843
2841	2844
2841	2845
2846	2847
2846	2848
2850	2849
2850	2851
2850	2852
2850	2853
2855	2854
2855	2859
2855	2863
2854	2856
2854	2857
2854	2858
2859	2860
2859	2861
2863	2862
2863	2864
2863	2865
2863	2866
2868	2867
2868	2882
2868	2949
2868	2951
2868	2953
2868	2955
2868	2956
2868	2959
2870	2869
2870	2874
2870	2875
2870	2876
2870	2877
2871	2870
2871	2879
2871	2883
2871	2889
2873	2872
2879	2878
2879	2880
2881	2871
2881	2894
2881	2916
2881	2935
2881	2941
2881	2944
2881	2946
2881	2947
2881	2948
2881	2950
2881	2952
2881	2954
2881	2957
2881	2958
2883	2884
2883	2885
2883	2886
2883	2887
2883	2888
2889	2890
2889	2891
2889	2892
2889	2893
2894	2895
2894	2903
2894	2911
2894	2913
2895	2896
2895	2897
2895	2902
2897	2898
2897	2899
2897	2900
2897	2901
2903	2904
2903	2905
2903	2909
2905	2906
2905	2907
2905	2908
2911	2910
2911	2914
2913	2912
2913	2915
2916	2917
2916	2922
2916	2927
2916	2932
2917	2918
2917	2919
2917	2920
2917	2921
2922	2923
2922	2924
2922	2925
2927	2926
2927	2928
2927	2929
2927	2930
2932	2931
2932	2933
2932	2934
2935	2936
2935	2939
2938	2937
2938	2940
2941	2942
2941	2943
2946	2945
2961	2960
2963	2962
2965	2964
2965	2966
2965	2967
2965	2969
2964	2968
2964	2970
2964	2971
2973	2972
2973	2976
2973	2975
2972	2974
2972	2976
2974	2975
2976	2977
2977	2978
2977	2979
2980	2976
2981	2977
2981	2974
2981	2978
2981	2985
2981	3006
2981	2983
2981	2984
2981	2987
2981	2988
2981	2989
2981	3007
2981	2997
2981	3016
2981	3019
2982	2983
2982	2984
2982	2985
2982	2987
2982	2988
2982	2989
2985	2986
2993	2992
2993	2994
2995	2996
2995	2998
2996	2997
3000	2999
3000	3001
3002	2974
3002	3019
3004	3003
3005	2985
3005	3006
3005	2983
3005	2984
3005	2987
3005	2988
3005	2989
3010	3009
3010	3011
3011	3012
3011	3013
3011	3014
3016	3015
3018	3017
3021	3020
3021	3025
3020	3023
3020	3024
3022	3021
3027	3026
3027	3038
3028	3027
3028	3039
3029	3028
3031	3030
3031	3046
3031	3079
3032	3031
3034	3033
3034	3062
3035	3034
3037	3036
3037	3067
3041	3040
3041	3077
3042	3041
3042	3045
3042	3078
3043	3042
3044	3041
3048	3047
3048	3051
3048	3052
3048	3053
3048	3060
3048	3061
3049	3048
3051	3050
3051	3054
3051	3055
3051	3056
3051	3057
3051	3058
3051	3059
3062	3063
3062	3064
3062	3065
3067	3066
3067	3068
3068	3069
3068	3070
3069	3071
3069	3074
3070	3072
3070	3073
3076	3075
3084	3083
3086	3085
3086	3089
3088	3087
3088	3090
3092	3091
3092	3154
3092	3160
3092	3161
3092	3165
3096	3095
3098	3097
3098	3099
3101	3100
3102	1348
3102	3103
3105	3104
3105	3106
3108	3109
3108	3110
3133	3132
3133	3134
3133	3135
3133	3136
3133	3139
3138	3137
3141	3140
3142	3141
3142	3143
3142	3144
3142	3145
3148	3147
3148	3149
3148	3150
3148	3151
3148	3152
3148	3153
3148	3194
3154	3155
3154	3156
3154	3157
3155	3162
3155	3163
3157	3158
3157	3159
3167	3166
3167	3169
3167	3170
3167	3171
3177	3176
3179	3178
3179	3319
3179	3325
3180	3179
3180	3306
3180	3318
3180	3339
3182	3181
3181	3183
3183	3184
3186	3185
3186	3467
3185	3187
3185	3188
3185	3189
3185	3190
3192	3191
3192	3193
3192	3504
3192	3505
3200	3199
3200	3201
3200	3203
3200	3205
3200	3206
3203	3202
3203	3204
3208	3207
3208	3210
3208	3212
3208	3213
3215	3214
3215	3231
3215	3232
3216	3215
3216	3233
3216	3235
3218	2465
3218	2466
3220	3219
3220	3221
3220	3222
3225	3226
3225	3227
3225	3621
3225	3622
3225	3623
3225	3624
3225	3625
3229	3228
3228	3230
3235	3234
3237	3236
3240	3239
3247	3246
3251	3250
3251	3258
3251	3264
3251	3267
3251	3271
3251	3277
3251	3285
3251	3294
3253	3252
3253	3259
3253	3268
3253	3276
3253	3278
3253	3286
3253	3295
3255	3254
3255	3260
3255	3262
3255	3265
3255	3269
3255	3272
3255	3279
3255	3287
3255	3290
3255	3292
3255	3296
3257	3256
3257	3261
3257	3263
3257	3266
3257	3270
3257	3273
3257	3274
3257	3275
3257	3280
3257	3281
3257	3288
3257	3291
3257	3293
3257	3297
3283	3282
3283	3284
3289	3288
3300	3299
3300	3341
3300	3342
3302	3301
3302	3305
3309	3308
3312	3311
3314	3313
3314	3315
3314	3316
3314	3317
3324	3323
3324	3330
3325	3326
3325	3327
3325	3328
3331	3332
3331	3333
3331	3334
3335	3336
3335	3338
3336	3337
3350	3349
3350	3353
3350	3355
3350	3363
3350	3364
3350	3374
3351	3350
3351	3352
3351	3356
3351	3377
3351	3402
3352	3349
3354	3353
3356	3355
3356	3387
3361	3360
3364	3365
3364	3366
3366	3367
3366	3371
3366	3372
3366	3373
3367	3368
3367	3369
3367	3370
3376	3375
3377	3364
3377	3378
3377	3384
3378	3366
3378	3379
3378	3389
3378	3390
3378	3396
3379	3367
3379	3380
3379	3381
3379	3401
3380	3368
3381	3369
3384	3365
3387	3363
3389	3371
3390	3373
3396	3372
3401	3370
3402	3374
3413	177
3413	210
3417	3416
3420	3419
3422	3421
3422	3423
3424	3425
3426	3427
3426	3428
3426	3429
3426	3430
3426	3431
3426	3432
3426	3433
3426	3434
3426	3435
3426	3436
3426	3437
3426	3438
3426	3439
3426	3440
3441	3442
3441	3443
3441	3444
3441	3445
3441	3446
3441	3447
3441	3448
3441	3449
3441	3450
3441	3451
3441	3452
3441	3453
3441	3454
3441	3455
3441	3456
3441	3457
3458	3459
3458	3460
3462	3463
3466	155
3467	3187
3467	3188
3467	3189
3467	3190
3468	259
3468	260
3482	2141
3482	2152
3482	2151
3482	2125
3494	155
3495	155
3496	155
3497	155
3498	155
3499	155
3500	155
3501	155
3502	155
3503	155
3514	3445
3518	3517
3521	1526
3521	1529
3521	1530
3521	1846
3521	3198
3527	3528
3527	3529
3527	3530
3527	3531
3535	680
3535	693
3535	713
3535	3388
3536	694
3537	699
3537	3392
3538	706
3538	3398
3539	686
3539	688
3539	718
3539	3404
3543	3544
3543	3545
3543	3546
3543	3547
3543	3548
3543	3549
3543	3550
3543	3551
3543	3552
3543	3553
3543	3554
3543	3555
3543	3556
3543	3557
3543	3558
3543	3559
3543	3560
3543	3561
3543	3562
3563	3564
3565	3566
3565	3564
3565	3567
3568	3569
3570	3567
3571	3566
3571	3564
3571	3567
3572	3566
3572	3564
3572	3567
3573	3574
3573	3575
3573	3576
3582	3583
3582	3584
3582	3585
3586	3583
3586	3587
3586	3588
3589	3584
3589	3585
3596	3597
3596	3598
3596	3599
3600	3601
3600	3602
3600	3603
3600	3486
3600	3604
3600	3605
3600	3606
3600	3607
3600	3608
3600	3609
3600	2553
3600	3610
3600	3611
3600	3612
3600	3613
3600	3614
3602	1857
3602	1859
3602	1860
3612	1834
3615	3616
3615	3617
3618	3619
3618	3620
3631	3314
