1	0
1	15
1	16
1	17
2	1
2	8
2	11
2	14
2	18
2	19
2	20
2	21
2	22
2	23
2	24
2	25
2	26
2	27
2	28
2	29
2	41
2	46
2	47
2	48
3	2
3	118
3	123
3	124
3	132
4	3
5	4
6	5
7	6
8	9
8	10
11	12
11	13
13	49
29	30
29	31
29	32
29	33
29	34
29	35
29	36
29	37
29	38
29	39
29	40
41	42
41	43
41	44
41	45
41	3412
41	3413
41	3414
41	3415
42	3409
42	3410
42	3411
51	50
51	54
51	57
51	62
51	63
51	64
51	65
51	66
51	67
51	68
51	69
51	70
51	71
51	72
51	73
51	117
51	138
51	139
51	140
51	141
51	142
51	143
51	144
51	145
51	146
51	147
52	51
53	52
54	55
57	56
57	59
57	60
57	61
59	58
75	74
75	2583
75	2585
75	2590
75	2621
75	2622
75	2623
77	76
77	2549
77	2550
79	78
79	1349
79	2554
79	3240
81	80
81	1329
81	2060
81	2551
81	2573
81	3236
83	82
83	1965
83	1966
83	1986
83	1987
83	2196
83	2294
83	2295
83	2296
83	2297
83	2298
83	2299
83	2300
83	2301
83	2302
83	2303
83	2304
83	2305
83	2306
83	2307
83	2308
83	2311
83	2312
83	2313
83	2314
83	2315
83	2316
83	2317
83	2318
83	2319
83	2320
83	2402
83	2403
83	2404
83	2405
83	2406
83	2407
84	83
84	2400
84	2401
86	85
86	1330
86	2552
86	2553
87	86
87	2061
87	2567
88	87
89	87
89	290
89	293
89	294
89	302
89	304
89	308
89	345
89	348
89	369
89	387
89	432
89	594
89	1344
89	1384
89	1397
89	1764
89	1789
89	1813
89	2217
89	1756
89	2544
89	2543
89	2571
89	2892
89	2918
89	3017
89	3021
89	3121
89	3137
89	3143
89	3147
89	3149
89	3152
89	3154
89	3157
89	3163
89	3175
89	3182
89	3251
89	3255
89	3262
89	3266
89	3269
89	2423
89	3272
89	705
89	3276
89	3281
89	3300
89	283
89	3479
91	90
91	95
91	3213
93	92
93	98
93	2962
93	2966
93	2967
93	2969
93	2983
94	93
94	2972
94	2976
94	2980
94	2984
94	2985
95	94
95	1364
95	1401
97	96
98	97
98	2988
100	99
100	1839
100	1840
100	1841
100	1842
101	100
101	597
101	799
101	1762
101	1763
101	1766
101	1767
101	1771
101	1821
101	1834
101	1838
101	1843
101	1844
101	1900
101	1919
101	1932
101	3243
101	3509
101	3510
101	3511
101	3512
101	3513
103	102
103	1703
103	1704
103	1705
103	1706
103	1717
103	1718
104	103
104	1182
104	1492
104	1527
104	1719
104	1720
106	105
106	1360
106	1941
106	1942
106	1943
106	1944
108	107
108	1361
108	1738
108	1768
108	1937
108	1940
108	1945
110	109
110	1707
110	1708
110	1709
110	1710
110	1711
110	1712
110	1713
110	1714
110	1715
110	1721
110	1722
110	1723
111	110
111	1186
111	1190
111	1502
111	1528
111	1820
113	112
115	114
115	1700
115	1835
115	1917
115	1918
115	1928
116	115
116	1904
116	1936
119	120
122	121
122	1041
122	1046
122	1054
122	1055
122	1038
122	1049
122	1070
122	1047
122	1048
122	1051
122	1052
122	1053
122	1071
122	1072
122	1061
122	1062
122	1080
124	125
124	126
124	127
124	128
124	129
124	130
124	131
134	133
134	166
134	260
134	281
134	397
134	414
134	459
134	467
134	556
134	620
134	1068
134	1489
134	2075
134	2231
134	2414
134	2469
134	3035
134	3104
134	3134
134	3177
133	135
137	136
149	148
149	150
149	151
149	152
149	153
149	154
149	155
149	156
149	157
149	158
149	159
149	164
149	165
149	733
149	1445
149	1527
149	1528
149	1530
149	1532
149	1533
149	1536
149	1542
149	3360
149	3363
160	161
163	162
168	167
167	169
170	171
173	172
175	174
175	1560
175	1561
175	1562
175	1563
175	1564
175	1565
175	1566
175	1567
175	1568
175	1569
175	1570
175	1571
175	1572
175	1573
175	1574
175	1575
175	1576
175	1577
175	1578
175	1579
175	1580
175	1581
175	1582
175	1583
175	1584
175	1585
175	1586
175	1587
175	1588
175	1589
175	1590
175	1591
175	1592
175	1593
175	1594
175	1595
175	1596
175	1597
175	1598
175	1599
175	1600
175	1601
175	1602
175	1603
175	1604
175	1605
176	175
178	177
178	179
178	180
178	181
178	182
178	183
185	184
185	187
185	189
185	191
185	193
186	184
186	2884
186	3030
186	3091
186	3093
186	3519
188	187
188	2070
188	2069
188	2290
188	2723
188	3026
190	189
192	191
192	1323
192	1968
192	2377
192	2378
192	2548
192	2563
192	3051
194	193
194	2310
194	2940
194	2963
194	2964
194	3052
196	195
196	1424
196	1853
196	1858
196	1860
196	1863
196	1867
196	1870
196	1871
196	1872
196	1877
196	1878
196	1885
196	1888
196	1890
196	1894
195	198
195	202
195	204
197	195
199	198
199	202
199	204
200	198
200	202
200	204
201	198
201	202
201	204
203	202
205	204
207	206
207	208
207	211
207	215
207	216
207	218
207	257
207	223
207	224
207	225
207	226
207	220
207	227
207	228
207	229
207	232
207	238
207	241
207	242
207	245
207	243
207	244
207	246
207	247
207	248
207	249
207	250
207	251
207	254
206	208
206	211
206	212
206	213
206	214
206	215
206	222
206	223
206	224
206	225
206	226
206	227
206	228
206	229
206	230
206	231
206	232
206	233
206	234
206	235
206	236
206	237
206	238
206	239
206	240
206	241
206	242
206	243
206	244
206	245
206	246
206	247
206	248
206	249
206	250
206	251
206	252
206	253
206	254
208	209
208	210
215	216
215	217
215	218
215	219
215	220
215	221
217	257
249	2408
256	255
259	258
259	261
259	262
259	263
259	264
259	265
259	266
259	267
259	268
259	269
259	270
259	271
259	272
259	273
259	274
259	275
259	276
259	277
259	278
260	259
260	496
260	504
260	505
260	557
260	657
260	734
260	1180
260	1184
260	1249
260	1402
260	1543
260	1544
260	1545
260	1546
260	1547
260	1548
260	1549
260	1550
260	1555
260	1556
260	1633
260	1657
260	1674
260	1897
260	2244
260	2249
260	2251
260	2252
260	2254
260	2255
260	2256
260	2259
260	2260
260	2262
260	2263
260	2264
260	2265
260	2267
260	2271
260	2272
260	2273
260	2274
260	2275
260	2276
260	2277
260	2278
260	2279
260	2281
260	2282
260	2283
260	2284
260	2442
260	3108
260	3110
260	3112
260	3113
260	3115
260	3116
260	3119
260	3369
280	279
280	344
280	366
280	416
280	440
280	1813
280	1964
280	332
280	2413
280	2429
280	2443
280	2445
280	2721
280	3056
280	3180
280	3182
280	3233
280	2444
280	3421
280	3422
280	3423
280	3424
280	3425
280	3426
280	3427
280	3428
280	3429
280	3430
280	3431
280	3432
280	3433
280	3434
280	3435
280	3436
280	3437
280	283
283	282
283	289
282	284
282	285
285	286
285	290
286	287
286	293
289	288
289	285
289	294
291	290
290	287
292	291
292	293
292	294
292	341
292	342
292	343
292	344
292	345
292	347
292	348
292	349
292	357
292	358
292	362
292	363
292	365
292	366
292	367
292	368
292	369
292	370
292	371
292	387
292	1157
292	1334
292	1344
292	1750
292	1764
292	1813
292	1815
292	351
292	352
292	1901
292	1756
292	2544
292	2581
292	3135
292	3158
292	3159
292	3175
292	3179
292	3184
292	3194
292	3195
292	3196
292	3238
292	3244
292	3274
292	3281
292	3320
292	3321
292	3323
292	3326
295	294
295	493
295	1268
295	1629
295	285
295	3418
295	3419
295	3420
294	286
297	296
297	298
300	299
300	1427
300	2216
300	2222
300	2223
300	2738
300	2991
300	3010
302	301
302	304
302	308
301	304
301	308
303	302
303	1895
303	1900
303	2473
304	305
304	306
304	307
308	309
311	310
311	326
313	312
313	318
314	313
314	322
314	323
314	328
315	313
315	319
315	322
315	323
317	316
321	320
321	327
321	796
321	2240
325	324
325	626
330	329
330	393
330	1343
330	1424
330	1956
330	1959
330	2029
330	331
330	2562
330	3165
330	2444
330	3448
329	331
329	332
334	333
336	335
336	2206
336	3460
338	337
338	339
338	340
338	1230
338	1233
338	1242
338	1243
338	1256
338	1294
338	1295
338	1314
338	1315
338	1331
338	1332
338	1333
338	1335
338	1337
338	1338
338	2847
338	2939
338	3322
338	3347
338	3461
345	346
349	350
349	353
349	354
349	355
349	356
350	351
350	352
358	359
359	360
359	361
363	364
367	286
369	3241
372	373
375	374
375	373
377	376
377	1169
377	2474
377	2857
377	2860
377	2867
377	3038
377	3319
379	378
379	1170
379	2858
379	2865
379	2872
379	3041
381	380
381	1171
381	1853
381	1858
381	1860
381	1863
381	1867
381	1870
381	1871
381	1872
381	1877
381	1878
381	1888
381	1890
381	1894
381	2859
381	2866
381	2873
381	3042
383	382
383	390
383	391
384	385
387	386
387	1906
387	1907
389	388
393	392
393	396
393	401
394	392
396	395
396	399
396	400
396	402
397	398
404	403
404	405
404	406
404	412
404	413
408	407
408	3463
409	407
409	410
409	411
414	415
416	417
419	418
419	420
422	421
424	423
425	426
425	427
429	428
429	458
429	1291
429	1926
429	2461
429	3097
429	3105
429	3111
429	3150
431	430
431	439
432	431
432	433
432	434
432	435
432	436
432	437
432	438
432	1769
432	1770
432	1789
432	1791
432	1792
432	2466
432	2932
432	3277
432	283
438	439
442	441
444	443
446	445
446	454
445	447
445	448
447	452
447	453
447	455
447	456
447	457
448	449
451	450
461	460
463	462
462	464
466	465
467	468
470	469
470	472
470	474
470	501
470	502
470	503
471	470
471	469
471	472
474	473
474	487
474	489
474	490
474	491
474	492
474	498
474	500
473	475
473	477
473	478
473	479
473	480
473	481
473	482
473	483
473	484
473	485
473	486
475	476
487	488
493	494
493	495
498	497
498	499
506	507
507	508
507	509
507	510
512	511
511	514
511	515
513	511
513	1199
515	516
515	546
515	550
515	551
515	552
516	517
516	518
516	519
516	520
516	537
516	538
520	521
520	524
520	525
520	526
521	522
521	523
526	527
526	528
526	529
526	530
526	531
526	532
526	536
532	533
532	534
532	535
538	539
538	540
538	541
538	542
542	543
542	544
542	545
546	547
546	548
546	549
554	553
554	555
557	558
560	559
562	561
561	563
561	564
566	565
566	606
566	1450
566	1457
568	567
569	568
569	579
569	580
570	569
570	577
570	581
570	582
570	583
571	570
571	587
571	615
572	571
572	578
572	629
572	644
573	572
573	584
573	585
573	588
573	589
573	590
573	591
573	621
573	647
573	651
575	574
576	575
576	586
576	2192
576	2574
576	3307
593	592
593	1375
593	2427
593	2433
593	2437
593	2438
593	2439
594	593
594	2221
594	2217
594	2430
594	2919
595	593
595	2431
595	704
595	3121
595	3137
595	3147
595	3149
595	3152
595	3154
595	3157
595	3163
595	3182
595	3251
595	3255
595	3262
595	3266
595	3269
595	2423
595	3272
595	705
595	3276
595	2432
595	3300
597	596
597	598
597	1793
597	1843
597	1845
597	1846
600	599
601	599
601	605
601	611
603	602
603	604
608	607
608	609
608	610
608	613
612	611
614	613
615	616
616	617
617	618
618	619
623	622
625	624
628	627
628	637
627	630
629	628
629	632
629	639
629	643
630	631
632	633
632	636
633	634
633	635
637	638
639	640
639	641
639	642
646	645
649	648
649	1803
649	1805
649	1806
649	1807
649	1808
649	1809
651	650
651	652
651	653
651	654
656	655
656	658
657	656
657	1382
657	2208
657	3064
657	3114
658	659
661	660
661	684
661	685
661	690
661	694
661	701
661	702
661	703
661	704
661	706
661	707
661	708
661	709
661	710
660	664
660	665
660	670
662	661
662	727
663	662
663	664
663	666
663	668
663	669
663	1260
663	728
663	1652
663	701
663	708
663	707
663	2848
665	666
665	667
665	668
665	669
670	671
673	672
673	1146
675	674
675	2077
675	2230
676	675
676	674
676	1234
676	507
676	1262
676	1403
676	3109
678	677
678	1263
678	2280
677	679
679	680
682	681
681	683
685	686
685	687
687	688
687	689
690	691
691	692
691	693
694	695
694	699
694	700
695	696
695	698
696	697
704	705
712	711
712	713
715	714
717	716
719	718
719	1265
718	721
720	719
720	1264
720	1520
720	3098
720	3406
723	722
723	725
723	726
724	723
724	725
724	2078
727	728
727	729
727	730
727	731
727	732
735	736
735	741
736	737
736	738
736	739
736	740
741	742
741	743
743	744
743	745
747	746
747	749
747	753
747	756
747	757
747	758
747	789
747	790
747	791
747	792
747	793
748	747
748	751
748	801
748	806
751	750
751	752
751	754
751	755
760	759
760	770
760	777
760	779
760	780
761	760
761	763
763	762
763	775
763	776
763	778
763	781
763	784
765	764
766	765
766	772
768	767
769	768
769	774
772	771
774	773
782	769
782	783
782	761
782	788
783	785
783	786
783	787
795	794
796	795
798	797
798	800
799	798
801	802
801	803
801	804
801	805
806	807
806	808
806	809
806	810
806	811
806	812
806	813
806	814
806	815
806	816
806	817
806	818
806	819
806	820
822	821
822	824
822	825
822	828
822	829
822	830
823	822
823	827
823	888
823	833
827	826
832	831
832	834
832	837
832	838
832	840
833	832
833	836
833	885
833	890
833	891
833	892
833	893
833	894
833	895
833	896
833	902
833	903
833	904
836	835
836	839
842	841
842	856
843	842
843	845
843	873
843	876
845	844
845	854
845	855
845	857
847	846
848	847
848	853
848	867
848	869
850	849
851	850
851	860
851	871
851	881
853	852
859	858
860	859
860	862
860	863
860	865
862	861
863	864
865	866
867	868
869	870
871	872
873	874
873	875
876	877
876	878
876	879
876	880
883	882
883	884
885	886
885	887
888	889
896	897
896	898
896	899
896	900
896	901
906	905
906	910
906	914
905	907
905	908
905	909
910	911
910	912
914	913
914	915
914	916
914	917
919	918
919	923
919	927
918	920
918	921
918	922
923	924
923	925
927	926
927	928
927	929
927	930
932	931
932	946
932	1013
932	1015
932	1017
932	1019
932	1020
932	1023
934	933
934	938
934	939
934	940
934	941
935	934
935	943
935	947
935	953
937	936
943	942
943	944
945	935
945	958
945	980
945	999
945	1005
945	1008
945	1010
945	1011
945	1012
945	1014
945	1016
945	1018
945	1021
945	1022
947	948
947	949
947	950
947	951
947	952
953	954
953	955
953	956
953	957
958	959
958	967
958	975
958	977
959	960
959	961
959	966
961	962
961	963
961	964
961	965
967	968
967	969
967	973
969	970
969	971
969	972
975	974
975	978
977	976
977	979
980	981
980	986
980	991
980	996
981	982
981	983
981	984
981	985
986	987
986	988
986	989
991	990
991	992
991	993
991	994
996	995
996	997
996	998
999	1000
999	1003
1002	1001
1002	1004
1005	1006
1005	1007
1010	1009
1025	1024
1027	1026
1029	1028
1029	1030
1029	1031
1029	1033
1028	1032
1028	1034
1028	1035
1037	1036
1037	1040
1037	1039
1036	1038
1036	1040
1038	1039
1040	1041
1041	1042
1041	1043
1044	1040
1045	1041
1045	1038
1045	1042
1045	1049
1045	1070
1045	1047
1045	1048
1045	1051
1045	1052
1045	1053
1045	1071
1045	1061
1045	1080
1045	1083
1046	1047
1046	1048
1046	1049
1046	1051
1046	1052
1046	1053
1049	1050
1057	1056
1057	1058
1059	1060
1059	1062
1060	1061
1064	1063
1064	1065
1066	1038
1066	1083
1068	1067
1069	1049
1069	1070
1069	1047
1069	1048
1069	1051
1069	1052
1069	1053
1074	1073
1074	1075
1075	1076
1075	1077
1075	1078
1080	1079
1082	1081
1085	1084
1085	1089
1084	1087
1084	1088
1086	1085
1091	1090
1091	1102
1092	1091
1092	1103
1093	1092
1095	1094
1095	1110
1095	1143
1096	1095
1098	1097
1098	1126
1099	1098
1101	1100
1101	1131
1105	1104
1105	1141
1106	1105
1106	1109
1106	1142
1107	1106
1108	1105
1112	1111
1112	1115
1112	1116
1112	1117
1112	1124
1112	1125
1113	1112
1115	1114
1115	1118
1115	1119
1115	1120
1115	1121
1115	1122
1115	1123
1126	1127
1126	1128
1126	1129
1131	1130
1131	1132
1132	1133
1132	1134
1133	1135
1133	1138
1134	1136
1134	1137
1140	1139
1145	1144
1145	1154
1145	1159
1148	1147
1148	1150
1148	1149
1147	1149
1147	1150
1152	1151
1152	1154
1152	1163
1153	1151
1153	1168
1155	1152
1155	1164
1155	1167
1155	2076
1155	3324
1155	3344
1155	3346
1155	3348
1155	3329
1155	3330
1155	3331
1155	3332
1155	3333
1155	3334
1156	1155
1156	1299
1156	1305
1156	1312
1156	1322
1156	1526
1156	1683
1156	1684
1156	1514
1156	3346
1156	3494
1156	3526
1156	3527
1156	3528
1156	3529
1156	3530
1156	3531
1156	3532
1156	3533
1156	3334
1157	1156
1157	1634
1157	3328
1159	1158
1160	1161
1160	1162
1166	1165
1167	1166
1167	1524
1167	1525
1167	1529
1167	1534
1167	1541
1167	1518
1167	3335
1167	3336
1167	3337
1167	3338
1167	3339
1167	3340
1167	3341
1167	3342
1167	3343
1167	3345
1173	1172
1173	1174
1175	1174
1177	1176
1177	1178
1177	1179
1177	1183
1182	1181
1184	1185
1186	1187
1186	1188
1186	1189
1190	1191
1193	1192
1192	1194
1192	1197
1194	1195
1194	1196
1198	515
1198	1200
1198	1206
1198	1284
1198	1286
1198	1302
1198	1310
1199	1198
1199	1283
1199	1293
1200	516
1200	1201
1200	1202
1200	1205
1200	1214
1200	1218
1200	1226
1201	517
1202	520
1202	1203
1202	1208
1202	1215
1203	526
1203	1204
1203	1209
1203	1211
1203	1217
1203	1223
1203	1225
1203	1244
1204	527
1205	538
1205	1207
1205	1213
1205	1216
1205	1220
1206	1205
1206	1207
1206	1300
1206	550
1207	539
1208	521
1208	1212
1208	1219
1208	1247
1209	532
1209	1210
1209	1222
1209	1224
1210	533
1211	528
1212	524
1213	540
1214	518
1215	525
1216	541
1217	529
1218	519
1219	522
1220	542
1220	1221
1220	1245
1220	1246
1221	543
1222	534
1223	530
1224	535
1225	531
1226	537
1228	1227
1229	1228
1229	1507
1229	1508
1229	1509
1229	3498
1232	1231
1234	507
1234	1241
1234	1296
1235	1234
1236	1234
1237	1234
1237	1532
1237	1716
1238	1234
1238	1533
1239	1234
1239	507
1239	2268
1239	2269
1239	2270
1239	3214
1239	3285
1240	508
1241	1240
1241	509
1244	536
1245	544
1246	545
1247	523
1249	1248
1249	1250
1249	1251
1253	1252
1255	1254
1255	1964
1255	1982
1255	2010
1258	1257
1258	1261
1258	1269
1258	1270
1258	1280
1259	1258
1259	1260
1259	1262
1259	1283
1259	1318
1260	1257
1262	1261
1262	1296
1267	1266
1270	1271
1270	1272
1272	1273
1272	1277
1272	1278
1272	1279
1273	1274
1273	1275
1273	1276
1282	1281
1283	1270
1283	1284
1283	1292
1284	1272
1284	1285
1284	1300
1284	1301
1284	1309
1285	1273
1285	1287
1285	1289
1285	1316
1286	1285
1286	1288
1286	1290
1286	1317
1286	546
1287	1274
1288	1287
1288	547
1289	1275
1290	1289
1290	548
1292	1271
1293	1292
1293	514
1296	1269
1298	1297
1298	1303
1298	1306
1298	1307
1298	1308
1298	1393
1298	1794
1298	2577
1298	3462
1298	3475
1298	3534
1299	1297
1299	1513
1299	1524
1299	1538
1300	1277
1301	1279
1302	1301
1302	552
1305	1304
1305	1529
1309	1278
1310	1309
1310	551
1312	1311
1312	1534
1314	1313
1314	1536
1316	1276
1317	1316
1317	549
1318	1280
1319	1318
1319	1540
1320	1319
1322	1321
1322	1517
1322	1519
1322	1541
1325	1324
1325	2706
1325	2707
1325	2709
1325	2710
1325	2711
1325	2714
1325	2715
1325	2716
1325	2717
1326	1325
1326	2637
1326	2644
1326	2681
1326	2704
1326	2718
1327	1326
1327	2625
1327	2634
1327	2722
1328	1327
1336	221
1336	227
1340	1339
1340	1347
1340	2226
1340	2505
1340	2508
1340	2509
1340	2510
1340	2511
1340	2513
1340	2514
1340	2515
1340	2516
1340	2517
1340	2518
1341	1340
1341	2519
1341	2520
1341	2521
1341	2530
1341	2531
1341	2532
1342	1341
1342	1426
1342	1955
1342	2570
1342	2986
1342	2992
1342	2995
1343	1342
1343	1344
1343	1956
1343	1964
1343	2571
1343	2900
1343	2987
1344	1341
1346	1345
1346	1975
1346	2494
1346	2495
1346	2496
1346	2497
1346	2498
1346	2499
1346	2500
1346	2501
1346	2502
1347	1346
1347	1348
1347	2479
1347	2480
1347	2484
1347	2485
1347	2488
1347	2489
1347	2490
1347	2503
1351	1350
1353	1352
1353	1356
1355	1354
1355	1357
1359	1358
1359	1748
1359	1755
1359	1757
1359	1761
1363	1362
1363	1371
1363	1372
1363	1373
1364	1363
1364	1366
1364	1369
1366	1365
1366	1370
1368	1367
1369	1368
1375	1374
1375	1388
1376	1374
1376	1388
1376	2430
1376	2441
1376	2450
1376	2426
1378	1377
1379	1378
1379	1390
1379	1391
1379	2415
1379	2416
1381	1380
1381	1394
1381	1406
1382	1381
1382	1399
1382	1405
1382	1410
1382	1411
1382	1412
1382	1420
1384	1383
1384	1385
1387	1386
1390	1389
1391	1389
1391	1392
1396	1395
1397	1396
1397	1400
1399	1398
1405	1404
1405	1407
1405	1409
1407	1408
1412	1413
1412	1419
1413	1414
1413	1415
1413	1416
1413	1417
1417	1418
1422	1421
1422	2449
1423	1422
1425	1424
1425	2444
1429	1428
1429	1433
1429	1432
1429	1461
1429	1455
1429	1478
1429	1430
1429	1431
1429	1462
1429	1486
1429	1492
1429	1496
1429	1497
1428	1430
1428	1431
1433	1432
1433	1451
1434	1433
1434	1461
1434	1455
1434	1462
1436	1435
1436	1442
1436	1449
1436	1478
1437	1436
1437	1439
1438	1435
1438	1449
1439	1438
1439	1443
1441	1440
1441	1499
1443	1442
1443	1478
1444	1443
1445	1447
1445	1448
1446	1445
1453	1452
1452	1455
1454	1452
1454	1457
1455	1456
1455	1457
1457	1458
1458	1459
1459	1460
1461	1462
1462	1463
1462	1466
1462	1467
1462	1475
1462	1476
1463	1464
1463	1465
1467	1468
1467	1471
1467	1473
1468	1469
1468	1470
1471	1472
1473	1474
1477	1457
1477	3022
1478	1479
1481	1480
1482	1462
1482	1483
1482	1484
1482	1470
1483	1467
1483	1476
1484	1476
1485	1484
1488	1487
1488	1458
1490	1447
1490	1493
1490	1494
1490	1495
1490	1448
1490	3496
1491	1447
1491	1448
1491	3496
1498	1497
1501	1500
1501	1504
1502	1501
1503	1500
1503	1530
1503	1760
1506	1505
1510	546
1512	1511
1512	1537
1514	1513
1514	1531
1514	1538
1514	1683
1514	1684
1514	3325
1514	3327
1514	3329
1514	3330
1514	3331
1514	3332
1514	3333
1514	3334
1514	1167
1516	1515
1516	1523
1518	1517
1518	1519
1522	1521
1523	1522
1526	1525
1536	1535
1539	1540
1551	1552
1554	1553
1558	1557
1558	1559
1601	1606
1608	1607
1608	1609
1608	1628
1611	1610
1611	1612
1611	1648
1614	1613
1614	1617
1614	1623
1615	1614
1615	1621
1617	1616
1617	1622
1618	1616
1618	1626
1619	1616
1619	1627
1621	1620
1625	1624
1625	1645
1627	1626
1627	1634
1631	1630
1633	1632
1633	1691
1636	1635
1637	1636
1637	1658
1637	1677
1639	1638
1639	1640
1639	1641
1643	1642
1643	1646
1644	1643
1644	1647
1647	1646
1647	1649
1651	1650
1651	1669
1651	1671
1651	1672
1651	1673
1651	1678
1651	1679
1651	1687
1651	3499
1652	694
1652	1653
1652	1659
1653	695
1654	1653
1654	1659
1656	1655
1656	1661
1656	1670
1656	1663
1656	1664
1656	1688
1659	696
1659	699
1661	1660
1660	1662
1660	1667
1660	1668
1662	1663
1662	1664
1662	1665
1662	1666
1676	1675
1681	1680
1681	1682
1686	1685
1686	1689
1686	1690
1693	1692
1695	1694
1697	1696
1699	1698
1699	3353
1699	3354
1699	3355
1699	3356
1700	1701
1700	1702
1725	1724
1725	1726
1725	1727
1725	1728
1725	1731
1730	1729
1733	1732
1734	1733
1734	1735
1734	1736
1734	1737
1740	1739
1740	1781
1740	3416
1740	3417
1742	1741
1742	1746
1742	1787
1742	3438
1742	3439
1742	3440
1744	1743
1744	1745
1744	1747
1744	1786
1744	1788
1749	1748
1749	1756
1748	1750
1748	1751
1748	1752
1750	1758
1750	1759
1752	1753
1752	1754
1763	1762
1763	1765
1763	1766
1763	1767
1773	1772
1775	1774
1775	1916
1775	1922
1776	1775
1776	1903
1776	1915
1776	1936
1778	1777
1777	1779
1779	1780
1781	1782
1781	1783
1781	1784
1781	1785
1789	1790
1796	1795
1796	1797
1796	1799
1796	1801
1796	1802
1799	1798
1799	1800
1804	1803
1804	1806
1804	1808
1804	1809
1811	1810
1811	1828
1811	1829
1812	1811
1812	1830
1812	1832
1814	351
1814	352
1815	1814
1815	1901
1815	2465
1815	3158
1815	3299
1817	1816
1817	1818
1817	1819
1822	1823
1822	1824
1822	3506
1822	3507
1822	3508
1826	1825
1825	1827
1832	1831
1834	1833
1837	1836
1844	1843
1848	1847
1848	1855
1848	1861
1848	1864
1848	1868
1848	1874
1848	1882
1848	1891
1850	1849
1850	1856
1850	1865
1850	1873
1850	1875
1850	1883
1850	1892
1852	1851
1852	1857
1852	1859
1852	1862
1852	1866
1852	1869
1852	1876
1852	1884
1852	1887
1852	1889
1852	1893
1854	1853
1854	1858
1854	1860
1854	1863
1854	1867
1854	1870
1854	1871
1854	1872
1854	1877
1854	1878
1854	1885
1854	1888
1854	1890
1854	1894
1880	1879
1880	1881
1886	1885
1897	1896
1897	1938
1897	1939
1899	1898
1899	1902
1906	1905
1909	1908
1911	1910
1911	1912
1911	1913
1911	1914
1921	1920
1921	1927
1922	1923
1922	1924
1922	1925
1928	1929
1928	1930
1928	1931
1932	1933
1932	1935
1933	1934
1947	1946
1947	1962
1949	1948
1949	1950
1952	1951
1952	2119
1952	2120
1952	2191
1954	1953
1955	1954
1955	2327
1955	2337
1955	2357
1955	2364
1956	1955
1957	1956
1957	2216
1957	331
1957	2223
1957	3446
1957	3447
1957	3448
1957	3449
1959	1958
1959	1981
1961	1960
1961	2114
1962	1963
1968	1967
1968	2228
1968	2229
1968	2293
1968	2322
1968	2374
1968	2375
1968	2382
1968	2384
1968	2385
1968	2389
1968	2390
1968	2391
1968	2392
1970	1969
1969	1971
1969	1972
1972	1973
1972	1974
1976	1977
1976	1978
1978	1979
1978	1980
1983	1984
1983	1985
1989	1988
1989	1993
1989	1994
1989	1997
1989	2002
1989	2003
1989	2004
1990	1989
1990	2028
1991	1990
1991	1992
1991	2029
1992	1989
1994	1995
1994	1996
1997	1998
1997	1999
1997	2000
1997	2001
2004	2005
2007	2006
2008	2007
2008	2009
2008	2011
2013	2012
2013	2015
2013	2016
2013	2017
2013	2025
2014	2013
2019	2018
2019	2043
2019	2044
2019	2046
2019	2047
2018	2020
2018	2021
2018	2022
2018	2023
2018	2024
2027	2026
2027	2030
2027	2037
2027	2038
2027	2039
2027	2040
2027	2041
2028	2027
2028	2033
2028	2035
2029	2028
2032	2031
2032	2034
2033	2032
2033	2042
2035	2036
2044	2045
2049	2048
2051	2050
2053	2052
2053	2054
2053	2055
2053	2056
2053	2057
2059	2058
2063	2062
2063	2068
2062	2064
2062	2065
2062	2066
2062	2067
2070	2069
2070	2734
2070	2737
2072	2071
2072	2073
2072	2074
2080	2079
2082	2081
2082	2086
2082	2087
2082	2088
2082	2089
2082	2090
2082	2091
2082	2092
2082	2093
2083	2082
2083	2122
2084	2083
2084	2096
2084	2117
2084	2141
2084	2193
2084	2213
2084	2214
2085	2083
2095	2094
2095	2139
2095	2168
2096	2098
2096	2099
2096	2100
2096	2101
2096	2102
2096	2103
2096	2104
2096	2105
2096	2106
2097	2096
2097	2141
2108	2107
2108	2199
2109	2108
2111	2110
2111	2201
2113	2112
2114	2113
2116	2115
2116	2166
2116	2190
2117	2116
2117	2155
2118	2117
2122	2121
2122	2124
2122	2125
2122	2127
2122	2129
2122	2131
2122	2133
2122	2135
2122	2137
2122	2167
2121	2123
2125	2126
2127	2128
2129	2130
2131	2132
2133	2134
2135	2136
2137	2138
2141	2140
2141	2151
2141	2169
2141	2197
2140	2142
2140	2143
2140	2144
2140	2145
2140	2146
2140	2147
2140	2148
2140	2149
2151	2150
2151	2178
2153	2152
2153	2179
2155	2154
2155	2180
2154	2157
2154	2158
2154	2159
2154	2160
2154	2161
2154	2162
2154	2163
2154	2164
2154	2165
2156	2155
2169	2170
2169	2171
2169	2172
2169	2173
2169	2174
2169	2175
2169	2176
2169	2177
2180	2181
2180	2182
2180	2183
2180	2184
2180	2185
2180	2186
2180	2187
2180	2188
2180	2189
2194	2193
2195	2194
2195	2227
2199	2198
2201	2200
2203	2202
2203	2921
2203	2922
2204	2203
2205	2204
2208	2207
2208	2209
2208	2210
2208	2215
2212	2211
2218	2217
2218	2422
2218	2423
2219	2218
2220	2219
2220	2418
2220	2421
2221	2220
2221	2424
2225	2224
2232	2233
2232	2234
2232	2235
2237	2236
2237	2238
2240	2239
2240	2241
2240	2242
2244	2243
2244	2253
2244	2261
2243	2245
2243	2246
2243	2247
2243	2248
2251	2250
2256	2257
2256	2258
2265	2266
2286	2285
2286	2288
2286	2725
2286	2726
2286	2727
2286	2728
2286	2729
2287	2286
2287	2724
2287	3518
2290	2289
2290	2635
2290	2731
2290	2732
2292	2291
2310	2309
2322	2321
2322	2323
2323	2324
2325	2326
2327	2328
2327	2329
2327	2330
2327	2331
2327	2332
2327	2333
2327	2334
2327	2335
2327	2336
2337	2338
2337	2341
2337	2342
2337	2343
2337	2344
2337	2345
2337	2354
2337	2355
2337	2356
2338	2339
2338	2340
2345	2346
2345	2349
2345	2350
2345	2351
2345	2352
2345	2353
2346	2347
2346	2348
2357	2358
2357	2359
2357	2360
2357	2361
2357	2362
2357	2363
2364	2365
2364	2366
2368	2367
2368	2370
2368	2371
2368	2373
2369	2368
2371	2372
2377	2376
2377	2387
2377	2393
2377	2397
2380	2379
2380	2381
2384	2383
2387	2386
2387	2388
2387	2396
2393	2394
2393	2395
2397	2398
2400	2399
2410	2409
2412	2411
2418	2417
2418	2419
2419	2420
2424	2425
2425	2426
2427	2428
2430	2431
2430	2432
2435	2434
2435	2436
2435	3297
2435	3298
2435	3441
2435	3442
2435	3443
2435	3444
2441	2440
2447	2446
2447	2448
2447	3031
2447	3495
2452	2451
2452	2455
2452	2456
2452	2457
2452	2460
2451	2454
2453	2452
2453	2463
2453	2464
2457	2458
2457	2459
2463	2462
2464	2456
2468	2467
2471	2470
2473	2472
2473	2575
2476	2475
2476	2477
2476	2478
2480	2481
2480	2482
2480	2483
2485	2486
2485	2487
2490	2491
2490	2492
2490	2493
2505	2504
2505	2507
2504	2506
2511	2512
2511	2537
2511	2538
2511	2539
2513	2535
2513	2545
2516	2542
2517	2546
2517	2547
2521	2522
2521	2523
2521	2524
2521	2525
2521	2526
2521	2527
2521	2528
2521	2529
2534	2533
2534	2536
2534	2540
2534	3515
2542	2541
2544	2543
2556	2555
2556	2558
2556	2561
2557	2556
2557	3517
2560	2559
2560	3516
2565	2564
2567	2566
2569	2568
2569	2845
2570	2572
2571	2570
2577	2576
2577	2578
2577	2579
2577	2920
2577	3070
2581	2580
2581	2582
2581	3014
2581	3015
2581	3018
2581	3021
2583	2584
2585	2586
2585	2587
2585	2588
2585	2589
2590	2591
2590	2592
2590	2593
2590	2594
2590	2595
2590	2596
2590	2597
2590	2598
2600	2599
2599	2601
2599	2602
2599	2603
2599	2604
2599	2605
2599	2606
2599	2607
2599	2608
2599	2609
2599	2610
2599	2613
2599	2616
2599	2617
2599	2618
2599	2619
2599	2620
2610	2611
2610	2612
2613	2614
2613	2615
2625	2624
2625	2626
2625	2627
2625	2628
2625	2629
2625	2630
2625	2631
2625	2632
2625	2633
2637	2636
2637	2651
2637	2652
2637	2653
2637	2654
2637	2655
2637	2656
2637	2657
2637	2658
2637	2659
2637	2660
2637	2661
2637	2663
2637	2664
2637	2666
2637	2667
2637	2668
2637	2669
2637	2670
2637	2671
2637	2672
2637	2673
2637	2674
2637	2675
2637	2676
2637	2677
2637	2678
2637	2679
2637	2680
2636	2638
2636	2639
2636	2640
2636	2641
2636	2642
2636	2643
2644	2645
2644	2646
2644	2647
2644	2648
2644	2649
2649	2650
2661	2662
2664	2665
2681	2682
2681	2683
2681	2684
2681	2685
2681	2686
2681	2687
2681	2688
2681	2689
2681	2690
2681	2691
2681	2692
2681	2693
2681	2694
2681	2695
2681	2696
2681	2697
2681	2698
2681	2699
2681	2700
2681	2701
2681	2702
2681	2703
2704	2705
2707	2708
2711	2712
2711	2713
2718	2719
2718	2720
2731	2730
2732	2733
2734	2735
2734	2736
2740	2739
2740	2741
2743	2742
2743	2746
2743	2748
2743	2754
2743	2755
2743	2756
2743	2757
2743	2758
2743	2759
2743	2760
2743	2761
2743	2762
2743	2763
2743	2764
2743	2766
2743	2769
2743	2770
2743	2773
2743	2774
2743	2775
2743	2776
2743	2777
2743	2778
2743	2779
2743	2780
2743	2781
2743	2782
2743	2783
2743	2786
2743	2790
2743	2791
2743	2792
2743	2795
2743	2800
2743	2801
2743	2802
2743	2803
2743	2804
2743	2805
2743	2806
2743	2807
2743	2808
2743	2810
2743	2811
2743	2812
2743	2813
2743	2814
2743	2815
2743	2816
2743	2817
2743	2822
2743	2824
2743	2827
2743	2828
2743	2829
2743	2830
2743	2835
2744	2743
2744	2750
2744	2752
2744	2753
2744	2765
2744	2771
2744	2793
2744	2797
2744	2820
2744	2826
2744	2843
2744	2844
2745	2744
2745	2747
2745	2809
2745	2832
2750	2749
2750	2788
2750	2789
2750	2796
2750	2799
2752	2751
2752	2767
2752	2768
2752	2772
2752	2784
2752	2785
2752	2818
2752	2819
2752	2821
2752	2823
2752	2825
2788	2787
2795	2794
2797	2798
2831	2832
2834	2833
2834	2839
2834	2841
2834	2846
2835	2836
2835	2837
2835	2838
2839	2840
2839	2841
2839	2842
2850	2849
2852	2851
2852	2861
2852	2868
2851	2855
2853	2852
2853	2878
2854	2851
2854	2856
2861	2863
2862	2861
2862	2864
2862	2863
2868	2870
2869	2868
2869	2871
2869	2870
2875	2874
2875	2881
2877	2876
2877	2880
2877	2882
2878	2879
2884	2883
2884	2885
2884	3090
2887	2886
2889	2888
2891	2890
2893	2892
2893	2897
2892	2894
2892	2895
2895	2896
2897	2896
2897	3085
2897	3088
2899	2898
2899	2901
2899	2902
2900	2899
2900	2904
2900	2905
2900	2907
2900	2911
2900	2912
2900	2914
2904	2903
2904	2913
2907	2906
2907	2908
2910	2909
2911	2910
2916	2915
2916	2923
2916	3071
2918	2917
2919	2437
2919	2425
2919	2438
2925	2924
2925	2928
2927	2926
2928	2929
2928	2930
2932	2931
2932	2933
2932	2934
2936	2935
2936	2937
2936	2938
2942	2941
2941	2943
2941	2944
2941	2947
2941	2959
2944	2945
2944	2946
2947	2948
2947	2949
2947	2950
2947	2951
2947	2952
2947	2953
2947	2954
2947	2955
2947	2956
2947	2957
2947	2958
2959	2960
2959	2961
2966	2965
2966	2968
2966	2973
2969	2970
2972	2971
2972	2982
2975	2974
2976	2975
2976	2978
2978	2977
2978	2979
2980	2981
2987	2986
2987	2995
2990	2989
2994	2993
2995	2994
2997	2996
2999	2998
2999	3005
2999	3006
2999	3007
2999	3008
3000	2999
3002	3001
3002	3019
3002	3020
3004	3003
3004	3009
3004	3025
3012	3011
3014	3013
3013	3016
3015	3013
3015	3017
3024	3023
3024	3025
3028	3027
3028	3030
3029	3027
3033	3032
3035	3034
3034	3036
3034	3037
3040	3039
3040	2879
3044	3043
3044	3045
3044	3047
3044	3050
3047	3046
3046	3048
3048	3049
3054	3053
3054	3055
3054	3059
3054	3062
3054	3063
3057	3056
3057	3058
3061	3060
3066	3065
3066	3068
3067	3066
3067	3069
3073	3072
3073	3077
3073	3078
3073	3079
3073	3080
3073	3081
3073	3082
3073	3083
3073	3084
3073	3085
3073	3086
3073	3087
3073	3088
3073	3089
3072	3074
3072	3075
3072	3076
3091	3092
3095	3094
3095	3096
3098	3099
3099	3100
3102	3101
3102	3103
3107	3106
3118	3117
3119	3118
3119	3151
3119	3176
3119	3183
3119	3304
3121	3120
3121	3124
3121	3126
3121	3127
3121	3130
3121	3290
3120	3122
3124	3123
3126	3125
3126	3128
3126	3129
3131	3132
3131	3133
3137	3136
3137	3140
3137	3141
3136	3138
3136	3139
3143	3142
3143	3144
3143	3145
3147	3146
3147	3148
3154	3153
3154	3155
3157	3156
3157	3160
3157	3162
3157	3302
3162	3161
3165	3164
3165	3190
3164	3166
3166	3167
3166	3168
3169	3170
3169	3171
3169	3172
3174	3173
3174	3188
3174	3199
3179	3178
3178	360
3178	361
3181	3180
3181	3210
3182	3181
3182	3197
3182	3207
3182	3208
3186	3185
3186	3192
3186	3198
3188	3187
3188	3193
3190	3189
3190	3191
3201	3200
3201	3221
3201	3292
3201	3293
3201	3294
3203	3202
3205	3204
3207	3206
3210	3209
3212	3211
3216	3215
3216	3222
3216	3295
3216	3296
3218	3217
3220	3219
3224	3223
3225	3223
3227	3226
3229	3228
3230	3229
3231	3228
3233	3232
3233	417
3235	3234
3238	3237
3239	3237
3243	3242
3243	3249
3243	3250
3246	3245
3246	3247
3246	3248
3253	3252
3255	3254
3255	3257
3255	3258
3255	3259
3255	3301
3257	3256
3257	3260
3262	3261
3262	3264
3264	3263
3266	3265
3266	3268
3265	3267
3270	2423
3272	3271
3272	3273
3276	3275
3276	3278
3280	3279
3280	3282
3280	3283
3280	3284
3287	3286
3287	3288
3287	3289
3291	3290
3291	3301
3291	3302
3304	3303
3306	3305
3309	3308
3309	3316
3308	3310
3308	3311
3308	3312
3308	3313
3308	3314
3308	3315
3318	3317
3326	3325
3326	3525
3326	1156
3328	3327
3328	3526
3328	3527
3328	3528
3328	3529
3328	3530
3328	3531
3328	3532
3328	3533
3328	1155
3328	3334
3335	1165
3348	3335
3348	3336
3348	3337
3348	3338
3348	3339
3348	3340
3348	3341
3348	3342
3348	3343
3350	3349
3350	3351
3350	3352
3358	3357
3359	3357
3361	3362
3365	3364
3367	3366
3367	3368
3369	3370
3371	3372
3371	3373
3371	3374
3371	3375
3371	3376
3371	3377
3371	3378
3371	3379
3371	3380
3371	3381
3371	3382
3371	3383
3371	3384
3371	3385
3386	3387
3386	3388
3386	3389
3386	3390
3386	3391
3386	3392
3386	3393
3386	3394
3386	3395
3386	3396
3386	3397
3386	3398
3386	3399
3386	3400
3386	3401
3386	3402
3403	3404
3403	3405
3407	3408
3417	1782
3417	1783
3417	1784
3417	1785
3418	494
3418	495
3436	3197
3436	3208
3436	3207
3436	3181
3445	3399
3450	3451
3452	3453
3452	3451
3452	3454
3455	3456
3457	3454
3458	3453
3458	3451
3458	3454
3459	3453
3459	3451
3459	3454
3464	3465
3464	3466
3464	3467
3469	3468
3469	3470
3469	3471
3469	3472
3469	3473
3469	3474
3476	3477
3476	3478
3479	3422
3479	3480
3479	3481
3479	3482
3479	3483
3479	3484
3479	3485
3479	431
3479	3486
3479	3487
3479	3488
3479	3489
3479	3490
3479	3491
3479	3492
3479	3493
3488	1790
3492	2931
3492	2933
3492	2934
3497	3496
3500	3501
3500	3502
3503	3504
3503	3505
3514	1911
3520	3521
3520	3522
3520	3523
3520	3524
3527	1297
3527	1513
3527	1524
3527	1538
3528	1525
3529	1304
3529	1529
3530	1311
3530	1534
3531	1321
3531	1517
3531	1519
3531	1541
