1	0
1	15
1	16
1	17
2	1
2	8
2	11
2	14
2	18
2	19
2	20
2	21
2	22
2	23
2	24
2	25
2	26
2	27
2	28
2	29
2	41
2	46
2	47
2	48
3	2
3	118
3	127
3	128
3	136
4	3
5	4
6	5
7	6
8	9
8	10
11	12
11	13
13	49
29	30
29	31
29	32
29	33
29	34
29	35
29	36
29	37
29	38
29	39
29	40
41	42
41	43
41	44
41	45
41	3439
41	3440
41	3441
41	3442
42	3436
42	3437
42	3438
51	50
51	54
51	57
51	62
51	63
51	64
51	65
51	66
51	67
51	68
51	69
51	70
51	71
51	72
51	73
51	117
51	142
51	143
51	144
51	145
51	146
51	147
51	148
51	149
51	150
51	151
52	51
53	52
54	55
57	56
57	59
57	60
57	61
59	58
75	74
75	2618
75	2620
75	2625
75	2656
75	2657
75	2658
77	76
77	2583
77	2584
79	78
79	1365
79	2588
79	3273
81	80
81	1345
81	2065
81	2585
81	2608
81	3269
83	82
83	1969
83	1970
83	1990
83	1991
83	2201
83	2300
83	2301
83	2302
83	2303
83	2304
83	2305
83	2306
83	2307
83	2308
83	2309
83	2310
83	2311
83	2312
83	2313
83	2314
83	2317
83	2318
83	2319
83	2320
83	2321
83	2322
83	2323
83	2324
83	2325
83	2326
83	2407
83	2408
83	2409
83	2410
83	2411
83	2412
84	83
84	2405
84	2406
86	85
86	1346
86	2586
86	2587
87	86
87	2066
87	2602
88	87
89	87
89	296
89	299
89	300
89	308
89	310
89	314
89	351
89	354
89	377
89	395
89	446
89	608
89	1360
89	1403
89	1418
89	1765
89	1792
89	1817
89	2222
89	2427
89	1758
89	2578
89	2577
89	2606
89	2920
89	2946
89	3045
89	3049
89	3154
89	3170
89	3176
89	3180
89	3182
89	3185
89	3187
89	3190
89	3196
89	3208
89	3215
89	3284
89	3288
89	3295
89	3299
89	3302
89	2453
89	722
89	3308
89	3313
89	3327
89	289
89	3512
91	90
91	95
91	1423
91	3246
93	92
93	98
93	2990
93	2994
93	2995
93	2997
93	3011
94	93
94	3000
94	3004
94	3008
94	3012
94	3013
95	94
95	1382
97	96
98	97
98	3016
100	99
100	1842
100	1843
100	1844
100	1845
101	100
101	611
101	815
101	1763
101	1764
101	1767
101	1768
101	1773
101	1824
101	1837
101	1841
101	1846
101	1847
101	1903
101	1922
101	1935
101	3276
101	3543
101	3544
101	3545
101	3546
101	3547
103	102
104	103
104	1198
104	1514
104	1549
106	105
106	1378
106	1944
106	1945
106	1946
106	1947
106	1948
108	107
108	1379
108	1741
108	1769
108	1770
108	1940
108	1943
108	1949
110	109
111	110
111	1202
111	1206
111	1524
111	1550
111	1823
113	112
115	114
115	1722
115	1838
115	1920
115	1921
115	1931
116	115
116	1907
116	1939
120	119
120	443
120	472
120	1307
120	1929
120	2490
120	3126
120	3134
120	3140
120	3183
122	121
123	124
126	125
126	1057
126	1062
126	1070
126	1071
126	1054
126	1065
126	1086
126	1063
126	1064
126	1067
126	1068
126	1069
126	1087
126	1088
126	1077
126	1078
126	1096
128	129
128	130
128	131
128	132
128	133
128	134
128	135
138	137
138	170
138	266
138	287
138	405
138	429
138	473
138	481
138	570
138	634
138	1084
138	1511
138	2080
138	2235
138	2443
138	2498
138	2582
138	3063
138	3133
138	3167
138	3210
137	139
141	140
153	152
153	154
153	155
153	156
153	157
153	158
153	159
153	160
153	161
153	162
153	163
153	168
153	169
153	731
153	749
153	1467
153	1549
153	1550
153	1552
153	1554
153	1555
153	1558
153	1564
153	3387
153	3390
164	165
167	166
172	171
171	173
174	175
177	176
179	178
179	1582
179	1583
179	1584
179	1585
179	1586
179	1587
179	1588
179	1589
179	1590
179	1591
179	1592
179	1593
179	1594
179	1595
179	1596
179	1597
179	1598
179	1599
179	1600
179	1601
179	1602
179	1603
179	1604
179	1605
179	1606
179	1607
179	1608
179	1609
179	1610
179	1611
179	1612
179	1613
179	1614
179	1615
179	1616
179	1617
179	1618
179	1619
179	1620
179	1621
179	1622
179	1623
179	1624
179	1625
179	1626
179	1627
180	179
182	181
182	183
182	184
182	185
182	186
182	187
189	188
189	191
189	193
189	195
189	197
190	188
190	2912
190	3058
190	3119
190	3121
190	3556
192	191
192	2075
192	2074
192	2296
192	2758
192	3054
194	193
196	195
196	1339
196	1972
196	2383
196	2384
196	2581
196	2589
196	2598
196	3079
198	197
198	2316
198	2968
198	2991
198	2992
198	3080
200	199
200	1446
200	1856
200	1861
200	1863
200	1866
200	1870
200	1873
200	1874
200	1875
200	1880
200	1881
200	1888
200	1891
200	1893
200	1897
199	202
199	206
199	208
201	199
203	202
203	206
203	208
204	202
204	206
204	208
205	202
205	206
205	208
207	206
209	208
211	210
211	212
211	215
211	219
211	220
211	222
211	261
211	225
211	226
211	227
211	228
211	262
211	229
211	230
211	231
211	235
211	241
211	244
211	245
211	248
211	246
211	247
211	249
211	250
211	251
211	252
211	253
211	254
211	258
210	212
210	215
210	216
210	217
210	218
210	219
210	224
210	225
210	226
210	227
210	228
210	229
210	230
210	231
210	232
210	233
210	234
210	235
210	236
210	237
210	238
210	239
210	240
210	241
210	242
210	243
210	244
210	245
210	246
210	247
210	248
210	249
210	250
210	251
210	252
210	253
210	254
210	255
210	256
210	257
210	258
212	213
212	214
219	220
219	221
219	222
219	223
219	262
219	263
221	261
252	2413
260	259
265	264
265	267
265	268
265	269
265	270
265	271
265	272
265	273
265	274
265	275
265	276
265	277
265	278
265	279
265	280
265	281
265	282
265	283
265	284
266	265
266	510
266	518
266	519
266	571
266	673
266	750
266	1196
266	1200
266	1265
266	1424
266	1565
266	1566
266	1567
266	1568
266	1569
266	1570
266	1571
266	1572
266	1577
266	1578
266	1655
266	1679
266	1696
266	1900
266	2248
266	2253
266	2255
266	2256
266	2258
266	2259
266	2260
266	2263
266	2264
266	2266
266	2267
266	2268
266	2269
266	2271
266	2277
266	2278
266	2279
266	2280
266	2281
266	2282
266	2283
266	2284
266	2285
266	2287
266	2288
266	2289
266	2290
266	2471
266	3137
266	3139
266	3141
266	3142
266	3144
266	3145
266	3152
266	3396
286	285
286	350
286	374
286	431
286	454
286	1817
286	1968
286	338
286	2442
286	2460
286	2472
286	2474
286	2580
286	2756
286	3084
286	3213
286	3215
286	3266
286	2473
286	3447
286	3448
286	3449
286	3450
286	3451
286	3452
286	3453
286	3454
286	3455
286	3456
286	3457
286	3458
286	3459
286	3460
286	3461
286	3462
286	3463
286	3464
286	289
289	288
289	295
288	290
288	291
291	292
291	296
292	293
292	299
295	294
295	291
295	300
297	296
296	293
298	297
298	299
298	300
298	347
298	348
298	349
298	350
298	351
298	353
298	354
298	355
298	365
298	366
298	370
298	371
298	373
298	374
298	375
298	376
298	377
298	378
298	379
298	395
298	1173
298	1350
298	1360
298	1752
298	1765
298	1817
298	358
298	359
298	1904
298	1758
298	2578
298	2616
298	3168
298	3191
298	3192
298	3208
298	3212
298	3217
298	3227
298	3228
298	3229
298	3271
298	3277
298	3306
298	3313
298	3347
298	3348
298	3350
298	3353
301	300
301	507
301	1284
301	1651
301	291
301	3444
301	3445
301	3446
300	292
303	302
303	304
306	305
306	1449
306	2221
306	2226
306	2227
306	2773
306	3019
306	3038
308	307
308	310
308	314
307	310
307	314
309	308
309	1898
309	1903
309	2502
310	311
310	312
310	313
314	315
317	316
317	332
319	318
319	324
320	319
320	328
320	329
320	334
321	319
321	325
321	328
321	329
323	322
327	326
327	333
327	812
327	2244
331	330
331	641
336	335
336	401
336	1359
336	1446
336	1960
336	1963
336	2033
336	337
336	2597
336	3198
336	2473
336	3479
335	337
335	338
340	339
342	341
342	2211
342	3491
342	2422
344	343
344	345
344	346
344	1246
344	1249
344	1258
344	1259
344	1272
344	1310
344	1311
344	1330
344	1331
344	1347
344	1348
344	1349
344	1351
344	1353
344	1354
344	2875
344	2967
344	3349
344	3374
344	3476
344	3478
344	3492
351	352
355	356
355	357
355	360
355	361
355	362
355	363
357	358
357	359
365	364
365	1818
365	1904
365	2494
365	3191
365	3326
366	367
367	368
367	369
371	372
375	292
377	3274
380	381
383	382
383	381
385	384
385	1185
385	2503
385	2885
385	2888
385	2895
385	3066
385	3346
387	386
387	1186
387	2886
387	2893
387	2900
387	3069
389	388
389	1187
389	1856
389	1861
389	1863
389	1866
389	1870
389	1873
389	1874
389	1875
389	1880
389	1881
389	1891
389	1893
389	1897
389	2887
389	2894
389	2901
389	3070
391	390
391	398
391	399
392	393
395	394
395	1909
395	1910
397	396
401	400
401	404
401	409
402	400
404	403
404	407
404	408
404	410
405	406
412	411
412	413
412	414
412	420
412	421
416	415
416	3496
417	415
417	418
417	419
423	422
423	2429
422	424
422	425
422	426
428	427
429	430
431	432
434	433
434	435
437	436
439	438
440	441
440	442
445	444
445	453
446	445
446	447
446	448
446	449
446	450
446	451
446	452
446	1771
446	1772
446	1792
446	1794
446	1795
446	2495
446	2960
446	3309
446	289
452	453
456	455
458	457
460	459
460	468
459	461
459	462
461	466
461	467
461	469
461	470
461	471
462	463
465	464
475	474
477	476
476	478
480	479
480	665
481	482
484	483
484	486
484	488
484	515
484	516
484	517
485	484
485	483
485	486
488	487
488	501
488	503
488	504
488	505
488	506
488	512
488	514
487	489
487	491
487	492
487	493
487	494
487	495
487	496
487	497
487	498
487	499
487	500
489	490
501	502
507	508
507	509
512	511
512	513
520	521
521	522
521	523
521	524
526	525
525	528
525	529
527	525
527	1215
529	530
529	560
529	564
529	565
529	566
530	531
530	532
530	533
530	534
530	551
530	552
534	535
534	538
534	539
534	540
535	536
535	537
540	541
540	542
540	543
540	544
540	545
540	546
540	550
546	547
546	548
546	549
552	553
552	554
552	555
552	556
556	557
556	558
556	559
560	561
560	562
560	563
568	567
568	569
571	572
574	573
576	575
575	577
575	578
580	579
580	620
580	1472
580	1479
582	581
583	582
583	593
583	594
584	583
584	591
584	595
584	596
584	597
585	584
585	601
585	629
586	585
586	592
586	644
586	659
587	586
587	598
587	599
587	602
587	603
587	604
587	605
587	637
587	662
587	667
589	588
590	589
590	600
590	2197
590	2609
590	3334
607	606
607	1393
607	2457
607	2458
607	2462
607	2466
607	2467
607	2468
608	607
608	2225
608	2222
608	2420
608	2947
609	607
609	2419
609	2427
609	720
609	3154
609	3170
609	3180
609	3182
609	3185
609	3187
609	3190
609	3196
609	3215
609	3284
609	3288
609	3295
609	3299
609	3302
609	2453
609	722
609	3308
609	2461
609	3327
611	610
611	612
611	1796
611	1846
611	1848
611	1849
614	613
615	613
615	619
615	625
617	616
617	618
622	621
622	623
622	624
622	627
626	625
628	627
629	630
630	631
631	632
632	633
636	635
636	638
640	639
643	642
643	652
642	645
644	643
644	647
644	654
644	658
645	646
647	648
647	651
648	649
648	650
652	653
654	655
654	656
654	657
661	660
664	663
664	1806
664	1808
664	1809
664	1810
664	1811
664	1812
667	666
667	668
667	669
667	670
672	671
672	674
673	672
673	1401
673	2213
673	3092
673	3143
674	675
677	676
677	700
677	701
677	706
677	710
677	717
677	718
677	719
677	720
677	723
677	724
677	725
677	726
677	727
676	680
676	681
676	686
678	677
678	743
679	678
679	680
679	682
679	684
679	685
679	1276
679	744
679	1674
679	717
679	725
679	724
679	2876
681	682
681	683
681	684
681	685
686	687
689	688
689	1162
691	690
691	2082
691	2234
692	691
692	690
692	1250
692	521
692	1278
692	1425
692	3138
694	693
694	1279
694	2286
693	695
695	696
698	697
697	699
701	702
701	703
703	704
703	705
706	707
707	708
707	709
710	711
710	715
710	716
711	712
711	714
712	713
720	721
720	722
729	728
729	730
733	732
735	734
735	1281
734	737
736	735
736	1280
736	1542
736	3127
736	3433
739	738
739	741
739	742
740	739
740	741
740	2083
743	744
743	745
743	746
743	747
743	748
751	752
751	757
752	753
752	754
752	755
752	756
757	758
757	759
759	760
759	761
763	762
763	765
763	769
763	772
763	773
763	774
763	805
763	806
763	807
763	808
763	809
764	763
764	767
764	817
764	822
767	766
767	768
767	770
767	771
776	775
776	786
776	793
776	795
776	796
777	776
777	779
779	778
779	791
779	792
779	794
779	797
779	800
781	780
782	781
782	788
784	783
785	784
785	790
788	787
790	789
798	785
798	799
798	777
798	804
799	801
799	802
799	803
811	810
812	811
814	813
814	816
815	814
817	818
817	819
817	820
817	821
822	823
822	824
822	825
822	826
822	827
822	828
822	829
822	830
822	831
822	832
822	833
822	834
822	835
822	836
838	837
838	840
838	841
838	844
838	845
838	846
839	838
839	843
839	904
839	849
843	842
848	847
848	850
848	853
848	854
848	856
849	848
849	852
849	901
849	906
849	907
849	908
849	909
849	910
849	911
849	912
849	918
849	919
849	920
852	851
852	855
858	857
858	872
859	858
859	861
859	889
859	892
861	860
861	870
861	871
861	873
863	862
864	863
864	869
864	883
864	885
866	865
867	866
867	876
867	887
867	897
869	868
875	874
876	875
876	878
876	879
876	881
878	877
879	880
881	882
883	884
885	886
887	888
889	890
889	891
892	893
892	894
892	895
892	896
899	898
899	900
901	902
901	903
904	905
912	913
912	914
912	915
912	916
912	917
922	921
922	926
922	930
921	923
921	924
921	925
926	927
926	928
930	929
930	931
930	932
930	933
935	934
935	939
935	943
934	936
934	937
934	938
939	940
939	941
943	942
943	944
943	945
943	946
948	947
948	962
948	1029
948	1031
948	1033
948	1035
948	1036
948	1039
950	949
950	954
950	955
950	956
950	957
951	950
951	959
951	963
951	969
953	952
959	958
959	960
961	951
961	974
961	996
961	1015
961	1021
961	1024
961	1026
961	1027
961	1028
961	1030
961	1032
961	1034
961	1037
961	1038
963	964
963	965
963	966
963	967
963	968
969	970
969	971
969	972
969	973
974	975
974	983
974	991
974	993
975	976
975	977
975	982
977	978
977	979
977	980
977	981
983	984
983	985
983	989
985	986
985	987
985	988
991	990
991	994
993	992
993	995
996	997
996	1002
996	1007
996	1012
997	998
997	999
997	1000
997	1001
1002	1003
1002	1004
1002	1005
1007	1006
1007	1008
1007	1009
1007	1010
1012	1011
1012	1013
1012	1014
1015	1016
1015	1019
1018	1017
1018	1020
1021	1022
1021	1023
1026	1025
1041	1040
1043	1042
1045	1044
1045	1046
1045	1047
1045	1049
1044	1048
1044	1050
1044	1051
1053	1052
1053	1056
1053	1055
1052	1054
1052	1056
1054	1055
1056	1057
1057	1058
1057	1059
1060	1056
1061	1057
1061	1054
1061	1058
1061	1065
1061	1086
1061	1063
1061	1064
1061	1067
1061	1068
1061	1069
1061	1087
1061	1077
1061	1096
1061	1099
1062	1063
1062	1064
1062	1065
1062	1067
1062	1068
1062	1069
1065	1066
1073	1072
1073	1074
1075	1076
1075	1078
1076	1077
1080	1079
1080	1081
1082	1054
1082	1099
1084	1083
1085	1065
1085	1086
1085	1063
1085	1064
1085	1067
1085	1068
1085	1069
1090	1089
1090	1091
1091	1092
1091	1093
1091	1094
1096	1095
1098	1097
1101	1100
1101	1105
1100	1103
1100	1104
1102	1101
1107	1106
1107	1118
1108	1107
1108	1119
1109	1108
1111	1110
1111	1126
1111	1159
1112	1111
1114	1113
1114	1142
1115	1114
1117	1116
1117	1147
1121	1120
1121	1157
1122	1121
1122	1125
1122	1158
1123	1122
1124	1121
1128	1127
1128	1131
1128	1132
1128	1133
1128	1140
1128	1141
1129	1128
1131	1130
1131	1134
1131	1135
1131	1136
1131	1137
1131	1138
1131	1139
1142	1143
1142	1144
1142	1145
1147	1146
1147	1148
1148	1149
1148	1150
1149	1151
1149	1154
1150	1152
1150	1153
1156	1155
1161	1160
1161	1170
1161	1175
1164	1163
1164	1166
1164	1165
1163	1165
1163	1166
1168	1167
1168	1170
1168	1179
1169	1167
1169	1184
1171	1168
1171	1180
1171	1183
1171	2081
1171	3351
1171	3371
1171	3373
1171	3375
1171	3356
1171	3357
1171	3358
1171	3359
1171	3360
1171	3361
1172	1171
1172	1315
1172	1321
1172	1328
1172	1338
1172	1548
1172	1705
1172	1706
1172	1536
1172	3373
1172	3527
1172	3563
1172	3564
1172	3565
1172	3566
1172	3567
1172	3568
1172	3569
1172	3570
1172	3361
1173	1172
1173	1656
1173	3355
1175	1174
1176	1177
1176	1178
1182	1181
1183	1182
1183	1546
1183	1547
1183	1551
1183	1556
1183	1563
1183	1540
1183	3362
1183	3363
1183	3364
1183	3365
1183	3366
1183	3367
1183	3368
1183	3369
1183	3370
1183	3372
1189	1188
1189	1190
1191	1190
1193	1192
1193	1194
1193	1195
1193	1199
1198	1197
1200	1201
1202	1203
1202	1204
1202	1205
1206	1207
1209	1208
1208	1210
1208	1213
1210	1211
1210	1212
1214	529
1214	1216
1214	1222
1214	1300
1214	1302
1214	1318
1214	1326
1215	1214
1215	1299
1215	1309
1216	530
1216	1217
1216	1218
1216	1221
1216	1230
1216	1234
1216	1242
1217	531
1218	534
1218	1219
1218	1224
1218	1231
1219	540
1219	1220
1219	1225
1219	1227
1219	1233
1219	1239
1219	1241
1219	1260
1220	541
1221	552
1221	1223
1221	1229
1221	1232
1221	1236
1222	1221
1222	1223
1222	1316
1222	564
1223	553
1224	535
1224	1228
1224	1235
1224	1263
1225	546
1225	1226
1225	1238
1225	1240
1226	547
1227	542
1228	538
1229	554
1230	532
1231	539
1232	555
1233	543
1234	533
1235	536
1236	556
1236	1237
1236	1261
1236	1262
1237	557
1238	548
1239	544
1240	549
1241	545
1242	551
1244	1243
1245	1244
1245	1529
1245	1530
1245	1531
1245	3531
1248	1247
1250	521
1250	1257
1250	1312
1251	1250
1252	1250
1253	1250
1253	1554
1253	1725
1254	1250
1254	1555
1254	1726
1255	1250
1255	521
1255	2272
1255	2273
1255	2275
1255	2276
1255	3247
1255	3318
1256	522
1257	1256
1257	523
1260	550
1261	558
1262	559
1263	537
1265	1264
1265	1266
1265	1267
1269	1268
1271	1270
1271	1968
1271	1986
1271	2014
1274	1273
1274	1277
1274	1285
1274	1286
1274	1296
1275	1274
1275	1276
1275	1278
1275	1299
1275	1334
1276	1273
1278	1277
1278	1312
1283	1282
1286	1287
1286	1288
1288	1289
1288	1293
1288	1294
1288	1295
1289	1290
1289	1291
1289	1292
1298	1297
1299	1286
1299	1300
1299	1308
1300	1288
1300	1301
1300	1316
1300	1317
1300	1325
1301	1289
1301	1303
1301	1305
1301	1332
1302	1301
1302	1304
1302	1306
1302	1333
1302	560
1303	1290
1304	1303
1304	561
1305	1291
1306	1305
1306	562
1308	1287
1309	1308
1309	528
1312	1285
1314	1313
1314	1319
1314	1322
1314	1323
1314	1324
1314	1414
1314	1797
1314	2612
1314	3493
1314	3508
1314	3571
1315	1313
1315	1535
1315	1546
1315	1560
1316	1293
1317	1295
1318	1317
1318	566
1321	1320
1321	1551
1325	1294
1326	1325
1326	565
1328	1327
1328	1556
1330	1329
1330	1558
1332	1292
1333	1332
1333	563
1334	1296
1335	1334
1335	1562
1336	1335
1338	1337
1338	1539
1338	1541
1338	1563
1341	1340
1341	2741
1341	2742
1341	2744
1341	2745
1341	2746
1341	2749
1341	2750
1341	2751
1341	2752
1342	1341
1342	2672
1342	2679
1342	2716
1342	2739
1342	2753
1343	1342
1343	2660
1343	2669
1343	2757
1344	1343
1352	263
1352	229
1356	1355
1356	1363
1356	2230
1356	2534
1356	2543
1356	2544
1356	2545
1356	2546
1356	2547
1356	2548
1356	2549
1356	2550
1356	2551
1357	1356
1357	2552
1357	2553
1357	2554
1357	2563
1357	2564
1357	2565
1358	1357
1358	1448
1358	1959
1358	2605
1358	3014
1358	3020
1358	3023
1359	1358
1359	1360
1359	1960
1359	1968
1359	2606
1359	2928
1359	3015
1360	1357
1362	1361
1362	1422
1362	1979
1362	2523
1362	2524
1362	2525
1362	2526
1362	2527
1362	2528
1362	2529
1362	2530
1362	2531
1363	1362
1363	1364
1363	2508
1363	2509
1363	2513
1363	2514
1363	2517
1363	2518
1363	2519
1363	2532
1367	1366
1369	1368
1369	1395
1369	1409
1369	1816
1369	2056
1369	3122
1369	3146
1369	3149
1369	3317
1371	1370
1371	1374
1373	1372
1373	1375
1377	1376
1377	1750
1377	1757
1377	1762
1381	1380
1381	1389
1381	1390
1381	1391
1382	1381
1382	1384
1382	1387
1384	1383
1384	1388
1386	1385
1387	1386
1393	1392
1393	1408
1394	1392
1394	1408
1394	2420
1394	2425
1394	2439
1394	2470
1394	2479
1394	2456
1394	2434
1397	1396
1398	1397
1398	1411
1398	1412
1398	2444
1398	2445
1400	1399
1400	1415
1400	1428
1401	1400
1401	1420
1401	1427
1401	1432
1401	1433
1401	1434
1401	1442
1403	1402
1403	1404
1406	1405
1406	1407
1411	1410
1412	1410
1412	1413
1417	1416
1418	1417
1418	1421
1420	1419
1427	1426
1427	1429
1427	1431
1429	1430
1434	1435
1434	1441
1435	1436
1435	1437
1435	1438
1435	1439
1439	1440
1444	1443
1444	2478
1445	1444
1447	1446
1447	2473
1451	1450
1451	1455
1451	1454
1451	1483
1451	1477
1451	1500
1451	1452
1451	1453
1451	1484
1451	1508
1451	1514
1451	1518
1451	1519
1450	1452
1450	1453
1455	1454
1455	1473
1456	1455
1456	1483
1456	1477
1456	1484
1458	1457
1458	1464
1458	1471
1458	1500
1459	1458
1459	1461
1460	1457
1460	1471
1461	1460
1461	1465
1463	1462
1463	1521
1465	1464
1465	1500
1466	1465
1467	1469
1467	1470
1468	1467
1475	1474
1474	1477
1476	1474
1476	1479
1477	1478
1477	1479
1479	1480
1480	1481
1481	1482
1483	1484
1484	1485
1484	1488
1484	1489
1484	1497
1484	1498
1485	1486
1485	1487
1489	1490
1489	1493
1489	1495
1490	1491
1490	1492
1493	1494
1495	1496
1499	1479
1499	3050
1500	1501
1503	1502
1504	1484
1504	1505
1504	1506
1504	1492
1505	1489
1505	1498
1506	1498
1507	1506
1510	1509
1510	1480
1512	1469
1512	1515
1512	1516
1512	1517
1512	1470
1512	3529
1513	1469
1513	1470
1513	3529
1520	1519
1523	1522
1523	1526
1524	1523
1525	1522
1525	1552
1525	1761
1528	1527
1532	560
1534	1533
1534	1559
1536	1535
1536	1553
1536	1560
1536	1705
1536	1706
1536	3352
1536	3354
1536	3356
1536	3357
1536	3358
1536	3359
1536	3360
1536	3361
1536	1183
1538	1537
1538	1545
1540	1539
1540	1541
1544	1543
1545	1544
1548	1547
1558	1557
1561	1562
1573	1574
1576	1575
1580	1579
1580	1581
1623	1628
1630	1629
1630	1631
1630	1650
1633	1632
1633	1634
1633	1670
1636	1635
1636	1639
1636	1645
1637	1636
1637	1643
1639	1638
1639	1644
1640	1638
1640	1648
1641	1638
1641	1649
1643	1642
1647	1646
1647	1667
1649	1648
1649	1656
1653	1652
1655	1654
1655	1713
1658	1657
1659	1658
1659	1680
1659	1699
1661	1660
1661	1662
1661	1663
1665	1664
1665	1668
1666	1665
1666	1669
1669	1668
1669	1671
1673	1672
1673	1691
1673	1693
1673	1694
1673	1695
1673	1700
1673	1701
1673	1709
1673	3532
1674	710
1674	1675
1674	1681
1675	711
1676	1675
1676	1681
1678	1677
1678	1683
1678	1692
1678	1685
1678	1686
1678	1710
1681	712
1681	715
1683	1682
1682	1684
1682	1689
1682	1690
1684	1685
1684	1686
1684	1687
1684	1688
1698	1697
1703	1702
1703	1704
1708	1707
1708	1711
1708	1712
1715	1714
1717	1716
1719	1718
1721	1720
1721	3380
1721	3381
1721	3382
1721	3383
1722	1723
1722	1724
1728	1727
1728	1729
1728	1730
1728	1731
1728	1734
1733	1732
1736	1735
1737	1736
1737	1738
1737	1739
1737	1740
1743	1742
1743	1746
1743	1747
1743	1749
1743	1789
1743	1791
1745	1744
1745	1748
1745	1790
1745	3469
1745	3470
1745	3471
1751	1750
1751	1758
1750	1752
1750	1753
1750	1754
1752	1759
1752	1760
1754	1755
1754	1756
1764	1763
1764	1766
1764	1767
1764	1768
1775	1774
1777	1776
1777	1919
1777	1925
1778	1777
1778	1906
1778	1918
1778	1939
1780	1779
1779	1781
1781	1782
1784	1783
1784	3443
1783	1785
1783	1786
1783	1787
1783	1788
1792	1793
1799	1798
1799	1800
1799	1802
1799	1804
1799	1805
1802	1801
1802	1803
1807	1806
1807	1809
1807	1811
1807	1812
1814	1813
1814	1831
1814	1832
1815	1814
1815	1833
1815	1835
1818	358
1818	359
1820	1819
1820	1821
1820	1822
1825	1826
1825	1827
1825	3539
1825	3540
1825	3541
1825	3542
1829	1828
1828	1830
1835	1834
1837	1836
1840	1839
1847	1846
1851	1850
1851	1858
1851	1864
1851	1867
1851	1871
1851	1877
1851	1885
1851	1894
1853	1852
1853	1859
1853	1868
1853	1876
1853	1878
1853	1886
1853	1895
1855	1854
1855	1860
1855	1862
1855	1865
1855	1869
1855	1872
1855	1879
1855	1887
1855	1890
1855	1892
1855	1896
1857	1856
1857	1861
1857	1863
1857	1866
1857	1870
1857	1873
1857	1874
1857	1875
1857	1880
1857	1881
1857	1888
1857	1891
1857	1893
1857	1897
1883	1882
1883	1884
1889	1888
1900	1899
1900	1941
1900	1942
1902	1901
1902	1905
1909	1908
1912	1911
1914	1913
1914	1915
1914	1916
1914	1917
1924	1923
1924	1930
1925	1926
1925	1927
1925	1928
1931	1932
1931	1933
1931	1934
1935	1936
1935	1938
1936	1937
1951	1950
1951	1966
1953	1952
1953	1954
1956	1955
1956	2124
1956	2125
1956	2196
1958	1957
1959	1958
1959	2333
1959	2343
1959	2363
1959	2370
1960	1959
1961	1960
1961	2221
1961	337
1961	2227
1961	3474
1961	3475
1961	3479
1961	3480
1963	1962
1963	1985
1965	1964
1965	2119
1966	1967
1972	1971
1972	2232
1972	2233
1972	2299
1972	2328
1972	2380
1972	2381
1972	2388
1972	2390
1972	2391
1972	2395
1972	2396
1972	2397
1974	1973
1973	1975
1973	1976
1976	1977
1976	1978
1980	1981
1980	1982
1982	1983
1982	1984
1987	1988
1987	1989
1993	1992
1993	1997
1993	1998
1993	2001
1993	2006
1993	2007
1993	2008
1994	1993
1994	2032
1995	1994
1995	1996
1995	2033
1996	1993
1998	1999
1998	2000
2001	2002
2001	2003
2001	2004
2001	2005
2008	2009
2011	2010
2012	2011
2012	2013
2012	2015
2017	2016
2017	2019
2017	2020
2017	2021
2017	2029
2018	2017
2023	2022
2023	2047
2023	2048
2023	2050
2023	2051
2022	2024
2022	2025
2022	2026
2022	2027
2022	2028
2031	2030
2031	2034
2031	2041
2031	2042
2031	2043
2031	2044
2031	2045
2032	2031
2032	2037
2032	2039
2033	2032
2036	2035
2036	2038
2037	2036
2037	2046
2039	2040
2048	2049
2053	2052
2055	2054
2058	2057
2058	2059
2058	2060
2058	2061
2058	2062
2064	2063
2068	2067
2068	2073
2067	2069
2067	2070
2067	2071
2067	2072
2075	2074
2075	2769
2075	2772
2077	2076
2077	2078
2077	2079
2085	2084
2087	2086
2087	2091
2087	2092
2087	2093
2087	2094
2087	2095
2087	2096
2087	2097
2087	2098
2088	2087
2088	2127
2089	2088
2089	2101
2089	2122
2089	2146
2089	2198
2089	2218
2089	2219
2090	2088
2100	2099
2100	2144
2100	2173
2101	2103
2101	2104
2101	2105
2101	2106
2101	2107
2101	2108
2101	2109
2101	2110
2101	2111
2102	2101
2102	2146
2113	2112
2113	2204
2114	2113
2116	2115
2116	2206
2118	2117
2119	2118
2121	2120
2121	2171
2121	2195
2122	2121
2122	2160
2123	2122
2127	2126
2127	2129
2127	2130
2127	2132
2127	2134
2127	2136
2127	2138
2127	2140
2127	2142
2127	2172
2126	2128
2130	2131
2132	2133
2134	2135
2136	2137
2138	2139
2140	2141
2142	2143
2146	2145
2146	2156
2146	2174
2146	2202
2145	2147
2145	2148
2145	2149
2145	2150
2145	2151
2145	2152
2145	2153
2145	2154
2156	2155
2156	2183
2158	2157
2158	2184
2160	2159
2160	2185
2159	2162
2159	2163
2159	2164
2159	2165
2159	2166
2159	2167
2159	2168
2159	2169
2159	2170
2161	2160
2174	2175
2174	2176
2174	2177
2174	2178
2174	2179
2174	2180
2174	2181
2174	2182
2185	2186
2185	2187
2185	2188
2185	2189
2185	2190
2185	2191
2185	2192
2185	2193
2185	2194
2199	2198
2200	2199
2200	2231
2204	2203
2206	2205
2208	2207
2208	2949
2208	2950
2209	2208
2210	2209
2213	2212
2213	2214
2213	2215
2213	2220
2217	2216
2223	2222
2223	2425
2223	2451
2223	2452
2223	2453
2224	2223
2224	2447
2224	2450
2225	2224
2225	2454
2229	2228
2236	2237
2236	2238
2236	2239
2241	2240
2241	2242
2244	2243
2244	2245
2244	2246
2248	2247
2248	2257
2248	2265
2247	2249
2247	2250
2247	2251
2247	2252
2255	2254
2260	2261
2260	2262
2269	2270
2274	2273
2292	2291
2292	2294
2292	2760
2292	2761
2292	2762
2292	2763
2292	2764
2293	2292
2293	2759
2293	3555
2296	2295
2296	2670
2296	2766
2296	2767
2298	2297
2316	2315
2328	2327
2328	2329
2329	2330
2331	2332
2333	2334
2333	2335
2333	2336
2333	2337
2333	2338
2333	2339
2333	2340
2333	2341
2333	2342
2343	2344
2343	2347
2343	2348
2343	2349
2343	2350
2343	2351
2343	2360
2343	2361
2343	2362
2344	2345
2344	2346
2351	2352
2351	2355
2351	2356
2351	2357
2351	2358
2351	2359
2352	2353
2352	2354
2363	2364
2363	2365
2363	2366
2363	2367
2363	2368
2363	2369
2370	2371
2370	2372
2374	2373
2374	2376
2374	2377
2374	2379
2375	2374
2377	2378
2383	2382
2383	2393
2383	2398
2383	2402
2386	2385
2386	2387
2390	2389
2393	2392
2393	2394
2393	2401
2398	2399
2398	2400
2402	2403
2405	2404
2415	2414
2417	2416
2419	2418
2420	2419
2420	2461
2422	2421
2423	2423
2424	2423
2424	2424
2424	3549
2424	3550
2427	2426
2427	3304
2427	3305
2429	2428
2429	2430
2429	2431
2433	2432
2434	2433
2434	2441
2434	3551
2436	2435
2436	2437
2439	2438
2441	2440
2447	2446
2447	2448
2448	2449
2454	2455
2455	2456
2458	2459
2464	2463
2464	2465
2464	3472
2470	2469
2476	2475
2476	2477
2476	3059
2476	3528
2481	2480
2481	2484
2481	2485
2481	2486
2481	2489
2480	2483
2482	2481
2482	2492
2482	2493
2486	2487
2486	2488
2492	2491
2493	2485
2497	2496
2500	2499
2502	2501
2502	2610
2505	2504
2505	2506
2505	2507
2509	2510
2509	2511
2509	2512
2514	2515
2514	2516
2519	2520
2519	2521
2519	2522
2534	2533
2534	2536
2534	2537
2534	2541
2534	2542
2533	2535
2537	2538
2537	2539
2537	2540
2546	2570
2546	2571
2546	2572
2546	2573
2547	2568
2547	2579
2550	2576
2554	2555
2554	2556
2554	2557
2554	2558
2554	2559
2554	2560
2554	2561
2554	2562
2567	2566
2567	2569
2567	2574
2567	3552
2576	2575
2578	2577
2591	2590
2591	2593
2591	2596
2592	2591
2592	3554
2595	2594
2595	3553
2600	2599
2602	2601
2604	2603
2604	2873
2605	2607
2606	2605
2612	2611
2612	2613
2612	2614
2612	2948
2612	3098
2616	2615
2616	2617
2616	3042
2616	3043
2616	3046
2616	3049
2618	2619
2620	2621
2620	2622
2620	2623
2620	2624
2625	2626
2625	2627
2625	2628
2625	2629
2625	2630
2625	2631
2625	2632
2625	2633
2635	2634
2634	2636
2634	2637
2634	2638
2634	2639
2634	2640
2634	2641
2634	2642
2634	2643
2634	2644
2634	2645
2634	2648
2634	2651
2634	2652
2634	2653
2634	2654
2634	2655
2645	2646
2645	2647
2648	2649
2648	2650
2660	2659
2660	2661
2660	2662
2660	2663
2660	2664
2660	2665
2660	2666
2660	2667
2660	2668
2672	2671
2672	2686
2672	2687
2672	2688
2672	2689
2672	2690
2672	2691
2672	2692
2672	2693
2672	2694
2672	2695
2672	2696
2672	2698
2672	2699
2672	2701
2672	2702
2672	2703
2672	2704
2672	2705
2672	2706
2672	2707
2672	2708
2672	2709
2672	2710
2672	2711
2672	2712
2672	2713
2672	2714
2672	2715
2671	2673
2671	2674
2671	2675
2671	2676
2671	2677
2671	2678
2679	2680
2679	2681
2679	2682
2679	2683
2679	2684
2684	2685
2696	2697
2699	2700
2716	2717
2716	2718
2716	2719
2716	2720
2716	2721
2716	2722
2716	2723
2716	2724
2716	2725
2716	2726
2716	2727
2716	2728
2716	2729
2716	2730
2716	2731
2716	2732
2716	2733
2716	2734
2716	2735
2716	2736
2716	2737
2716	2738
2739	2740
2742	2743
2746	2747
2746	2748
2753	2754
2753	2755
2766	2765
2767	2768
2769	2770
2769	2771
2775	2774
2775	2776
2778	2777
2778	2781
2778	2783
2778	2789
2778	2790
2778	2791
2778	2792
2778	2793
2778	2794
2778	2795
2778	2796
2778	2797
2778	2798
2778	2799
2778	2801
2778	2804
2778	2805
2778	2808
2778	2809
2778	2810
2778	2811
2778	2812
2778	2813
2778	2814
2778	2815
2778	2816
2778	2817
2778	2818
2778	2821
2778	2825
2778	2826
2778	2827
2778	2830
2778	2835
2778	2836
2778	2837
2778	2838
2778	2839
2778	2840
2778	2841
2778	2842
2778	2843
2778	2845
2778	2846
2778	2847
2778	2848
2778	2849
2778	2850
2778	2851
2778	2852
2778	2857
2778	2859
2778	2862
2778	2863
2778	2864
2778	2865
2778	2870
2779	2778
2779	2785
2779	2787
2779	2788
2779	2800
2779	2806
2779	2828
2779	2832
2779	2855
2779	2861
2779	2871
2779	2872
2780	2779
2780	2782
2780	2844
2780	2867
2785	2784
2785	2823
2785	2824
2785	2831
2785	2834
2787	2786
2787	2802
2787	2803
2787	2807
2787	2819
2787	2820
2787	2853
2787	2854
2787	2856
2787	2858
2787	2860
2823	2822
2830	2829
2832	2833
2866	2867
2869	2868
2869	2870
2869	2874
2878	2877
2880	2879
2880	2889
2880	2896
2879	2883
2881	2880
2881	2906
2882	2879
2882	2884
2882	2883
2889	2891
2890	2889
2890	2892
2890	2891
2896	2898
2897	2896
2897	2899
2897	2898
2903	2902
2903	2909
2905	2904
2905	2908
2905	2910
2906	2907
2912	2911
2912	2913
2912	3118
2915	2914
2917	2916
2919	2918
2921	2920
2921	2925
2920	2922
2920	2923
2923	2924
2925	2924
2925	3113
2925	3116
2927	2926
2927	2929
2927	2930
2928	2927
2928	2932
2928	2933
2928	2935
2928	2939
2928	2940
2928	2942
2932	2931
2932	2941
2935	2934
2935	2936
2938	2937
2939	2938
2944	2943
2944	2951
2944	3099
2946	2945
2947	2466
2947	2455
2947	2467
2953	2952
2953	2956
2955	2954
2956	2957
2956	2958
2960	2959
2960	2961
2960	2962
2964	2963
2964	2965
2964	2966
2970	2969
2969	2971
2969	2972
2969	2975
2969	2987
2972	2973
2972	2974
2975	2976
2975	2977
2975	2978
2975	2979
2975	2980
2975	2981
2975	2982
2975	2983
2975	2984
2975	2985
2975	2986
2987	2988
2987	2989
2994	2993
2994	2996
2994	3001
2997	2998
3000	2999
3000	3010
3003	3002
3004	3003
3004	3006
3006	3005
3006	3007
3008	3009
3015	3014
3015	3023
3018	3017
3022	3021
3023	3022
3025	3024
3027	3026
3027	3033
3027	3034
3027	3035
3027	3036
3028	3027
3030	3029
3030	3047
3030	3048
3032	3031
3032	3037
3032	3053
3040	3039
3042	3041
3041	3044
3043	3041
3043	3045
3052	3051
3052	3053
3056	3055
3056	3058
3057	3055
3061	3060
3063	3062
3062	3064
3062	3065
3068	3067
3068	2907
3072	3071
3072	3073
3072	3075
3072	3078
3075	3074
3074	3076
3076	3077
3082	3081
3082	3083
3082	3087
3082	3090
3082	3091
3085	3084
3085	3086
3089	3088
3094	3093
3094	3096
3095	3094
3095	3097
3101	3100
3101	3105
3101	3106
3101	3107
3101	3108
3101	3109
3101	3110
3101	3111
3101	3112
3101	3113
3101	3114
3101	3115
3101	3116
3101	3117
3100	3102
3100	3103
3100	3104
3119	3120
3124	3123
3124	3125
3127	3128
3128	3129
3131	3130
3131	3132
3136	3135
3148	3147
3151	3150
3152	3151
3152	3184
3152	3209
3152	3216
3152	3331
3154	3153
3154	3157
3154	3159
3154	3160
3154	3163
3154	3319
3153	3155
3157	3156
3159	3158
3159	3161
3159	3162
3164	3165
3164	3166
3170	3169
3170	3173
3170	3174
3169	3171
3169	3172
3176	3175
3176	3177
3176	3178
3180	3179
3180	3181
3187	3186
3187	3188
3190	3189
3190	3193
3190	3195
3190	3329
3195	3194
3198	3197
3198	3223
3197	3199
3199	3200
3199	3201
3202	3203
3202	3204
3202	3205
3207	3206
3207	3221
3207	3232
3212	3211
3211	368
3211	369
3214	3213
3214	3243
3215	3214
3215	3230
3215	3240
3215	3241
3219	3218
3219	3225
3219	3231
3221	3220
3221	3226
3223	3222
3223	3224
3234	3233
3234	3254
3234	3321
3234	3322
3234	3323
3236	3235
3238	3237
3240	3239
3243	3242
3245	3244
3249	3248
3249	3255
3249	3324
3249	3325
3251	3250
3253	3252
3257	3256
3258	3256
3260	3259
3262	3261
3263	3262
3264	3261
3266	3265
3266	432
3268	3267
3271	3270
3272	3270
3276	3275
3276	3282
3276	3283
3279	3278
3279	3280
3279	3281
3286	3285
3288	3287
3288	3290
3288	3291
3288	3292
3288	3328
3290	3289
3290	3293
3295	3294
3295	3297
3297	3296
3299	3298
3299	3301
3298	3300
3303	2453
3308	3307
3308	3310
3312	3311
3312	3314
3312	3315
3312	3316
3320	3319
3320	3328
3320	3329
3331	3330
3333	3332
3336	3335
3336	3343
3335	3337
3335	3338
3335	3339
3335	3340
3335	3341
3335	3342
3345	3344
3353	3352
3353	3562
3353	1172
3355	3354
3355	3563
3355	3564
3355	3565
3355	3566
3355	3567
3355	3568
3355	3569
3355	3570
3355	1171
3355	3361
3362	1181
3375	3362
3375	3363
3375	3364
3375	3365
3375	3366
3375	3367
3375	3368
3375	3369
3375	3370
3377	3376
3377	3378
3377	3379
3385	3384
3386	3384
3388	3389
3392	3391
3394	3393
3394	3395
3396	3397
3398	3399
3398	3400
3398	3401
3398	3402
3398	3403
3398	3404
3398	3405
3398	3406
3398	3407
3398	3408
3398	3409
3398	3410
3398	3411
3398	3412
3413	3414
3413	3415
3413	3416
3413	3417
3413	3418
3413	3419
3413	3420
3413	3421
3413	3422
3413	3423
3413	3424
3413	3425
3413	3426
3413	3427
3413	3428
3413	3429
3430	3431
3430	3432
3434	3435
3443	1785
3443	1786
3443	1787
3443	1788
3444	508
3444	509
3463	3230
3463	3241
3463	3240
3463	3214
3465	3466
3467	3468
3473	3427
3477	3476
3477	3478
3481	3482
3483	3484
3483	3482
3483	3485
3486	3487
3488	3485
3489	3484
3489	3482
3489	3485
3490	3484
3490	3482
3490	3485
3494	3495
3497	3498
3497	3499
3497	3500
3502	3501
3502	3503
3502	3504
3502	3505
3502	3506
3502	3507
3509	3510
3509	3511
3512	3448
3512	3513
3512	3514
3512	3515
3512	3516
3512	3517
3512	3518
3512	445
3512	3519
3512	3520
3512	3521
3512	3522
3512	3523
3512	3524
3512	3525
3512	3526
3521	1793
3525	2959
3525	2961
3525	2962
3530	3529
3533	3534
3533	3535
3536	3537
3536	3538
3548	1914
3549	3550
3549	2424
3557	3558
3557	3559
3557	3560
3557	3561
3564	1313
3564	1535
3564	1546
3564	1560
3565	1547
3566	1320
3566	1551
3567	1327
3567	1556
3568	1337
3568	1539
3568	1541
3568	1563
