1	0
1	15
1	16
1	17
2	1
2	8
2	11
2	14
2	18
2	19
2	20
2	21
2	22
2	23
2	24
2	25
2	26
2	27
2	28
2	29
2	42
2	46
2	47
2	48
3	2
3	119
3	128
3	136
3	137
4	3
5	4
6	5
7	6
8	9
8	10
11	12
11	13
13	49
29	30
29	31
29	32
29	33
29	34
29	35
29	36
29	37
29	38
29	39
29	40
29	41
42	43
42	44
42	45
42	3478
42	3479
42	3480
42	3481
42	3482
43	3475
43	3476
43	3477
51	50
51	54
51	56
51	59
51	64
51	65
51	66
51	67
51	68
51	69
51	70
51	71
51	72
51	73
51	74
51	118
51	143
51	144
51	145
51	146
51	147
51	148
51	149
51	150
51	151
51	152
52	51
53	52
54	55
56	57
59	58
59	61
59	62
59	63
61	60
76	75
76	2646
76	2651
76	2687
76	2688
76	2689
78	77
78	2610
78	2611
80	79
80	1394
80	2615
80	3313
82	81
82	1374
82	2101
82	2612
82	2635
82	3309
84	83
84	2005
84	2006
84	2026
84	2027
84	2236
84	2335
84	2336
84	2337
84	2338
84	2339
84	2340
84	2341
84	2342
84	2343
84	2344
84	2345
84	2346
84	2347
84	2348
84	2349
84	2352
84	2353
84	2354
84	2355
84	2356
84	2357
84	2358
84	2359
84	2360
84	2361
84	2442
84	2443
84	2444
84	2445
84	2446
84	2447
85	84
85	2440
85	2441
87	86
87	1375
87	2613
87	2614
88	87
88	2102
88	2629
89	88
90	88
90	295
90	298
90	299
90	307
90	309
90	313
90	350
90	353
90	376
90	395
90	474
90	636
90	1389
90	1431
90	1445
90	1791
90	1824
90	1852
90	2257
90	2455
90	1784
90	2605
90	2604
90	2633
90	2961
90	2987
90	3086
90	3089
90	3194
90	3210
90	3216
90	3220
90	3222
90	3225
90	3227
90	3230
90	3236
90	3248
90	3255
90	3315
90	3325
90	3329
90	3336
90	3340
90	3343
90	2482
90	749
90	3348
90	3353
90	3367
90	288
90	3550
92	91
92	96
92	3286
94	93
94	99
94	3031
94	3035
94	3036
94	3038
94	3052
95	94
95	3041
95	3045
95	3049
95	3053
95	3054
96	95
96	1411
96	1449
98	97
99	98
99	3057
101	100
101	1878
101	1879
101	1880
101	1881
102	101
102	640
102	842
102	1789
102	1790
102	1793
102	1794
102	1799
102	1859
102	1872
102	1877
102	1882
102	1883
102	1939
102	1958
102	1971
102	3317
102	3580
102	3581
102	3582
102	3583
102	3584
104	103
105	104
105	1225
105	1540
105	1575
107	106
107	1407
107	1980
107	1981
107	1982
107	1983
107	1984
109	108
109	1408
109	1767
109	1795
109	1796
109	1976
109	1979
109	1985
111	110
112	111
112	1229
112	1233
112	1550
112	1576
112	1858
114	113
116	115
116	1748
116	1874
116	1956
116	1957
116	1967
117	116
117	1943
117	1975
121	120
121	471
121	499
121	1336
121	1965
121	2517
121	3166
121	3174
121	3180
121	3223
123	122
123	153
123	154
123	155
123	156
123	157
123	158
123	159
123	160
123	161
123	162
123	163
123	168
123	169
123	776
123	1493
123	1575
123	1576
123	1578
123	1580
123	1581
123	1584
123	1590
123	3426
123	3429
124	125
127	126
127	1084
127	1089
127	1097
127	1098
127	1081
127	1092
127	1113
127	1090
127	1091
127	1094
127	1095
127	1096
127	1114
127	1115
127	1104
127	1105
127	1123
128	129
128	130
128	131
128	132
128	133
128	134
128	135
139	138
139	170
139	265
139	286
139	405
139	455
139	500
139	508
139	598
139	663
139	1111
139	1537
139	2116
139	2270
139	2475
139	2525
139	2609
139	3103
139	3173
139	3207
139	3250
138	140
142	141
164	165
167	166
172	171
171	173
174	175
177	176
179	178
179	1608
179	1609
179	1610
179	1611
179	1612
179	1613
179	1614
179	1615
179	1616
179	1617
179	1618
179	1619
179	1620
179	1621
179	1622
179	1623
179	1624
179	1625
179	1626
179	1627
179	1628
179	1629
179	1630
179	1631
179	1632
179	1633
179	1634
179	1635
179	1636
179	1637
179	1638
179	1639
179	1640
179	1641
179	1642
179	1643
179	1644
179	1645
179	1646
179	1647
179	1648
179	1649
179	1650
179	1651
179	1652
179	1653
180	179
182	181
182	183
182	184
182	185
182	186
182	187
182	188
190	189
190	192
190	194
190	196
190	198
191	189
191	2953
191	3098
191	3159
191	3161
191	3591
193	192
193	2111
193	2110
193	2331
193	2791
193	3094
195	194
197	196
197	1368
197	2008
197	2418
197	2419
197	2608
197	2616
197	2625
197	3119
199	198
199	2351
199	3009
199	3032
199	3033
199	3120
201	200
201	1472
201	1892
201	1897
201	1899
201	1902
201	1906
201	1909
201	1910
201	1911
201	1916
201	1917
201	1924
201	1926
201	1929
201	1933
200	203
200	207
200	209
202	200
204	203
204	207
204	209
205	203
205	207
205	209
206	203
206	207
206	209
208	207
210	209
212	211
212	213
212	216
212	220
212	221
212	223
212	262
212	228
212	229
212	230
212	231
212	225
212	232
212	233
212	234
212	238
212	244
212	247
212	248
212	251
212	249
212	250
212	252
212	253
212	254
212	255
212	256
212	257
212	259
211	213
211	216
211	217
211	218
211	219
211	220
211	227
211	228
211	229
211	230
211	231
211	232
211	233
211	234
211	235
211	236
211	237
211	238
211	239
211	240
211	241
211	242
211	243
211	244
211	245
211	246
211	247
211	248
211	249
211	250
211	251
211	252
211	253
211	254
211	255
211	256
211	257
211	258
211	259
213	214
213	215
220	221
220	222
220	223
220	224
220	225
220	226
222	262
255	2448
261	260
264	263
264	266
264	267
264	268
264	269
264	270
264	271
264	272
264	273
264	274
264	275
264	276
264	277
264	278
264	279
264	280
264	281
264	282
264	283
265	264
265	538
265	546
265	547
265	599
265	702
265	777
265	1223
265	1227
265	1292
265	1450
265	1591
265	1592
265	1593
265	1594
265	1595
265	1596
265	1597
265	1598
265	1603
265	1604
265	1681
265	1705
265	1722
265	1936
265	2283
265	2288
265	2290
265	2291
265	2293
265	2294
265	2295
265	2298
265	2299
265	2301
265	2302
265	2303
265	2304
265	2306
265	2312
265	2313
265	2314
265	2315
265	2316
265	2317
265	2318
265	2319
265	2320
265	2322
265	2323
265	2324
265	2325
265	2495
265	3177
265	3179
265	3181
265	3182
265	3184
265	3185
265	3192
265	3435
285	284
285	349
285	373
285	431
285	457
285	1852
285	2004
285	337
285	2474
285	2496
285	2498
285	2607
285	2691
285	3124
285	3253
285	3255
285	3306
285	2497
285	3487
285	3488
285	3489
285	3490
285	3491
285	3492
285	3493
285	3494
285	3495
285	3496
285	3497
285	3498
285	3499
285	3500
285	3501
285	3502
285	288
285	3534
288	287
288	294
287	289
287	290
290	291
290	295
291	292
291	298
294	293
294	290
294	299
296	295
295	292
297	296
297	298
297	299
297	346
297	347
297	348
297	349
297	350
297	352
297	353
297	354
297	364
297	365
297	369
297	370
297	372
297	373
297	374
297	375
297	376
297	378
297	379
297	395
297	1200
297	1379
297	1389
297	1778
297	1791
297	1852
297	357
297	358
297	1940
297	1784
297	2605
297	2643
297	3208
297	3231
297	3232
297	3248
297	3252
297	3257
297	3267
297	3268
297	3269
297	3311
297	3315
297	3318
297	3346
297	3353
297	3387
297	3388
297	3390
297	3393
300	299
300	535
300	1313
300	1677
300	290
300	3484
300	3485
300	3486
299	291
302	301
302	303
305	304
305	1475
305	2256
305	2261
305	2262
305	2806
305	3060
305	3079
307	306
307	309
307	313
306	309
306	313
308	307
308	1934
308	1939
308	2529
309	310
309	311
309	312
313	314
316	315
316	331
318	317
318	323
319	318
319	327
319	328
319	333
320	318
320	324
320	327
320	328
322	321
326	325
326	332
326	839
326	2279
330	329
330	670
335	334
335	401
335	1388
335	1472
335	1996
335	1999
335	2069
335	336
335	2624
335	3238
335	2497
335	3517
334	336
334	337
339	338
341	340
341	2246
341	3529
343	342
343	344
343	345
343	1273
343	1276
343	1285
343	1286
343	1299
343	1339
343	1340
343	1359
343	1360
343	1376
343	1377
343	1378
343	1380
343	1382
343	1383
343	2916
343	3008
343	3389
343	3413
343	3514
343	3516
343	3530
350	351
354	355
354	356
354	359
354	360
354	361
354	362
356	357
356	358
364	363
364	1853
364	1940
364	2521
364	3231
364	3366
365	366
366	367
366	368
370	371
374	291
376	377
380	381
383	382
383	381
385	384
385	1212
385	2530
385	2926
385	2929
385	2936
385	3106
385	3386
387	386
387	1213
387	2927
387	2934
387	2941
387	3109
389	388
389	1214
389	1892
389	1897
389	1899
389	1902
389	1906
389	1909
389	1910
389	1911
389	1916
389	1917
389	1924
389	1929
389	1933
389	2928
389	2935
389	2942
389	3110
391	390
391	398
391	399
392	393
395	394
395	1945
395	1946
397	396
401	400
401	404
401	409
402	400
404	403
404	407
404	408
404	410
405	406
412	411
412	413
412	414
412	420
412	421
416	415
416	3535
417	415
417	418
417	419
423	422
423	2457
422	424
422	425
422	426
428	427
430	429
430	432
430	433
430	434
430	435
430	436
430	437
430	438
430	439
430	454
430	441
430	442
430	443
430	444
430	445
430	446
430	447
430	448
430	449
430	450
431	430
431	440
440	441
440	442
440	443
440	444
440	445
440	446
440	447
440	448
440	449
440	450
452	451
453	451
455	456
457	458
460	459
460	461
462	463
465	464
467	466
468	469
468	470
473	472
473	481
474	473
474	475
474	476
474	477
474	478
474	479
474	480
474	1797
474	1798
474	1824
474	1826
474	1827
474	2522
474	3001
474	3349
474	288
480	481
483	482
485	484
487	486
487	495
486	488
486	489
488	493
488	494
488	496
488	497
488	498
489	490
492	491
502	501
504	503
503	505
507	506
507	694
508	509
511	510
511	513
511	514
511	516
511	543
511	544
511	545
512	511
512	510
512	513
512	514
516	515
516	529
516	531
516	532
516	533
516	534
516	540
516	542
515	517
515	519
515	520
515	521
515	522
515	523
515	524
515	525
515	526
515	527
515	528
517	518
529	530
535	536
535	537
540	539
540	541
548	549
549	550
549	551
549	552
554	553
553	556
553	557
555	553
555	1242
557	558
557	588
557	592
557	593
557	594
558	559
558	560
558	561
558	562
558	579
558	580
562	563
562	566
562	567
562	568
563	564
563	565
568	569
568	570
568	571
568	572
568	573
568	574
568	578
574	575
574	576
574	577
580	581
580	582
580	583
580	584
584	585
584	586
584	587
588	589
588	590
588	591
596	595
596	597
599	600
602	601
604	603
603	605
603	606
608	607
608	649
608	1498
608	1505
610	609
611	610
611	621
611	622
612	611
612	619
612	623
612	624
612	625
613	612
613	629
613	658
614	613
614	620
614	673
614	688
615	614
615	626
615	627
615	630
615	631
615	632
615	633
615	666
615	691
615	696
617	616
618	617
618	628
618	2232
618	2636
618	3374
635	634
635	1422
635	2484
635	2485
635	2487
635	2490
635	2491
635	2492
636	635
636	2260
636	2257
636	2988
637	636
637	1421
637	1436
637	2453
637	2494
637	2503
637	2504
637	2505
637	2506
637	3586
638	635
638	2455
638	747
638	2488
638	3194
638	3210
638	3220
638	3222
638	3225
638	3227
638	3230
638	3236
638	3255
638	3325
638	3329
638	3336
638	3340
638	3343
638	2482
638	749
638	3348
638	2489
638	3367
640	639
640	641
640	1828
640	1873
640	1882
640	1884
640	1885
643	642
644	642
644	648
644	654
646	645
646	647
651	650
651	652
651	653
651	656
655	654
657	656
658	659
659	660
660	661
661	662
665	664
665	667
669	668
672	671
672	681
671	674
673	672
673	676
673	683
673	687
674	675
676	677
676	680
677	678
677	679
681	682
683	684
683	685
683	686
690	689
693	692
693	1838
693	1840
693	1841
693	1842
693	1843
693	1844
696	695
696	697
696	698
696	699
701	700
701	703
702	701
702	1429
702	2248
702	3132
702	3183
703	704
706	705
706	729
706	730
706	735
706	739
706	746
706	747
706	750
706	751
706	752
706	753
705	709
705	710
705	715
707	706
707	770
708	707
708	709
708	711
708	713
708	714
708	1305
708	771
708	1700
708	746
708	751
708	2917
710	711
710	712
710	713
710	714
715	716
718	717
718	1189
720	719
720	2117
720	2269
721	720
721	719
721	1277
721	549
721	1307
721	1451
721	3178
723	722
723	1308
723	2321
722	724
724	725
727	726
726	728
730	731
730	732
732	733
732	734
735	736
736	737
736	738
739	740
739	744
739	745
740	741
740	743
741	742
747	748
747	749
755	754
755	756
758	757
760	759
762	761
762	1310
761	764
763	762
763	1309
763	1568
763	3167
763	3472
766	765
766	768
766	769
767	766
767	768
767	2118
770	771
770	772
770	773
770	774
770	775
778	779
778	784
779	780
779	781
779	782
779	783
784	785
784	786
786	787
786	788
790	789
790	792
790	796
790	799
790	800
790	801
790	832
790	833
790	834
790	835
790	836
791	790
791	794
791	844
791	849
794	793
794	795
794	797
794	798
803	802
803	813
803	820
803	822
803	823
804	803
804	806
806	805
806	818
806	819
806	821
806	824
806	827
808	807
809	808
809	815
811	810
812	811
812	817
815	814
817	816
825	812
825	826
825	804
825	831
826	828
826	829
826	830
838	837
839	838
841	840
841	843
842	841
844	845
844	846
844	847
844	848
849	850
849	851
849	852
849	853
849	854
849	855
849	856
849	857
849	858
849	859
849	860
849	861
849	862
849	863
865	864
865	867
865	868
865	871
865	872
865	873
866	865
866	870
866	931
866	876
870	869
875	874
875	877
875	880
875	881
875	883
876	875
876	879
876	928
876	933
876	934
876	935
876	936
876	937
876	938
876	939
876	945
876	946
876	947
879	878
879	882
885	884
885	899
886	885
886	888
886	916
886	919
888	887
888	897
888	898
888	900
890	889
891	890
891	896
891	910
891	912
893	892
894	893
894	903
894	914
894	924
896	895
902	901
903	902
903	905
903	906
903	908
905	904
906	907
908	909
910	911
912	913
914	915
916	917
916	918
919	920
919	921
919	922
919	923
926	925
926	927
928	929
928	930
931	932
939	940
939	941
939	942
939	943
939	944
949	948
949	953
949	957
948	950
948	951
948	952
953	954
953	955
957	956
957	958
957	959
957	960
962	961
962	966
962	970
961	963
961	964
961	965
966	967
966	968
970	969
970	971
970	972
970	973
975	974
975	989
975	1056
975	1058
975	1060
975	1062
975	1063
975	1066
977	976
977	981
977	982
977	983
977	984
978	977
978	986
978	990
978	996
980	979
986	985
986	987
988	978
988	1001
988	1023
988	1042
988	1048
988	1051
988	1053
988	1054
988	1055
988	1057
988	1059
988	1061
988	1064
988	1065
990	991
990	992
990	993
990	994
990	995
996	997
996	998
996	999
996	1000
1001	1002
1001	1010
1001	1018
1001	1020
1002	1003
1002	1004
1002	1009
1004	1005
1004	1006
1004	1007
1004	1008
1010	1011
1010	1012
1010	1016
1012	1013
1012	1014
1012	1015
1018	1017
1018	1021
1020	1019
1020	1022
1023	1024
1023	1029
1023	1034
1023	1039
1024	1025
1024	1026
1024	1027
1024	1028
1029	1030
1029	1031
1029	1032
1034	1033
1034	1035
1034	1036
1034	1037
1039	1038
1039	1040
1039	1041
1042	1043
1042	1046
1045	1044
1045	1047
1048	1049
1048	1050
1053	1052
1068	1067
1070	1069
1072	1071
1072	1073
1072	1074
1072	1076
1071	1075
1071	1077
1071	1078
1080	1079
1080	1083
1080	1082
1079	1081
1079	1083
1081	1082
1083	1084
1084	1085
1084	1086
1087	1083
1088	1084
1088	1081
1088	1085
1088	1092
1088	1113
1088	1090
1088	1091
1088	1094
1088	1095
1088	1096
1088	1114
1088	1104
1088	1123
1088	1126
1089	1090
1089	1091
1089	1092
1089	1094
1089	1095
1089	1096
1092	1093
1100	1099
1100	1101
1102	1103
1102	1105
1103	1104
1107	1106
1107	1108
1109	1081
1109	1126
1111	1110
1112	1092
1112	1113
1112	1090
1112	1091
1112	1094
1112	1095
1112	1096
1117	1116
1117	1118
1118	1119
1118	1120
1118	1121
1123	1122
1125	1124
1128	1127
1128	1132
1127	1130
1127	1131
1129	1128
1134	1133
1134	1145
1135	1134
1135	1146
1136	1135
1138	1137
1138	1153
1138	1186
1139	1138
1141	1140
1141	1169
1142	1141
1144	1143
1144	1174
1148	1147
1148	1184
1149	1148
1149	1152
1149	1185
1150	1149
1151	1148
1155	1154
1155	1158
1155	1159
1155	1160
1155	1167
1155	1168
1156	1155
1158	1157
1158	1161
1158	1162
1158	1163
1158	1164
1158	1165
1158	1166
1169	1170
1169	1171
1169	1172
1174	1173
1174	1175
1175	1176
1175	1177
1176	1178
1176	1181
1177	1179
1177	1180
1183	1182
1188	1187
1188	1197
1188	1202
1191	1190
1191	1193
1191	1192
1190	1192
1190	1193
1195	1194
1195	1197
1195	1206
1196	1194
1196	1211
1198	1195
1198	1207
1198	1210
1198	3391
1198	3410
1198	3412
1198	3414
1198	3396
1198	3397
1198	3398
1198	3399
1198	3400
1199	1198
1199	1344
1199	1350
1199	1357
1199	1367
1199	1574
1199	1731
1199	1732
1199	1562
1199	3412
1199	3565
1199	3598
1199	3599
1199	3600
1199	3601
1199	3602
1199	3603
1199	3604
1199	3605
1199	3400
1200	1199
1200	1682
1200	3395
1202	1201
1203	1204
1203	1205
1209	1208
1210	1209
1210	1572
1210	1573
1210	1577
1210	1582
1210	1589
1210	1566
1210	3401
1210	3402
1210	3403
1210	3404
1210	3405
1210	3406
1210	3407
1210	3408
1210	3409
1210	3411
1216	1215
1216	1217
1218	1217
1220	1219
1220	1221
1220	1222
1220	1226
1225	1224
1227	1228
1229	1230
1229	1231
1229	1232
1233	1234
1236	1235
1235	1237
1235	1240
1237	1238
1237	1239
1241	557
1241	1243
1241	1249
1241	1329
1241	1331
1241	1347
1241	1355
1242	1241
1242	1328
1242	1338
1243	558
1243	1244
1243	1245
1243	1248
1243	1257
1243	1261
1243	1269
1244	559
1245	562
1245	1246
1245	1251
1245	1258
1246	568
1246	1247
1246	1252
1246	1254
1246	1260
1246	1266
1246	1268
1246	1287
1247	569
1248	580
1248	1250
1248	1256
1248	1259
1248	1263
1249	1248
1249	1250
1249	1345
1249	592
1250	581
1251	563
1251	1255
1251	1262
1251	1290
1252	574
1252	1253
1252	1265
1252	1267
1253	575
1254	570
1255	566
1256	582
1257	560
1258	567
1259	583
1260	571
1261	561
1262	564
1263	584
1263	1264
1263	1288
1263	1289
1264	585
1265	576
1266	572
1267	577
1268	573
1269	579
1271	1270
1272	1271
1272	1555
1272	1556
1272	1557
1272	3569
1275	1274
1277	549
1277	1284
1277	1341
1278	1277
1279	1277
1280	1277
1280	1580
1280	1751
1281	1277
1281	1581
1281	1752
1282	1277
1282	549
1282	2307
1282	2308
1282	2310
1282	2311
1282	3287
1282	3358
1283	550
1284	1283
1284	551
1287	578
1288	586
1289	587
1290	565
1292	1291
1292	1293
1292	1294
1296	1295
1298	1297
1298	2004
1298	2022
1298	2050
1301	1300
1303	1302
1303	1306
1303	1314
1303	1315
1303	1325
1304	1303
1304	1305
1304	1307
1304	1328
1304	1363
1305	1302
1307	1306
1307	1341
1312	1311
1315	1316
1315	1317
1317	1318
1317	1322
1317	1323
1317	1324
1318	1319
1318	1320
1318	1321
1327	1326
1328	1315
1328	1329
1328	1337
1329	1317
1329	1330
1329	1345
1329	1346
1329	1354
1330	1318
1330	1332
1330	1334
1330	1361
1331	1330
1331	1333
1331	1335
1331	1362
1331	588
1332	1319
1333	1332
1333	589
1334	1320
1335	1334
1335	590
1337	1316
1338	1337
1338	556
1341	1314
1343	1342
1343	1348
1343	1351
1343	1352
1343	1353
1343	1829
1343	2639
1343	3531
1343	3546
1343	3606
1344	1342
1344	1561
1344	1572
1344	1586
1345	1322
1346	1324
1347	1346
1347	594
1350	1349
1350	1577
1354	1323
1355	1354
1355	593
1357	1356
1357	1582
1359	1358
1359	1584
1361	1321
1362	1361
1362	591
1363	1325
1364	1363
1364	1588
1365	1364
1367	1366
1367	1565
1367	1567
1367	1589
1370	1369
1370	2775
1370	2776
1370	2778
1370	2779
1370	2780
1370	2783
1370	2784
1370	2785
1370	2786
1371	1370
1371	2706
1371	2713
1371	2750
1371	2773
1371	2787
1372	1371
1372	2693
1372	2703
1372	2790
1373	1372
1381	226
1381	232
1385	1384
1385	1392
1385	2265
1385	2561
1385	2570
1385	2571
1385	2572
1385	2573
1385	2574
1385	2575
1385	2576
1385	2577
1385	2578
1386	1385
1386	2579
1386	2580
1386	2581
1386	2590
1386	2591
1386	2592
1387	1386
1387	1474
1387	1995
1387	2632
1387	3055
1387	3061
1387	3064
1388	1387
1388	1389
1388	1996
1388	2004
1388	2633
1388	2969
1388	3056
1389	1386
1391	1390
1391	2015
1391	2550
1391	2551
1391	2552
1391	2553
1391	2554
1391	2555
1391	2556
1391	2557
1391	2558
1392	1391
1392	1393
1392	2535
1392	2536
1392	2540
1392	2541
1392	2544
1392	2545
1392	2546
1392	2559
1396	1395
1398	1397
1398	1423
1398	1437
1398	1851
1398	2092
1398	3162
1398	3186
1398	3189
1398	3357
1400	1399
1400	1403
1402	1401
1402	1404
1406	1405
1406	1776
1406	1783
1406	1788
1410	1409
1410	1418
1410	1419
1410	1420
1411	1410
1411	1413
1411	1416
1413	1412
1413	1417
1415	1414
1416	1415
1422	1421
1422	1436
1425	1424
1426	1425
1426	1439
1426	1440
1426	2476
1426	2477
1428	1427
1428	1442
1428	1454
1429	1428
1429	1447
1429	1453
1429	1458
1429	1459
1429	1460
1429	1468
1431	1430
1431	1432
1434	1433
1434	1435
1439	1438
1440	1438
1440	1441
1444	1443
1445	1444
1445	1448
1447	1446
1453	1452
1453	1455
1453	1457
1455	1456
1460	1461
1460	1467
1461	1462
1461	1463
1461	1464
1461	1465
1465	1466
1470	1469
1470	2502
1471	1470
1473	1472
1473	2497
1477	1476
1477	1481
1477	1480
1477	1509
1477	1503
1477	1526
1477	1478
1477	1479
1477	1510
1477	1534
1477	1540
1477	1544
1477	1545
1476	1478
1476	1479
1481	1480
1481	1499
1482	1481
1482	1509
1482	1503
1482	1510
1484	1483
1484	1490
1484	1497
1484	1526
1485	1484
1485	1487
1486	1483
1486	1497
1487	1486
1487	1491
1489	1488
1489	1547
1491	1490
1491	1526
1492	1491
1493	1495
1493	1496
1494	1493
1501	1500
1500	1503
1502	1500
1502	1505
1503	1504
1503	1505
1505	1506
1506	1507
1507	1508
1509	1510
1510	1511
1510	1514
1510	1515
1510	1523
1510	1524
1511	1512
1511	1513
1515	1516
1515	1519
1515	1521
1516	1517
1516	1518
1519	1520
1521	1522
1525	1505
1525	3090
1526	1527
1529	1528
1530	1510
1530	1531
1530	1532
1530	1518
1531	1515
1531	1524
1532	1524
1533	1532
1536	1535
1536	1506
1538	1495
1538	1541
1538	1542
1538	1543
1538	1496
1538	3567
1539	1495
1539	1496
1539	3567
1546	1545
1549	1548
1549	1552
1550	1549
1551	1548
1551	1578
1551	1787
1554	1553
1558	588
1560	1559
1560	1585
1562	1561
1562	1579
1562	1586
1562	1731
1562	1732
1562	3392
1562	3394
1562	3396
1562	3397
1562	3398
1562	3399
1562	3400
1562	1210
1564	1563
1564	1571
1566	1565
1566	1567
1570	1569
1571	1570
1574	1573
1584	1583
1587	1588
1599	1600
1602	1601
1606	1605
1606	1607
1649	1654
1656	1655
1656	1657
1656	1676
1659	1658
1659	1660
1659	1696
1662	1661
1662	1665
1662	1671
1663	1662
1663	1669
1665	1664
1665	1670
1666	1664
1666	1674
1667	1664
1667	1675
1669	1668
1673	1672
1673	1693
1675	1674
1675	1682
1679	1678
1681	1680
1681	1739
1684	1683
1685	1684
1685	1706
1685	1725
1687	1686
1687	1688
1687	1689
1691	1690
1691	1694
1692	1691
1692	1695
1695	1694
1695	1697
1699	1698
1699	1717
1699	1719
1699	1720
1699	1721
1699	1726
1699	1727
1699	1735
1699	3570
1700	739
1700	1701
1700	1707
1701	740
1702	1701
1702	1707
1704	1703
1704	1709
1704	1718
1704	1711
1704	1712
1704	1736
1707	741
1707	744
1709	1708
1708	1710
1708	1715
1708	1716
1710	1711
1710	1712
1710	1713
1710	1714
1724	1723
1729	1728
1729	1730
1734	1733
1734	1737
1734	1738
1741	1740
1743	1742
1745	1744
1747	1746
1747	3419
1747	3420
1747	3421
1747	3422
1748	1749
1748	1750
1754	1753
1754	1755
1754	1756
1754	1757
1754	1760
1759	1758
1762	1761
1763	1762
1763	1764
1763	1765
1763	1766
1769	1768
1769	1772
1769	1773
1769	1775
1769	1823
1771	1770
1771	1774
1771	1821
1771	1822
1771	3507
1771	3508
1771	3509
1771	3510
1777	1776
1777	1784
1776	1778
1776	1779
1776	1780
1778	1785
1778	1786
1780	1781
1780	1782
1790	1789
1790	1792
1790	1793
1790	1794
1801	1800
1800	1802
1800	1803
1803	1804
1806	1805
1808	1807
1808	1955
1808	1961
1809	1808
1809	1942
1809	1954
1809	1975
1811	1810
1810	1812
1812	1813
1813	1814
1816	1815
1816	3483
1815	1817
1815	1818
1815	1819
1815	1820
1824	1825
1831	1830
1831	1832
1831	1834
1831	1836
1831	1837
1834	1833
1834	1835
1839	1838
1839	1841
1839	1843
1839	1844
1846	1845
1847	1846
1849	1848
1849	1866
1849	1867
1850	1849
1850	1868
1850	1870
1853	357
1853	358
1855	1854
1855	1856
1855	1857
1860	1861
1860	1862
1860	3577
1860	3578
1860	3579
1864	1863
1863	1865
1870	1869
1872	1871
1876	1875
1883	1882
1887	1886
1887	1894
1887	1900
1887	1903
1887	1907
1887	1913
1887	1921
1887	1930
1889	1888
1889	1895
1889	1904
1889	1912
1889	1914
1889	1922
1889	1931
1891	1890
1891	1896
1891	1898
1891	1901
1891	1905
1891	1908
1891	1915
1891	1923
1891	1925
1891	1928
1891	1932
1893	1892
1893	1897
1893	1899
1893	1902
1893	1906
1893	1909
1893	1910
1893	1911
1893	1916
1893	1917
1893	1924
1893	1926
1893	1929
1893	1933
1919	1918
1919	1920
1927	1926
1936	1935
1936	1977
1936	1978
1938	1937
1938	1941
1945	1944
1948	1947
1950	1949
1950	1951
1950	1952
1950	1953
1960	1959
1960	1966
1961	1962
1961	1963
1961	1964
1967	1968
1967	1969
1967	1970
1971	1972
1971	1974
1972	1973
1987	1986
1987	2002
1989	1988
1989	1990
1992	1991
1992	2159
1992	2160
1992	2231
1994	1993
1995	1994
1995	2368
1995	2378
1995	2398
1995	2405
1996	1995
1997	1996
1997	2256
1997	336
1997	2262
1997	3512
1997	3513
1997	3517
1997	3518
1999	1998
1999	2021
2001	2000
2001	2154
2002	2003
2008	2007
2008	2267
2008	2268
2008	2334
2008	2363
2008	2415
2008	2416
2008	2423
2008	2425
2008	2426
2008	2430
2008	2431
2008	2432
2010	2009
2009	2011
2009	2012
2012	2013
2012	2014
2016	2017
2016	2018
2018	2019
2018	2020
2023	2024
2023	2025
2029	2028
2029	2033
2029	2034
2029	2037
2029	2042
2029	2043
2029	2044
2030	2029
2030	2068
2031	2030
2031	2032
2031	2069
2032	2029
2034	2035
2034	2036
2037	2038
2037	2039
2037	2040
2037	2041
2044	2045
2047	2046
2048	2047
2048	2049
2048	2051
2053	2052
2053	2055
2053	2056
2053	2057
2053	2065
2054	2053
2059	2058
2059	2083
2059	2084
2059	2086
2059	2087
2058	2060
2058	2061
2058	2062
2058	2063
2058	2064
2067	2066
2067	2070
2067	2077
2067	2078
2067	2079
2067	2080
2067	2081
2068	2067
2068	2073
2068	2075
2069	2068
2072	2071
2072	2074
2073	2072
2073	2082
2075	2076
2084	2085
2089	2088
2091	2090
2094	2093
2094	2095
2094	2096
2094	2097
2094	2098
2100	2099
2104	2103
2104	2109
2103	2105
2103	2106
2103	2107
2103	2108
2111	2110
2111	2802
2111	2805
2113	2112
2113	2114
2113	2115
2120	2119
2122	2121
2122	2126
2122	2127
2122	2128
2122	2129
2122	2130
2122	2131
2122	2132
2122	2133
2123	2122
2123	2162
2124	2123
2124	2136
2124	2157
2124	2181
2124	2233
2124	2253
2124	2254
2125	2123
2135	2134
2135	2179
2135	2208
2136	2138
2136	2139
2136	2140
2136	2141
2136	2142
2136	2143
2136	2144
2136	2145
2136	2146
2137	2136
2137	2181
2148	2147
2148	2239
2149	2148
2151	2150
2151	2241
2153	2152
2154	2153
2156	2155
2156	2206
2156	2230
2157	2156
2157	2195
2158	2157
2162	2161
2162	2164
2162	2165
2162	2167
2162	2169
2162	2171
2162	2173
2162	2175
2162	2177
2162	2207
2161	2163
2165	2166
2167	2168
2169	2170
2171	2172
2173	2174
2175	2176
2177	2178
2181	2180
2181	2191
2181	2209
2181	2237
2180	2182
2180	2183
2180	2184
2180	2185
2180	2186
2180	2187
2180	2188
2180	2189
2191	2190
2191	2218
2193	2192
2193	2219
2195	2194
2195	2220
2194	2197
2194	2198
2194	2199
2194	2200
2194	2201
2194	2202
2194	2203
2194	2204
2194	2205
2196	2195
2209	2210
2209	2211
2209	2212
2209	2213
2209	2214
2209	2215
2209	2216
2209	2217
2220	2221
2220	2222
2220	2223
2220	2224
2220	2225
2220	2226
2220	2227
2220	2228
2220	2229
2234	2233
2235	2234
2235	2266
2239	2238
2241	2240
2243	2242
2243	2990
2243	2991
2244	2243
2245	2244
2248	2247
2248	2249
2248	2250
2248	2255
2252	2251
2258	2257
2258	2453
2258	2481
2258	2482
2259	2258
2259	2478
2259	2480
2260	2259
2260	2483
2264	2263
2271	2272
2271	2273
2271	2274
2276	2275
2276	2277
2279	2278
2279	2280
2279	2281
2283	2282
2283	2292
2283	2300
2282	2284
2282	2285
2282	2286
2282	2287
2290	2289
2295	2296
2295	2297
2304	2305
2309	2308
2327	2326
2327	2329
2327	2793
2327	2794
2327	2795
2327	2796
2327	2797
2328	2327
2328	2792
2328	3590
2331	2330
2331	2704
2331	2799
2331	2800
2333	2332
2351	2350
2363	2362
2363	2364
2364	2365
2366	2367
2368	2369
2368	2370
2368	2371
2368	2372
2368	2373
2368	2374
2368	2375
2368	2376
2368	2377
2378	2379
2378	2382
2378	2383
2378	2384
2378	2385
2378	2386
2378	2395
2378	2396
2378	2397
2379	2380
2379	2381
2386	2387
2386	2390
2386	2391
2386	2392
2386	2393
2386	2394
2387	2388
2387	2389
2398	2399
2398	2400
2398	2401
2398	2402
2398	2403
2398	2404
2405	2406
2405	2407
2409	2408
2409	2411
2409	2412
2409	2414
2410	2409
2412	2413
2418	2417
2418	2428
2418	2433
2418	2437
2421	2420
2421	2422
2425	2424
2428	2427
2428	2429
2428	2436
2433	2434
2433	2435
2437	2438
2440	2439
2450	2449
2452	2451
2455	2454
2455	3344
2455	3345
2457	2456
2457	2458
2457	2459
2461	2460
2462	2461
2462	2473
2462	2471
2462	2466
2464	2463
2464	2471
2464	2470
2463	2466
2465	2464
2465	2462
2468	2467
2468	2469
2471	2470
2471	2466
2473	2472
2478	2479
2485	2486
2487	2488
2487	2489
2494	2493
2500	2499
2500	2501
2500	3099
2500	3566
2508	2507
2508	2511
2508	2512
2508	2513
2508	2516
2507	2510
2509	2508
2509	2519
2509	2520
2513	2514
2513	2515
2519	2518
2520	2512
2524	2523
2527	2526
2529	2528
2529	2637
2532	2531
2532	2533
2532	2534
2536	2537
2536	2538
2536	2539
2541	2542
2541	2543
2546	2547
2546	2548
2546	2549
2561	2560
2561	2563
2561	2564
2561	2568
2561	2569
2560	2562
2564	2565
2564	2566
2564	2567
2573	2597
2573	2598
2573	2599
2573	2600
2574	2595
2574	2606
2577	2603
2581	2582
2581	2583
2581	2584
2581	2585
2581	2586
2581	2587
2581	2588
2581	2589
2594	2593
2594	2596
2594	2601
2594	3587
2603	2602
2605	2604
2618	2617
2618	2620
2618	2623
2619	2618
2619	3589
2622	2621
2622	3588
2627	2626
2629	2628
2631	2630
2631	2914
2632	2634
2633	2632
2639	2638
2639	2640
2639	2641
2639	2989
2639	3138
2643	2642
2643	2644
2643	3083
2643	3084
2643	3089
2646	2645
2646	2653
2646	2654
2646	2655
2646	2656
2646	2657
2646	2658
2646	2659
2646	2660
2646	2661
2646	2662
2646	2663
2646	2664
2645	2647
2647	2648
2647	2649
2649	2650
2651	2652
2666	2665
2665	2667
2665	2668
2665	2669
2665	2670
2665	2671
2665	2672
2665	2673
2665	2674
2665	2675
2665	2676
2665	2679
2665	2682
2665	2683
2665	2684
2665	2685
2665	2686
2676	2677
2676	2678
2679	2680
2679	2681
2691	2690
2693	2692
2693	2694
2693	2695
2693	2696
2693	2697
2693	2698
2693	2699
2693	2700
2693	2701
2693	2702
2706	2705
2706	2720
2706	2721
2706	2722
2706	2723
2706	2724
2706	2725
2706	2726
2706	2727
2706	2728
2706	2729
2706	2730
2706	2732
2706	2733
2706	2735
2706	2736
2706	2737
2706	2738
2706	2739
2706	2740
2706	2741
2706	2742
2706	2743
2706	2744
2706	2745
2706	2746
2706	2747
2706	2748
2706	2749
2705	2707
2705	2708
2705	2709
2705	2710
2705	2711
2705	2712
2713	2714
2713	2715
2713	2716
2713	2717
2713	2718
2718	2719
2730	2731
2733	2734
2750	2751
2750	2752
2750	2753
2750	2754
2750	2755
2750	2756
2750	2757
2750	2758
2750	2759
2750	2760
2750	2761
2750	2762
2750	2763
2750	2764
2750	2765
2750	2766
2750	2767
2750	2768
2750	2769
2750	2770
2750	2771
2750	2772
2773	2774
2776	2777
2780	2781
2780	2782
2787	2788
2787	2789
2799	2798
2800	2801
2802	2803
2802	2804
2808	2807
2808	2809
2811	2810
2811	2814
2811	2816
2811	2823
2811	2824
2811	2825
2811	2826
2811	2827
2811	2828
2811	2829
2811	2830
2811	2831
2811	2832
2811	2833
2811	2835
2811	2838
2811	2839
2811	2842
2811	2843
2811	2844
2811	2845
2811	2846
2811	2847
2811	2848
2811	2849
2811	2850
2811	2851
2811	2852
2811	2855
2811	2859
2811	2860
2811	2862
2811	2865
2811	2870
2811	2871
2811	2872
2811	2873
2811	2874
2811	2875
2811	2876
2811	2877
2811	2878
2811	2880
2811	2881
2811	2882
2811	2883
2811	2884
2811	2885
2811	2886
2811	2887
2811	2892
2811	2894
2811	2897
2811	2898
2811	2899
2811	2900
2811	2902
2811	2903
2811	2904
2811	2905
2811	2911
2812	2811
2812	2817
2812	2819
2812	2821
2812	2822
2812	2834
2812	2840
2812	2861
2812	2863
2812	2867
2812	2890
2812	2896
2812	2912
2812	2913
2813	2812
2813	2815
2813	2879
2813	2908
2819	2818
2819	2857
2819	2858
2819	2866
2819	2869
2821	2820
2821	2836
2821	2837
2821	2841
2821	2853
2821	2854
2821	2888
2821	2889
2821	2891
2821	2893
2821	2895
2821	2901
2821	2906
2857	2856
2865	2864
2867	2868
2907	2908
2910	2909
2910	2911
2910	2915
2919	2918
2921	2920
2921	2930
2921	2937
2920	2924
2922	2921
2922	2947
2923	2920
2923	2925
2923	2924
2930	2932
2931	2930
2931	2933
2931	2932
2937	2939
2938	2937
2938	2940
2938	2939
2944	2943
2944	2950
2946	2945
2946	2949
2946	2951
2947	2948
2953	2952
2953	2954
2953	3158
2956	2955
2958	2957
2960	2959
2962	2961
2962	2966
2961	2963
2961	2964
2964	2965
2966	2965
2966	3153
2966	3156
2968	2967
2968	2970
2968	2971
2969	2968
2969	2973
2969	2974
2969	2976
2969	2980
2969	2981
2969	2983
2973	2972
2973	2982
2976	2975
2976	2977
2979	2978
2980	2979
2985	2984
2985	2992
2985	3139
2987	2986
2988	2491
2994	2993
2994	2997
2996	2995
2997	2998
2997	2999
3001	3000
3001	3002
3001	3003
3005	3004
3005	3006
3005	3007
3011	3010
3010	3012
3010	3013
3010	3016
3010	3028
3013	3014
3013	3015
3016	3017
3016	3018
3016	3019
3016	3020
3016	3021
3016	3022
3016	3023
3016	3024
3016	3025
3016	3026
3016	3027
3028	3029
3028	3030
3035	3034
3035	3037
3035	3042
3038	3039
3041	3040
3041	3051
3044	3043
3045	3044
3045	3047
3047	3046
3047	3048
3049	3050
3056	3055
3056	3064
3059	3058
3063	3062
3064	3063
3066	3065
3068	3067
3068	3074
3068	3075
3068	3076
3068	3077
3069	3068
3071	3070
3071	3087
3071	3088
3073	3072
3073	3078
3073	3093
3081	3080
3083	3082
3082	3085
3084	3082
3084	3086
3092	3091
3092	3093
3096	3095
3096	3098
3097	3095
3101	3100
3103	3102
3102	3104
3102	3105
3108	3107
3108	2948
3112	3111
3112	3113
3112	3115
3112	3118
3115	3114
3114	3116
3116	3117
3122	3121
3122	3123
3122	3127
3122	3130
3122	3131
3125	3124
3125	3126
3129	3128
3134	3133
3134	3136
3135	3134
3135	3137
3141	3140
3141	3145
3141	3146
3141	3147
3141	3148
3141	3149
3141	3150
3141	3151
3141	3152
3141	3153
3141	3154
3141	3155
3141	3156
3141	3157
3140	3142
3140	3143
3140	3144
3159	3160
3164	3163
3164	3165
3167	3168
3168	3169
3171	3170
3171	3172
3176	3175
3188	3187
3191	3190
3192	3191
3192	3224
3192	3249
3192	3256
3192	3371
3194	3193
3194	3197
3194	3199
3194	3200
3194	3203
3194	3359
3193	3195
3197	3196
3199	3198
3199	3201
3199	3202
3204	3205
3204	3206
3210	3209
3210	3213
3210	3214
3209	3211
3209	3212
3216	3215
3216	3217
3216	3218
3220	3219
3220	3221
3227	3226
3227	3228
3230	3229
3230	3233
3230	3235
3230	3369
3235	3234
3238	3237
3238	3263
3237	3239
3239	3240
3239	3241
3242	3243
3242	3244
3242	3245
3247	3246
3247	3261
3247	3272
3252	3251
3251	367
3251	368
3254	3253
3254	3283
3255	3254
3255	3270
3255	3280
3255	3281
3259	3258
3259	3265
3259	3271
3261	3260
3261	3266
3263	3262
3263	3264
3274	3273
3274	3294
3274	3361
3274	3362
3274	3363
3276	3275
3278	3277
3280	3279
3283	3282
3285	3284
3289	3288
3289	3295
3289	3364
3289	3365
3291	3290
3293	3292
3297	3296
3298	3296
3300	3299
3302	3301
3303	3302
3304	3301
3306	3305
3306	458
3308	3307
3311	3310
3312	3310
3315	3314
3317	3316
3317	3323
3317	3324
3320	3319
3320	3321
3320	3322
3327	3326
3329	3328
3329	3331
3329	3332
3329	3333
3329	3368
3331	3330
3331	3334
3336	3335
3336	3338
3338	3337
3340	3339
3340	3342
3339	3341
3348	3347
3348	3350
3352	3351
3352	3354
3352	3355
3352	3356
3360	3359
3360	3368
3360	3369
3371	3370
3373	3372
3376	3375
3376	3383
3375	3377
3375	3378
3375	3379
3375	3380
3375	3381
3375	3382
3385	3384
3393	3392
3393	3597
3393	1199
3395	3394
3395	3598
3395	3599
3395	3600
3395	3601
3395	3602
3395	3603
3395	3604
3395	3605
3395	1198
3395	3400
3401	1208
3414	3401
3414	3402
3414	3403
3414	3404
3414	3405
3414	3406
3414	3407
3414	3408
3414	3409
3416	3415
3416	3417
3416	3418
3424	3423
3425	3423
3427	3428
3431	3430
3433	3432
3433	3434
3435	3436
3437	3438
3437	3439
3437	3440
3437	3441
3437	3442
3437	3443
3437	3444
3437	3445
3437	3446
3437	3447
3437	3448
3437	3449
3437	3450
3437	3451
3452	3453
3452	3454
3452	3455
3452	3456
3452	3457
3452	3458
3452	3459
3452	3460
3452	3461
3452	3462
3452	3463
3452	3464
3452	3465
3452	3466
3452	3467
3452	3468
3469	3470
3469	3471
3473	3474
3483	1817
3483	1818
3483	1819
3483	1820
3484	536
3484	537
3498	2690
3501	3270
3501	3281
3501	3280
3501	3254
3503	3504
3505	3506
3511	3466
3515	3514
3515	3516
3519	3520
3521	3522
3521	3520
3521	3523
3524	3525
3526	3523
3527	3522
3527	3520
3527	3523
3528	3522
3528	3520
3528	3523
3532	3533
3534	430
3536	3537
3536	3538
3536	3539
3540	3541
3540	3542
3540	3543
3540	3544
3540	3545
3547	3548
3547	3549
3550	3488
3550	3551
3550	3552
3550	3553
3550	3554
3550	3555
3550	3556
3550	473
3550	3557
3550	3558
3550	3559
3550	3560
3550	3561
3550	3562
3550	3563
3550	3564
3559	1825
3563	3000
3563	3002
3563	3003
3568	3567
3571	3572
3571	3573
3574	3575
3574	3576
3585	1950
3592	3593
3592	3594
3592	3595
3592	3596
3599	1342
3599	1561
3599	1572
3599	1586
3600	1573
3601	1349
3601	1577
3602	1356
3602	1582
3603	1366
3603	1565
3603	1567
3603	1589
