1	0
1	15
1	16
1	17
2	1
2	8
2	11
2	14
2	18
2	19
2	20
2	21
2	22
2	23
2	24
2	25
2	26
2	27
2	28
2	29
2	42
2	46
2	47
2	48
3	2
3	119
3	128
3	136
3	137
4	3
5	4
6	5
7	6
8	9
8	10
11	12
11	13
13	49
29	30
29	31
29	32
29	33
29	34
29	35
29	36
29	37
29	38
29	39
29	40
29	41
42	43
42	44
42	45
42	3488
42	3489
42	3490
42	3491
42	3492
43	3485
43	3486
43	3487
51	50
51	54
51	56
51	59
51	64
51	65
51	66
51	67
51	68
51	69
51	70
51	71
51	72
51	73
51	74
51	118
51	143
51	144
51	145
51	146
51	147
51	148
51	149
51	150
51	151
51	152
52	51
53	52
54	55
56	57
59	58
59	61
59	62
59	63
61	60
76	75
76	2652
76	2657
76	2693
76	2694
76	2695
78	77
78	2615
78	2616
80	79
80	1388
80	2620
80	3325
82	81
82	1368
82	2103
82	2617
82	2640
82	3321
84	83
84	2007
84	2008
84	2028
84	2029
84	2237
84	2336
84	2337
84	2338
84	2339
84	2340
84	2341
84	2342
84	2343
84	2344
84	2345
84	2346
84	2347
84	2348
84	2349
84	2350
84	2353
84	2354
84	2355
84	2356
84	2357
84	2358
84	2359
84	2360
84	2361
84	2362
84	2446
84	2447
84	2448
84	2449
84	2450
84	2451
85	84
85	2444
85	2445
87	86
87	1369
87	2618
87	2619
88	87
88	2104
88	2634
89	88
90	88
90	296
90	299
90	300
90	308
90	310
90	314
90	351
90	354
90	377
90	396
90	474
90	627
90	1383
90	1425
90	1439
90	1788
90	1816
90	1844
90	2258
90	2459
90	1781
90	2610
90	2609
90	2638
90	2970
90	2997
90	3096
90	3100
90	3206
90	3222
90	3228
90	3232
90	3234
90	3237
90	3239
90	3242
90	3248
90	3260
90	3267
90	3327
90	3337
90	3341
90	3348
90	3352
90	3355
90	2486
90	740
90	741
90	742
90	3359
90	3364
90	3378
90	289
90	3560
92	91
92	96
92	3298
94	93
94	99
94	3041
94	3045
94	3046
94	3048
94	3062
95	94
95	3051
95	3055
95	3059
95	3063
95	3064
96	95
96	1405
96	1443
98	97
99	98
99	3067
101	100
101	1870
101	1871
101	1872
101	1873
102	101
102	631
102	836
102	1786
102	1787
102	1790
102	1791
102	1796
102	1851
102	1864
102	1869
102	1874
102	1875
102	1931
102	1956
102	1969
102	3329
102	3590
102	3591
102	3592
102	3593
102	3594
104	103
105	104
105	1219
105	1534
105	1569
107	106
107	1401
107	1982
107	1983
107	1984
107	1985
107	1986
109	108
109	1402
109	1764
109	1792
109	1793
109	1976
109	1981
109	1987
111	110
112	111
112	1223
112	1227
112	1544
112	1570
112	1850
114	113
116	115
116	1745
116	1866
116	1954
116	1955
116	1965
117	116
117	1936
117	1973
121	120
121	287
121	489
121	1330
121	1963
121	2521
121	3177
121	3185
121	3191
121	3235
123	122
123	153
123	154
123	155
123	156
123	157
123	158
123	159
123	160
123	161
123	162
123	163
123	168
123	169
123	770
123	1487
123	1569
123	1570
123	1572
123	1574
123	1575
123	1578
123	1584
123	3437
123	3440
124	125
127	126
127	1078
127	1083
127	1091
127	1092
127	1075
127	1086
127	1107
127	1084
127	1085
127	1088
127	1089
127	1090
127	1108
127	1109
127	1098
127	1099
127	1117
128	129
128	130
128	131
128	132
128	133
128	134
128	135
139	138
139	170
139	265
139	286
139	287
139	406
139	456
139	490
139	498
139	588
139	654
139	1105
139	1531
139	2118
139	2271
139	2479
139	2529
139	2614
139	3114
139	3184
139	3219
139	3262
138	140
142	141
164	165
167	166
172	171
171	173
174	175
177	176
179	178
179	1602
179	1603
179	1604
179	1605
179	1606
179	1607
179	1608
179	1609
179	1610
179	1611
179	1612
179	1613
179	1614
179	1615
179	1616
179	1617
179	1618
179	1619
179	1620
179	1621
179	1622
179	1623
179	1624
179	1625
179	1626
179	1627
179	1628
179	1629
179	1630
179	1631
179	1632
179	1633
179	1634
179	1635
179	1636
179	1637
179	1638
179	1639
179	1640
179	1641
179	1642
179	1643
179	1644
179	1645
179	1646
179	1647
180	179
182	181
182	183
182	184
182	185
182	186
182	187
182	188
190	189
190	192
190	194
190	196
190	198
191	189
191	2418
191	2962
191	3109
191	3170
191	3172
191	3602
193	192
193	2113
193	2112
193	2332
193	2416
193	2419
193	3105
195	194
197	196
197	1362
197	2010
197	2417
197	2425
197	2435
197	2613
197	2621
197	2630
197	3130
197	3596
199	198
199	2352
199	3019
199	3042
199	3043
199	3131
201	200
201	1466
201	1884
201	1889
201	1891
201	1894
201	1898
201	1901
201	1902
201	1903
201	1908
201	1909
201	1916
201	1918
201	1921
201	1925
200	203
200	207
200	209
202	200
204	203
204	207
204	209
205	203
205	207
205	209
206	203
206	207
206	209
208	207
210	209
212	211
212	213
212	216
212	220
212	221
212	223
212	262
212	228
212	229
212	230
212	231
212	225
212	232
212	233
212	234
212	238
212	244
212	247
212	248
212	251
212	249
212	250
212	252
212	253
212	254
212	255
212	256
212	257
212	259
211	213
211	216
211	217
211	218
211	219
211	220
211	227
211	228
211	229
211	230
211	231
211	232
211	233
211	234
211	235
211	236
211	237
211	238
211	239
211	240
211	241
211	242
211	243
211	244
211	245
211	246
211	247
211	248
211	249
211	250
211	251
211	252
211	253
211	254
211	255
211	256
211	257
211	258
211	259
213	214
213	215
220	221
220	222
220	223
220	224
220	225
220	226
222	262
255	2452
261	260
264	263
264	266
264	267
264	268
264	269
264	270
264	271
264	272
264	273
264	274
264	275
264	276
264	277
264	278
264	279
264	280
264	281
264	282
264	283
265	264
265	528
265	536
265	537
265	589
265	693
265	771
265	1217
265	1221
265	1286
265	1444
265	1585
265	1586
265	1587
265	1588
265	1589
265	1590
265	1591
265	1592
265	1597
265	1598
265	1675
265	1699
265	1719
265	1928
265	2284
265	2289
265	2291
265	2292
265	2294
265	2295
265	2296
265	2299
265	2300
265	2302
265	2303
265	2304
265	2305
265	2307
265	2313
265	2314
265	2315
265	2316
265	2317
265	2318
265	2319
265	2320
265	2321
265	2323
265	2324
265	2325
265	2326
265	2499
265	3188
265	3190
265	3192
265	3193
265	3195
265	3196
265	3204
265	3446
285	284
285	350
285	374
285	432
285	458
285	1844
285	2006
285	338
285	2478
285	2500
285	2502
285	2612
285	2697
285	3135
285	3265
285	3267
285	3318
285	2501
285	3497
285	3498
285	3499
285	3500
285	3501
285	3502
285	3503
285	3504
285	3505
285	3506
285	3507
285	3508
285	3509
285	3510
285	3511
285	3512
285	289
285	3544
289	288
289	295
288	290
288	291
291	292
291	296
292	293
292	299
295	294
295	291
295	300
297	296
296	293
298	297
298	299
298	300
298	347
298	348
298	349
298	350
298	351
298	353
298	354
298	355
298	365
298	366
298	370
298	371
298	373
298	374
298	375
298	376
298	377
298	379
298	380
298	396
298	1194
298	1373
298	1383
298	1775
298	1788
298	1844
298	358
298	359
298	1932
298	1781
298	2610
298	2648
298	3220
298	3243
298	3244
298	3260
298	3264
298	3269
298	3279
298	3280
298	3281
298	3323
298	3327
298	3330
298	3364
298	3398
298	3399
298	3401
298	3404
301	300
301	525
301	1307
301	1671
301	291
301	3494
301	3495
301	3496
300	292
303	302
303	304
306	305
306	1469
306	2257
306	2262
306	2263
306	2809
306	3070
306	3089
308	307
308	310
308	314
307	310
307	314
309	308
309	1926
309	1931
309	2534
310	311
310	312
310	313
314	315
317	316
317	332
319	318
319	324
320	319
320	328
320	329
320	334
321	319
321	325
321	328
321	329
323	322
327	326
327	333
327	833
327	2280
331	330
331	661
336	335
336	402
336	1382
336	1466
336	1998
336	2001
336	2071
336	337
336	2629
336	3250
336	2501
336	3527
335	337
335	338
340	339
342	341
342	2247
342	3539
344	343
344	345
344	346
344	1267
344	1270
344	1279
344	1280
344	1293
344	1333
344	1334
344	1353
344	1354
344	1370
344	1371
344	1372
344	1374
344	1376
344	1377
344	2925
344	3018
344	3400
344	3424
344	3524
344	3526
344	3540
351	352
355	356
355	357
355	360
355	361
355	362
355	363
357	358
357	359
365	364
365	1845
365	1932
365	2525
365	3243
365	3377
366	367
367	368
367	369
371	372
375	292
377	378
381	382
384	383
384	382
386	385
386	1206
386	2535
386	2935
386	2938
386	2945
386	3117
386	3397
388	387
388	1207
388	2936
388	2943
388	2950
388	3120
390	389
390	1208
390	1884
390	1889
390	1891
390	1894
390	1898
390	1901
390	1902
390	1903
390	1908
390	1909
390	1916
390	1921
390	1925
390	2937
390	2944
390	2951
390	3121
392	391
392	399
392	400
393	394
396	395
396	1938
396	1940
398	397
402	401
402	405
402	410
403	401
405	404
405	408
405	409
405	411
406	407
413	412
413	414
413	415
413	421
413	422
417	416
417	3545
418	416
418	419
418	420
424	423
424	2461
423	425
423	426
423	427
429	428
431	430
431	433
431	434
431	435
431	436
431	437
431	438
431	439
431	440
431	455
431	442
431	443
431	444
431	445
431	446
431	447
431	448
431	449
431	450
431	451
432	431
432	441
441	442
441	443
441	444
441	445
441	446
441	447
441	448
441	449
441	450
441	451
453	452
454	452
456	457
458	459
461	460
461	462
463	464
466	465
468	467
469	470
469	471
473	472
473	481
474	473
474	475
474	476
474	477
474	478
474	479
474	480
474	1794
474	1795
474	1816
474	1818
474	1819
474	2526
474	3011
474	3360
474	289
480	481
483	482
484	483
484	487
486	485
486	488
492	491
494	493
493	495
497	496
497	685
498	499
501	500
501	503
501	504
501	506
501	533
501	534
501	535
502	501
502	500
502	503
502	504
506	505
506	519
506	521
506	522
506	523
506	524
506	530
506	532
505	507
505	509
505	510
505	511
505	512
505	513
505	514
505	515
505	516
505	517
505	518
507	508
519	520
525	526
525	527
530	529
530	531
538	539
539	540
539	541
539	542
544	543
543	546
543	547
545	543
545	1236
547	548
547	578
547	582
547	583
547	584
548	549
548	550
548	551
548	552
548	569
548	570
552	553
552	556
552	557
552	558
553	554
553	555
558	559
558	560
558	561
558	562
558	563
558	564
558	568
564	565
564	566
564	567
570	571
570	572
570	573
570	574
574	575
574	576
574	577
578	579
578	580
578	581
586	585
586	587
589	590
592	591
594	593
593	595
593	596
598	597
598	599
598	640
598	1492
598	1499
601	600
602	601
602	612
602	613
603	602
603	610
603	614
603	615
603	616
604	603
604	620
604	649
605	604
605	611
605	664
605	679
606	605
606	617
606	618
606	621
606	622
606	623
606	624
606	657
606	682
606	687
608	607
609	608
609	619
609	2233
609	2641
609	3385
626	625
626	1416
626	2488
626	2489
626	2491
626	2494
626	2495
626	2496
627	626
627	2261
627	2258
627	2998
628	627
628	1415
628	1430
628	2457
628	2498
628	2507
628	2508
628	2509
628	2510
628	3201
628	3597
629	626
629	2459
629	738
629	2492
629	3206
629	3222
629	3232
629	3234
629	3237
629	3239
629	3242
629	3248
629	3267
629	3337
629	3341
629	3348
629	3352
629	3355
629	2486
629	740
629	741
629	742
629	3359
629	2493
629	3378
631	630
631	632
631	1820
631	1865
631	1874
631	1876
631	1877
634	633
635	633
635	639
635	645
637	636
637	638
642	641
642	643
642	644
642	647
646	645
648	647
649	650
650	651
651	652
652	653
656	655
656	658
660	659
663	662
663	672
662	665
664	663
664	667
664	674
664	678
665	666
667	668
667	671
668	669
668	670
672	673
674	675
674	676
674	677
681	680
684	683
684	1830
684	1832
684	1833
684	1834
684	1835
684	1836
684	1939
687	686
687	688
687	689
687	690
692	691
692	694
693	692
693	1423
693	2249
693	3143
693	3194
694	695
697	696
697	720
697	721
697	726
697	730
697	737
697	738
697	743
697	744
697	745
697	746
696	700
696	701
696	706
698	697
698	764
699	698
699	700
699	702
699	704
699	705
699	1299
699	765
699	1694
699	737
699	744
699	2926
701	702
701	703
701	704
701	705
706	707
709	708
709	1183
711	710
711	2119
711	2270
712	711
712	710
712	1271
712	539
712	1301
712	1445
712	3189
714	713
714	1302
714	2322
713	715
715	716
718	717
717	719
721	722
721	723
723	724
723	725
726	727
727	728
727	729
730	731
730	735
730	736
731	732
731	734
732	733
738	739
738	740
740	741
740	742
748	747
748	749
751	750
753	752
755	754
755	1304
754	757
756	755
756	1303
756	1562
756	3178
759	758
759	761
759	762
759	763
760	759
760	761
764	765
764	766
764	767
764	768
764	769
772	773
772	778
773	774
773	775
773	776
773	777
778	779
778	780
780	781
780	782
784	783
784	786
784	790
784	793
784	794
784	795
784	826
784	827
784	828
784	829
784	830
785	784
785	788
785	838
785	843
788	787
788	789
788	791
788	792
797	796
797	807
797	814
797	816
797	817
798	797
798	800
800	799
800	812
800	813
800	815
800	818
800	821
802	801
803	802
803	809
805	804
806	805
806	811
809	808
811	810
819	806
819	820
819	798
819	825
820	822
820	823
820	824
832	831
833	832
835	834
835	837
836	835
838	839
838	840
838	841
838	842
843	844
843	845
843	846
843	847
843	848
843	849
843	850
843	851
843	852
843	853
843	854
843	855
843	856
843	857
859	858
859	861
859	862
859	865
859	866
859	867
860	859
860	864
860	925
860	870
864	863
869	868
869	871
869	874
869	875
869	877
870	869
870	873
870	922
870	927
870	928
870	929
870	930
870	931
870	932
870	933
870	939
870	940
870	941
873	872
873	876
879	878
879	893
880	879
880	882
880	910
880	913
882	881
882	891
882	892
882	894
884	883
885	884
885	890
885	904
885	906
887	886
888	887
888	897
888	908
888	918
890	889
896	895
897	896
897	899
897	900
897	902
899	898
900	901
902	903
904	905
906	907
908	909
910	911
910	912
913	914
913	915
913	916
913	917
920	919
920	921
922	923
922	924
925	926
933	934
933	935
933	936
933	937
933	938
943	942
943	947
943	951
942	944
942	945
942	946
947	948
947	949
951	950
951	952
951	953
951	954
956	955
956	960
956	964
955	957
955	958
955	959
960	961
960	962
964	963
964	965
964	966
964	967
969	968
969	983
969	1050
969	1052
969	1054
969	1056
969	1057
969	1060
971	970
971	975
971	976
971	977
971	978
972	971
972	980
972	984
972	990
974	973
980	979
980	981
982	972
982	995
982	1017
982	1036
982	1042
982	1045
982	1047
982	1048
982	1049
982	1051
982	1053
982	1055
982	1058
982	1059
984	985
984	986
984	987
984	988
984	989
990	991
990	992
990	993
990	994
995	996
995	1004
995	1012
995	1014
996	997
996	998
996	1003
998	999
998	1000
998	1001
998	1002
1004	1005
1004	1006
1004	1010
1006	1007
1006	1008
1006	1009
1012	1011
1012	1015
1014	1013
1014	1016
1017	1018
1017	1023
1017	1028
1017	1033
1018	1019
1018	1020
1018	1021
1018	1022
1023	1024
1023	1025
1023	1026
1028	1027
1028	1029
1028	1030
1028	1031
1033	1032
1033	1034
1033	1035
1036	1037
1036	1040
1039	1038
1039	1041
1042	1043
1042	1044
1047	1046
1062	1061
1064	1063
1066	1065
1066	1067
1066	1068
1066	1070
1065	1069
1065	1071
1065	1072
1074	1073
1074	1077
1074	1076
1073	1075
1073	1077
1075	1076
1077	1078
1078	1079
1078	1080
1081	1077
1082	1078
1082	1075
1082	1079
1082	1086
1082	1107
1082	1084
1082	1085
1082	1088
1082	1089
1082	1090
1082	1108
1082	1098
1082	1117
1082	1120
1083	1084
1083	1085
1083	1086
1083	1088
1083	1089
1083	1090
1086	1087
1094	1093
1094	1095
1096	1097
1096	1099
1097	1098
1101	1100
1101	1102
1103	1075
1103	1120
1105	1104
1106	1086
1106	1107
1106	1084
1106	1085
1106	1088
1106	1089
1106	1090
1111	1110
1111	1112
1112	1113
1112	1114
1112	1115
1117	1116
1119	1118
1122	1121
1122	1126
1121	1124
1121	1125
1123	1122
1128	1127
1128	1139
1129	1128
1129	1140
1130	1129
1132	1131
1132	1147
1132	1180
1133	1132
1135	1134
1135	1163
1136	1135
1138	1137
1138	1168
1142	1141
1142	1178
1143	1142
1143	1146
1143	1179
1144	1143
1145	1142
1149	1148
1149	1152
1149	1153
1149	1154
1149	1161
1149	1162
1150	1149
1152	1151
1152	1155
1152	1156
1152	1157
1152	1158
1152	1159
1152	1160
1163	1164
1163	1165
1163	1166
1168	1167
1168	1169
1169	1170
1169	1171
1170	1172
1170	1175
1171	1173
1171	1174
1177	1176
1182	1181
1182	1191
1182	1196
1185	1184
1185	1187
1185	1186
1184	1186
1184	1187
1189	1188
1189	1191
1189	1200
1190	1188
1190	1205
1192	1189
1192	1201
1192	1204
1192	3402
1192	3421
1192	3423
1192	3425
1192	3407
1192	3408
1192	3409
1192	3410
1192	3411
1193	1192
1193	1338
1193	1344
1193	1351
1193	1361
1193	1568
1193	1728
1193	1729
1193	1556
1193	3423
1193	3575
1193	3609
1193	3610
1193	3611
1193	3612
1193	3613
1193	3614
1193	3615
1193	3616
1193	3411
1194	1193
1194	1676
1194	3406
1196	1195
1197	1198
1197	1199
1203	1202
1204	1203
1204	1566
1204	1567
1204	1571
1204	1576
1204	1583
1204	1560
1204	3412
1204	3413
1204	3414
1204	3415
1204	3416
1204	3417
1204	3418
1204	3419
1204	3420
1204	3422
1210	1209
1210	1211
1212	1211
1214	1213
1214	1215
1214	1216
1214	1220
1219	1218
1221	1222
1223	1224
1223	1225
1223	1226
1227	1228
1230	1229
1229	1231
1229	1234
1231	1232
1231	1233
1235	547
1235	1237
1235	1243
1235	1323
1235	1325
1235	1341
1235	1349
1236	1235
1236	1322
1236	1332
1237	548
1237	1238
1237	1239
1237	1242
1237	1251
1237	1255
1237	1263
1238	549
1239	552
1239	1240
1239	1245
1239	1252
1240	558
1240	1241
1240	1246
1240	1248
1240	1254
1240	1260
1240	1262
1240	1281
1241	559
1242	570
1242	1244
1242	1250
1242	1253
1242	1257
1243	1242
1243	1244
1243	1339
1243	582
1244	571
1245	553
1245	1249
1245	1256
1245	1284
1246	564
1246	1247
1246	1259
1246	1261
1247	565
1248	560
1249	556
1250	572
1251	550
1252	557
1253	573
1254	561
1255	551
1256	554
1257	574
1257	1258
1257	1282
1257	1283
1258	575
1259	566
1260	562
1261	567
1262	563
1263	569
1265	1264
1266	1265
1266	1549
1266	1550
1266	1551
1266	3579
1269	1268
1271	539
1271	1278
1271	1335
1272	1271
1273	1271
1274	1271
1274	1574
1274	1748
1275	1271
1275	1575
1275	1749
1276	1271
1276	539
1276	2308
1276	2309
1276	2311
1276	2312
1276	3299
1276	3369
1277	540
1278	1277
1278	541
1281	568
1282	576
1283	577
1284	555
1286	1285
1286	1287
1286	1288
1290	1289
1292	1291
1292	2006
1292	2024
1292	2052
1295	1294
1297	1296
1297	1300
1297	1308
1297	1309
1297	1319
1298	1297
1298	1299
1298	1301
1298	1322
1298	1357
1299	1296
1301	1300
1301	1335
1306	1305
1309	1310
1309	1311
1311	1312
1311	1316
1311	1317
1311	1318
1312	1313
1312	1314
1312	1315
1321	1320
1322	1309
1322	1323
1322	1331
1323	1311
1323	1324
1323	1339
1323	1340
1323	1348
1324	1312
1324	1326
1324	1328
1324	1355
1325	1324
1325	1327
1325	1329
1325	1356
1325	578
1326	1313
1327	1326
1327	579
1328	1314
1329	1328
1329	580
1331	1310
1332	1331
1332	546
1335	1308
1337	1336
1337	1342
1337	1345
1337	1346
1337	1347
1337	1821
1337	2644
1337	3541
1337	3556
1337	3617
1338	1336
1338	1555
1338	1566
1338	1580
1339	1316
1340	1318
1341	1340
1341	584
1344	1343
1344	1571
1348	1317
1349	1348
1349	583
1351	1350
1351	1576
1353	1352
1353	1578
1355	1315
1356	1355
1356	581
1357	1319
1358	1357
1358	1582
1359	1358
1361	1360
1361	1559
1361	1561
1361	1583
1364	1363
1364	2781
1364	2782
1364	2784
1364	2785
1364	2786
1364	2789
1364	2790
1364	2791
1364	2792
1365	1364
1365	2712
1365	2719
1365	2756
1365	2779
1365	2793
1366	1365
1366	2699
1366	2709
1366	2796
1366	2797
1367	1366
1375	226
1375	232
1379	1378
1379	1386
1379	2266
1379	2566
1379	2575
1379	2576
1379	2577
1379	2578
1379	2579
1379	2580
1379	2581
1379	2582
1379	2583
1380	1379
1380	2584
1380	2585
1380	2586
1380	2595
1380	2596
1380	2597
1381	1380
1381	1468
1381	1997
1381	2637
1381	3065
1381	3071
1381	3074
1382	1381
1382	1383
1382	1998
1382	2006
1382	2638
1382	2978
1382	3066
1383	1380
1385	1384
1385	2017
1385	2555
1385	2556
1385	2557
1385	2558
1385	2559
1385	2560
1385	2561
1385	2562
1385	2563
1386	1385
1386	1387
1386	2540
1386	2541
1386	2545
1386	2546
1386	2549
1386	2550
1386	2551
1386	2564
1390	1389
1392	1391
1392	1417
1392	1431
1392	1843
1392	2094
1392	3173
1392	3197
1392	3200
1392	3368
1394	1393
1394	1397
1396	1395
1396	1398
1400	1399
1400	1773
1400	1780
1400	1785
1404	1403
1404	1412
1404	1413
1404	1414
1405	1404
1405	1407
1405	1410
1407	1406
1407	1411
1409	1408
1410	1409
1416	1415
1416	1430
1419	1418
1420	1419
1420	1433
1420	1434
1420	2480
1420	2481
1422	1421
1422	1436
1422	1448
1423	1422
1423	1441
1423	1447
1423	1452
1423	1453
1423	1454
1423	1462
1425	1424
1425	1426
1428	1427
1428	1429
1433	1432
1434	1432
1434	1435
1438	1437
1439	1438
1439	1442
1441	1440
1447	1446
1447	1449
1447	1451
1449	1450
1454	1455
1454	1461
1455	1456
1455	1457
1455	1458
1455	1459
1459	1460
1464	1463
1464	2506
1465	1464
1467	1466
1467	2501
1471	1470
1471	1475
1471	1474
1471	1503
1471	1497
1471	1520
1471	1472
1471	1473
1471	1504
1471	1528
1471	1534
1471	1538
1471	1539
1470	1472
1470	1473
1475	1474
1475	1493
1476	1475
1476	1503
1476	1497
1476	1504
1478	1477
1478	1484
1478	1491
1478	1520
1479	1478
1479	1481
1480	1477
1480	1491
1481	1480
1481	1485
1483	1482
1483	1541
1485	1484
1485	1520
1486	1485
1487	1489
1487	1490
1488	1487
1495	1494
1494	1497
1496	1494
1496	1499
1497	1498
1497	1499
1499	1500
1500	1501
1501	1502
1503	1504
1504	1505
1504	1508
1504	1509
1504	1517
1504	1518
1505	1506
1505	1507
1509	1510
1509	1513
1509	1515
1510	1511
1510	1512
1513	1514
1515	1516
1519	1499
1519	3101
1520	1521
1523	1522
1524	1504
1524	1525
1524	1526
1524	1512
1525	1509
1525	1518
1526	1518
1527	1526
1530	1529
1530	1500
1532	1489
1532	1535
1532	1536
1532	1537
1532	1490
1532	3577
1533	1489
1533	1490
1533	3577
1540	1539
1543	1542
1543	1546
1544	1543
1545	1542
1545	1572
1545	1784
1548	1547
1552	578
1554	1553
1554	1579
1556	1555
1556	1573
1556	1580
1556	1728
1556	1729
1556	3403
1556	3405
1556	3407
1556	3408
1556	3409
1556	3410
1556	3411
1556	1204
1558	1557
1558	1565
1560	1559
1560	1561
1564	1563
1565	1564
1568	1567
1578	1577
1581	1582
1593	1594
1596	1595
1600	1599
1600	1601
1643	1648
1650	1649
1650	1651
1650	1670
1653	1652
1653	1654
1653	1690
1656	1655
1656	1659
1656	1665
1657	1656
1657	1663
1659	1658
1659	1664
1660	1658
1660	1668
1661	1658
1661	1669
1663	1662
1667	1666
1667	1687
1669	1668
1669	1676
1673	1672
1675	1674
1675	1736
1678	1677
1679	1678
1679	1703
1679	1722
1681	1680
1681	1682
1681	1683
1685	1684
1685	1688
1686	1685
1686	1689
1689	1688
1689	1691
1693	1692
1693	1714
1693	1716
1693	1717
1693	1718
1693	1723
1693	1724
1693	1732
1693	3580
1694	730
1694	1695
1694	1704
1695	731
1696	1695
1696	1704
1698	1697
1698	1706
1698	1715
1698	1708
1698	1709
1698	1733
1700	1701
1700	1702
1704	732
1704	735
1706	1705
1705	1707
1705	1712
1705	1713
1707	1708
1707	1709
1707	1710
1707	1711
1721	1720
1726	1725
1726	1727
1731	1730
1731	1734
1731	1735
1738	1737
1740	1739
1742	1741
1744	1743
1744	3430
1744	3431
1744	3432
1744	3433
1745	1746
1745	1747
1751	1750
1751	1752
1751	1753
1751	1754
1751	1757
1756	1755
1759	1758
1760	1759
1760	1761
1760	1762
1760	1763
1766	1765
1766	1769
1766	1770
1766	1772
1766	1815
1768	1767
1768	1771
1768	1813
1768	1814
1768	3517
1768	3518
1768	3519
1768	3520
1774	1773
1774	1781
1773	1775
1773	1776
1773	1777
1775	1782
1775	1783
1777	1778
1777	1779
1787	1786
1787	1789
1787	1790
1787	1791
1798	1797
1797	1799
1797	1800
1800	1801
1803	1802
1802	1804
1804	1805
1805	1806
1808	1807
1808	3493
1807	1809
1807	1810
1807	1811
1807	1812
1816	1817
1823	1822
1823	1824
1823	1826
1823	1828
1823	1829
1826	1825
1826	1827
1831	1830
1831	1833
1831	1835
1831	1836
1838	1837
1839	1838
1841	1840
1841	1858
1841	1859
1842	1841
1842	1860
1842	1862
1845	358
1845	359
1847	1846
1847	1848
1847	1849
1852	1853
1852	1854
1852	3587
1852	3588
1852	3589
1856	1855
1855	1857
1862	1861
1864	1863
1868	1867
1875	1874
1879	1878
1879	1886
1879	1892
1879	1895
1879	1899
1879	1905
1879	1913
1879	1922
1881	1880
1881	1887
1881	1896
1881	1904
1881	1906
1881	1914
1881	1923
1883	1882
1883	1888
1883	1890
1883	1893
1883	1897
1883	1900
1883	1907
1883	1915
1883	1917
1883	1920
1883	1924
1885	1884
1885	1889
1885	1891
1885	1894
1885	1898
1885	1901
1885	1902
1885	1903
1885	1908
1885	1909
1885	1916
1885	1918
1885	1921
1885	1925
1911	1910
1911	1912
1919	1918
1928	1927
1928	1977
1928	1978
1930	1929
1930	1933
1935	1934
1935	1951
1935	1952
1935	1973
1938	1937
1942	1941
1944	1943
1944	1945
1944	1946
1944	1947
1949	1948
1951	1950
1951	1953
1951	1959
1958	1957
1958	1964
1959	1960
1959	1961
1959	1962
1965	1966
1965	1967
1965	1968
1969	1970
1969	1972
1970	1971
1975	1974
1980	1979
1989	1988
1989	2004
1991	1990
1991	1992
1994	1993
1994	2160
1994	2161
1994	2232
1996	1995
1997	1996
1997	2369
1997	2379
1997	2399
1997	2406
1998	1997
1999	1998
1999	2257
1999	337
1999	2263
1999	3522
1999	3523
1999	3527
1999	3528
2001	2000
2001	2023
2003	2002
2003	2155
2004	2005
2010	2009
2010	2268
2010	2269
2010	2335
2010	2364
2010	2423
2010	2424
2010	2429
2010	2431
2010	2432
2010	2437
2010	2438
2010	2439
2012	2011
2011	2013
2011	2014
2014	2015
2014	2016
2018	2019
2018	2020
2020	2021
2020	2022
2025	2026
2025	2027
2031	2030
2031	2035
2031	2036
2031	2039
2031	2044
2031	2045
2031	2046
2032	2031
2032	2070
2033	2032
2033	2034
2033	2071
2034	2031
2036	2037
2036	2038
2039	2040
2039	2041
2039	2042
2039	2043
2046	2047
2049	2048
2050	2049
2050	2051
2050	2053
2055	2054
2055	2057
2055	2058
2055	2059
2055	2067
2056	2055
2061	2060
2061	2085
2061	2086
2061	2088
2061	2089
2060	2062
2060	2063
2060	2064
2060	2065
2060	2066
2069	2068
2069	2072
2069	2079
2069	2080
2069	2081
2069	2082
2069	2083
2070	2069
2070	2075
2070	2077
2071	2070
2074	2073
2074	2076
2075	2074
2075	2084
2077	2078
2086	2087
2091	2090
2093	2092
2096	2095
2096	2097
2096	2098
2096	2099
2096	2100
2102	2101
2106	2105
2106	2111
2105	2107
2105	2108
2105	2109
2105	2110
2113	2112
2113	2808
2115	2114
2115	2116
2115	2117
2121	2120
2123	2122
2123	2127
2123	2128
2123	2129
2123	2130
2123	2131
2123	2132
2123	2133
2123	2134
2124	2123
2124	2163
2125	2124
2125	2137
2125	2158
2125	2182
2125	2234
2125	2254
2125	2255
2126	2124
2136	2135
2136	2180
2136	2209
2137	2139
2137	2140
2137	2141
2137	2142
2137	2143
2137	2144
2137	2145
2137	2146
2137	2147
2138	2137
2138	2182
2149	2148
2149	2240
2150	2149
2152	2151
2152	2242
2154	2153
2155	2154
2157	2156
2157	2207
2157	2231
2158	2157
2158	2196
2159	2158
2163	2162
2163	2165
2163	2166
2163	2168
2163	2170
2163	2172
2163	2174
2163	2176
2163	2178
2163	2208
2162	2164
2166	2167
2168	2169
2170	2171
2172	2173
2174	2175
2176	2177
2178	2179
2182	2181
2182	2192
2182	2210
2182	2238
2181	2183
2181	2184
2181	2185
2181	2186
2181	2187
2181	2188
2181	2189
2181	2190
2192	2191
2192	2219
2194	2193
2194	2220
2196	2195
2196	2221
2195	2198
2195	2199
2195	2200
2195	2201
2195	2202
2195	2203
2195	2204
2195	2205
2195	2206
2197	2196
2210	2211
2210	2212
2210	2213
2210	2214
2210	2215
2210	2216
2210	2217
2210	2218
2221	2222
2221	2223
2221	2224
2221	2225
2221	2226
2221	2227
2221	2228
2221	2229
2221	2230
2235	2234
2236	2235
2236	2267
2240	2239
2242	2241
2244	2243
2244	3000
2244	3001
2245	2244
2246	2245
2249	2248
2249	2250
2249	2251
2249	2256
2253	2252
2259	2258
2259	2457
2259	2485
2259	2486
2260	2259
2260	2482
2260	2484
2261	2260
2261	2487
2265	2264
2272	2273
2272	2274
2272	2275
2277	2276
2277	2278
2280	2279
2280	2281
2280	2282
2284	2283
2284	2293
2284	2301
2283	2285
2283	2286
2283	2287
2283	2288
2291	2290
2296	2297
2296	2298
2305	2306
2310	2309
2328	2327
2328	2330
2328	2799
2328	2800
2328	2801
2328	2802
2328	2803
2329	2328
2329	2798
2329	3601
2332	2331
2332	2710
2332	2805
2332	2806
2334	2333
2352	2351
2364	2363
2364	2365
2365	2366
2367	2368
2369	2370
2369	2371
2369	2372
2369	2373
2369	2374
2369	2375
2369	2376
2369	2377
2369	2378
2379	2380
2379	2383
2379	2384
2379	2385
2379	2386
2379	2387
2379	2396
2379	2397
2379	2398
2380	2381
2380	2382
2387	2388
2387	2391
2387	2392
2387	2393
2387	2394
2387	2395
2388	2389
2388	2390
2399	2400
2399	2401
2399	2402
2399	2403
2399	2404
2399	2405
2406	2407
2406	2408
2410	2409
2410	2412
2410	2413
2410	2415
2411	2410
2413	2414
2417	2416
2417	2421
2419	2418
2419	2421
2421	2420
2421	2422
2427	2426
2427	2428
2431	2430
2434	2433
2434	2436
2435	2434
2435	2440
2440	2441
2440	2442
2444	2443
2454	2453
2456	2455
2459	2458
2459	3356
2459	3357
2461	2460
2461	2462
2461	2463
2465	2464
2466	2465
2466	2477
2466	2475
2466	2470
2468	2467
2468	2475
2468	2474
2467	2470
2469	2468
2469	2466
2472	2471
2472	2473
2475	2474
2475	2470
2477	2476
2482	2483
2489	2490
2491	2492
2491	2493
2498	2497
2504	2503
2504	2505
2504	3110
2504	3576
2512	2511
2512	2515
2512	2516
2512	2517
2512	2520
2511	2514
2513	2512
2513	2523
2513	2524
2517	2518
2517	2519
2523	2522
2524	2516
2528	2527
2531	2530
2532	2530
2534	2533
2534	2642
2537	2536
2537	2538
2537	2539
2541	2542
2541	2543
2541	2544
2546	2547
2546	2548
2551	2552
2551	2553
2551	2554
2566	2565
2566	2568
2566	2569
2566	2573
2566	2574
2565	2567
2569	2570
2569	2571
2569	2572
2578	2602
2578	2603
2578	2604
2578	2605
2579	2600
2579	2611
2582	2608
2586	2587
2586	2588
2586	2589
2586	2590
2586	2591
2586	2592
2586	2593
2586	2594
2599	2598
2599	2601
2599	2606
2599	3598
2608	2607
2610	2609
2623	2622
2623	2625
2623	2628
2624	2623
2624	3600
2627	2626
2627	3599
2632	2631
2634	2633
2636	2635
2636	2923
2637	2639
2638	2637
2644	2643
2644	2645
2644	2646
2644	2999
2644	3149
2648	2647
2648	2649
2648	2650
2648	3093
2648	3094
2648	3097
2648	3100
2652	2651
2652	2659
2652	2660
2652	2661
2652	2662
2652	2663
2652	2664
2652	2665
2652	2666
2652	2667
2652	2668
2652	2669
2652	2670
2651	2653
2653	2654
2653	2655
2655	2656
2657	2658
2672	2671
2671	2673
2671	2674
2671	2675
2671	2676
2671	2677
2671	2678
2671	2679
2671	2680
2671	2681
2671	2682
2671	2685
2671	2688
2671	2689
2671	2690
2671	2691
2671	2692
2682	2683
2682	2684
2685	2686
2685	2687
2697	2696
2699	2698
2699	2700
2699	2701
2699	2702
2699	2703
2699	2704
2699	2705
2699	2706
2699	2707
2699	2708
2712	2711
2712	2726
2712	2727
2712	2728
2712	2729
2712	2730
2712	2731
2712	2732
2712	2733
2712	2734
2712	2735
2712	2736
2712	2738
2712	2739
2712	2741
2712	2742
2712	2743
2712	2744
2712	2745
2712	2746
2712	2747
2712	2748
2712	2749
2712	2750
2712	2751
2712	2752
2712	2753
2712	2754
2712	2755
2711	2713
2711	2714
2711	2715
2711	2716
2711	2717
2711	2718
2719	2720
2719	2721
2719	2722
2719	2723
2719	2724
2724	2725
2736	2737
2739	2740
2756	2757
2756	2758
2756	2759
2756	2760
2756	2761
2756	2762
2756	2763
2756	2764
2756	2765
2756	2766
2756	2767
2756	2768
2756	2769
2756	2770
2756	2771
2756	2772
2756	2773
2756	2774
2756	2775
2756	2776
2756	2777
2756	2778
2779	2780
2782	2783
2786	2787
2786	2788
2793	2794
2793	2795
2805	2804
2806	2807
2811	2810
2811	2812
2814	2813
2814	2817
2814	2819
2814	2826
2814	2827
2814	2828
2814	2829
2814	2830
2814	2831
2814	2832
2814	2833
2814	2834
2814	2835
2814	2836
2814	2838
2814	2841
2814	2842
2814	2845
2814	2846
2814	2847
2814	2848
2814	2849
2814	2850
2814	2851
2814	2852
2814	2853
2814	2854
2814	2855
2814	2858
2814	2862
2814	2863
2814	2865
2814	2868
2814	2873
2814	2874
2814	2876
2814	2877
2814	2878
2814	2879
2814	2880
2814	2882
2814	2883
2814	2885
2814	2886
2814	2887
2814	2888
2814	2889
2814	2892
2814	2893
2814	2898
2814	2900
2814	2901
2814	2906
2814	2907
2814	2908
2814	2909
2814	2911
2814	2912
2814	2913
2814	2914
2814	2920
2815	2814
2815	2820
2815	2822
2815	2824
2815	2825
2815	2837
2815	2843
2815	2864
2815	2866
2815	2870
2815	2875
2815	2881
2815	2890
2815	2891
2815	2896
2815	2902
2815	2903
2815	2905
2815	2921
2815	2922
2816	2815
2816	2818
2816	2860
2816	2884
2816	2917
2822	2821
2822	2861
2822	2869
2822	2872
2824	2823
2824	2839
2824	2840
2824	2844
2824	2856
2824	2857
2824	2894
2824	2895
2824	2897
2824	2899
2824	2904
2824	2910
2824	2915
2860	2859
2868	2867
2870	2871
2916	2917
2919	2918
2919	2920
2919	2924
2928	2927
2930	2929
2930	2939
2930	2946
2929	2933
2931	2930
2931	2956
2932	2929
2932	2934
2932	2933
2939	2941
2940	2939
2940	2942
2940	2941
2946	2948
2947	2946
2947	2949
2947	2948
2953	2952
2953	2959
2955	2954
2955	2958
2955	2960
2956	2957
2962	2961
2962	2963
2962	3169
2965	2964
2967	2966
2969	2968
2971	2970
2971	2975
2970	2972
2970	2973
2973	2974
2975	2974
2975	3164
2975	3167
2977	2976
2977	2979
2977	2980
2978	2977
2978	2982
2978	2983
2978	2985
2978	2989
2978	2990
2978	2992
2982	2981
2982	2991
2985	2984
2985	2986
2988	2987
2989	2988
2994	2993
2994	2995
2994	3002
2994	3150
2997	2996
2998	2495
3004	3003
3004	3007
3006	3005
3007	3008
3007	3009
3011	3010
3011	3012
3011	3013
3015	3014
3015	3016
3015	3017
3021	3020
3020	3022
3020	3023
3020	3026
3020	3038
3023	3024
3023	3025
3026	3027
3026	3028
3026	3029
3026	3030
3026	3031
3026	3032
3026	3033
3026	3034
3026	3035
3026	3036
3026	3037
3038	3039
3038	3040
3045	3044
3045	3047
3045	3052
3048	3049
3051	3050
3051	3061
3054	3053
3055	3054
3055	3057
3057	3056
3057	3058
3059	3060
3066	3065
3066	3074
3069	3068
3073	3072
3074	3073
3076	3075
3078	3077
3078	3084
3078	3085
3078	3086
3078	3087
3079	3078
3081	3080
3081	3098
3081	3099
3083	3082
3083	3088
3083	3104
3091	3090
3093	3092
3092	3095
3094	3092
3094	3096
3103	3102
3103	3104
3107	3106
3107	3109
3108	3106
3112	3111
3114	3113
3113	3115
3113	3116
3119	3118
3119	2957
3123	3122
3123	3124
3123	3126
3123	3129
3126	3125
3125	3127
3127	3128
3133	3132
3133	3134
3133	3138
3133	3141
3133	3142
3136	3135
3136	3137
3140	3139
3145	3144
3145	3147
3146	3145
3146	3148
3152	3151
3152	3156
3152	3157
3152	3158
3152	3159
3152	3160
3152	3161
3152	3162
3152	3163
3152	3164
3152	3165
3152	3166
3152	3167
3152	3168
3151	3153
3151	3154
3151	3155
3170	3171
3175	3174
3175	3176
3178	3179
3179	3180
3182	3181
3182	3183
3187	3186
3199	3198
3203	3202
3204	3203
3204	3236
3204	3261
3204	3268
3204	3382
3206	3205
3206	3209
3206	3211
3206	3212
3206	3215
3206	3370
3205	3207
3209	3208
3211	3210
3211	3213
3211	3214
3216	3217
3216	3218
3222	3221
3222	3225
3222	3226
3221	3223
3221	3224
3228	3227
3228	3229
3228	3230
3232	3231
3232	3233
3239	3238
3239	3240
3242	3241
3242	3245
3242	3247
3242	3380
3247	3246
3250	3249
3250	3275
3249	3251
3251	3252
3251	3253
3254	3255
3254	3256
3254	3257
3259	3258
3259	3273
3259	3284
3264	3263
3263	368
3263	369
3266	3265
3266	3295
3267	3266
3267	3282
3267	3292
3267	3293
3271	3270
3271	3277
3271	3283
3273	3272
3273	3278
3275	3274
3275	3276
3286	3285
3286	3306
3286	3372
3286	3373
3286	3374
3288	3287
3290	3289
3292	3291
3295	3294
3297	3296
3301	3300
3301	3307
3301	3375
3301	3376
3303	3302
3305	3304
3309	3308
3310	3308
3312	3311
3314	3313
3315	3314
3316	3313
3318	3317
3318	459
3320	3319
3323	3322
3324	3322
3327	3326
3329	3328
3329	3335
3329	3336
3332	3331
3332	3333
3332	3334
3339	3338
3341	3340
3341	3343
3341	3344
3341	3345
3341	3379
3343	3342
3343	3346
3348	3347
3348	3350
3350	3349
3352	3351
3352	3354
3351	3353
3359	3358
3359	3361
3363	3362
3363	3365
3363	3366
3363	3367
3371	3370
3371	3379
3371	3380
3382	3381
3384	3383
3387	3386
3387	3394
3386	3388
3386	3389
3386	3390
3386	3391
3386	3392
3386	3393
3396	3395
3404	3403
3404	3608
3404	1193
3406	3405
3406	3609
3406	3610
3406	3611
3406	3612
3406	3613
3406	3614
3406	3615
3406	3616
3406	1192
3406	3411
3412	1202
3425	3412
3425	3413
3425	3414
3425	3415
3425	3416
3425	3417
3425	3418
3425	3419
3425	3420
3427	3426
3427	3428
3427	3429
3435	3434
3436	3434
3438	3439
3442	3441
3444	3443
3444	3445
3446	3447
3448	3449
3448	3450
3448	3451
3448	3452
3448	3453
3448	3454
3448	3455
3448	3456
3448	3457
3448	3458
3448	3459
3448	3460
3448	3461
3448	3462
3463	3464
3463	3465
3463	3466
3463	3467
3463	3468
3463	3469
3463	3470
3463	3471
3463	3472
3463	3473
3463	3474
3463	3475
3463	3476
3463	3477
3463	3478
3463	3479
3480	3481
3480	3482
3483	3484
3493	1809
3493	1810
3493	1811
3493	1812
3494	526
3494	527
3508	2696
3511	3282
3511	3293
3511	3292
3511	3266
3513	3514
3515	3516
3521	3477
3525	3524
3525	3526
3529	3530
3531	3532
3531	3530
3531	3533
3534	3535
3536	3533
3537	3532
3537	3530
3537	3533
3538	3532
3538	3530
3538	3533
3542	3543
3544	431
3546	3547
3546	3548
3546	3549
3550	3551
3550	3552
3550	3553
3550	3554
3550	3555
3557	3558
3557	3559
3560	3498
3560	3561
3560	3562
3560	3563
3560	3564
3560	3565
3560	3566
3560	473
3560	3567
3560	3568
3560	3569
3560	3570
3560	3571
3560	3572
3560	3573
3560	3574
3569	1817
3573	3010
3573	3012
3573	3013
3578	3577
3581	3582
3581	3583
3584	3585
3584	3586
3595	1944
3603	3604
3603	3605
3603	3606
3603	3607
3610	1336
3610	1555
3610	1566
3610	1580
3611	1567
3612	1343
3612	1571
3613	1350
3613	1576
3614	1360
3614	1559
3614	1561
3614	1583
