1	0
1	15
1	16
1	17
2	1
2	8
2	11
2	14
2	18
2	19
2	20
2	21
2	22
2	23
2	24
2	25
2	26
2	27
2	28
2	29
2	42
2	46
2	47
2	48
3	2
3	119
3	128
3	136
3	137
4	3
5	4
6	5
7	6
8	9
8	10
11	12
11	13
13	49
29	30
29	31
29	32
29	33
29	34
29	35
29	36
29	37
29	38
29	39
29	40
29	41
42	43
42	44
42	45
42	3508
42	3509
42	3510
42	3511
42	3512
43	3505
43	3506
43	3507
51	50
51	54
51	56
51	59
51	64
51	65
51	66
51	67
51	68
51	69
51	70
51	71
51	72
51	73
51	74
51	118
51	143
51	144
51	145
51	146
51	147
51	148
51	149
51	150
51	151
51	152
52	51
53	52
54	55
56	57
59	58
59	61
59	62
59	63
61	60
76	75
76	2670
76	2675
76	2711
76	2712
76	2713
78	77
78	2635
78	2636
80	79
80	1388
80	2640
80	3345
82	81
82	1368
82	2120
82	2637
82	2660
82	3341
84	83
84	2024
84	2025
84	2045
84	2046
84	2254
84	2354
84	2355
84	2356
84	2357
84	2358
84	2359
84	2360
84	2361
84	2362
84	2363
84	2364
84	2365
84	2366
84	2367
84	2368
84	2371
84	2372
84	2373
84	2374
84	2375
84	2376
84	2377
84	2378
84	2379
84	2380
84	2464
84	2465
84	2466
84	2467
84	2468
84	2469
85	84
85	2462
85	2463
87	86
87	1369
87	2638
87	2639
88	87
88	2121
88	2654
89	88
90	88
90	296
90	299
90	300
90	308
90	310
90	314
90	351
90	354
90	377
90	396
90	474
90	626
90	1383
90	1425
90	1439
90	1802
90	1830
90	1858
90	2275
90	2477
90	1795
90	2630
90	2629
90	2658
90	2989
90	3016
90	3115
90	3119
90	3226
90	3242
90	3248
90	3252
90	3254
90	3257
90	3259
90	3262
90	3268
90	3280
90	3287
90	3347
90	3357
90	3361
90	3368
90	3372
90	3375
90	2504
90	739
90	740
90	741
90	3379
90	3384
90	3398
90	289
90	3580
92	91
92	96
92	3318
94	93
94	99
94	3060
94	3064
94	3065
94	3067
94	3081
95	94
95	3070
95	3074
95	3078
95	3082
95	3083
96	95
96	1405
96	1443
98	97
99	98
99	3086
101	100
101	1884
101	1885
101	1886
101	1887
102	101
102	630
102	836
102	1800
102	1801
102	1804
102	1805
102	1810
102	1865
102	1878
102	1883
102	1888
102	1889
102	1948
102	1973
102	1986
102	3349
102	3610
102	3611
102	3612
102	3613
102	3614
104	103
105	104
105	1219
105	1548
105	1583
107	106
107	1401
107	1999
107	2000
107	2001
107	2002
107	2003
109	108
109	1402
109	1778
109	1806
109	1807
109	1993
109	1998
109	2004
111	110
112	111
112	1223
112	1227
112	1558
112	1584
112	1864
114	113
116	115
116	1759
116	1880
116	1971
116	1972
116	1982
117	116
117	1953
117	1990
121	120
121	287
121	489
121	1330
121	1980
121	2541
121	3197
121	3205
121	3211
121	3255
123	122
123	153
123	154
123	155
123	156
123	157
123	158
123	159
123	160
123	161
123	162
123	163
123	168
123	169
123	769
123	1501
123	1583
123	1584
123	1586
123	1588
123	1589
123	1592
123	1598
123	3457
123	3460
124	125
127	126
127	1078
127	1083
127	1091
127	1092
127	1075
127	1086
127	1107
127	1084
127	1085
127	1088
127	1089
127	1090
127	1108
127	1109
127	1098
127	1099
127	1117
128	129
128	130
128	131
128	132
128	133
128	134
128	135
139	138
139	170
139	265
139	286
139	287
139	406
139	456
139	490
139	497
139	587
139	653
139	1105
139	1545
139	2135
139	2288
139	2497
139	2549
139	2634
139	3133
139	3204
139	3239
139	3282
138	140
142	141
164	165
167	166
172	171
171	173
174	175
177	176
179	178
179	1616
179	1617
179	1618
179	1619
179	1620
179	1621
179	1622
179	1623
179	1624
179	1625
179	1626
179	1627
179	1628
179	1629
179	1630
179	1631
179	1632
179	1633
179	1634
179	1635
179	1636
179	1637
179	1638
179	1639
179	1640
179	1641
179	1642
179	1643
179	1644
179	1645
179	1646
179	1647
179	1648
179	1649
179	1650
179	1651
179	1652
179	1653
179	1654
179	1655
179	1656
179	1657
179	1658
179	1659
179	1660
179	1661
180	179
182	181
182	183
182	184
182	185
182	186
182	187
182	188
190	189
190	192
190	194
190	196
190	198
191	189
191	2436
191	2981
191	3128
191	3163
191	3190
191	3192
193	192
193	2130
193	2129
193	2349
193	2434
193	2437
193	3124
195	194
197	196
197	1362
197	2027
197	2435
197	2443
197	2453
197	2633
197	2641
197	2650
197	3149
197	3616
199	198
199	2370
199	3038
199	3061
199	3062
199	3150
201	200
201	1466
201	1901
201	1906
201	1908
201	1911
201	1915
201	1918
201	1919
201	1920
201	1925
201	1926
201	1933
201	1935
201	1938
201	1942
200	203
200	207
200	209
202	200
204	203
204	207
204	209
205	203
205	207
205	209
206	203
206	207
206	209
208	207
210	209
212	211
212	213
212	216
212	220
212	221
212	223
212	262
212	228
212	229
212	230
212	231
212	225
212	232
212	233
212	234
212	238
212	244
212	247
212	248
212	251
212	249
212	250
212	252
212	253
212	254
212	255
212	256
212	257
212	259
211	213
211	216
211	217
211	218
211	219
211	220
211	227
211	228
211	229
211	230
211	231
211	232
211	233
211	234
211	235
211	236
211	237
211	238
211	239
211	240
211	241
211	242
211	243
211	244
211	245
211	246
211	247
211	248
211	249
211	250
211	251
211	252
211	253
211	254
211	255
211	256
211	257
211	258
211	259
213	214
213	215
220	221
220	222
220	223
220	224
220	225
220	226
222	262
255	2470
261	260
264	263
264	266
264	267
264	268
264	269
264	270
264	271
264	272
264	273
264	274
264	275
264	276
264	277
264	278
264	279
264	280
264	281
264	282
264	283
265	264
265	527
265	535
265	536
265	588
265	692
265	770
265	1217
265	1221
265	1286
265	1444
265	1474
265	1599
265	1600
265	1601
265	1602
265	1603
265	1604
265	1605
265	1606
265	1611
265	1612
265	1689
265	1713
265	1733
265	1945
265	2301
265	2306
265	2308
265	2309
265	2311
265	2312
265	2313
265	2316
265	2317
265	2319
265	2320
265	2321
265	2322
265	2324
265	2330
265	2331
265	2332
265	2333
265	2334
265	2335
265	2336
265	2337
265	2338
265	2340
265	2341
265	2342
265	2343
265	2518
265	3208
265	3210
265	3212
265	3213
265	3215
265	3216
265	3224
265	3466
285	284
285	350
285	374
285	432
285	458
285	1858
285	2023
285	338
285	2496
285	2519
285	2521
285	2632
285	2715
285	3154
285	3285
285	3287
285	3338
285	2520
285	3517
285	3518
285	3519
285	3520
285	3521
285	3522
285	3523
285	3524
285	3525
285	3526
285	3527
285	3528
285	3529
285	3530
285	3531
285	3532
285	289
285	3564
289	288
289	295
288	290
288	291
291	292
291	296
292	293
292	299
295	294
295	291
295	300
297	296
296	293
298	297
298	299
298	300
298	347
298	348
298	349
298	350
298	351
298	353
298	354
298	355
298	365
298	366
298	370
298	371
298	373
298	374
298	375
298	376
298	377
298	379
298	380
298	396
298	1194
298	1373
298	1383
298	1470
298	1789
298	1802
298	1858
298	358
298	359
298	1949
298	1795
298	2630
298	3240
298	3263
298	3264
298	3280
298	3284
298	3289
298	3299
298	3300
298	3301
298	3343
298	3347
298	3350
298	3384
298	3418
298	3419
298	3421
298	3424
301	300
301	524
301	1307
301	1685
301	291
301	3514
301	3515
301	3516
300	292
303	302
303	304
306	305
306	1473
306	2274
306	2279
306	2280
306	2828
306	3089
306	3108
308	307
308	310
308	314
307	310
307	314
309	308
309	1468
309	1477
309	1478
309	1480
309	1479
309	1476
309	1943
309	1948
309	2554
310	311
310	312
310	313
314	315
317	316
317	332
319	318
319	324
320	319
320	328
320	329
320	334
321	319
321	325
321	328
321	329
323	322
327	326
327	333
327	833
327	2297
331	330
331	660
336	335
336	402
336	1382
336	1466
336	2015
336	2018
336	2088
336	337
336	2649
336	3270
336	2520
336	3547
335	337
335	338
340	339
342	341
342	2264
342	3559
344	343
344	345
344	346
344	1267
344	1270
344	1279
344	1280
344	1293
344	1333
344	1334
344	1353
344	1354
344	1370
344	1371
344	1372
344	1374
344	1376
344	1377
344	2944
344	3037
344	3420
344	3444
344	3544
344	3546
344	3560
351	352
355	356
355	357
355	360
355	361
355	362
355	363
357	358
357	359
365	364
365	1859
365	1949
365	2545
365	3263
365	3397
366	367
367	368
367	369
371	372
375	292
377	378
381	382
384	383
384	382
386	385
386	1206
386	2555
386	2954
386	2957
386	2964
386	3136
386	3417
388	387
388	1207
388	2955
388	2962
388	2969
388	3139
390	389
390	771
390	782
390	1208
390	1892
390	1893
390	1894
390	1901
390	1906
390	1908
390	1911
390	1915
390	1918
390	1919
390	1920
390	1925
390	1926
390	1933
390	1938
390	1942
390	2522
390	2956
390	2963
390	2970
390	3140
392	391
392	399
392	400
393	394
396	395
396	1955
396	1957
398	397
402	401
402	405
402	410
403	401
405	404
405	408
405	409
405	411
406	407
413	412
413	414
413	415
413	421
413	422
417	416
417	3565
418	416
418	419
418	420
424	423
424	2479
423	425
423	426
423	427
429	428
431	430
431	433
431	434
431	435
431	436
431	437
431	438
431	439
431	440
431	455
431	442
431	443
431	444
431	445
431	446
431	447
431	448
431	449
431	450
431	451
432	431
432	441
441	442
441	443
441	444
441	445
441	446
441	447
441	448
441	449
441	450
441	451
453	452
454	452
456	457
458	459
461	460
461	462
463	464
466	465
468	467
469	470
469	471
473	472
473	481
474	473
474	475
474	476
474	477
474	478
474	479
474	480
474	1808
474	1809
474	1830
474	1832
474	1833
474	2546
474	3030
474	3380
474	289
480	481
483	482
484	483
484	487
486	485
486	488
492	491
494	493
496	495
496	684
497	498
500	499
500	502
500	503
500	505
500	532
500	533
500	534
501	500
501	499
501	502
501	503
505	504
505	518
505	520
505	521
505	522
505	523
505	529
505	531
504	506
504	508
504	509
504	510
504	511
504	512
504	513
504	514
504	515
504	516
504	517
506	507
518	519
524	525
524	526
529	528
529	530
537	538
538	539
538	540
538	541
543	542
542	545
542	546
544	542
544	1236
546	547
546	577
546	581
546	582
546	583
547	548
547	549
547	550
547	551
547	568
547	569
551	552
551	555
551	556
551	557
552	553
552	554
557	558
557	559
557	560
557	561
557	562
557	563
557	567
563	564
563	565
563	566
569	570
569	571
569	572
569	573
573	574
573	575
573	576
577	578
577	579
577	580
585	584
585	586
588	589
591	590
593	592
592	594
592	595
597	596
597	598
597	639
597	1506
597	1513
600	599
601	600
601	611
601	612
602	601
602	609
602	613
602	614
602	615
603	602
603	619
603	648
604	603
604	610
604	663
604	678
605	604
605	616
605	617
605	620
605	621
605	622
605	623
605	656
605	681
605	686
607	606
608	607
608	618
608	2250
608	2661
608	3405
625	624
625	1416
625	2506
625	2507
625	2509
625	2512
625	2513
625	2514
626	625
626	2278
626	2275
626	3017
627	626
627	1415
627	1430
627	1477
627	1478
627	1480
627	1479
627	1476
627	1482
627	2475
627	2516
627	2527
627	2528
627	2529
627	2530
627	3221
627	3617
628	625
628	2477
628	737
628	2510
628	3226
628	3242
628	3252
628	3254
628	3257
628	3259
628	3262
628	3268
628	3287
628	3357
628	3361
628	3368
628	3372
628	3375
628	2504
628	739
628	740
628	741
628	3379
628	2511
628	3398
630	629
630	631
630	1834
630	1879
630	1888
630	1890
630	1891
633	632
634	632
634	638
634	644
636	635
636	637
641	640
641	642
641	643
641	646
645	644
647	646
648	649
649	650
650	651
651	652
655	654
655	657
659	658
662	661
662	671
661	664
663	662
663	666
663	673
663	677
664	665
666	667
666	670
667	668
667	669
671	672
673	674
673	675
673	676
680	679
683	682
683	1844
683	1846
683	1847
683	1848
683	1849
683	1850
683	1956
686	685
686	687
686	688
686	689
691	690
691	693
692	691
692	1423
692	2266
692	3162
692	3214
693	694
696	695
696	719
696	720
696	725
696	729
696	736
696	737
696	742
696	743
696	744
696	745
695	699
695	700
695	705
697	696
697	763
698	697
698	699
698	701
698	703
698	704
698	1299
698	764
698	1708
698	736
698	743
698	2945
700	701
700	702
700	703
700	704
705	706
708	707
708	1183
710	709
710	2136
710	2287
711	710
711	709
711	1271
711	538
711	1301
711	1445
711	3209
713	712
713	1302
713	2339
713	2517
712	714
714	715
717	716
716	718
720	721
720	722
722	723
722	724
725	726
726	727
726	728
729	730
729	734
729	735
730	731
730	733
731	732
737	738
737	739
739	740
739	741
747	746
747	748
750	749
752	751
754	753
754	1304
753	756
755	754
755	1303
755	1576
755	3198
758	757
758	760
758	761
758	762
759	758
759	760
763	764
763	765
763	766
763	767
763	768
771	772
771	777
772	773
772	774
772	775
772	776
777	778
777	779
779	780
779	781
784	783
784	786
784	790
784	793
784	794
784	795
784	826
784	827
784	828
784	829
784	830
785	784
785	788
785	838
785	843
788	787
788	789
788	791
788	792
797	796
797	807
797	814
797	816
797	817
798	797
798	800
800	799
800	812
800	813
800	815
800	818
800	821
802	801
803	802
803	809
805	804
806	805
806	811
809	808
811	810
819	806
819	820
819	798
819	825
820	822
820	823
820	824
832	831
833	832
835	834
835	837
836	835
838	839
838	840
838	841
838	842
843	844
843	845
843	846
843	847
843	848
843	849
843	850
843	851
843	852
843	853
843	854
843	855
843	856
843	857
859	858
859	861
859	862
859	865
859	866
859	867
860	859
860	864
860	925
860	870
864	863
869	868
869	871
869	874
869	875
869	877
870	869
870	873
870	922
870	927
870	928
870	929
870	930
870	931
870	932
870	933
870	939
870	940
870	941
873	872
873	876
879	878
879	893
880	879
880	882
880	910
880	913
882	881
882	891
882	892
882	894
884	883
885	884
885	890
885	904
885	906
887	886
888	887
888	897
888	908
888	918
890	889
896	895
897	896
897	899
897	900
897	902
899	898
900	901
902	903
904	905
906	907
908	909
910	911
910	912
913	914
913	915
913	916
913	917
920	919
920	921
922	923
922	924
925	926
933	934
933	935
933	936
933	937
933	938
943	942
943	947
943	951
942	944
942	945
942	946
947	948
947	949
951	950
951	952
951	953
951	954
956	955
956	960
956	964
955	957
955	958
955	959
960	961
960	962
964	963
964	965
964	966
964	967
969	968
969	983
969	1050
969	1052
969	1054
969	1056
969	1057
969	1060
971	970
971	975
971	976
971	977
971	978
972	971
972	980
972	984
972	990
974	973
980	979
980	981
982	972
982	995
982	1017
982	1036
982	1042
982	1045
982	1047
982	1048
982	1049
982	1051
982	1053
982	1055
982	1058
982	1059
984	985
984	986
984	987
984	988
984	989
990	991
990	992
990	993
990	994
995	996
995	1004
995	1012
995	1014
996	997
996	998
996	1003
998	999
998	1000
998	1001
998	1002
1004	1005
1004	1006
1004	1010
1006	1007
1006	1008
1006	1009
1012	1011
1012	1015
1014	1013
1014	1016
1017	1018
1017	1023
1017	1028
1017	1033
1018	1019
1018	1020
1018	1021
1018	1022
1023	1024
1023	1025
1023	1026
1028	1027
1028	1029
1028	1030
1028	1031
1033	1032
1033	1034
1033	1035
1036	1037
1036	1040
1039	1038
1039	1041
1042	1043
1042	1044
1047	1046
1062	1061
1064	1063
1066	1065
1066	1067
1066	1068
1066	1070
1065	1069
1065	1071
1065	1072
1074	1073
1074	1077
1074	1076
1073	1075
1073	1077
1075	1076
1077	1078
1078	1079
1078	1080
1081	1077
1082	1078
1082	1075
1082	1079
1082	1086
1082	1107
1082	1084
1082	1085
1082	1088
1082	1089
1082	1090
1082	1108
1082	1098
1082	1117
1082	1120
1083	1084
1083	1085
1083	1086
1083	1088
1083	1089
1083	1090
1086	1087
1094	1093
1094	1095
1096	1097
1096	1099
1097	1098
1101	1100
1101	1102
1103	1075
1103	1120
1105	1104
1106	1086
1106	1107
1106	1084
1106	1085
1106	1088
1106	1089
1106	1090
1111	1110
1111	1112
1112	1113
1112	1114
1112	1115
1117	1116
1119	1118
1122	1121
1122	1126
1121	1124
1121	1125
1123	1122
1128	1127
1128	1139
1129	1128
1129	1140
1130	1129
1132	1131
1132	1147
1132	1180
1133	1132
1135	1134
1135	1163
1136	1135
1138	1137
1138	1168
1142	1141
1142	1178
1143	1142
1143	1146
1143	1179
1144	1143
1145	1142
1149	1148
1149	1152
1149	1153
1149	1154
1149	1161
1149	1162
1150	1149
1152	1151
1152	1155
1152	1156
1152	1157
1152	1158
1152	1159
1152	1160
1163	1164
1163	1165
1163	1166
1168	1167
1168	1169
1169	1170
1169	1171
1170	1172
1170	1175
1171	1173
1171	1174
1177	1176
1182	1181
1182	1191
1182	1196
1185	1184
1185	1187
1185	1186
1184	1186
1184	1187
1189	1188
1189	1191
1189	1200
1190	1188
1190	1205
1192	1189
1192	1201
1192	1204
1192	3422
1192	3441
1192	3443
1192	3445
1192	3427
1192	3428
1192	3429
1192	3430
1192	3431
1193	1192
1193	1338
1193	1344
1193	1351
1193	1361
1193	1582
1193	1742
1193	1743
1193	1570
1193	3443
1193	3595
1193	3628
1193	3629
1193	3630
1193	3631
1193	3632
1193	3633
1193	3634
1193	3635
1193	3431
1194	1193
1194	1690
1194	3426
1196	1195
1197	1198
1197	1199
1203	1202
1204	1203
1204	1580
1204	1581
1204	1585
1204	1590
1204	1597
1204	1574
1204	3432
1204	3433
1204	3434
1204	3435
1204	3436
1204	3437
1204	3438
1204	3439
1204	3440
1204	3442
1210	1209
1210	1211
1212	1211
1214	1213
1214	1215
1214	1216
1214	1220
1219	1218
1221	1222
1223	1224
1223	1225
1223	1226
1227	1228
1230	1229
1229	1231
1229	1234
1231	1232
1231	1233
1235	546
1235	1237
1235	1243
1235	1323
1235	1325
1235	1341
1235	1349
1236	1235
1236	1322
1236	1332
1237	547
1237	1238
1237	1239
1237	1242
1237	1251
1237	1255
1237	1263
1238	548
1239	551
1239	1240
1239	1245
1239	1252
1240	557
1240	1241
1240	1246
1240	1248
1240	1254
1240	1260
1240	1262
1240	1281
1241	558
1242	569
1242	1244
1242	1250
1242	1253
1242	1257
1243	1242
1243	1244
1243	1339
1243	581
1244	570
1245	552
1245	1249
1245	1256
1245	1284
1246	563
1246	1247
1246	1259
1246	1261
1247	564
1248	559
1249	555
1250	571
1251	549
1252	556
1253	572
1254	560
1255	550
1256	553
1257	573
1257	1258
1257	1282
1257	1283
1258	574
1259	565
1260	561
1261	566
1262	562
1263	568
1265	1264
1266	1265
1266	1563
1266	1564
1266	1565
1266	3599
1269	1268
1271	538
1271	1278
1271	1335
1272	1271
1273	1271
1274	1271
1274	1588
1274	1762
1275	1271
1275	1589
1275	1763
1276	1271
1276	538
1276	2325
1276	2326
1276	2328
1276	2329
1276	3319
1276	3389
1277	539
1278	1277
1278	540
1281	567
1282	575
1283	576
1284	554
1286	1285
1286	1287
1286	1288
1290	1289
1292	1291
1292	2023
1292	2041
1292	2069
1295	1294
1297	1296
1297	1300
1297	1308
1297	1309
1297	1319
1298	1297
1298	1299
1298	1301
1298	1322
1298	1357
1299	1296
1301	1300
1301	1335
1306	1305
1309	1310
1309	1311
1311	1312
1311	1316
1311	1317
1311	1318
1312	1313
1312	1314
1312	1315
1321	1320
1322	1309
1322	1323
1322	1331
1323	1311
1323	1324
1323	1339
1323	1340
1323	1348
1324	1312
1324	1326
1324	1328
1324	1355
1325	1324
1325	1327
1325	1329
1325	1356
1325	577
1326	1313
1327	1326
1327	578
1328	1314
1329	1328
1329	579
1331	1310
1332	1331
1332	545
1335	1308
1337	1336
1337	1342
1337	1345
1337	1346
1337	1347
1337	1835
1337	2664
1337	3561
1337	3576
1337	3636
1338	1336
1338	1569
1338	1580
1338	1594
1339	1316
1340	1318
1341	1340
1341	583
1344	1343
1344	1585
1348	1317
1349	1348
1349	582
1351	1350
1351	1590
1353	1352
1353	1592
1355	1315
1356	1355
1356	580
1357	1319
1358	1357
1358	1596
1359	1358
1361	1360
1361	1573
1361	1575
1361	1597
1364	1363
1364	2799
1364	2800
1364	2802
1364	2803
1364	2804
1364	2807
1364	2808
1364	2809
1364	2810
1365	1364
1365	2730
1365	2737
1365	2774
1365	2797
1365	2811
1366	1365
1366	2717
1366	2727
1366	2814
1366	2815
1367	1366
1375	226
1375	232
1379	1378
1379	1386
1379	2283
1379	2586
1379	2595
1379	2596
1379	2597
1379	2598
1379	2599
1379	2600
1379	2601
1379	2602
1379	2603
1380	1379
1380	2604
1380	2605
1380	2606
1380	2615
1380	2616
1380	2617
1381	1380
1381	1472
1381	2014
1381	2657
1381	3084
1381	3090
1381	3093
1382	1381
1382	1383
1382	2015
1382	2023
1382	2658
1382	2997
1382	3085
1383	1380
1385	1384
1385	2034
1385	2575
1385	2576
1385	2577
1385	2578
1385	2579
1385	2580
1385	2581
1385	2582
1385	2583
1386	1385
1386	1387
1386	2560
1386	2561
1386	2565
1386	2566
1386	2569
1386	2570
1386	2571
1386	2584
1390	1389
1392	1391
1392	1417
1392	1431
1392	1857
1392	2111
1392	3193
1392	3217
1392	3220
1392	3388
1394	1393
1394	1397
1396	1395
1396	1398
1400	1399
1400	1787
1400	1794
1400	1799
1404	1403
1404	1412
1404	1413
1404	1414
1405	1404
1405	1407
1405	1410
1407	1406
1407	1411
1409	1408
1410	1409
1416	1415
1416	1430
1419	1418
1420	1419
1420	1433
1420	1434
1420	2498
1420	2499
1422	1421
1422	1436
1422	1448
1423	1422
1423	1441
1423	1447
1423	1452
1423	1453
1423	1454
1423	1462
1425	1424
1425	1426
1428	1427
1428	1429
1433	1432
1434	1432
1434	1435
1438	1437
1439	1438
1439	1442
1441	1440
1447	1446
1447	1449
1447	1451
1449	1450
1454	1455
1454	1461
1455	1456
1455	1457
1455	1458
1455	1459
1459	1460
1464	1463
1464	2526
1465	1464
1467	1466
1467	2520
1469	1468
1470	1469
1470	2667
1470	2668
1470	3112
1470	3113
1470	3116
1470	3119
1471	1468
1476	1475
1476	1481
1476	1483
1477	1476
1478	1476
1479	1476
1480	1479
1485	1484
1485	1489
1485	1488
1485	1517
1485	1511
1485	1534
1485	1486
1485	1487
1485	1518
1485	1542
1485	1548
1485	1552
1485	1553
1484	1486
1484	1487
1489	1488
1489	1507
1490	1489
1490	1517
1490	1511
1490	1518
1492	1491
1492	1498
1492	1505
1492	1534
1493	1492
1493	1495
1494	1491
1494	1505
1495	1494
1495	1499
1497	1496
1497	1555
1499	1498
1499	1534
1500	1499
1501	1503
1501	1504
1502	1501
1509	1508
1508	1511
1510	1508
1510	1513
1511	1512
1511	1513
1513	1514
1514	1515
1515	1516
1517	1518
1518	1519
1518	1522
1518	1523
1518	1531
1518	1532
1519	1520
1519	1521
1523	1524
1523	1527
1523	1529
1524	1525
1524	1526
1527	1528
1529	1530
1533	1513
1533	3120
1534	1535
1537	1536
1538	1518
1538	1539
1538	1540
1538	1526
1539	1523
1539	1532
1540	1532
1541	1540
1544	1543
1544	1514
1546	1503
1546	1549
1546	1550
1546	1551
1546	1504
1546	3597
1547	1503
1547	1504
1547	3597
1554	1553
1557	1556
1557	1560
1558	1557
1559	1556
1559	1586
1559	1798
1562	1561
1566	577
1568	1567
1568	1593
1570	1569
1570	1587
1570	1594
1570	1742
1570	1743
1570	3423
1570	3425
1570	3427
1570	3428
1570	3429
1570	3430
1570	3431
1570	1204
1572	1571
1572	1579
1574	1573
1574	1575
1578	1577
1579	1578
1582	1581
1592	1591
1595	1596
1607	1608
1610	1609
1614	1613
1614	1615
1657	1662
1664	1663
1664	1665
1664	1684
1667	1666
1667	1668
1667	1704
1670	1669
1670	1673
1670	1679
1671	1670
1671	1677
1673	1672
1673	1678
1674	1672
1674	1682
1675	1672
1675	1683
1677	1676
1681	1680
1681	1701
1683	1682
1683	1690
1687	1686
1689	1688
1689	1750
1692	1691
1693	1692
1693	1717
1693	1736
1695	1694
1695	1696
1695	1697
1699	1698
1699	1702
1700	1699
1700	1703
1703	1702
1703	1705
1707	1706
1707	1728
1707	1730
1707	1731
1707	1732
1707	1737
1707	1738
1707	1746
1707	3600
1708	729
1708	1709
1708	1718
1709	730
1710	1709
1710	1718
1712	1711
1712	1720
1712	1729
1712	1722
1712	1723
1712	1747
1714	1715
1714	1716
1718	731
1718	734
1720	1719
1719	1721
1719	1726
1719	1727
1721	1722
1721	1723
1721	1724
1721	1725
1735	1734
1740	1739
1740	1741
1745	1744
1745	1748
1745	1749
1752	1751
1754	1753
1756	1755
1758	1757
1758	3450
1758	3451
1758	3452
1758	3453
1759	1760
1759	1761
1765	1764
1765	1766
1765	1767
1765	1768
1765	1771
1770	1769
1773	1772
1774	1773
1774	1775
1774	1776
1774	1777
1780	1779
1780	1783
1780	1784
1780	1786
1780	1829
1782	1781
1782	1785
1782	1827
1782	1828
1782	3537
1782	3538
1782	3539
1782	3540
1788	1787
1788	1795
1787	1789
1787	1790
1787	1791
1789	1796
1789	1797
1791	1792
1791	1793
1801	1800
1801	1803
1801	1804
1801	1805
1812	1811
1811	1813
1811	1814
1814	1815
1817	1816
1816	1818
1818	1819
1819	1820
1822	1821
1822	3513
1821	1823
1821	1824
1821	1825
1821	1826
1830	1831
1837	1836
1837	1838
1837	1840
1837	1842
1837	1843
1840	1839
1840	1841
1845	1844
1845	1847
1845	1849
1845	1850
1852	1851
1853	1852
1855	1854
1855	1872
1855	1873
1856	1855
1856	1874
1856	1876
1859	358
1859	359
1861	1860
1861	1862
1861	1863
1866	1867
1866	1868
1866	3607
1866	3608
1866	3609
1870	1869
1869	1871
1876	1875
1878	1877
1882	1881
1889	1888
1896	1895
1896	1903
1896	1909
1896	1912
1896	1916
1896	1922
1896	1930
1896	1939
1898	1897
1898	1904
1898	1913
1898	1921
1898	1923
1898	1931
1898	1940
1900	1899
1900	1905
1900	1907
1900	1910
1900	1914
1900	1917
1900	1924
1900	1932
1900	1934
1900	1937
1900	1941
1902	1901
1902	1906
1902	1908
1902	1911
1902	1915
1902	1918
1902	1919
1902	1920
1902	1925
1902	1926
1902	1933
1902	1935
1902	1938
1902	1942
1928	1927
1928	1929
1936	1935
1945	1944
1945	1994
1945	1995
1947	1946
1947	1950
1952	1951
1952	1968
1952	1969
1952	1990
1955	1954
1959	1958
1961	1960
1961	1962
1961	1963
1961	1964
1966	1965
1968	1967
1968	1970
1968	1976
1975	1974
1975	1981
1976	1977
1976	1978
1976	1979
1982	1983
1982	1984
1982	1985
1986	1987
1986	1989
1987	1988
1992	1991
1997	1996
2006	2005
2006	2021
2008	2007
2008	2009
2011	2010
2011	2177
2011	2178
2011	2249
2013	2012
2014	2013
2014	2387
2014	2397
2014	2417
2014	2424
2015	2014
2016	2015
2016	2274
2016	337
2016	2280
2016	3542
2016	3543
2016	3547
2016	3548
2018	2017
2018	2040
2020	2019
2020	2172
2021	2022
2027	2026
2027	2285
2027	2286
2027	2353
2027	2382
2027	2441
2027	2442
2027	2447
2027	2449
2027	2450
2027	2455
2027	2456
2027	2457
2029	2028
2028	2030
2028	2031
2031	2032
2031	2033
2035	2036
2035	2037
2037	2038
2037	2039
2042	2043
2042	2044
2048	2047
2048	2052
2048	2053
2048	2056
2048	2061
2048	2062
2048	2063
2049	2048
2049	2087
2050	2049
2050	2051
2050	2088
2051	2048
2053	2054
2053	2055
2056	2057
2056	2058
2056	2059
2056	2060
2063	2064
2066	2065
2067	2066
2067	2068
2067	2070
2072	2071
2072	2074
2072	2075
2072	2076
2072	2084
2073	2072
2078	2077
2078	2102
2078	2103
2078	2105
2078	2106
2077	2079
2077	2080
2077	2081
2077	2082
2077	2083
2086	2085
2086	2089
2086	2096
2086	2097
2086	2098
2086	2099
2086	2100
2087	2086
2087	2092
2087	2094
2088	2087
2091	2090
2091	2093
2092	2091
2092	2101
2094	2095
2103	2104
2108	2107
2110	2109
2113	2112
2113	2114
2113	2115
2113	2116
2113	2117
2119	2118
2123	2122
2123	2128
2122	2124
2122	2125
2122	2126
2122	2127
2130	2129
2130	2827
2132	2131
2132	2133
2132	2134
2138	2137
2140	2139
2140	2144
2140	2145
2140	2146
2140	2147
2140	2148
2140	2149
2140	2150
2140	2151
2141	2140
2141	2180
2142	2141
2142	2154
2142	2175
2142	2199
2142	2251
2142	2271
2142	2272
2143	2141
2153	2152
2153	2197
2153	2226
2154	2156
2154	2157
2154	2158
2154	2159
2154	2160
2154	2161
2154	2162
2154	2163
2154	2164
2155	2154
2155	2199
2166	2165
2166	2257
2167	2166
2169	2168
2169	2259
2171	2170
2172	2171
2174	2173
2174	2224
2174	2248
2175	2174
2175	2213
2176	2175
2180	2179
2180	2182
2180	2183
2180	2185
2180	2187
2180	2189
2180	2191
2180	2193
2180	2195
2180	2225
2179	2181
2183	2184
2185	2186
2187	2188
2189	2190
2191	2192
2193	2194
2195	2196
2199	2198
2199	2209
2199	2227
2199	2255
2198	2200
2198	2201
2198	2202
2198	2203
2198	2204
2198	2205
2198	2206
2198	2207
2209	2208
2209	2236
2211	2210
2211	2237
2213	2212
2213	2238
2212	2215
2212	2216
2212	2217
2212	2218
2212	2219
2212	2220
2212	2221
2212	2222
2212	2223
2214	2213
2227	2228
2227	2229
2227	2230
2227	2231
2227	2232
2227	2233
2227	2234
2227	2235
2238	2239
2238	2240
2238	2241
2238	2242
2238	2243
2238	2244
2238	2245
2238	2246
2238	2247
2252	2251
2253	2252
2253	2284
2257	2256
2259	2258
2261	2260
2261	3019
2261	3020
2262	2261
2263	2262
2266	2265
2266	2267
2266	2268
2266	2273
2270	2269
2276	2275
2276	2475
2276	2503
2276	2504
2277	2276
2277	2500
2277	2502
2278	2277
2278	2505
2282	2281
2289	2290
2289	2291
2289	2292
2294	2293
2294	2295
2297	2296
2297	2298
2297	2299
2301	2300
2301	2310
2301	2318
2300	2302
2300	2303
2300	2304
2300	2305
2308	2307
2313	2314
2313	2315
2322	2323
2327	2326
2345	2344
2345	2347
2345	2817
2345	2818
2345	2819
2345	2820
2345	2821
2345	2822
2346	2345
2346	2816
2346	3621
2349	2348
2349	2728
2349	2823
2349	2826
2351	2350
2351	2352
2370	2369
2382	2381
2382	2383
2383	2384
2385	2386
2387	2388
2387	2389
2387	2390
2387	2391
2387	2392
2387	2393
2387	2394
2387	2395
2387	2396
2397	2398
2397	2401
2397	2402
2397	2403
2397	2404
2397	2405
2397	2414
2397	2415
2397	2416
2398	2399
2398	2400
2405	2406
2405	2409
2405	2410
2405	2411
2405	2412
2405	2413
2406	2407
2406	2408
2417	2418
2417	2419
2417	2420
2417	2421
2417	2422
2417	2423
2424	2425
2424	2426
2428	2427
2428	2430
2428	2431
2428	2433
2429	2428
2431	2432
2435	2434
2435	2439
2437	2436
2437	2439
2439	2438
2439	2440
2445	2444
2445	2446
2449	2448
2452	2451
2452	2454
2453	2452
2453	2458
2458	2459
2458	2460
2462	2461
2472	2471
2474	2473
2477	2476
2477	3376
2477	3377
2479	2478
2479	2480
2479	2481
2483	2482
2484	2483
2484	2495
2484	2493
2484	2488
2486	2485
2486	2493
2486	2492
2485	2488
2487	2486
2487	2484
2490	2489
2490	2491
2493	2492
2493	2488
2495	2494
2500	2501
2507	2508
2509	2510
2509	2511
2516	2515
2524	2523
2524	2525
2524	3129
2524	3596
2532	2531
2532	2535
2532	2536
2532	2537
2532	2540
2531	2534
2533	2532
2533	2543
2533	2544
2537	2538
2537	2539
2543	2542
2544	2536
2548	2547
2551	2550
2552	2550
2554	2553
2554	2662
2557	2556
2557	2558
2557	2559
2561	2562
2561	2563
2561	2564
2566	2567
2566	2568
2571	2572
2571	2573
2571	2574
2586	2585
2586	2588
2586	2589
2586	2593
2586	2594
2585	2587
2589	2590
2589	2591
2589	2592
2598	2622
2598	2623
2598	2624
2598	2625
2599	2620
2599	2631
2602	2628
2606	2607
2606	2608
2606	2609
2606	2610
2606	2611
2606	2612
2606	2613
2606	2614
2619	2618
2619	2621
2619	2626
2619	3618
2628	2627
2630	2629
2643	2642
2643	2645
2643	2648
2644	2643
2644	3620
2647	2646
2647	3619
2652	2651
2654	2653
2656	2655
2656	2942
2657	2659
2658	2657
2664	2663
2664	2665
2664	2666
2664	3018
2664	3169
2670	2669
2670	2677
2670	2678
2670	2679
2670	2680
2670	2681
2670	2682
2670	2683
2670	2684
2670	2685
2670	2686
2670	2687
2670	2688
2669	2671
2671	2672
2671	2673
2673	2674
2675	2676
2690	2689
2689	2691
2689	2692
2689	2693
2689	2694
2689	2695
2689	2696
2689	2697
2689	2698
2689	2699
2689	2700
2689	2703
2689	2706
2689	2707
2689	2708
2689	2709
2689	2710
2700	2701
2700	2702
2703	2704
2703	2705
2715	2714
2717	2716
2717	2718
2717	2719
2717	2720
2717	2721
2717	2722
2717	2723
2717	2724
2717	2725
2717	2726
2730	2729
2730	2744
2730	2745
2730	2746
2730	2747
2730	2748
2730	2749
2730	2750
2730	2751
2730	2752
2730	2753
2730	2754
2730	2756
2730	2757
2730	2759
2730	2760
2730	2761
2730	2762
2730	2763
2730	2764
2730	2765
2730	2766
2730	2767
2730	2768
2730	2769
2730	2770
2730	2771
2730	2772
2730	2773
2729	2731
2729	2732
2729	2733
2729	2734
2729	2735
2729	2736
2737	2738
2737	2739
2737	2740
2737	2741
2737	2742
2742	2743
2754	2755
2757	2758
2774	2775
2774	2776
2774	2777
2774	2778
2774	2779
2774	2780
2774	2781
2774	2782
2774	2783
2774	2784
2774	2785
2774	2786
2774	2787
2774	2788
2774	2789
2774	2790
2774	2791
2774	2792
2774	2793
2774	2794
2774	2795
2774	2796
2797	2798
2800	2801
2804	2805
2804	2806
2811	2812
2811	2813
2823	2824
2826	2825
2830	2829
2830	2831
2833	2832
2833	2836
2833	2838
2833	2845
2833	2846
2833	2847
2833	2848
2833	2849
2833	2850
2833	2851
2833	2852
2833	2853
2833	2854
2833	2855
2833	2857
2833	2860
2833	2861
2833	2864
2833	2865
2833	2866
2833	2867
2833	2868
2833	2869
2833	2870
2833	2871
2833	2872
2833	2873
2833	2874
2833	2877
2833	2881
2833	2882
2833	2884
2833	2887
2833	2892
2833	2893
2833	2895
2833	2896
2833	2897
2833	2898
2833	2899
2833	2901
2833	2902
2833	2904
2833	2905
2833	2906
2833	2907
2833	2908
2833	2911
2833	2912
2833	2917
2833	2919
2833	2920
2833	2925
2833	2926
2833	2927
2833	2928
2833	2930
2833	2931
2833	2932
2833	2933
2833	2939
2834	2833
2834	2839
2834	2841
2834	2843
2834	2844
2834	2856
2834	2862
2834	2883
2834	2885
2834	2889
2834	2894
2834	2900
2834	2909
2834	2910
2834	2915
2834	2921
2834	2922
2834	2924
2834	2940
2834	2941
2835	2834
2835	2837
2835	2879
2835	2903
2835	2936
2841	2840
2841	2880
2841	2888
2841	2891
2843	2842
2843	2858
2843	2859
2843	2863
2843	2875
2843	2876
2843	2913
2843	2914
2843	2916
2843	2918
2843	2923
2843	2929
2843	2934
2879	2878
2887	2886
2889	2890
2935	2936
2938	2937
2938	2939
2938	2943
2947	2946
2949	2948
2949	2958
2949	2965
2948	2952
2950	2949
2950	2975
2951	2948
2951	2953
2951	2952
2958	2960
2959	2958
2959	2961
2959	2960
2965	2967
2966	2965
2966	2968
2966	2967
2972	2971
2972	2978
2974	2973
2974	2977
2974	2979
2975	2976
2981	2980
2981	2982
2981	3189
2984	2983
2986	2985
2988	2987
2990	2989
2990	2994
2989	2991
2989	2992
2992	2993
2994	2993
2994	3184
2994	3187
2996	2995
2996	2998
2996	2999
2997	2996
2997	3001
2997	3002
2997	3004
2997	3008
2997	3009
2997	3011
3001	3000
3001	3010
3004	3003
3004	3005
3007	3006
3008	3007
3013	3012
3013	3014
3013	3021
3013	3170
3016	3015
3017	2513
3023	3022
3023	3026
3025	3024
3026	3027
3026	3028
3030	3029
3030	3031
3030	3032
3034	3033
3034	3035
3034	3036
3040	3039
3039	3041
3039	3042
3039	3045
3039	3057
3042	3043
3042	3044
3045	3046
3045	3047
3045	3048
3045	3049
3045	3050
3045	3051
3045	3052
3045	3053
3045	3054
3045	3055
3045	3056
3057	3058
3057	3059
3064	3063
3064	3066
3064	3071
3067	3068
3070	3069
3070	3080
3073	3072
3074	3073
3074	3076
3076	3075
3076	3077
3078	3079
3085	3084
3085	3093
3088	3087
3092	3091
3093	3092
3095	3094
3097	3096
3097	3103
3097	3104
3097	3105
3097	3106
3098	3097
3100	3099
3100	3117
3100	3118
3102	3101
3102	3107
3102	3123
3110	3109
3112	3111
3111	3114
3113	3111
3113	3115
3122	3121
3122	3123
3126	3125
3126	3128
3127	3125
3131	3130
3133	3132
3132	3134
3132	3135
3138	3137
3138	2976
3142	3141
3142	3143
3142	3145
3142	3148
3145	3144
3144	3146
3146	3147
3152	3151
3152	3153
3152	3157
3152	3160
3152	3161
3155	3154
3155	3156
3159	3158
3165	3164
3165	3167
3166	3165
3166	3168
3172	3171
3172	3176
3172	3177
3172	3178
3172	3179
3172	3180
3172	3181
3172	3182
3172	3183
3172	3184
3172	3185
3172	3186
3172	3187
3172	3188
3171	3173
3171	3174
3171	3175
3190	3191
3195	3194
3195	3196
3198	3199
3199	3200
3202	3201
3202	3203
3207	3206
3219	3218
3223	3222
3224	3223
3224	3256
3224	3281
3224	3288
3224	3402
3226	3225
3226	3229
3226	3231
3226	3232
3226	3235
3226	3390
3225	3227
3229	3228
3231	3230
3231	3233
3231	3234
3236	3237
3236	3238
3242	3241
3242	3245
3242	3246
3241	3243
3241	3244
3248	3247
3248	3249
3248	3250
3252	3251
3252	3253
3259	3258
3259	3260
3262	3261
3262	3265
3262	3267
3262	3400
3267	3266
3270	3269
3270	3295
3269	3271
3271	3272
3271	3273
3274	3275
3274	3276
3274	3277
3279	3278
3279	3293
3279	3304
3284	3283
3283	368
3283	369
3286	3285
3286	3315
3287	3286
3287	3302
3287	3312
3287	3313
3291	3290
3291	3297
3291	3303
3293	3292
3293	3298
3295	3294
3295	3296
3306	3305
3306	3326
3306	3392
3306	3393
3306	3394
3308	3307
3310	3309
3312	3311
3315	3314
3317	3316
3321	3320
3321	3327
3321	3395
3321	3396
3323	3322
3325	3324
3329	3328
3330	3328
3332	3331
3334	3333
3335	3334
3336	3333
3338	3337
3338	459
3340	3339
3343	3342
3344	3342
3347	3346
3349	3348
3349	3355
3349	3356
3352	3351
3352	3353
3352	3354
3359	3358
3361	3360
3361	3363
3361	3364
3361	3365
3361	3399
3363	3362
3363	3366
3368	3367
3368	3370
3370	3369
3372	3371
3372	3374
3371	3373
3379	3378
3379	3381
3383	3382
3383	3385
3383	3386
3383	3387
3391	3390
3391	3399
3391	3400
3402	3401
3404	3403
3407	3406
3407	3414
3406	3408
3406	3409
3406	3410
3406	3411
3406	3412
3406	3413
3416	3415
3424	3423
3424	3627
3424	1193
3426	3425
3426	3628
3426	3629
3426	3630
3426	3631
3426	3632
3426	3633
3426	3634
3426	3635
3426	1192
3426	3431
3432	1202
3445	3432
3445	3433
3445	3434
3445	3435
3445	3436
3445	3437
3445	3438
3445	3439
3445	3440
3447	3446
3447	3448
3447	3449
3455	3454
3456	3454
3458	3459
3462	3461
3464	3463
3464	3465
3466	3467
3468	3469
3468	3470
3468	3471
3468	3472
3468	3473
3468	3474
3468	3475
3468	3476
3468	3477
3468	3478
3468	3479
3468	3480
3468	3481
3468	3482
3483	3484
3483	3485
3483	3486
3483	3487
3483	3488
3483	3489
3483	3490
3483	3491
3483	3492
3483	3493
3483	3494
3483	3495
3483	3496
3483	3497
3483	3498
3483	3499
3500	3501
3500	3502
3503	3504
3513	1823
3513	1824
3513	1825
3513	1826
3514	525
3514	526
3528	2714
3531	3302
3531	3313
3531	3312
3531	3286
3533	3534
3535	3536
3541	3497
3545	3544
3545	3546
3549	3550
3551	3552
3551	3550
3551	3553
3554	3555
3556	3553
3557	3552
3557	3550
3557	3553
3558	3552
3558	3550
3558	3553
3562	3563
3564	431
3566	3567
3566	3568
3566	3569
3570	3571
3570	3572
3570	3573
3570	3574
3570	3575
3577	3578
3577	3579
3580	3518
3580	3581
3580	3582
3580	3583
3580	3584
3580	3585
3580	3586
3580	473
3580	3587
3580	3588
3580	3589
3580	3590
3580	3591
3580	3592
3580	3593
3580	3594
3589	1831
3593	3029
3593	3031
3593	3032
3598	3597
3601	3602
3601	3603
3604	3605
3604	3606
3615	1961
3622	3623
3622	3624
3622	3625
3622	3626
3629	1336
3629	1569
3629	1580
3629	1594
3630	1581
3631	1343
3631	1585
3632	1350
3632	1590
3633	1360
3633	1573
3633	1575
3633	1597
