1	0
1	15
1	16
1	17
2	1
2	8
2	11
2	14
2	18
2	19
2	20
2	21
2	22
2	23
2	24
2	25
2	26
2	27
2	28
2	29
2	42
2	46
2	47
2	48
3	2
3	119
3	128
3	136
3	137
4	3
5	4
6	5
7	6
8	9
8	10
11	12
11	13
13	49
29	30
29	31
29	32
29	33
29	34
29	35
29	36
29	37
29	38
29	39
29	40
29	41
42	43
42	44
42	45
42	3514
42	3515
42	3516
42	3517
42	3518
43	3511
43	3512
43	3513
51	50
51	54
51	56
51	59
51	64
51	65
51	66
51	67
51	68
51	69
51	70
51	71
51	72
51	73
51	74
51	118
51	143
51	144
51	145
51	146
51	147
51	148
51	149
51	150
51	151
51	152
52	51
53	52
54	55
56	57
59	58
59	61
59	62
59	63
61	60
76	75
76	2677
76	2682
76	2718
76	2719
76	2720
78	77
78	2641
78	2642
80	79
80	1394
80	2646
80	3351
82	81
82	1374
82	2127
82	2643
82	2666
82	3347
84	83
84	2031
84	2032
84	2052
84	2053
84	2261
84	2361
84	2362
84	2363
84	2364
84	2365
84	2366
84	2367
84	2368
84	2369
84	2370
84	2371
84	2372
84	2373
84	2374
84	2375
84	2378
84	2379
84	2380
84	2381
84	2382
84	2383
84	2384
84	2385
84	2386
84	2387
84	2471
84	2472
84	2473
84	2474
84	2475
84	2476
85	84
85	2469
85	2470
87	86
87	1375
87	2644
87	2645
88	87
88	2128
88	2660
89	88
90	88
90	298
90	301
90	302
90	310
90	312
90	316
90	353
90	356
90	379
90	398
90	476
90	628
90	1389
90	1426
90	1434
90	1802
90	1837
90	1867
90	2282
90	2483
90	1797
90	2636
90	2635
90	2664
90	2996
90	3023
90	3122
90	3125
90	3232
90	3248
90	3254
90	3258
90	3260
90	3263
90	3265
90	3268
90	3274
90	3286
90	3293
90	3353
90	3363
90	3367
90	3374
90	3378
90	3381
90	2510
90	741
90	742
90	743
90	3385
90	3390
90	3404
90	291
90	3587
92	91
92	96
92	3324
94	93
94	99
94	3067
94	3071
94	3072
94	3074
94	3088
95	94
95	3077
95	3081
95	3085
95	3089
95	3090
96	95
96	1406
96	1445
98	97
99	98
99	3093
101	100
101	1892
101	1893
101	1894
101	1895
102	101
102	632
102	838
102	1800
102	1801
102	1804
102	1805
102	1817
102	1874
102	1886
102	1891
102	1896
102	1897
102	1956
102	1982
102	1995
102	3355
102	3617
102	3618
102	3619
102	3620
102	3621
104	103
105	104
105	1225
105	1550
105	1585
107	106
107	1186
107	1806
107	1808
107	1811
107	1813
107	2008
107	2009
107	2010
109	108
109	1185
109	1780
109	1807
109	1809
109	1812
109	1814
109	2002
109	2007
109	2011
111	110
112	111
112	1229
112	1233
112	1560
112	1586
112	1873
114	113
116	115
116	1761
116	1888
116	1980
116	1981
116	1991
117	116
117	1961
117	1999
121	120
121	289
121	491
121	1336
121	1989
121	2547
121	3203
121	3211
121	3217
121	3261
123	122
123	153
123	154
123	155
123	156
123	157
123	158
123	159
123	160
123	161
123	162
123	163
123	168
123	169
123	771
123	1503
123	1585
123	1586
123	1588
123	1590
123	1591
123	1594
123	1600
123	3463
123	3466
124	125
127	126
127	1080
127	1085
127	1093
127	1094
127	1077
127	1088
127	1109
127	1086
127	1087
127	1090
127	1091
127	1092
127	1110
127	1111
127	1100
127	1101
127	1119
128	129
128	130
128	131
128	132
128	133
128	134
128	135
139	138
139	170
139	267
139	288
139	289
139	408
139	458
139	492
139	499
139	589
139	655
139	1107
139	1547
139	2142
139	2295
139	2503
139	2555
139	2640
139	3139
139	3210
139	3245
139	3288
138	140
142	141
164	165
167	166
172	171
171	173
174	175
177	176
179	178
179	1618
179	1619
179	1620
179	1621
179	1622
179	1623
179	1624
179	1625
179	1626
179	1627
179	1628
179	1629
179	1630
179	1631
179	1632
179	1633
179	1634
179	1635
179	1636
179	1637
179	1638
179	1639
179	1640
179	1641
179	1642
179	1643
179	1644
179	1645
179	1646
179	1647
179	1648
179	1649
179	1650
179	1651
179	1652
179	1653
179	1654
179	1655
179	1656
179	1657
179	1658
179	1659
179	1660
179	1661
179	1662
179	1663
180	179
182	181
182	183
182	184
182	185
182	186
182	187
182	188
182	189
191	190
191	193
191	195
191	197
191	199
192	190
192	2443
192	2988
192	3134
192	3169
192	3196
192	3198
194	193
194	2137
194	2136
194	2356
194	2441
194	2444
194	3130
196	195
198	197
198	1368
198	2034
198	2442
198	2450
198	2460
198	2639
198	2647
198	2656
198	3155
198	3623
200	199
200	2377
200	3045
200	3068
200	3069
200	3156
202	201
202	1468
202	1909
202	1914
202	1916
202	1919
202	1923
202	1926
202	1927
202	1928
202	1933
202	1934
202	1941
202	1943
202	1946
202	1950
201	205
201	209
201	211
203	201
204	201
206	205
206	209
206	211
207	205
207	209
207	211
208	205
208	209
208	211
210	209
212	211
214	213
214	215
214	218
214	222
214	223
214	225
214	264
214	230
214	231
214	232
214	233
214	227
214	234
214	235
214	236
214	239
214	245
214	248
214	249
214	252
214	250
214	251
214	253
214	254
214	255
214	256
214	258
214	259
214	261
213	215
213	218
213	219
213	220
213	221
213	222
213	229
213	230
213	231
213	232
213	233
213	234
213	235
213	236
213	237
213	238
213	239
213	240
213	241
213	242
213	243
213	244
213	245
213	246
213	247
213	248
213	249
213	250
213	251
213	252
213	253
213	254
213	255
213	256
213	258
213	259
213	260
213	261
215	216
215	217
222	223
222	224
222	225
222	226
222	227
222	228
224	264
256	257
263	262
266	265
266	268
266	269
266	270
266	271
266	272
266	273
266	274
266	275
266	276
266	277
266	278
266	279
266	280
266	281
266	282
266	283
266	284
266	285
267	266
267	529
267	537
267	538
267	590
267	694
267	772
267	1223
267	1227
267	1292
267	1446
267	1476
267	1601
267	1602
267	1603
267	1604
267	1605
267	1606
267	1607
267	1608
267	1613
267	1614
267	1691
267	1715
267	1735
267	1953
267	2308
267	2313
267	2315
267	2316
267	2318
267	2319
267	2320
267	2323
267	2324
267	2326
267	2327
267	2328
267	2329
267	2331
267	2337
267	2338
267	2339
267	2340
267	2341
267	2342
267	2343
267	2344
267	2345
267	2347
267	2348
267	2349
267	2350
267	2524
267	3214
267	3216
267	3218
267	3219
267	3221
267	3222
267	3230
267	3472
287	286
287	352
287	376
287	434
287	460
287	1867
287	2030
287	340
287	2502
287	2525
287	2527
287	2638
287	2722
287	3160
287	3291
287	3293
287	3344
287	2526
287	3523
287	3524
287	3525
287	3526
287	3527
287	3528
287	3529
287	3530
287	3531
287	3532
287	3533
287	3534
287	3535
287	3536
287	3537
287	3538
287	291
287	3571
291	290
291	297
290	292
290	293
293	294
293	298
294	295
294	301
297	296
297	293
297	302
299	298
298	295
300	299
300	301
300	302
300	349
300	350
300	351
300	352
300	353
300	355
300	356
300	357
300	367
300	368
300	372
300	373
300	375
300	376
300	377
300	378
300	379
300	381
300	382
300	398
300	1200
300	1379
300	1389
300	1472
300	1792
300	1802
300	1867
300	360
300	361
300	1957
300	1797
300	2636
300	3246
300	3269
300	3270
300	3286
300	3290
300	3295
300	3305
300	3306
300	3307
300	3349
300	3353
300	3356
300	3390
300	3424
300	3425
300	3427
300	3430
303	302
303	526
303	1313
303	1687
303	293
303	3520
303	3521
303	3522
302	294
305	304
305	306
308	307
308	1475
308	2281
308	2286
308	2287
308	2835
308	3096
308	3115
310	309
310	312
310	316
309	312
309	316
311	310
311	1470
311	1479
311	1480
311	1482
311	1481
311	1478
311	1951
311	1956
311	2560
312	313
312	314
312	315
316	317
319	318
319	334
321	320
321	326
322	321
322	330
322	331
322	336
323	321
323	327
323	330
323	331
325	324
329	328
329	335
329	835
329	1971
329	2304
333	332
333	662
338	337
338	404
338	1388
338	1468
338	2022
338	2025
338	2095
338	339
338	2655
338	3276
338	2526
338	3553
337	339
337	340
342	341
344	343
344	2271
344	3566
346	345
346	347
346	348
346	1273
346	1276
346	1285
346	1286
346	1299
346	1339
346	1340
346	1359
346	1360
346	1376
346	1377
346	1378
346	1380
346	1382
346	1383
346	2951
346	3044
346	3426
346	3450
346	3550
346	3552
346	3567
353	354
357	358
357	359
357	362
357	363
357	364
357	365
359	360
359	361
367	366
367	1868
367	1957
367	2551
367	3269
367	3403
368	369
369	370
369	371
373	374
377	294
379	380
383	384
386	385
386	384
388	387
388	1212
388	2561
388	2961
388	2964
388	2971
388	3142
388	3423
390	389
390	1213
390	2962
390	2969
390	2976
390	3145
392	391
392	773
392	784
392	1214
392	1900
392	1901
392	1902
392	1909
392	1914
392	1916
392	1919
392	1923
392	1926
392	1927
392	1928
392	1933
392	1934
392	1941
392	1946
392	1950
392	2528
392	2963
392	2970
392	2977
392	3146
394	393
394	401
394	402
395	396
398	397
398	1963
398	1965
400	399
404	403
404	407
404	412
405	403
407	406
407	410
407	411
407	413
408	409
415	414
415	416
415	417
415	423
415	424
419	418
419	3572
420	418
420	421
420	422
426	425
426	2485
425	427
425	428
425	429
431	430
433	432
433	435
433	436
433	437
433	438
433	439
433	440
433	441
433	442
433	457
433	444
433	445
433	446
433	447
433	448
433	449
433	450
433	451
433	452
433	453
434	433
434	443
443	444
443	445
443	446
443	447
443	448
443	449
443	450
443	451
443	452
443	453
455	454
456	454
458	459
460	461
463	462
463	464
465	466
468	467
470	469
471	472
471	473
475	474
475	483
476	475
476	477
476	478
476	479
476	480
476	481
476	482
476	1815
476	1816
476	1837
476	1839
476	1840
476	2552
476	3037
476	3386
476	291
482	483
485	484
486	485
486	489
488	487
488	490
494	493
496	495
498	497
498	686
499	500
502	501
502	504
502	505
502	507
502	534
502	535
502	536
503	502
503	501
503	504
503	505
507	506
507	520
507	522
507	523
507	524
507	525
507	531
507	533
506	508
506	510
506	511
506	512
506	513
506	514
506	515
506	516
506	517
506	518
506	519
508	509
520	521
526	527
526	528
531	530
531	532
539	540
540	541
540	542
540	543
545	544
544	547
544	548
546	544
546	1242
548	549
548	579
548	583
548	584
548	585
549	550
549	551
549	552
549	553
549	570
549	571
553	554
553	557
553	558
553	559
554	555
554	556
559	560
559	561
559	562
559	563
559	564
559	565
559	569
565	566
565	567
565	568
571	572
571	573
571	574
571	575
575	576
575	577
575	578
579	580
579	581
579	582
587	586
587	588
590	591
593	592
595	594
594	596
594	597
599	598
599	600
599	641
599	1508
599	1515
602	601
603	602
603	613
603	614
604	603
604	611
604	615
604	616
604	617
605	604
605	621
605	650
606	605
606	612
606	665
606	680
607	606
607	618
607	619
607	622
607	623
607	624
607	625
607	658
607	683
607	688
609	608
610	609
610	620
610	2257
610	2667
610	3411
627	626
627	1417
627	2512
627	2513
627	2515
627	2518
627	2519
627	2520
628	627
628	2285
628	2282
628	3024
629	628
629	1416
629	1435
629	1479
629	1480
629	1482
629	1481
629	1478
629	1484
629	2481
629	2522
629	2533
629	2534
629	2535
629	2536
629	3227
629	3624
630	627
630	2483
630	739
630	2516
630	3232
630	3248
630	3258
630	3260
630	3263
630	3265
630	3268
630	3274
630	3293
630	3363
630	3367
630	3374
630	3378
630	3381
630	2510
630	741
630	742
630	743
630	3385
630	2517
630	3404
632	631
632	633
632	1841
632	1844
632	1887
632	1896
632	1898
632	1899
635	634
636	634
636	640
636	646
638	637
638	639
643	642
643	644
643	645
643	648
647	646
649	648
650	651
651	652
652	653
653	654
657	656
657	659
661	660
664	663
664	673
663	666
665	664
665	668
665	675
665	679
666	667
668	669
668	672
669	670
669	671
673	674
675	676
675	677
675	678
682	681
685	684
685	1853
685	1855
685	1856
685	1857
685	1858
685	1859
685	1964
688	687
688	689
688	690
688	691
693	692
693	695
694	693
694	1424
694	2273
694	3168
694	3220
695	696
698	697
698	721
698	722
698	727
698	731
698	738
698	739
698	744
698	745
698	746
698	747
697	701
697	702
697	707
699	698
699	765
700	699
700	701
700	703
700	705
700	706
700	1305
700	766
700	1710
700	738
700	745
700	2952
702	703
702	704
702	705
702	706
707	708
710	709
710	1189
712	711
712	2143
712	2294
713	712
713	711
713	1277
713	540
713	1307
713	1447
713	3215
715	714
715	1308
715	2346
715	2523
714	716
716	717
719	718
718	720
722	723
722	724
724	725
724	726
727	728
728	729
728	730
731	732
731	736
731	737
732	733
732	735
733	734
739	740
739	741
741	742
741	743
749	748
749	750
752	751
754	753
756	755
756	1310
755	758
757	756
757	1309
757	1578
757	3204
760	759
760	762
760	763
760	764
761	760
761	762
765	766
765	767
765	768
765	769
765	770
773	774
773	779
774	775
774	776
774	777
774	778
779	780
779	781
781	782
781	783
786	785
786	788
786	792
786	795
786	796
786	797
786	828
786	829
786	830
786	831
786	832
787	786
787	790
787	840
787	845
790	789
790	791
790	793
790	794
799	798
799	809
799	816
799	818
799	819
800	799
800	802
802	801
802	814
802	815
802	817
802	820
802	823
804	803
805	804
805	811
807	806
808	807
808	813
811	810
813	812
821	808
821	822
821	800
821	827
822	824
822	825
822	826
834	833
835	834
837	836
837	839
838	837
840	841
840	842
840	843
840	844
845	846
845	847
845	848
845	849
845	850
845	851
845	852
845	853
845	854
845	855
845	856
845	857
845	858
845	859
861	860
861	863
861	864
861	867
861	868
861	869
862	861
862	866
862	927
862	872
866	865
871	870
871	873
871	876
871	877
871	879
872	871
872	875
872	924
872	929
872	930
872	931
872	932
872	933
872	934
872	935
872	941
872	942
872	943
875	874
875	878
881	880
881	895
882	881
882	884
882	912
882	915
884	883
884	893
884	894
884	896
886	885
887	886
887	892
887	906
887	908
889	888
890	889
890	899
890	910
890	920
892	891
898	897
899	898
899	901
899	902
899	904
901	900
902	903
904	905
906	907
908	909
910	911
912	913
912	914
915	916
915	917
915	918
915	919
922	921
922	923
924	925
924	926
927	928
935	936
935	937
935	938
935	939
935	940
945	944
945	949
945	953
944	946
944	947
944	948
949	950
949	951
953	952
953	954
953	955
953	956
958	957
958	962
958	966
957	959
957	960
957	961
962	963
962	964
966	965
966	967
966	968
966	969
971	970
971	985
971	1052
971	1054
971	1056
971	1058
971	1059
971	1062
973	972
973	977
973	978
973	979
973	980
974	973
974	982
974	986
974	992
976	975
982	981
982	983
984	974
984	997
984	1019
984	1038
984	1044
984	1047
984	1049
984	1050
984	1051
984	1053
984	1055
984	1057
984	1060
984	1061
986	987
986	988
986	989
986	990
986	991
992	993
992	994
992	995
992	996
997	998
997	1006
997	1014
997	1016
998	999
998	1000
998	1005
1000	1001
1000	1002
1000	1003
1000	1004
1006	1007
1006	1008
1006	1012
1008	1009
1008	1010
1008	1011
1014	1013
1014	1017
1016	1015
1016	1018
1019	1020
1019	1025
1019	1030
1019	1035
1020	1021
1020	1022
1020	1023
1020	1024
1025	1026
1025	1027
1025	1028
1030	1029
1030	1031
1030	1032
1030	1033
1035	1034
1035	1036
1035	1037
1038	1039
1038	1042
1041	1040
1041	1043
1044	1045
1044	1046
1049	1048
1064	1063
1066	1065
1068	1067
1068	1069
1068	1070
1068	1072
1067	1071
1067	1073
1067	1074
1076	1075
1076	1079
1076	1078
1075	1077
1075	1079
1077	1078
1079	1080
1080	1081
1080	1082
1083	1079
1084	1080
1084	1077
1084	1081
1084	1088
1084	1109
1084	1086
1084	1087
1084	1090
1084	1091
1084	1092
1084	1110
1084	1100
1084	1119
1084	1122
1085	1086
1085	1087
1085	1088
1085	1090
1085	1091
1085	1092
1088	1089
1096	1095
1096	1097
1098	1099
1098	1101
1099	1100
1103	1102
1103	1104
1105	1077
1105	1122
1107	1106
1108	1088
1108	1109
1108	1086
1108	1087
1108	1090
1108	1091
1108	1092
1113	1112
1113	1114
1114	1115
1114	1116
1114	1117
1119	1118
1121	1120
1124	1123
1124	1128
1123	1126
1123	1127
1125	1124
1130	1129
1130	1141
1131	1130
1131	1142
1132	1131
1134	1133
1134	1149
1134	1182
1135	1134
1137	1136
1137	1165
1138	1137
1140	1139
1140	1170
1144	1143
1144	1180
1145	1144
1145	1148
1145	1181
1146	1145
1147	1144
1151	1150
1151	1154
1151	1155
1151	1156
1151	1163
1151	1164
1152	1151
1154	1153
1154	1157
1154	1158
1154	1159
1154	1160
1154	1161
1154	1162
1165	1166
1165	1167
1165	1168
1170	1169
1170	1171
1171	1172
1171	1173
1172	1174
1172	1177
1173	1175
1173	1176
1179	1178
1184	1183
1184	1397
1184	1418
1184	1432
1184	1436
1184	1866
1184	2118
1184	3199
1184	3223
1184	3226
1184	3394
1188	1187
1188	1197
1188	1202
1191	1190
1191	1193
1191	1192
1190	1192
1190	1193
1195	1194
1195	1197
1195	1206
1196	1194
1196	1211
1198	1195
1198	1207
1198	1210
1198	3428
1198	3447
1198	3449
1198	3451
1198	3433
1198	3434
1198	3435
1198	3436
1198	3437
1199	1198
1199	1344
1199	1350
1199	1357
1199	1367
1199	1584
1199	1744
1199	1745
1199	1572
1199	3449
1199	3602
1199	3635
1199	3636
1199	3637
1199	3638
1199	3639
1199	3640
1199	3641
1199	3642
1199	3437
1200	1199
1200	1692
1200	3432
1202	1201
1203	1204
1203	1205
1209	1208
1210	1209
1210	1582
1210	1583
1210	1587
1210	1592
1210	1599
1210	1576
1210	3438
1210	3439
1210	3440
1210	3441
1210	3442
1210	3443
1210	3444
1210	3445
1210	3446
1210	3448
1216	1215
1216	1217
1218	1217
1220	1219
1220	1221
1220	1222
1220	1226
1225	1224
1227	1228
1229	1230
1229	1231
1229	1232
1233	1234
1236	1235
1235	1237
1235	1240
1237	1238
1237	1239
1241	548
1241	1243
1241	1249
1241	1329
1241	1331
1241	1347
1241	1355
1242	1241
1242	1328
1242	1338
1243	549
1243	1244
1243	1245
1243	1248
1243	1257
1243	1261
1243	1269
1244	550
1245	553
1245	1246
1245	1251
1245	1258
1246	559
1246	1247
1246	1252
1246	1254
1246	1260
1246	1266
1246	1268
1246	1287
1247	560
1248	571
1248	1250
1248	1256
1248	1259
1248	1263
1249	1248
1249	1250
1249	1345
1249	583
1250	572
1251	554
1251	1255
1251	1262
1251	1290
1252	565
1252	1253
1252	1265
1252	1267
1253	566
1254	561
1255	557
1256	573
1257	551
1258	558
1259	574
1260	562
1261	552
1262	555
1263	575
1263	1264
1263	1288
1263	1289
1264	576
1265	567
1266	563
1267	568
1268	564
1269	570
1271	1270
1272	1271
1272	1565
1272	1566
1272	1567
1272	3606
1275	1274
1277	540
1277	1284
1277	1341
1278	1277
1279	1277
1280	1277
1280	1590
1280	1764
1281	1277
1281	1591
1281	1765
1282	1277
1282	540
1282	2332
1282	2333
1282	2335
1282	2336
1282	3325
1282	3395
1283	541
1284	1283
1284	542
1287	569
1288	577
1289	578
1290	556
1292	1291
1292	1293
1292	1294
1296	1295
1298	1297
1298	2030
1298	2048
1298	2076
1301	1300
1303	1302
1303	1306
1303	1314
1303	1315
1303	1325
1304	1303
1304	1305
1304	1307
1304	1328
1304	1363
1305	1302
1307	1306
1307	1341
1312	1311
1315	1316
1315	1317
1317	1318
1317	1322
1317	1323
1317	1324
1318	1319
1318	1320
1318	1321
1327	1326
1328	1315
1328	1329
1328	1337
1329	1317
1329	1330
1329	1345
1329	1346
1329	1354
1330	1318
1330	1332
1330	1334
1330	1361
1331	1330
1331	1333
1331	1335
1331	1362
1331	579
1332	1319
1333	1332
1333	580
1334	1320
1335	1334
1335	581
1337	1316
1338	1337
1338	547
1341	1314
1343	1342
1343	1348
1343	1351
1343	1352
1343	1353
1343	1842
1343	2670
1343	3568
1343	3583
1343	3643
1344	1342
1344	1571
1344	1582
1344	1596
1345	1322
1346	1324
1347	1346
1347	585
1350	1349
1350	1587
1354	1323
1355	1354
1355	584
1357	1356
1357	1592
1359	1358
1359	1594
1361	1321
1362	1361
1362	582
1363	1325
1364	1363
1364	1598
1365	1364
1367	1366
1367	1575
1367	1577
1367	1599
1370	1369
1370	2806
1370	2807
1370	2809
1370	2810
1370	2811
1370	2814
1370	2815
1370	2816
1370	2817
1371	1370
1371	2737
1371	2744
1371	2781
1371	2804
1371	2818
1372	1371
1372	2724
1372	2734
1372	2821
1372	2822
1373	1372
1381	228
1381	234
1385	1384
1385	1392
1385	2290
1385	2592
1385	2601
1385	2602
1385	2603
1385	2604
1385	2605
1385	2606
1385	2607
1385	2608
1385	2609
1386	1385
1386	2610
1386	2611
1386	2612
1386	2621
1386	2622
1386	2623
1387	1386
1387	1474
1387	2021
1387	2663
1387	3091
1387	3097
1387	3100
1388	1387
1388	1389
1388	2022
1388	2030
1388	2664
1388	3004
1388	3092
1389	1386
1391	1390
1391	2041
1391	2581
1391	2582
1391	2583
1391	2584
1391	2585
1391	2586
1391	2587
1391	2588
1391	2589
1392	1391
1392	1393
1392	2566
1392	2567
1392	2571
1392	2572
1392	2575
1392	2576
1392	2577
1392	2590
1396	1395
1399	1398
1399	1402
1401	1400
1401	1403
1405	1404
1405	1413
1405	1414
1405	1415
1406	1405
1406	1408
1406	1411
1408	1407
1408	1412
1410	1409
1411	1410
1417	1416
1417	1435
1420	1419
1421	1420
1421	1438
1421	1439
1421	2504
1421	2505
1423	1422
1423	1441
1423	1450
1424	1423
1424	1444
1424	1449
1424	1454
1424	1455
1424	1456
1424	1464
1426	1425
1428	1427
1428	1429
1431	1430
1434	1433
1434	1442
1438	1437
1439	1437
1439	1440
1444	1443
1449	1448
1449	1451
1449	1453
1451	1452
1456	1457
1456	1463
1457	1458
1457	1459
1457	1460
1457	1461
1461	1462
1466	1465
1466	2532
1467	1466
1469	1468
1469	2526
1471	1470
1471	2675
1472	1471
1472	2673
1472	2674
1472	3119
1472	3120
1472	3125
1473	1470
1478	1477
1478	1483
1478	1485
1479	1478
1480	1478
1481	1478
1482	1481
1487	1486
1487	1491
1487	1490
1487	1519
1487	1513
1487	1536
1487	1488
1487	1489
1487	1520
1487	1544
1487	1550
1487	1554
1487	1555
1486	1488
1486	1489
1491	1490
1491	1509
1492	1491
1492	1519
1492	1513
1492	1520
1494	1493
1494	1500
1494	1507
1494	1536
1495	1494
1495	1497
1496	1493
1496	1507
1497	1496
1497	1501
1499	1498
1499	1557
1501	1500
1501	1536
1502	1501
1503	1505
1503	1506
1504	1503
1511	1510
1510	1513
1512	1510
1512	1515
1513	1514
1513	1515
1515	1516
1516	1517
1517	1518
1519	1520
1520	1521
1520	1524
1520	1525
1520	1533
1520	1534
1521	1522
1521	1523
1525	1526
1525	1529
1525	1531
1526	1527
1526	1528
1529	1530
1531	1532
1535	1515
1535	3126
1536	1537
1539	1538
1540	1520
1540	1541
1540	1542
1540	1528
1541	1525
1541	1534
1542	1534
1543	1542
1546	1545
1546	1516
1548	1505
1548	1551
1548	1552
1548	1553
1548	1506
1548	3604
1549	1505
1549	1506
1549	3604
1556	1555
1559	1558
1559	1562
1560	1559
1561	1558
1561	1588
1561	1810
1564	1563
1568	579
1570	1569
1570	1595
1572	1571
1572	1589
1572	1596
1572	1744
1572	1745
1572	3429
1572	3431
1572	3433
1572	3434
1572	3435
1572	3436
1572	3437
1572	1210
1574	1573
1574	1581
1576	1575
1576	1577
1580	1579
1581	1580
1584	1583
1594	1593
1597	1598
1609	1610
1612	1611
1616	1615
1616	1617
1659	1664
1666	1665
1666	1667
1666	1686
1669	1668
1669	1670
1669	1706
1672	1671
1672	1675
1672	1681
1673	1672
1673	1679
1675	1674
1675	1680
1676	1674
1676	1684
1677	1674
1677	1685
1679	1678
1683	1682
1683	1703
1685	1684
1685	1692
1689	1688
1691	1690
1691	1752
1694	1693
1695	1694
1695	1719
1695	1738
1697	1696
1697	1698
1697	1699
1701	1700
1701	1704
1702	1701
1702	1705
1705	1704
1705	1707
1709	1708
1709	1730
1709	1732
1709	1733
1709	1734
1709	1739
1709	1740
1709	1748
1709	3607
1710	731
1710	1711
1710	1720
1711	732
1712	1711
1712	1720
1714	1713
1714	1722
1714	1731
1714	1724
1714	1725
1714	1749
1716	1717
1716	1718
1720	733
1720	736
1722	1721
1721	1723
1721	1728
1721	1729
1723	1724
1723	1725
1723	1726
1723	1727
1737	1736
1742	1741
1742	1743
1747	1746
1747	1750
1747	1751
1754	1753
1756	1755
1758	1757
1760	1759
1760	3456
1760	3457
1760	3458
1760	3459
1761	1762
1761	1763
1767	1766
1767	1768
1767	1769
1767	1770
1767	1773
1772	1771
1775	1774
1776	1775
1776	1777
1776	1778
1776	1779
1782	1781
1782	1785
1782	1786
1782	1788
1782	1836
1784	1783
1784	1787
1784	1834
1784	1835
1784	3543
1784	3544
1784	3545
1784	3546
1790	1789
1790	1797
1789	1792
1789	1793
1789	1794
1791	1789
1792	1798
1792	1799
1794	1795
1794	1796
1801	1800
1801	1803
1801	1804
1801	1805
1819	1818
1818	1820
1818	1821
1821	1822
1824	1823
1823	1825
1825	1826
1826	1827
1829	1828
1829	3519
1828	1830
1828	1831
1828	1832
1828	1833
1837	1838
1844	1843
1846	1845
1846	1847
1846	1849
1846	1851
1846	1852
1849	1848
1849	1850
1854	1853
1854	1856
1854	1858
1854	1859
1861	1860
1862	1861
1864	1863
1864	1880
1864	1881
1865	1864
1865	1882
1865	1884
1868	360
1868	361
1870	1869
1870	1871
1870	1872
1875	1876
1875	1877
1875	3614
1875	3615
1875	3616
1879	1878
1884	1883
1886	1885
1890	1889
1897	1896
1904	1903
1904	1911
1904	1917
1904	1920
1904	1924
1904	1930
1904	1938
1904	1947
1906	1905
1906	1912
1906	1921
1906	1929
1906	1931
1906	1939
1906	1948
1908	1907
1908	1913
1908	1915
1908	1918
1908	1922
1908	1925
1908	1932
1908	1940
1908	1942
1908	1945
1908	1949
1910	1909
1910	1914
1910	1916
1910	1919
1910	1923
1910	1926
1910	1927
1910	1928
1910	1933
1910	1934
1910	1941
1910	1943
1910	1946
1910	1950
1936	1935
1936	1937
1944	1943
1953	1952
1953	2003
1953	2004
1955	1954
1955	1958
1960	1959
1960	1977
1960	1978
1960	1999
1963	1962
1967	1966
1969	1968
1969	1970
1969	1972
1969	1973
1975	1974
1977	1976
1977	1979
1977	1985
1984	1983
1984	1990
1985	1986
1985	1987
1985	1988
1991	1992
1991	1993
1991	1994
1995	1996
1995	1998
1996	1997
2001	2000
2006	2005
2013	2012
2013	2028
2015	2014
2015	2016
2018	2017
2018	2184
2018	2185
2018	2256
2020	2019
2021	2020
2021	2394
2021	2404
2021	2424
2021	2431
2022	2021
2023	2022
2023	2281
2023	339
2023	2287
2023	3548
2023	3549
2023	3553
2023	3554
2025	2024
2025	2047
2027	2026
2027	2179
2028	2029
2034	2033
2034	2292
2034	2293
2034	2360
2034	2389
2034	2448
2034	2449
2034	2454
2034	2456
2034	2457
2034	2462
2034	2463
2034	2464
2036	2035
2035	2037
2035	2038
2038	2039
2038	2040
2042	2043
2042	2044
2044	2045
2044	2046
2049	2050
2049	2051
2055	2054
2055	2059
2055	2060
2055	2063
2055	2068
2055	2069
2055	2070
2056	2055
2056	2094
2057	2056
2057	2058
2057	2095
2058	2055
2060	2061
2060	2062
2063	2064
2063	2065
2063	2066
2063	2067
2070	2071
2073	2072
2074	2073
2074	2075
2074	2077
2079	2078
2079	2081
2079	2082
2079	2083
2079	2091
2080	2079
2085	2084
2085	2109
2085	2110
2085	2112
2085	2113
2084	2086
2084	2087
2084	2088
2084	2089
2084	2090
2093	2092
2093	2096
2093	2103
2093	2104
2093	2105
2093	2106
2093	2107
2094	2093
2094	2099
2094	2101
2095	2094
2098	2097
2098	2100
2099	2098
2099	2108
2101	2102
2110	2111
2115	2114
2117	2116
2120	2119
2120	2121
2120	2122
2120	2123
2120	2124
2126	2125
2130	2129
2130	2135
2129	2131
2129	2132
2129	2133
2129	2134
2137	2136
2137	2834
2139	2138
2139	2140
2139	2141
2145	2144
2147	2146
2147	2151
2147	2152
2147	2153
2147	2154
2147	2155
2147	2156
2147	2157
2147	2158
2148	2147
2148	2187
2149	2148
2149	2161
2149	2182
2149	2206
2149	2258
2149	2278
2149	2279
2150	2148
2160	2159
2160	2204
2160	2233
2161	2163
2161	2164
2161	2165
2161	2166
2161	2167
2161	2168
2161	2169
2161	2170
2161	2171
2162	2161
2162	2206
2173	2172
2173	2264
2174	2173
2176	2175
2176	2266
2178	2177
2179	2178
2181	2180
2181	2231
2181	2255
2182	2181
2182	2220
2183	2182
2187	2186
2187	2189
2187	2190
2187	2192
2187	2194
2187	2196
2187	2198
2187	2200
2187	2202
2187	2232
2186	2188
2190	2191
2192	2193
2194	2195
2196	2197
2198	2199
2200	2201
2202	2203
2206	2205
2206	2216
2206	2234
2206	2262
2205	2207
2205	2208
2205	2209
2205	2210
2205	2211
2205	2212
2205	2213
2205	2214
2216	2215
2216	2243
2218	2217
2218	2244
2220	2219
2220	2245
2219	2222
2219	2223
2219	2224
2219	2225
2219	2226
2219	2227
2219	2228
2219	2229
2219	2230
2221	2220
2234	2235
2234	2236
2234	2237
2234	2238
2234	2239
2234	2240
2234	2241
2234	2242
2245	2246
2245	2247
2245	2248
2245	2249
2245	2250
2245	2251
2245	2252
2245	2253
2245	2254
2259	2258
2260	2259
2260	2291
2264	2263
2266	2265
2268	2267
2268	3026
2268	3027
2269	2268
2270	2269
2273	2272
2273	2274
2273	2275
2273	2280
2277	2276
2283	2282
2283	2481
2283	2509
2283	2510
2284	2283
2284	2506
2284	2508
2285	2284
2285	2511
2289	2288
2296	2297
2296	2298
2296	2299
2301	2300
2301	2302
2304	2303
2304	2305
2304	2306
2308	2307
2308	2317
2308	2325
2307	2309
2307	2310
2307	2311
2307	2312
2315	2314
2320	2321
2320	2322
2329	2330
2334	2333
2352	2351
2352	2354
2352	2824
2352	2825
2352	2826
2352	2827
2352	2828
2352	2829
2353	2352
2353	2823
2353	3628
2356	2355
2356	2735
2356	2830
2356	2833
2358	2357
2358	2359
2377	2376
2389	2388
2389	2390
2390	2391
2392	2393
2394	2395
2394	2396
2394	2397
2394	2398
2394	2399
2394	2400
2394	2401
2394	2402
2394	2403
2404	2405
2404	2408
2404	2409
2404	2410
2404	2411
2404	2412
2404	2421
2404	2422
2404	2423
2405	2406
2405	2407
2412	2413
2412	2416
2412	2417
2412	2418
2412	2419
2412	2420
2413	2414
2413	2415
2424	2425
2424	2426
2424	2427
2424	2428
2424	2429
2424	2430
2431	2432
2431	2433
2435	2434
2435	2437
2435	2438
2435	2440
2436	2435
2438	2439
2442	2441
2442	2446
2444	2443
2444	2446
2446	2445
2446	2447
2452	2451
2452	2453
2456	2455
2459	2458
2459	2461
2460	2459
2460	2465
2465	2466
2465	2467
2469	2468
2478	2477
2480	2479
2483	2482
2483	3382
2483	3383
2485	2484
2485	2486
2485	2487
2489	2488
2490	2489
2490	2501
2490	2499
2490	2494
2492	2491
2492	2499
2492	2498
2491	2494
2493	2492
2493	2490
2496	2495
2496	2497
2499	2498
2499	2494
2501	2500
2506	2507
2513	2514
2515	2516
2515	2517
2522	2521
2530	2529
2530	2531
2530	3135
2530	3603
2538	2537
2538	2541
2538	2542
2538	2543
2538	2546
2537	2540
2539	2538
2539	2549
2539	2550
2543	2544
2543	2545
2549	2548
2550	2542
2554	2553
2557	2556
2558	2556
2560	2559
2560	2668
2563	2562
2563	2564
2563	2565
2567	2568
2567	2569
2567	2570
2572	2573
2572	2574
2577	2578
2577	2579
2577	2580
2592	2591
2592	2594
2592	2595
2592	2599
2592	2600
2591	2593
2595	2596
2595	2597
2595	2598
2604	2628
2604	2629
2604	2630
2604	2631
2605	2626
2605	2637
2608	2634
2612	2613
2612	2614
2612	2615
2612	2616
2612	2617
2612	2618
2612	2619
2612	2620
2625	2624
2625	2627
2625	2632
2625	3625
2634	2633
2636	2635
2649	2648
2649	2651
2649	2654
2650	2649
2650	3627
2653	2652
2653	3626
2658	2657
2660	2659
2662	2661
2662	2949
2663	2665
2664	2663
2670	2669
2670	2671
2670	2672
2670	3025
2670	3175
2677	2676
2677	2684
2677	2685
2677	2686
2677	2687
2677	2688
2677	2689
2677	2690
2677	2691
2677	2692
2677	2693
2677	2694
2677	2695
2676	2678
2678	2679
2678	2680
2680	2681
2682	2683
2697	2696
2696	2698
2696	2699
2696	2700
2696	2701
2696	2702
2696	2703
2696	2704
2696	2705
2696	2706
2696	2707
2696	2710
2696	2713
2696	2714
2696	2715
2696	2716
2696	2717
2707	2708
2707	2709
2710	2711
2710	2712
2722	2721
2724	2723
2724	2725
2724	2726
2724	2727
2724	2728
2724	2729
2724	2730
2724	2731
2724	2732
2724	2733
2737	2736
2737	2751
2737	2752
2737	2753
2737	2754
2737	2755
2737	2756
2737	2757
2737	2758
2737	2759
2737	2760
2737	2761
2737	2763
2737	2764
2737	2766
2737	2767
2737	2768
2737	2769
2737	2770
2737	2771
2737	2772
2737	2773
2737	2774
2737	2775
2737	2776
2737	2777
2737	2778
2737	2779
2737	2780
2736	2738
2736	2739
2736	2740
2736	2741
2736	2742
2736	2743
2744	2745
2744	2746
2744	2747
2744	2748
2744	2749
2749	2750
2761	2762
2764	2765
2781	2782
2781	2783
2781	2784
2781	2785
2781	2786
2781	2787
2781	2788
2781	2789
2781	2790
2781	2791
2781	2792
2781	2793
2781	2794
2781	2795
2781	2796
2781	2797
2781	2798
2781	2799
2781	2800
2781	2801
2781	2802
2781	2803
2804	2805
2807	2808
2811	2812
2811	2813
2818	2819
2818	2820
2830	2831
2833	2832
2837	2836
2837	2838
2840	2839
2840	2843
2840	2845
2840	2852
2840	2853
2840	2854
2840	2855
2840	2856
2840	2857
2840	2858
2840	2859
2840	2860
2840	2861
2840	2862
2840	2864
2840	2867
2840	2868
2840	2871
2840	2872
2840	2873
2840	2874
2840	2875
2840	2876
2840	2877
2840	2878
2840	2879
2840	2880
2840	2881
2840	2884
2840	2888
2840	2889
2840	2891
2840	2894
2840	2899
2840	2900
2840	2902
2840	2903
2840	2904
2840	2905
2840	2906
2840	2908
2840	2909
2840	2911
2840	2912
2840	2913
2840	2914
2840	2915
2840	2918
2840	2919
2840	2924
2840	2926
2840	2927
2840	2932
2840	2933
2840	2934
2840	2935
2840	2937
2840	2938
2840	2939
2840	2940
2840	2946
2841	2840
2841	2846
2841	2848
2841	2850
2841	2851
2841	2863
2841	2869
2841	2890
2841	2892
2841	2896
2841	2901
2841	2907
2841	2916
2841	2917
2841	2922
2841	2928
2841	2929
2841	2931
2841	2947
2841	2948
2842	2841
2842	2844
2842	2886
2842	2910
2842	2943
2848	2847
2848	2887
2848	2895
2848	2898
2850	2849
2850	2865
2850	2866
2850	2870
2850	2882
2850	2883
2850	2920
2850	2921
2850	2923
2850	2925
2850	2930
2850	2936
2850	2941
2886	2885
2894	2893
2896	2897
2942	2943
2945	2944
2945	2946
2945	2950
2954	2953
2956	2955
2956	2965
2956	2972
2955	2959
2957	2956
2957	2982
2958	2955
2958	2960
2958	2959
2965	2967
2966	2965
2966	2968
2966	2967
2972	2974
2973	2972
2973	2975
2973	2974
2979	2978
2979	2985
2981	2980
2981	2984
2981	2986
2982	2983
2988	2987
2988	2989
2988	3195
2991	2990
2993	2992
2995	2994
2997	2996
2997	3001
2996	2998
2996	2999
2999	3000
3001	3000
3001	3190
3001	3193
3003	3002
3003	3005
3003	3006
3004	3003
3004	3008
3004	3009
3004	3011
3004	3015
3004	3016
3004	3018
3008	3007
3008	3017
3011	3010
3011	3012
3014	3013
3015	3014
3020	3019
3020	3021
3020	3028
3020	3176
3023	3022
3024	2519
3030	3029
3030	3033
3032	3031
3033	3034
3033	3035
3037	3036
3037	3038
3037	3039
3041	3040
3041	3042
3041	3043
3047	3046
3046	3048
3046	3049
3046	3052
3046	3064
3049	3050
3049	3051
3052	3053
3052	3054
3052	3055
3052	3056
3052	3057
3052	3058
3052	3059
3052	3060
3052	3061
3052	3062
3052	3063
3064	3065
3064	3066
3071	3070
3071	3073
3071	3078
3074	3075
3077	3076
3077	3087
3080	3079
3081	3080
3081	3083
3083	3082
3083	3084
3085	3086
3092	3091
3092	3100
3095	3094
3099	3098
3100	3099
3102	3101
3104	3103
3104	3110
3104	3111
3104	3112
3104	3113
3105	3104
3107	3106
3107	3123
3107	3124
3109	3108
3109	3114
3109	3129
3117	3116
3119	3118
3118	3121
3120	3118
3120	3122
3128	3127
3128	3129
3132	3131
3132	3134
3133	3131
3137	3136
3139	3138
3138	3140
3138	3141
3144	3143
3144	2983
3148	3147
3148	3149
3148	3151
3148	3154
3151	3150
3150	3152
3152	3153
3158	3157
3158	3159
3158	3163
3158	3166
3158	3167
3161	3160
3161	3162
3165	3164
3171	3170
3171	3173
3172	3171
3172	3174
3178	3177
3178	3182
3178	3183
3178	3184
3178	3185
3178	3186
3178	3187
3178	3188
3178	3189
3178	3190
3178	3191
3178	3192
3178	3193
3178	3194
3177	3179
3177	3180
3177	3181
3196	3197
3201	3200
3201	3202
3204	3205
3205	3206
3208	3207
3208	3209
3213	3212
3225	3224
3229	3228
3230	3229
3230	3262
3230	3287
3230	3294
3230	3408
3232	3231
3232	3235
3232	3237
3232	3238
3232	3241
3232	3396
3231	3233
3235	3234
3237	3236
3237	3239
3237	3240
3242	3243
3242	3244
3248	3247
3248	3251
3248	3252
3247	3249
3247	3250
3254	3253
3254	3255
3254	3256
3258	3257
3258	3259
3265	3264
3265	3266
3268	3267
3268	3271
3268	3273
3268	3406
3273	3272
3276	3275
3276	3301
3275	3277
3277	3278
3277	3279
3280	3281
3280	3282
3280	3283
3285	3284
3285	3299
3285	3310
3290	3289
3289	370
3289	371
3292	3291
3292	3321
3293	3292
3293	3308
3293	3318
3293	3319
3297	3296
3297	3303
3297	3309
3299	3298
3299	3304
3301	3300
3301	3302
3312	3311
3312	3332
3312	3398
3312	3399
3312	3400
3314	3313
3316	3315
3318	3317
3321	3320
3323	3322
3327	3326
3327	3333
3327	3401
3327	3402
3329	3328
3331	3330
3335	3334
3336	3334
3338	3337
3340	3339
3341	3340
3342	3339
3344	3343
3344	461
3346	3345
3349	3348
3350	3348
3353	3352
3355	3354
3355	3361
3355	3362
3358	3357
3358	3359
3358	3360
3365	3364
3367	3366
3367	3369
3367	3370
3367	3371
3367	3405
3369	3368
3369	3372
3374	3373
3374	3376
3376	3375
3378	3377
3378	3380
3377	3379
3385	3384
3385	3387
3389	3388
3389	3391
3389	3392
3389	3393
3397	3396
3397	3405
3397	3406
3408	3407
3410	3409
3413	3412
3413	3420
3412	3414
3412	3415
3412	3416
3412	3417
3412	3418
3412	3419
3422	3421
3430	3429
3430	3634
3430	1199
3432	3431
3432	3635
3432	3636
3432	3637
3432	3638
3432	3639
3432	3640
3432	3641
3432	3642
3432	1198
3432	3437
3438	1208
3451	3438
3451	3439
3451	3440
3451	3441
3451	3442
3451	3443
3451	3444
3451	3445
3451	3446
3453	3452
3453	3454
3453	3455
3461	3460
3462	3460
3464	3465
3468	3467
3470	3469
3470	3471
3472	3473
3474	3475
3474	3476
3474	3477
3474	3478
3474	3479
3474	3480
3474	3481
3474	3482
3474	3483
3474	3484
3474	3485
3474	3486
3474	3487
3474	3488
3489	3490
3489	3491
3489	3492
3489	3493
3489	3494
3489	3495
3489	3496
3489	3497
3489	3498
3489	3499
3489	3500
3489	3501
3489	3502
3489	3503
3489	3504
3489	3505
3506	3507
3506	3508
3509	3510
3519	1830
3519	1831
3519	1832
3519	1833
3520	527
3520	528
3534	2721
3537	3308
3537	3319
3537	3318
3537	3292
3539	3540
3541	3542
3547	3503
3551	3550
3551	3552
3555	3556
3557	3558
3557	3556
3557	3559
3560	3561
3562	3559
3563	3558
3563	3556
3563	3559
3564	3561
3565	3558
3565	3556
3565	3559
3569	3570
3571	433
3573	3574
3573	3575
3573	3576
3577	3578
3577	3579
3577	3580
3577	3581
3577	3582
3584	3585
3584	3586
3587	3524
3587	3588
3587	3589
3587	3590
3587	3591
3587	3592
3587	3593
3587	475
3587	3594
3587	3595
3587	3596
3587	3597
3587	3598
3587	3599
3587	3600
3587	3601
3596	1838
3600	3036
3600	3038
3600	3039
3605	3604
3608	3609
3608	3610
3611	3612
3611	3613
3622	1969
3629	3630
3629	3631
3629	3632
3629	3633
3636	1342
3636	1571
3636	1582
3636	1596
3637	1583
3638	1349
3638	1587
3639	1356
3639	1592
3640	1366
3640	1575
3640	1577
3640	1599
