1	0
1	15
1	16
1	17
2	1
2	8
2	11
2	14
2	18
2	19
2	20
2	21
2	22
2	23
2	24
2	25
2	26
2	27
2	28
2	29
2	30
2	43
2	45
2	46
2	47
2	48
3	2
3	119
3	133
3	141
3	142
4	3
5	4
6	5
7	6
8	9
8	10
11	12
11	13
13	49
30	31
30	32
30	33
30	34
30	35
30	36
30	37
30	38
30	39
30	40
30	41
30	42
43	44
43	3535
43	3536
43	3537
43	3538
43	3539
43	3540
43	3541
44	3532
44	3533
44	3534
51	50
51	54
51	56
51	59
51	64
51	65
51	66
51	67
51	68
51	69
51	70
51	71
51	72
51	73
51	74
51	118
51	147
51	148
51	149
51	150
51	151
51	152
51	153
51	154
51	155
51	156
52	51
53	52
54	55
56	57
59	58
59	61
59	62
59	63
61	60
76	75
76	2692
76	2697
76	2733
76	2734
76	2735
78	77
78	2656
78	2657
80	79
80	1407
80	2661
80	3371
82	81
82	1387
82	2141
82	2658
82	2681
82	3367
84	83
84	2045
84	2046
84	2066
84	2067
84	2275
84	2375
84	2376
84	2377
84	2378
84	2379
84	2380
84	2381
84	2382
84	2383
84	2384
84	2385
84	2386
84	2387
84	2388
84	2389
84	2392
84	2393
84	2394
84	2395
84	2396
84	2397
84	2398
84	2399
84	2400
84	2401
84	2485
84	2486
84	2487
84	2488
84	2489
84	2490
85	84
85	2483
85	2484
87	86
87	1388
87	2659
87	2660
88	87
88	2142
88	2675
89	88
90	88
90	309
90	312
90	313
90	321
90	323
90	327
90	364
90	367
90	390
90	409
90	487
90	639
90	1402
90	1438
90	1446
90	1814
90	1849
90	1880
90	2296
90	2498
90	1809
90	2651
90	2650
90	2679
90	3012
90	3039
90	3140
90	3143
90	3249
90	3265
90	3271
90	3275
90	3277
90	3280
90	3282
90	3285
90	3292
90	3304
90	3311
90	3373
90	3383
90	3387
90	3394
90	3398
90	3401
90	2525
90	752
90	753
90	754
90	3405
90	3410
90	3425
90	302
90	3612
92	91
92	96
92	3342
94	93
94	99
94	3083
94	3087
94	3088
94	3090
94	3104
95	94
95	3093
95	3097
95	3101
95	3105
95	3106
95	3109
95	3110
96	95
96	1419
96	1457
98	97
99	98
99	3111
101	100
101	1905
101	1906
101	1907
101	1908
102	101
102	643
102	851
102	1812
102	1813
102	1816
102	1817
102	1829
102	1887
102	1899
102	1904
102	1909
102	1910
102	1969
102	1996
102	2009
102	3375
102	3642
102	3643
102	3644
102	3645
102	3646
104	103
105	104
105	1238
105	1562
105	1597
107	106
107	1199
107	1818
107	1820
107	1823
107	1825
107	2022
107	2023
107	2024
109	108
109	1198
109	1792
109	1819
109	1821
109	1824
109	1826
109	2016
109	2021
109	2025
111	110
112	111
112	1242
112	1246
112	1572
112	1598
112	1886
114	113
116	115
116	1773
116	1901
116	1994
116	1995
116	2005
117	116
117	1974
117	2013
121	120
121	300
121	502
121	1349
121	2003
121	2562
121	3220
121	3228
121	3234
121	3278
123	122
123	157
123	158
123	159
123	160
123	161
123	162
123	163
123	164
123	165
123	166
123	167
123	172
123	173
123	784
123	1515
123	1597
123	1598
123	1600
123	1602
123	1603
123	1606
123	1612
123	3484
123	3487
125	124
125	1436
125	1456
125	1461
125	1466
125	1467
125	1468
125	1476
126	125
126	705
126	2287
126	3186
126	3237
127	126
127	278
127	540
127	548
127	549
127	601
127	785
127	1236
127	1240
127	1305
127	1458
127	1488
127	1613
127	1614
127	1615
127	1616
127	1617
127	1618
127	1619
127	1620
127	1625
127	1626
127	1703
127	1727
127	1747
127	1966
127	2322
127	2327
127	2329
127	2330
127	2332
127	2333
127	2334
127	2337
127	2338
127	2340
127	2341
127	2342
127	2343
127	2345
127	2351
127	2352
127	2353
127	2354
127	2355
127	2356
127	2357
127	2358
127	2359
127	2361
127	2362
127	2363
127	2364
127	2539
127	3231
127	3233
127	3235
127	3236
127	3238
127	3239
127	3247
127	3493
128	127
128	143
128	174
128	299
128	300
128	419
128	469
128	503
128	510
128	600
128	666
128	1120
128	1559
128	2156
128	2309
128	2518
128	2570
128	2655
128	3157
128	3227
128	3262
128	3306
129	130
132	131
132	1093
132	1098
132	1106
132	1107
132	1090
132	1101
132	1122
132	1099
132	1100
132	1103
132	1104
132	1105
132	1123
132	1124
132	1113
132	1114
132	1132
133	134
133	135
133	136
133	137
133	138
133	139
133	140
143	144
146	145
168	169
171	170
176	175
175	177
178	179
181	180
183	182
183	1630
183	1631
183	1632
183	1633
183	1634
183	1635
183	1636
183	1637
183	1638
183	1639
183	1640
183	1641
183	1642
183	1643
183	1644
183	1645
183	1646
183	1647
183	1648
183	1649
183	1650
183	1651
183	1652
183	1653
183	1654
183	1655
183	1656
183	1657
183	1658
183	1659
183	1660
183	1661
183	1662
183	1663
183	1664
183	1665
183	1666
183	1667
183	1668
183	1669
183	1670
183	1671
183	1672
183	1673
183	1674
183	1675
184	183
186	185
186	187
186	188
186	189
186	190
186	191
186	192
186	195
194	193
194	196
194	206
194	2457
194	3004
194	3152
194	3187
194	3214
194	3216
197	196
197	198
197	200
197	202
197	204
199	198
199	2151
199	2150
199	2370
199	2455
199	2458
199	3148
201	200
203	202
203	1381
203	2048
203	2456
203	2464
203	2474
203	2654
203	2662
203	2671
203	3173
203	3648
205	204
205	2391
205	3061
205	3084
205	3085
205	3174
208	207
208	209
208	210
212	211
212	1480
212	1922
212	1927
212	1929
212	1932
212	1936
212	1939
212	1940
212	1941
212	1946
212	1947
212	1954
212	1956
212	1959
212	1963
211	215
211	219
211	221
211	223
213	211
214	211
216	215
216	219
216	221
216	223
217	215
217	219
217	221
217	223
218	215
218	219
218	221
218	223
220	219
222	221
222	223
225	224
225	226
225	229
225	233
225	234
225	236
225	275
225	240
225	241
225	242
225	243
225	238
225	244
225	245
225	246
225	250
225	257
225	260
225	261
225	264
225	262
225	263
225	265
225	266
225	267
225	268
225	269
225	270
225	272
224	226
224	229
224	230
224	231
224	232
224	233
224	239
224	240
224	241
224	242
224	243
224	244
224	245
224	246
224	247
224	248
224	249
224	250
224	251
224	252
224	253
224	254
224	255
224	256
224	257
224	258
224	259
224	260
224	261
224	262
224	263
224	264
224	265
224	266
224	267
224	268
224	269
224	270
224	271
224	272
226	227
226	228
233	234
233	235
233	236
233	237
233	238
233	276
235	275
268	2491
274	273
278	277
278	279
278	280
278	281
278	282
278	283
278	284
278	285
278	286
278	287
278	288
278	289
278	290
278	291
278	292
278	293
278	294
278	295
278	296
298	297
298	363
298	387
298	445
298	471
298	1880
298	2044
298	351
298	2517
298	2540
298	2542
298	2653
298	2737
298	3178
298	3309
298	3311
298	3364
298	2541
298	3547
298	3548
298	3549
298	3550
298	3551
298	3552
298	3553
298	3554
298	3555
298	3556
298	3557
298	3558
298	3559
298	3560
298	3561
298	3562
298	302
298	3596
302	301
302	308
301	303
301	304
304	305
304	309
305	306
305	312
308	307
308	304
308	313
310	309
309	306
311	310
311	312
311	313
311	360
311	361
311	362
311	363
311	364
311	366
311	367
311	368
311	378
311	379
311	383
311	384
311	386
311	387
311	388
311	389
311	390
311	392
311	393
311	409
311	1213
311	1392
311	1402
311	1484
311	1804
311	1814
311	1880
311	371
311	372
311	1970
311	1809
311	2651
311	3263
311	3288
311	3289
311	3304
311	3308
311	3313
311	3323
311	3324
311	3325
311	3369
311	3373
311	3376
311	3410
311	3445
311	3446
311	3448
311	3451
314	313
314	537
314	1326
314	1699
314	2748
314	304
314	3543
314	3544
314	3545
314	3546
313	305
316	315
316	317
319	318
319	1487
319	2295
319	2300
319	2301
319	2851
319	3114
319	3133
321	320
321	323
321	327
320	323
320	327
322	321
322	1482
322	1491
322	1492
322	1494
322	1493
322	1490
322	1964
322	1969
322	2575
323	324
323	325
323	326
327	328
330	329
330	345
332	331
332	337
333	332
333	341
333	342
333	347
334	332
334	338
334	341
334	342
336	335
340	339
340	346
340	848
340	1984
340	2318
344	343
344	673
349	348
349	415
349	1401
349	1480
349	2036
349	2039
349	2109
349	350
349	2670
349	3294
349	2541
349	3577
348	350
348	351
353	352
355	354
355	2285
355	3591
357	356
357	358
357	359
357	1286
357	1289
357	1298
357	1299
357	1312
357	1352
357	1353
357	1372
357	1373
357	1389
357	1390
357	1391
357	1393
357	1395
357	1396
357	3060
357	3447
357	3471
357	3574
357	3576
357	3592
364	365
368	369
368	370
368	373
368	374
368	375
368	376
370	371
370	372
378	377
378	1881
378	1970
378	2566
378	3288
378	3424
379	380
380	381
380	382
384	385
388	305
390	391
394	395
397	396
397	395
399	398
399	1225
399	2576
399	2977
399	2980
399	2987
399	3160
399	3444
401	400
401	1226
401	2978
401	2985
401	2992
401	3163
403	402
403	786
403	797
403	1227
403	1913
403	1914
403	1915
403	1922
403	1927
403	1929
403	1932
403	1936
403	1939
403	1940
403	1941
403	1946
403	1947
403	1954
403	1959
403	1963
403	2543
403	2979
403	2986
403	2993
403	3164
405	404
405	412
405	413
406	407
409	408
409	1976
409	1978
411	410
415	414
415	418
415	423
416	414
418	417
418	421
418	422
418	424
419	420
426	425
426	427
426	428
426	434
426	435
430	429
430	3597
431	429
431	432
431	433
437	436
437	2500
436	438
436	439
436	440
442	441
444	443
444	446
444	447
444	448
444	449
444	450
444	451
444	452
444	453
444	468
444	455
444	456
444	457
444	458
444	459
444	460
444	461
444	462
444	463
444	464
445	444
445	454
454	455
454	456
454	457
454	458
454	459
454	460
454	461
454	462
454	463
454	464
466	465
467	465
469	470
471	472
474	473
474	475
476	477
479	478
481	480
482	483
482	484
486	485
486	494
487	486
487	488
487	489
487	490
487	491
487	492
487	493
487	1827
487	1828
487	1849
487	1851
487	1852
487	2567
487	3053
487	3406
487	302
493	494
496	495
497	496
497	500
499	498
499	501
505	504
507	506
509	508
509	698
510	511
513	512
513	515
513	516
513	518
513	545
513	546
513	547
514	513
514	512
514	515
514	516
518	517
518	531
518	533
518	534
518	535
518	536
518	542
518	544
517	519
517	521
517	522
517	523
517	524
517	525
517	526
517	527
517	528
517	529
517	530
519	520
531	532
537	538
537	539
542	541
542	543
550	551
551	552
551	553
551	554
556	555
555	558
555	559
557	555
557	1255
559	560
559	590
559	594
559	595
559	596
560	561
560	562
560	563
560	564
560	581
560	582
564	565
564	568
564	569
564	570
565	566
565	567
570	571
570	572
570	573
570	574
570	575
570	576
570	580
576	577
576	578
576	579
582	583
582	584
582	585
582	586
586	587
586	588
586	589
590	591
590	592
590	593
598	597
598	599
601	602
604	603
606	605
605	607
605	608
610	609
610	611
610	652
610	1520
610	1527
613	612
614	613
614	624
614	625
615	614
615	622
615	626
615	627
615	628
616	615
616	632
616	661
617	616
617	623
617	676
617	691
618	617
618	629
618	630
618	633
618	634
618	635
618	636
618	669
618	694
618	700
620	619
621	620
621	631
621	2271
621	2682
621	3432
638	637
638	1430
638	2527
638	2528
638	2530
638	2533
638	2534
638	2535
639	638
639	2299
639	2296
639	3040
640	639
640	1429
640	1447
640	1491
640	1492
640	1494
640	1493
640	1490
640	1496
640	2496
640	2537
640	2548
640	2549
640	2550
640	2551
640	3244
640	3649
641	638
641	2498
641	750
641	2531
641	3249
641	3265
641	3275
641	3277
641	3280
641	3282
641	3285
641	3292
641	3311
641	3383
641	3387
641	3394
641	3398
641	3401
641	2525
641	752
641	753
641	754
641	3405
641	2532
641	3425
643	642
643	644
643	1853
643	1856
643	1900
643	1909
643	1911
643	1912
646	645
647	645
647	651
647	657
649	648
649	650
654	653
654	655
654	656
654	659
658	657
660	659
661	662
662	663
663	664
664	665
668	667
668	670
672	671
675	674
675	684
674	677
676	675
676	679
676	686
676	690
677	678
679	680
679	683
680	681
680	682
684	685
686	687
686	688
686	689
693	692
696	695
696	697
696	1865
696	1867
696	1868
696	1869
696	1870
696	1871
696	1872
696	1977
700	699
700	701
700	702
700	703
705	704
705	706
706	707
709	708
709	732
709	733
709	738
709	742
709	749
709	750
709	755
709	756
709	757
708	712
708	713
708	718
710	709
710	764
711	710
711	712
711	714
711	716
711	717
711	1318
711	779
711	1722
711	749
711	755
711	2968
713	714
713	715
713	716
713	717
718	719
721	720
721	1202
723	722
723	2157
723	2308
724	723
724	722
724	1290
724	551
724	1320
724	1459
724	3232
726	725
726	778
726	1321
726	2360
726	2538
725	727
727	728
730	729
729	731
733	734
733	735
735	736
735	737
738	739
739	740
739	741
742	743
742	747
742	748
743	744
743	746
744	745
750	751
750	752
752	753
752	754
759	758
759	760
762	761
764	763
764	779
764	780
764	781
764	782
764	783
763	765
767	766
769	768
769	1323
768	771
770	769
770	1322
770	1590
770	3221
773	772
773	775
773	776
773	777
774	773
774	775
786	787
786	792
787	788
787	789
787	790
787	791
792	793
792	794
794	795
794	796
799	798
799	801
799	805
799	808
799	809
799	810
799	841
799	842
799	843
799	844
799	845
800	799
800	803
800	853
800	858
803	802
803	804
803	806
803	807
812	811
812	822
812	829
812	831
812	832
813	812
813	815
815	814
815	827
815	828
815	830
815	833
815	836
817	816
818	817
818	824
820	819
821	820
821	826
824	823
826	825
834	821
834	835
834	813
834	840
835	837
835	838
835	839
847	846
848	847
850	849
850	852
851	850
853	854
853	855
853	856
853	857
858	859
858	860
858	861
858	862
858	863
858	864
858	865
858	866
858	867
858	868
858	869
858	870
858	871
858	872
874	873
874	876
874	877
874	880
874	881
874	882
875	874
875	879
875	940
875	885
879	878
884	883
884	886
884	889
884	890
884	892
885	884
885	888
885	937
885	942
885	943
885	944
885	945
885	946
885	947
885	948
885	954
885	955
885	956
888	887
888	891
894	893
894	908
895	894
895	897
895	925
895	928
897	896
897	906
897	907
897	909
899	898
900	899
900	905
900	919
900	921
902	901
903	902
903	912
903	923
903	933
905	904
911	910
912	911
912	914
912	915
912	917
914	913
915	916
917	918
919	920
921	922
923	924
925	926
925	927
928	929
928	930
928	931
928	932
935	934
935	936
937	938
937	939
940	941
948	949
948	950
948	951
948	952
948	953
958	957
958	962
958	966
957	959
957	960
957	961
962	963
962	964
966	965
966	967
966	968
966	969
971	970
971	975
971	979
970	972
970	973
970	974
975	976
975	977
979	978
979	980
979	981
979	982
984	983
984	998
984	1065
984	1067
984	1069
984	1071
984	1072
984	1075
986	985
986	990
986	991
986	992
986	993
987	986
987	995
987	999
987	1005
989	988
995	994
995	996
997	987
997	1010
997	1032
997	1051
997	1057
997	1060
997	1062
997	1063
997	1064
997	1066
997	1068
997	1070
997	1073
997	1074
999	1000
999	1001
999	1002
999	1003
999	1004
1005	1006
1005	1007
1005	1008
1005	1009
1010	1011
1010	1019
1010	1027
1010	1029
1011	1012
1011	1013
1011	1018
1013	1014
1013	1015
1013	1016
1013	1017
1019	1020
1019	1021
1019	1025
1021	1022
1021	1023
1021	1024
1027	1026
1027	1030
1029	1028
1029	1031
1032	1033
1032	1038
1032	1043
1032	1048
1033	1034
1033	1035
1033	1036
1033	1037
1038	1039
1038	1040
1038	1041
1043	1042
1043	1044
1043	1045
1043	1046
1048	1047
1048	1049
1048	1050
1051	1052
1051	1055
1054	1053
1054	1056
1057	1058
1057	1059
1062	1061
1077	1076
1079	1078
1081	1080
1081	1082
1081	1083
1081	1085
1080	1084
1080	1086
1080	1087
1089	1088
1089	1092
1089	1091
1088	1090
1088	1092
1090	1091
1092	1093
1093	1094
1093	1095
1096	1092
1097	1093
1097	1090
1097	1094
1097	1101
1097	1122
1097	1099
1097	1100
1097	1103
1097	1104
1097	1105
1097	1123
1097	1113
1097	1132
1097	1135
1098	1099
1098	1100
1098	1101
1098	1103
1098	1104
1098	1105
1101	1102
1109	1108
1109	1110
1111	1112
1111	1114
1112	1113
1116	1115
1116	1117
1118	1090
1118	1135
1120	1119
1121	1101
1121	1122
1121	1099
1121	1100
1121	1103
1121	1104
1121	1105
1126	1125
1126	1127
1127	1128
1127	1129
1127	1130
1132	1131
1134	1133
1137	1136
1137	1141
1136	1139
1136	1140
1138	1137
1143	1142
1143	1154
1144	1143
1144	1155
1145	1144
1147	1146
1147	1162
1147	1195
1148	1147
1150	1149
1150	1178
1151	1150
1153	1152
1153	1183
1157	1156
1157	1193
1158	1157
1158	1161
1158	1194
1159	1158
1160	1157
1164	1163
1164	1167
1164	1168
1164	1169
1164	1176
1164	1177
1165	1164
1167	1166
1167	1170
1167	1171
1167	1172
1167	1173
1167	1174
1167	1175
1178	1179
1178	1180
1178	1181
1183	1182
1183	1184
1184	1185
1184	1186
1185	1187
1185	1190
1186	1188
1186	1189
1192	1191
1197	1196
1197	1410
1197	1431
1197	1444
1197	1448
1197	1879
1197	2132
1197	3217
1197	3240
1197	3243
1197	3414
1201	1200
1201	1210
1201	1215
1204	1203
1204	1206
1204	1205
1203	1205
1203	1206
1208	1207
1208	1210
1208	1219
1209	1207
1209	1224
1211	1208
1211	1220
1211	1223
1211	3449
1211	3468
1211	3470
1211	3472
1211	3454
1211	3455
1211	3456
1211	3457
1211	3458
1212	1211
1212	1357
1212	1363
1212	1370
1212	1380
1212	1596
1212	1756
1212	1757
1212	1584
1212	3470
1212	3627
1212	3661
1212	3662
1212	3663
1212	3664
1212	3665
1212	3666
1212	3667
1212	3668
1212	3458
1213	1212
1213	1704
1213	3453
1215	1214
1216	1217
1216	1218
1222	1221
1223	1222
1223	1594
1223	1595
1223	1599
1223	1604
1223	1611
1223	1588
1223	3459
1223	3460
1223	3461
1223	3462
1223	3463
1223	3464
1223	3465
1223	3466
1223	3467
1223	3469
1229	1228
1229	1230
1231	1230
1233	1232
1233	1234
1233	1235
1233	1239
1238	1237
1240	1241
1242	1243
1242	1244
1242	1245
1246	1247
1249	1248
1248	1250
1248	1253
1250	1251
1250	1252
1254	559
1254	1256
1254	1262
1254	1342
1254	1344
1254	1360
1254	1368
1255	1254
1255	1341
1255	1351
1256	560
1256	1257
1256	1258
1256	1261
1256	1270
1256	1274
1256	1282
1257	561
1258	564
1258	1259
1258	1264
1258	1271
1259	570
1259	1260
1259	1265
1259	1267
1259	1273
1259	1279
1259	1281
1259	1300
1260	571
1261	582
1261	1263
1261	1269
1261	1272
1261	1276
1262	1261
1262	1263
1262	1358
1262	594
1263	583
1264	565
1264	1268
1264	1275
1264	1303
1265	576
1265	1266
1265	1278
1265	1280
1266	577
1267	572
1268	568
1269	584
1270	562
1271	569
1272	585
1273	573
1274	563
1275	566
1276	586
1276	1277
1276	1301
1276	1302
1277	587
1278	578
1279	574
1280	579
1281	575
1282	581
1284	1283
1285	1284
1285	1577
1285	1578
1285	1579
1285	3631
1288	1287
1290	551
1290	1297
1290	1354
1291	1290
1292	1290
1293	1290
1293	1602
1293	1776
1294	1290
1294	1603
1294	1777
1295	1290
1295	551
1295	2346
1295	2347
1295	2349
1295	2350
1295	3343
1295	3415
1296	552
1297	1296
1297	553
1300	580
1301	588
1302	589
1303	567
1305	1304
1305	1306
1305	1307
1309	1308
1311	1310
1311	2044
1311	2062
1311	2090
1314	1313
1316	1315
1316	1319
1316	1327
1316	1328
1316	1338
1317	1316
1317	1318
1317	1320
1317	1341
1317	1376
1318	1315
1320	1319
1320	1354
1325	1324
1328	1329
1328	1330
1330	1331
1330	1335
1330	1336
1330	1337
1331	1332
1331	1333
1331	1334
1340	1339
1341	1328
1341	1342
1341	1350
1342	1330
1342	1343
1342	1358
1342	1359
1342	1367
1343	1331
1343	1345
1343	1347
1343	1374
1344	1343
1344	1346
1344	1348
1344	1375
1344	590
1345	1332
1346	1345
1346	591
1347	1333
1348	1347
1348	592
1350	1329
1351	1350
1351	558
1354	1327
1356	1355
1356	1361
1356	1364
1356	1365
1356	1366
1356	1854
1356	2685
1356	3593
1356	3608
1356	3669
1357	1355
1357	1583
1357	1594
1357	1608
1358	1335
1359	1337
1360	1359
1360	596
1363	1362
1363	1599
1367	1336
1368	1367
1368	595
1370	1369
1370	1604
1372	1371
1372	1606
1374	1334
1375	1374
1375	593
1376	1338
1377	1376
1377	1610
1378	1377
1380	1379
1380	1587
1380	1589
1380	1611
1383	1382
1383	2822
1383	2823
1383	2825
1383	2826
1383	2827
1383	2830
1383	2831
1383	2832
1383	2833
1384	1383
1384	2753
1384	2760
1384	2797
1384	2820
1384	2834
1385	1384
1385	2739
1385	2750
1385	2837
1385	2838
1386	1385
1394	276
1394	244
1398	1397
1398	1405
1398	2304
1398	2607
1398	2616
1398	2617
1398	2618
1398	2619
1398	2620
1398	2621
1398	2622
1398	2623
1398	2624
1399	1398
1399	2625
1399	2626
1399	2627
1399	2636
1399	2637
1399	2638
1400	1399
1400	1486
1400	2035
1400	2678
1400	3107
1400	3115
1400	3118
1401	1400
1401	1402
1401	2036
1401	2044
1401	2679
1401	3020
1401	3108
1402	1399
1404	1403
1404	2055
1404	2596
1404	2597
1404	2598
1404	2599
1404	2600
1404	2601
1404	2602
1404	2603
1404	2604
1405	1404
1405	1406
1405	2581
1405	2582
1405	2586
1405	2587
1405	2590
1405	2591
1405	2592
1405	2605
1409	1408
1412	1411
1412	1415
1414	1413
1414	1416
1418	1417
1418	1426
1418	1427
1418	1428
1419	1418
1419	1421
1419	1424
1421	1420
1421	1425
1423	1422
1424	1423
1430	1429
1430	1447
1433	1432
1434	1433
1434	1450
1434	1451
1434	2519
1434	2520
1436	1435
1436	1453
1436	1462
1438	1437
1440	1439
1440	1441
1443	1442
1446	1445
1446	1454
1450	1449
1451	1449
1451	1452
1456	1455
1461	1460
1461	1463
1461	1465
1463	1464
1468	1469
1468	1475
1469	1470
1469	1471
1469	1472
1469	1473
1473	1474
1478	1477
1478	2547
1479	1478
1481	1480
1481	2541
1483	1482
1483	2690
1484	1483
1484	2688
1484	2689
1484	3137
1484	3138
1484	3143
1485	1482
1490	1489
1490	1495
1490	1497
1491	1490
1492	1490
1493	1490
1494	1493
1499	1498
1499	1503
1499	1502
1499	1531
1499	1525
1499	1548
1499	1500
1499	1501
1499	1532
1499	1556
1499	1562
1499	1566
1499	1567
1498	1500
1498	1501
1503	1502
1503	1521
1504	1503
1504	1531
1504	1525
1504	1532
1506	1505
1506	1512
1506	1519
1506	1548
1507	1506
1507	1509
1508	1505
1508	1519
1509	1508
1509	1513
1511	1510
1511	1569
1513	1512
1513	1548
1514	1513
1515	1517
1515	1518
1516	1515
1523	1522
1522	1525
1524	1522
1524	1527
1525	1526
1525	1527
1527	1528
1528	1529
1529	1530
1531	1532
1532	1533
1532	1536
1532	1537
1532	1545
1532	1546
1533	1534
1533	1535
1537	1538
1537	1541
1537	1543
1538	1539
1538	1540
1541	1542
1543	1544
1547	1527
1547	3144
1548	1549
1551	1550
1552	1532
1552	1553
1552	1554
1552	1540
1553	1537
1553	1546
1554	1546
1555	1554
1558	1557
1558	1528
1560	1517
1560	1563
1560	1564
1560	1565
1560	1518
1560	3629
1561	1517
1561	1518
1561	3629
1568	1567
1571	1570
1571	1574
1572	1571
1573	1570
1573	1600
1573	1822
1576	1575
1580	590
1582	1581
1582	1607
1584	1583
1584	1601
1584	1608
1584	1756
1584	1757
1584	3450
1584	3452
1584	3454
1584	3455
1584	3456
1584	3457
1584	3458
1584	1223
1586	1585
1586	1593
1588	1587
1588	1589
1592	1591
1593	1592
1596	1595
1606	1605
1609	1610
1621	1622
1624	1623
1628	1627
1628	1629
1671	1676
1678	1677
1678	1679
1678	1698
1681	1680
1681	1682
1681	1718
1684	1683
1684	1687
1684	1693
1685	1684
1685	1691
1687	1686
1687	1692
1688	1686
1688	1696
1689	1686
1689	1697
1691	1690
1695	1694
1695	1715
1697	1696
1697	1704
1701	1700
1703	1702
1703	1764
1706	1705
1707	1706
1707	1731
1707	1750
1709	1708
1709	1710
1709	1711
1713	1712
1713	1716
1714	1713
1714	1717
1717	1716
1717	1719
1721	1720
1721	1742
1721	1744
1721	1745
1721	1746
1721	1751
1721	1752
1721	1760
1721	3632
1722	742
1722	1723
1722	1732
1723	743
1724	1723
1724	1732
1726	1725
1726	1734
1726	1743
1726	1736
1726	1737
1726	1761
1728	1729
1728	1730
1732	744
1732	747
1734	1733
1733	1735
1733	1740
1733	1741
1735	1736
1735	1737
1735	1738
1735	1739
1749	1748
1754	1753
1754	1755
1759	1758
1759	1762
1759	1763
1766	1765
1768	1767
1770	1769
1772	1771
1772	3477
1772	3478
1772	3479
1772	3480
1773	1774
1773	1775
1779	1778
1779	1780
1779	1781
1779	1782
1779	1785
1784	1783
1787	1786
1788	1787
1788	1789
1788	1790
1788	1791
1794	1793
1794	1797
1794	1798
1794	1800
1794	1848
1796	1795
1796	1799
1796	1846
1796	1847
1796	3567
1796	3568
1796	3569
1796	3570
1802	1801
1802	1809
1801	1804
1801	1805
1801	1806
1803	1801
1804	1810
1804	1811
1806	1807
1806	1808
1813	1812
1813	1815
1813	1816
1813	1817
1831	1830
1830	1832
1830	1833
1833	1834
1836	1835
1835	1837
1837	1838
1838	1839
1841	1840
1841	3542
1840	1842
1840	1843
1840	1844
1840	1845
1849	1850
1856	1855
1858	1857
1858	1859
1858	1861
1858	1863
1858	1864
1861	1860
1861	1862
1866	1865
1866	1869
1866	1871
1866	1872
1874	1873
1875	1874
1877	1876
1877	1893
1877	1894
1878	1877
1878	1895
1878	1897
1881	371
1881	372
1883	1882
1883	1884
1883	1885
1888	1889
1888	1890
1888	3639
1888	3640
1888	3641
1892	1891
1897	1896
1899	1898
1903	1902
1910	1909
1917	1916
1917	1924
1917	1930
1917	1933
1917	1937
1917	1943
1917	1951
1917	1960
1919	1918
1919	1925
1919	1934
1919	1942
1919	1944
1919	1952
1919	1961
1921	1920
1921	1926
1921	1928
1921	1931
1921	1935
1921	1938
1921	1945
1921	1953
1921	1955
1921	1958
1921	1962
1923	1922
1923	1927
1923	1929
1923	1932
1923	1936
1923	1939
1923	1940
1923	1941
1923	1946
1923	1947
1923	1954
1923	1956
1923	1959
1923	1963
1949	1948
1949	1950
1957	1956
1966	1965
1966	2017
1966	2018
1968	1967
1968	1971
1973	1972
1973	1991
1973	1992
1973	2013
1976	1975
1980	1979
1982	1981
1982	1983
1982	1985
1982	1986
1982	1987
1989	1988
1991	1990
1991	1993
1991	1999
1998	1997
1998	2004
1999	2000
1999	2001
1999	2002
2005	2006
2005	2007
2005	2008
2009	2010
2009	2012
2010	2011
2015	2014
2020	2019
2027	2026
2027	2042
2029	2028
2029	2030
2032	2031
2032	2198
2032	2199
2032	2270
2034	2033
2035	2034
2035	2408
2035	2418
2035	2438
2035	2445
2036	2035
2037	2036
2037	2295
2037	350
2037	2301
2037	3572
2037	3573
2037	3577
2037	3578
2039	2038
2039	2061
2041	2040
2041	2193
2042	2043
2048	2047
2048	2306
2048	2307
2048	2374
2048	2403
2048	2462
2048	2463
2048	2468
2048	2470
2048	2471
2048	2476
2048	2477
2048	2478
2050	2049
2049	2051
2049	2052
2052	2053
2052	2054
2056	2057
2056	2058
2058	2059
2058	2060
2063	2064
2063	2065
2069	2068
2069	2073
2069	2074
2069	2077
2069	2082
2069	2083
2069	2084
2070	2069
2070	2108
2071	2070
2071	2072
2071	2109
2072	2069
2074	2075
2074	2076
2077	2078
2077	2079
2077	2080
2077	2081
2084	2085
2087	2086
2088	2087
2088	2089
2088	2091
2093	2092
2093	2095
2093	2096
2093	2097
2093	2105
2094	2093
2099	2098
2099	2123
2099	2124
2099	2126
2099	2127
2098	2100
2098	2101
2098	2102
2098	2103
2098	2104
2107	2106
2107	2110
2107	2117
2107	2118
2107	2119
2107	2120
2107	2121
2108	2107
2108	2113
2108	2115
2109	2108
2112	2111
2112	2114
2113	2112
2113	2122
2115	2116
2124	2125
2129	2128
2131	2130
2134	2133
2134	2135
2134	2136
2134	2137
2134	2138
2140	2139
2144	2143
2144	2149
2143	2145
2143	2146
2143	2147
2143	2148
2151	2150
2151	2850
2153	2152
2153	2154
2153	2155
2159	2158
2161	2160
2161	2165
2161	2166
2161	2167
2161	2168
2161	2169
2161	2170
2161	2171
2161	2172
2162	2161
2162	2201
2163	2162
2163	2175
2163	2196
2163	2220
2163	2272
2163	2292
2163	2293
2164	2162
2174	2173
2174	2218
2174	2247
2175	2177
2175	2178
2175	2179
2175	2180
2175	2181
2175	2182
2175	2183
2175	2184
2175	2185
2176	2175
2176	2220
2187	2186
2187	2278
2188	2187
2190	2189
2190	2280
2192	2191
2193	2192
2195	2194
2195	2245
2195	2269
2196	2195
2196	2234
2197	2196
2201	2200
2201	2203
2201	2204
2201	2206
2201	2208
2201	2210
2201	2212
2201	2214
2201	2216
2201	2246
2200	2202
2204	2205
2206	2207
2208	2209
2210	2211
2212	2213
2214	2215
2216	2217
2220	2219
2220	2230
2220	2248
2220	2276
2219	2221
2219	2222
2219	2223
2219	2224
2219	2225
2219	2226
2219	2227
2219	2228
2230	2229
2230	2257
2232	2231
2232	2258
2234	2233
2234	2259
2233	2236
2233	2237
2233	2238
2233	2239
2233	2240
2233	2241
2233	2242
2233	2243
2233	2244
2235	2234
2248	2249
2248	2250
2248	2251
2248	2252
2248	2253
2248	2254
2248	2255
2248	2256
2259	2260
2259	2261
2259	2262
2259	2263
2259	2264
2259	2265
2259	2266
2259	2267
2259	2268
2273	2272
2274	2273
2274	2305
2278	2277
2280	2279
2282	2281
2282	3042
2282	3043
2283	2282
2284	2283
2287	2286
2287	2288
2287	2289
2287	2294
2291	2290
2297	2296
2297	2496
2297	2524
2297	2525
2298	2297
2298	2521
2298	2523
2299	2298
2299	2526
2303	2302
2310	2311
2310	2312
2310	2313
2315	2314
2315	2316
2318	2317
2318	2319
2318	2320
2322	2321
2322	2331
2322	2339
2321	2323
2321	2324
2321	2325
2321	2326
2329	2328
2334	2335
2334	2336
2343	2344
2348	2347
2366	2365
2366	2368
2366	2840
2366	2841
2366	2842
2366	2843
2366	2844
2366	2845
2367	2366
2367	2839
2367	3653
2370	2369
2370	2751
2370	2846
2370	2849
2372	2371
2372	2373
2391	2390
2403	2402
2403	2404
2404	2405
2406	2407
2408	2409
2408	2410
2408	2411
2408	2412
2408	2413
2408	2414
2408	2415
2408	2416
2408	2417
2418	2419
2418	2422
2418	2423
2418	2424
2418	2425
2418	2426
2418	2435
2418	2436
2418	2437
2419	2420
2419	2421
2426	2427
2426	2430
2426	2431
2426	2432
2426	2433
2426	2434
2427	2428
2427	2429
2438	2439
2438	2440
2438	2441
2438	2442
2438	2443
2438	2444
2445	2446
2445	2447
2449	2448
2449	2451
2449	2452
2449	2454
2450	2449
2452	2453
2456	2455
2456	2460
2458	2457
2458	2460
2460	2459
2460	2461
2466	2465
2466	2467
2470	2469
2473	2472
2473	2475
2474	2473
2474	2479
2479	2480
2479	2481
2483	2482
2493	2492
2495	2494
2498	2497
2498	3402
2498	3403
2500	2499
2500	2501
2500	2502
2504	2503
2505	2504
2505	2516
2505	2514
2505	2509
2507	2506
2507	2514
2507	2513
2506	2509
2508	2507
2508	2505
2511	2510
2511	2512
2514	2513
2514	2509
2516	2515
2521	2522
2528	2529
2530	2531
2530	2532
2537	2536
2545	2544
2545	2546
2545	3153
2545	3628
2553	2552
2553	2556
2553	2557
2553	2558
2553	2561
2552	2555
2554	2553
2554	2564
2554	2565
2558	2559
2558	2560
2564	2563
2565	2557
2569	2568
2572	2571
2573	2571
2575	2574
2575	2683
2578	2577
2578	2579
2578	2580
2582	2583
2582	2584
2582	2585
2587	2588
2587	2589
2592	2593
2592	2594
2592	2595
2607	2606
2607	2609
2607	2610
2607	2614
2607	2615
2606	2608
2610	2611
2610	2612
2610	2613
2619	2643
2619	2644
2619	2645
2619	2646
2620	2641
2620	2652
2623	2648
2623	2649
2627	2628
2627	2629
2627	2630
2627	2631
2627	2632
2627	2633
2627	2634
2627	2635
2640	2639
2640	2642
2640	2647
2640	3650
2651	2650
2664	2663
2664	2666
2664	2669
2665	2664
2665	3652
2668	2667
2668	3651
2673	2672
2675	2674
2677	2676
2677	2966
2678	2680
2679	2678
2685	2684
2685	2686
2685	2687
2685	3041
2685	3193
2692	2691
2692	2699
2692	2700
2692	2701
2692	2702
2692	2703
2692	2704
2692	2705
2692	2706
2692	2707
2692	2708
2692	2709
2692	2710
2691	2693
2693	2694
2693	2695
2695	2696
2697	2698
2712	2711
2711	2713
2711	2714
2711	2715
2711	2716
2711	2717
2711	2718
2711	2719
2711	2720
2711	2721
2711	2722
2711	2725
2711	2728
2711	2729
2711	2730
2711	2731
2711	2732
2722	2723
2722	2724
2725	2726
2725	2727
2737	2736
2739	2738
2739	2740
2739	2741
2739	2742
2739	2743
2739	2744
2739	2745
2739	2746
2739	2747
2739	2748
2739	2749
2753	2752
2753	2767
2753	2768
2753	2769
2753	2770
2753	2771
2753	2772
2753	2773
2753	2774
2753	2775
2753	2776
2753	2777
2753	2779
2753	2780
2753	2782
2753	2783
2753	2784
2753	2785
2753	2786
2753	2787
2753	2788
2753	2789
2753	2790
2753	2791
2753	2792
2753	2793
2753	2794
2753	2795
2753	2796
2752	2754
2752	2755
2752	2756
2752	2757
2752	2758
2752	2759
2760	2761
2760	2762
2760	2763
2760	2764
2760	2765
2765	2766
2777	2778
2780	2781
2797	2798
2797	2799
2797	2800
2797	2801
2797	2802
2797	2803
2797	2804
2797	2805
2797	2806
2797	2807
2797	2808
2797	2809
2797	2810
2797	2811
2797	2812
2797	2813
2797	2814
2797	2815
2797	2816
2797	2817
2797	2818
2797	2819
2820	2821
2823	2824
2827	2828
2827	2829
2834	2835
2834	2836
2846	2847
2849	2848
2853	2852
2853	2854
2856	2855
2856	2859
2856	2861
2856	2868
2856	2869
2856	2870
2856	2871
2856	2872
2856	2873
2856	2874
2856	2875
2856	2876
2856	2877
2856	2878
2856	2880
2856	2883
2856	2884
2856	2887
2856	2888
2856	2889
2856	2890
2856	2891
2856	2892
2856	2893
2856	2894
2856	2895
2856	2896
2856	2897
2856	2900
2856	2904
2856	2905
2856	2907
2856	2910
2856	2915
2856	2916
2856	2918
2856	2919
2856	2920
2856	2921
2856	2922
2856	2924
2856	2925
2856	2927
2856	2928
2856	2929
2856	2930
2856	2931
2856	2934
2856	2935
2856	2940
2856	2942
2856	2943
2856	2948
2856	2949
2856	2950
2856	2951
2856	2953
2856	2954
2856	2955
2856	2956
2856	2962
2857	2856
2857	2862
2857	2864
2857	2866
2857	2867
2857	2879
2857	2885
2857	2906
2857	2908
2857	2912
2857	2917
2857	2923
2857	2932
2857	2933
2857	2938
2857	2944
2857	2945
2857	2947
2857	2964
2857	2965
2858	2857
2858	2860
2858	2902
2858	2926
2858	2959
2864	2863
2864	2903
2864	2911
2864	2914
2866	2865
2866	2881
2866	2882
2866	2886
2866	2898
2866	2899
2866	2936
2866	2937
2866	2939
2866	2941
2866	2946
2866	2952
2866	2957
2866	2963
2902	2901
2910	2909
2912	2913
2958	2959
2961	2960
2961	2962
2961	2967
2970	2969
2972	2971
2972	2981
2972	2988
2971	2975
2973	2972
2973	2998
2974	2971
2974	2976
2974	2975
2981	2983
2982	2981
2982	2984
2982	2983
2988	2990
2989	2988
2989	2991
2989	2990
2995	2994
2995	3001
2997	2996
2997	3000
2997	3002
2998	2999
3004	3003
3004	3005
3004	3213
3007	3006
3009	3008
3011	3010
3013	3012
3013	3017
3012	3014
3012	3015
3015	3016
3017	3016
3017	3208
3017	3211
3019	3018
3019	3021
3019	3022
3020	3019
3020	3024
3020	3025
3020	3027
3020	3031
3020	3032
3020	3034
3024	3023
3024	3033
3027	3026
3027	3028
3030	3029
3031	3030
3036	3035
3036	3037
3036	3044
3036	3194
3039	3038
3040	2534
3046	3045
3046	3049
3048	3047
3049	3050
3049	3051
3053	3052
3053	3054
3053	3055
3057	3056
3057	3058
3057	3059
3063	3062
3062	3064
3062	3065
3062	3068
3062	3080
3065	3066
3065	3067
3068	3069
3068	3070
3068	3071
3068	3072
3068	3073
3068	3074
3068	3075
3068	3076
3068	3077
3068	3078
3068	3079
3080	3081
3080	3082
3087	3086
3087	3089
3087	3094
3090	3091
3093	3092
3093	3103
3096	3095
3097	3096
3097	3099
3099	3098
3099	3100
3101	3102
3108	3107
3108	3118
3113	3112
3117	3116
3118	3117
3120	3119
3122	3121
3122	3128
3122	3129
3122	3130
3122	3131
3123	3122
3125	3124
3125	3141
3125	3142
3127	3126
3127	3132
3127	3147
3135	3134
3137	3136
3136	3139
3138	3136
3138	3140
3146	3145
3146	3147
3150	3149
3150	3152
3151	3149
3155	3154
3157	3156
3156	3158
3156	3159
3162	3161
3162	2999
3166	3165
3166	3167
3166	3169
3166	3172
3169	3168
3168	3170
3170	3171
3176	3175
3176	3177
3176	3181
3176	3184
3176	3185
3179	3178
3179	3180
3183	3182
3189	3188
3189	3191
3190	3189
3190	3192
3196	3195
3196	3200
3196	3201
3196	3202
3196	3203
3196	3204
3196	3205
3196	3206
3196	3207
3196	3208
3196	3209
3196	3210
3196	3211
3196	3212
3195	3197
3195	3198
3195	3199
3214	3215
3219	3218
3219	3654
3221	3222
3222	3223
3225	3224
3225	3226
3230	3229
3242	3241
3246	3245
3247	3246
3247	3279
3247	3305
3247	3312
3247	3429
3249	3248
3249	3252
3249	3254
3249	3255
3249	3258
3249	3416
3248	3250
3252	3251
3254	3253
3254	3256
3254	3257
3259	3260
3259	3261
3265	3264
3265	3268
3265	3269
3264	3266
3264	3267
3271	3270
3271	3272
3271	3273
3275	3274
3275	3276
3282	3281
3282	3283
3285	3284
3285	3287
3285	3290
3285	3427
3287	3286
3287	3291
3294	3293
3294	3319
3293	3295
3295	3296
3295	3297
3298	3299
3298	3300
3298	3301
3303	3302
3303	3317
3303	3328
3308	3307
3307	381
3307	382
3310	3309
3310	3339
3311	3310
3311	3326
3311	3336
3311	3337
3315	3314
3315	3321
3315	3327
3317	3316
3317	3322
3319	3318
3319	3320
3330	3329
3330	3350
3330	3418
3330	3419
3330	3420
3332	3331
3334	3333
3336	3335
3339	3338
3341	3340
3345	3344
3345	3351
3345	3421
3345	3422
3347	3346
3347	3352
3347	3423
3349	3348
3354	3353
3355	3353
3356	3353
3358	3357
3360	3359
3361	3360
3362	3359
3364	3363
3364	472
3366	3365
3369	3368
3370	3368
3373	3372
3375	3374
3375	3381
3375	3382
3378	3377
3378	3379
3378	3380
3385	3384
3387	3386
3387	3389
3387	3390
3387	3391
3387	3426
3389	3388
3389	3392
3394	3393
3394	3396
3396	3395
3398	3397
3398	3400
3397	3399
3405	3404
3405	3407
3409	3408
3409	3411
3409	3412
3409	3413
3417	3416
3417	3426
3417	3427
3429	3428
3431	3430
3434	3433
3434	3441
3433	3435
3433	3436
3433	3437
3433	3438
3433	3439
3433	3440
3443	3442
3451	3450
3451	3660
3451	1212
3453	3452
3453	3661
3453	3662
3453	3663
3453	3664
3453	3665
3453	3666
3453	3667
3453	3668
3453	1211
3453	3458
3459	1221
3472	3459
3472	3460
3472	3461
3472	3462
3472	3463
3472	3464
3472	3465
3472	3466
3472	3467
3474	3473
3474	3475
3474	3476
3482	3481
3483	3481
3485	3486
3489	3488
3491	3490
3491	3492
3493	3494
3495	3496
3495	3497
3495	3498
3495	3499
3495	3500
3495	3501
3495	3502
3495	3503
3495	3504
3495	3505
3495	3506
3495	3507
3495	3508
3495	3509
3510	3511
3510	3512
3510	3513
3510	3514
3510	3515
3510	3516
3510	3517
3510	3518
3510	3519
3510	3520
3510	3521
3510	3522
3510	3523
3510	3524
3510	3525
3510	3526
3527	3528
3527	3529
3530	3531
3542	1842
3542	1843
3542	1844
3542	1845
3543	538
3543	539
3558	2736
3561	3326
3561	3337
3561	3336
3561	3310
3563	3564
3565	3566
3571	3524
3575	3574
3575	3576
3579	3580
3581	3582
3581	3580
3581	3583
3581	3584
3585	3586
3587	3583
3587	3584
3588	3582
3588	3580
3588	3583
3588	3584
3589	3586
3590	3582
3590	3580
3590	3583
3590	3584
3594	3595
3596	444
3598	3599
3598	3600
3598	3601
3602	3603
3602	3604
3602	3605
3602	3606
3602	3607
3609	3610
3609	3611
3612	3548
3612	3613
3612	3614
3612	3615
3612	3616
3612	3617
3612	3618
3612	486
3612	3619
3612	3620
3612	3621
3612	3622
3612	3623
3612	3624
3612	3625
3612	3626
3621	1850
3625	3052
3625	3054
3625	3055
3630	3629
3633	3634
3633	3635
3636	3637
3636	3638
3647	1982
3655	3656
3655	3657
3655	3658
3655	3659
3662	1355
3662	1583
3662	1594
3662	1608
3663	1595
3664	1362
3664	1599
3665	1369
3665	1604
3666	1379
3666	1587
3666	1589
3666	1611
