1	0
1	15
1	16
1	17
1	18
2	1
2	8
2	11
2	14
2	19
2	20
2	21
2	22
2	23
2	24
2	25
2	26
2	27
2	28
2	29
2	30
2	31
2	43
2	44
2	45
2	46
2	47
2	48
3	2
3	122
3	136
3	144
3	145
4	3
5	4
6	5
7	6
8	9
8	10
11	12
11	13
13	49
13	50
31	32
31	33
31	34
31	35
31	36
31	37
31	38
31	39
31	40
31	41
31	42
31	3711
43	3712
43	3715
43	3716
43	3717
44	3720
44	3724
44	3725
44	3726
44	3727
44	3728
44	3729
44	3730
52	51
52	55
52	58
52	61
52	67
52	68
52	69
52	70
52	71
52	72
52	73
52	74
52	75
52	76
52	77
52	121
52	150
52	151
52	152
52	153
52	154
52	155
52	156
52	157
52	158
52	159
52	160
52	161
53	52
54	53
55	56
55	57
58	59
61	60
61	63
61	64
61	65
61	66
63	62
79	78
79	2835
79	2840
79	2876
79	2877
79	2878
81	80
81	2796
81	2797
81	2798
81	2799
83	82
83	1534
83	2804
83	3403
83	3556
85	84
85	1514
85	2270
85	2800
85	2824
85	3399
85	3553
87	86
87	2174
87	2175
87	2195
87	2196
87	2404
87	2504
87	2505
87	2506
87	2507
87	2508
87	2509
87	2510
87	2511
87	2512
87	2513
87	2514
87	2515
87	2516
87	2517
87	2518
87	2521
87	2522
87	2523
87	2524
87	2525
87	2526
87	2527
87	2528
87	2529
87	2530
87	2614
87	2615
87	2616
87	2617
87	2618
87	2619
87	2620
88	87
88	2612
88	2613
90	89
90	1515
90	2801
90	2802
90	2803
91	90
91	2271
91	2818
92	91
93	91
93	315
93	318
93	319
93	327
93	329
93	333
93	370
93	373
93	402
93	422
93	501
93	567
93	587
93	593
93	599
93	603
93	608
93	613
93	614
93	622
93	630
93	631
93	1529
93	1559
93	1567
93	1575
93	1943
93	1978
93	2009
93	2425
93	2629
93	1938
93	2791
93	2790
93	2822
93	3157
93	3184
93	3286
93	3289
93	3405
93	3407
93	3415
93	3419
93	3423
93	2657
93	876
93	3427
93	3432
93	3441
93	3457
93	3463
93	3467
93	3469
93	3472
93	3474
93	3477
93	3485
93	3497
93	3504
93	3567
93	3571
93	3578
93	3582
93	3585
93	2658
93	878
93	879
93	880
93	3589
93	3594
93	3607
93	308
93	3803
95	94
95	99
95	3535
97	96
97	102
97	3229
97	3233
97	3234
97	3236
97	3250
98	97
98	3239
98	3243
98	3247
98	3251
98	3252
98	3255
98	3256
99	98
99	1546
99	1586
101	100
102	101
102	3257
104	103
104	2034
104	2035
104	2036
104	2037
105	104
105	767
105	978
105	1941
105	1942
105	1945
105	1946
105	1958
105	2016
105	2028
105	2033
105	2038
105	2039
105	2098
105	2125
105	2138
105	3390
105	3559
105	3838
105	3839
105	3840
105	3841
105	3842
107	106
108	107
108	1365
108	1691
108	1726
110	109
110	1326
110	1947
110	1949
110	1952
110	1954
110	2151
110	2152
110	2153
112	111
112	1325
112	1921
112	1948
112	1950
112	1953
112	1955
112	2145
112	2150
112	2154
114	113
115	114
115	1369
115	1373
115	1701
115	1727
115	2015
117	116
119	118
119	1902
119	2030
119	2123
119	2124
119	2134
120	119
120	2103
120	2142
124	123
124	306
124	516
124	601
124	1476
124	2132
124	2700
124	3366
124	3374
124	3380
124	3470
126	125
126	162
126	163
126	164
126	165
126	166
126	167
126	168
126	169
126	170
126	171
126	172
126	177
126	178
126	911
126	1644
126	1726
126	1727
126	1729
126	1731
126	1732
126	1735
126	1741
126	3665
126	3668
128	127
128	1565
128	1585
128	1590
128	1595
128	1596
128	1597
128	1605
129	128
129	829
129	2416
129	3332
129	3383
130	129
130	284
130	554
130	562
130	565
130	652
130	678
130	730
130	912
130	1363
130	1367
130	1432
130	1587
130	1617
130	1742
130	1743
130	1744
130	1745
130	1746
130	1747
130	1748
130	1749
130	1754
130	1755
130	1832
130	1856
130	1876
130	2095
130	2451
130	2456
130	2458
130	2459
130	2461
130	2462
130	2463
130	2466
130	2467
130	2469
130	2470
130	2471
130	2472
130	2474
130	2480
130	2481
130	2482
130	2483
130	2484
130	2485
130	2486
130	2487
130	2488
130	2490
130	2491
130	2492
130	2493
130	2674
130	3377
130	3379
130	3381
130	3382
130	3384
130	3436
130	3439
130	3674
131	130
131	146
131	179
131	305
131	306
131	432
131	482
131	517
131	524
131	583
131	616
131	729
131	790
131	1247
131	1688
131	2285
131	2438
131	2650
131	2708
131	2795
131	3303
131	3373
131	3454
131	3499
132	133
135	134
135	1220
135	1225
135	1233
135	1234
135	1217
135	1228
135	1249
135	1226
135	1227
135	1230
135	1231
135	1232
135	1250
135	1251
135	1240
135	1241
135	1259
136	137
136	138
136	139
136	140
136	141
136	142
136	143
146	147
149	148
173	174
176	175
181	180
180	182
183	184
186	185
188	187
188	1759
188	1760
188	1761
188	1762
188	1763
188	1764
188	1765
188	1766
188	1767
188	1768
188	1769
188	1770
188	1771
188	1772
188	1773
188	1774
188	1775
188	1776
188	1777
188	1778
188	1779
188	1780
188	1781
188	1782
188	1783
188	1784
188	1785
188	1786
188	1787
188	1788
188	1789
188	1790
188	1791
188	1792
188	1793
188	1794
188	1795
188	1796
188	1797
188	1798
188	1799
188	1800
188	1801
188	1802
188	1803
188	1804
189	188
191	190
191	192
191	193
191	194
191	195
191	196
191	197
191	200
199	198
199	201
199	211
199	2586
199	3149
199	3298
199	3333
199	3360
199	3362
202	201
202	203
202	205
202	207
202	209
204	203
204	2280
204	2279
204	2499
204	2584
204	2587
204	3294
206	205
208	207
208	1508
208	2177
208	2585
208	2593
208	2603
208	2794
208	2805
208	2814
208	3319
208	3844
210	209
210	2520
210	3207
210	3230
210	3231
210	3320
213	212
213	214
213	215
217	216
217	1609
217	2051
217	2056
217	2058
217	2061
217	2065
217	2068
217	2069
217	2070
217	2075
217	2076
217	2083
217	2085
217	2088
217	2092
216	220
216	224
216	226
216	228
218	216
219	216
221	220
221	224
221	226
221	228
222	220
222	224
222	226
222	228
223	220
223	224
223	226
223	228
225	224
227	226
227	228
230	229
230	231
230	234
230	238
230	239
230	241
230	280
230	244
230	245
230	246
230	247
230	281
230	248
230	249
230	250
230	254
230	261
230	264
230	265
230	268
230	266
230	267
230	269
230	270
230	271
230	272
230	273
230	274
230	275
230	277
229	231
229	234
229	235
229	236
229	237
229	238
229	243
229	244
229	245
229	246
229	247
229	248
229	249
229	250
229	251
229	252
229	253
229	254
229	255
229	256
229	257
229	258
229	259
229	260
229	261
229	262
229	263
229	264
229	265
229	266
229	267
229	268
229	269
229	270
229	271
229	272
229	273
229	274
229	275
229	276
229	277
231	232
231	233
238	239
238	240
238	241
238	242
238	281
238	282
240	280
272	2621
272	2622
279	278
284	283
284	285
284	286
284	287
284	288
284	289
284	290
284	291
284	292
284	293
284	294
284	295
284	296
284	297
284	298
284	299
284	300
284	301
284	302
304	303
304	369
304	399
304	458
304	484
304	622
304	2009
304	2173
304	357
304	2649
304	2677
304	2679
304	2793
304	2880
304	3324
304	3396
304	3502
304	3504
304	2678
304	3737
304	3738
304	3739
304	3740
304	3741
304	3742
304	3743
304	3744
304	3745
304	3746
304	3747
304	3748
304	3749
304	3750
304	3751
304	3752
304	3753
304	308
304	3787
308	307
308	314
307	309
307	310
310	311
310	315
311	312
311	318
314	313
314	310
314	319
316	315
315	312
317	316
317	318
317	319
317	366
317	367
317	368
317	369
317	370
317	372
317	373
317	374
317	385
317	386
317	393
317	394
317	398
317	399
317	400
317	401
317	402
317	405
317	406
317	422
317	584
317	614
317	661
317	662
317	663
317	673
317	1340
317	1519
317	1529
317	1613
317	1933
317	1943
317	2009
317	378
317	379
317	2099
317	1938
317	2791
317	3401
317	3405
317	3427
317	3455
317	3480
317	3481
317	3497
317	3501
317	3506
317	3516
317	3517
317	3518
317	3560
317	3594
317	3626
317	3627
317	3629
317	3632
320	319
320	551
320	1453
320	1828
320	2891
320	3429
320	310
320	3732
320	3733
320	3734
320	3735
320	3736
319	311
322	321
322	323
325	324
325	1616
325	2424
325	2429
325	2430
325	2994
325	3260
325	3279
327	326
327	329
327	333
326	329
326	333
328	327
328	1611
328	1620
328	1621
328	1623
328	1622
328	1619
328	2093
328	2098
328	2713
329	330
329	331
329	332
333	334
336	335
336	351
338	337
338	343
339	338
339	347
339	348
339	353
340	338
340	344
340	347
340	348
342	341
346	345
346	352
346	975
346	2113
346	2447
350	349
350	797
355	354
355	428
355	605
355	1528
355	1609
355	2165
355	2168
355	2238
355	356
355	2813
355	3487
355	2678
355	3761
355	3768
354	356
354	357
359	358
361	360
361	2414
361	3782
361	3799
363	362
363	364
363	365
363	1413
363	1416
363	1425
363	1426
363	1439
363	1479
363	1480
363	1499
363	1500
363	1516
363	1517
363	1518
363	1520
363	1522
363	1523
363	3206
363	3628
363	3652
363	3765
363	3767
363	3783
370	371
374	375
374	376
374	377
374	380
374	381
374	382
374	383
377	378
377	379
385	384
385	629
385	2010
385	2099
385	2704
385	3480
385	3606
386	387
386	390
387	388
387	389
390	391
390	392
394	395
394	396
394	397
400	311
402	403
402	404
407	408
410	409
410	408
412	411
412	1352
412	2714
412	3122
412	3125
412	3132
412	3306
412	3625
414	413
414	1353
414	3123
414	3130
414	3137
414	3309
416	415
416	913
416	924
416	1354
416	2042
416	2043
416	2044
416	2051
416	2056
416	2058
416	2061
416	2065
416	2068
416	2069
416	2070
416	2075
416	2076
416	2083
416	2088
416	2092
416	2680
416	3124
416	3131
416	3138
416	3310
418	417
418	425
418	426
419	420
422	421
422	2105
422	2107
424	423
428	427
428	431
428	436
429	427
431	430
431	434
431	435
431	437
432	433
439	438
439	440
439	441
439	447
439	448
443	442
443	3788
444	442
444	445
444	446
450	449
450	2631
449	451
449	452
449	453
455	454
457	456
457	459
457	460
457	461
457	462
457	463
457	464
457	465
457	466
457	481
457	468
457	469
457	470
457	471
457	472
457	473
457	474
457	475
457	476
457	477
458	457
458	467
467	468
467	469
467	470
467	471
467	472
467	473
467	474
467	475
467	476
467	477
479	478
480	478
482	483
484	485
484	486
488	487
488	489
490	491
493	492
495	494
496	497
496	498
500	499
500	508
501	500
501	502
501	503
501	504
501	505
501	506
501	507
501	1956
501	1957
501	1978
501	1980
501	1981
501	2705
501	3199
501	3590
501	308
507	508
510	509
511	510
511	514
513	512
513	515
519	518
521	520
523	522
523	822
524	525
527	526
527	529
527	530
527	532
527	559
527	560
527	561
528	527
528	526
528	529
528	530
532	531
532	545
532	547
532	548
532	549
532	550
532	556
532	558
531	533
531	535
531	536
531	537
531	538
531	539
531	540
531	541
531	542
531	543
531	544
533	534
545	546
551	552
551	553
556	555
556	557
564	563
565	564
565	585
565	602
565	615
565	666
567	566
567	573
567	575
567	576
567	579
567	664
566	569
568	567
568	587
568	593
568	599
568	603
568	622
568	630
568	631
568	1558
568	2629
568	874
568	2664
568	3407
568	3415
568	3419
568	3423
568	2657
568	876
568	3432
568	3441
568	3457
568	3467
568	3469
568	3472
568	3474
568	3477
568	3485
568	3504
568	3567
568	3571
568	3578
568	3582
568	3585
568	2658
568	878
568	879
568	880
568	3589
568	2665
568	3607
571	570
573	572
575	574
575	577
575	578
580	581
580	582
587	586
587	588
587	589
587	590
587	591
587	676
593	592
593	596
593	597
592	594
592	595
599	598
599	600
605	604
605	671
604	606
606	607
608	609
608	610
608	611
613	612
613	669
613	675
618	617
618	3393
619	618
621	620
622	621
622	623
622	626
625	624
626	625
626	665
628	627
631	632
632	633
632	634
632	635
637	636
638	637
638	3424
639	638
639	1559
639	1556
639	1576
639	1620
639	1621
639	1623
639	1622
639	1619
639	1625
639	2627
639	2672
639	2685
639	2686
639	2687
639	2688
639	3389
639	3845
641	640
641	658
641	665
641	676
641	677
642	641
642	643
642	649
642	659
642	660
643	644
643	645
643	646
643	647
643	648
643	650
652	651
654	653
656	655
656	657
668	667
668	674
671	670
671	672
679	680
680	681
680	682
680	683
685	684
684	687
684	688
686	684
686	1382
688	689
688	719
688	723
688	724
688	725
689	690
689	691
689	692
689	693
689	710
689	711
693	694
693	697
693	698
693	699
694	695
694	696
699	700
699	701
699	702
699	703
699	704
699	705
699	709
705	706
705	707
705	708
711	712
711	713
711	714
711	715
715	716
715	717
715	718
719	720
719	721
719	722
727	726
727	728
730	731
733	732
735	734
734	736
734	737
739	738
739	740
739	776
739	1649
739	1656
742	741
743	742
743	753
743	754
744	743
744	751
744	755
744	756
744	757
745	744
745	761
745	785
746	745
746	752
746	800
746	815
747	746
747	758
747	759
747	762
747	763
747	764
747	765
747	793
747	818
747	824
749	748
750	749
750	760
750	2400
750	2825
750	3613
767	766
767	768
767	1982
767	1985
767	2029
767	2038
767	2040
767	2041
770	769
771	769
771	775
771	781
773	772
773	774
778	777
778	779
778	780
778	783
782	781
784	783
785	786
786	787
787	788
788	789
792	791
792	794
796	795
799	798
799	808
798	801
800	799
800	803
800	810
800	814
801	802
803	804
803	807
804	805
804	806
808	809
810	811
810	812
810	813
817	816
820	819
820	821
820	1994
820	1996
820	1997
820	1998
820	1999
820	2000
820	2001
820	2106
824	823
824	825
824	826
824	827
829	828
829	830
830	831
833	832
833	856
833	857
833	862
833	866
833	873
833	874
833	881
833	882
833	883
832	836
832	837
832	842
834	833
834	890
835	834
835	836
835	838
835	840
835	841
835	1445
835	906
835	1851
835	873
835	2634
835	2676
835	881
837	838
837	839
837	840
837	841
842	843
845	844
845	1329
847	846
847	2286
847	2437
848	847
848	846
848	1417
848	680
848	1447
848	1588
848	3378
848	3426
848	3430
850	849
850	905
850	1448
850	2489
850	2673
849	851
851	852
854	853
853	855
857	858
857	859
859	860
859	861
862	863
863	864
863	865
866	867
866	871
866	872
867	868
867	870
868	869
874	875
874	876
874	877
874	878
878	879
878	880
885	884
885	886
888	887
890	889
890	906
890	907
890	908
890	909
890	910
889	891
893	892
895	894
895	1450
894	897
896	895
896	1449
896	1719
896	3367
899	898
899	901
899	902
899	903
899	904
900	899
900	901
913	914
913	919
914	915
914	916
914	917
914	918
919	920
919	921
921	922
921	923
926	925
926	928
926	932
926	935
926	936
926	937
926	968
926	969
926	970
926	971
926	972
927	926
927	930
927	980
927	985
930	929
930	931
930	933
930	934
939	938
939	949
939	956
939	958
939	959
940	939
940	942
942	941
942	954
942	955
942	957
942	960
942	963
944	943
945	944
945	951
947	946
948	947
948	953
951	950
953	952
961	948
961	962
961	940
961	967
962	964
962	965
962	966
974	973
975	974
977	976
977	979
978	977
980	981
980	982
980	983
980	984
985	986
985	987
985	988
985	989
985	990
985	991
985	992
985	993
985	994
985	995
985	996
985	997
985	998
985	999
1001	1000
1001	1003
1001	1004
1001	1007
1001	1008
1001	1009
1002	1001
1002	1006
1002	1067
1002	1012
1006	1005
1011	1010
1011	1013
1011	1016
1011	1017
1011	1019
1012	1011
1012	1015
1012	1064
1012	1069
1012	1070
1012	1071
1012	1072
1012	1073
1012	1074
1012	1075
1012	1081
1012	1082
1012	1083
1015	1014
1015	1018
1021	1020
1021	1035
1022	1021
1022	1024
1022	1052
1022	1055
1024	1023
1024	1033
1024	1034
1024	1036
1026	1025
1027	1026
1027	1032
1027	1046
1027	1048
1029	1028
1030	1029
1030	1039
1030	1050
1030	1060
1032	1031
1038	1037
1039	1038
1039	1041
1039	1042
1039	1044
1041	1040
1042	1043
1044	1045
1046	1047
1048	1049
1050	1051
1052	1053
1052	1054
1055	1056
1055	1057
1055	1058
1055	1059
1062	1061
1062	1063
1064	1065
1064	1066
1067	1068
1075	1076
1075	1077
1075	1078
1075	1079
1075	1080
1085	1084
1085	1089
1085	1093
1084	1086
1084	1087
1084	1088
1089	1090
1089	1091
1093	1092
1093	1094
1093	1095
1093	1096
1098	1097
1098	1102
1098	1106
1097	1099
1097	1100
1097	1101
1102	1103
1102	1104
1106	1105
1106	1107
1106	1108
1106	1109
1111	1110
1111	1125
1111	1192
1111	1194
1111	1196
1111	1198
1111	1199
1111	1202
1113	1112
1113	1117
1113	1118
1113	1119
1113	1120
1114	1113
1114	1122
1114	1126
1114	1132
1116	1115
1122	1121
1122	1123
1124	1114
1124	1137
1124	1159
1124	1178
1124	1184
1124	1187
1124	1189
1124	1190
1124	1191
1124	1193
1124	1195
1124	1197
1124	1200
1124	1201
1126	1127
1126	1128
1126	1129
1126	1130
1126	1131
1132	1133
1132	1134
1132	1135
1132	1136
1137	1138
1137	1146
1137	1154
1137	1156
1138	1139
1138	1140
1138	1145
1140	1141
1140	1142
1140	1143
1140	1144
1146	1147
1146	1148
1146	1152
1148	1149
1148	1150
1148	1151
1154	1153
1154	1157
1156	1155
1156	1158
1159	1160
1159	1165
1159	1170
1159	1175
1160	1161
1160	1162
1160	1163
1160	1164
1165	1166
1165	1167
1165	1168
1170	1169
1170	1171
1170	1172
1170	1173
1175	1174
1175	1176
1175	1177
1178	1179
1178	1182
1181	1180
1181	1183
1184	1185
1184	1186
1189	1188
1204	1203
1206	1205
1208	1207
1208	1209
1208	1210
1208	1212
1207	1211
1207	1213
1207	1214
1216	1215
1216	1219
1216	1218
1215	1217
1215	1219
1217	1218
1219	1220
1220	1221
1220	1222
1223	1219
1224	1220
1224	1217
1224	1221
1224	1228
1224	1249
1224	1226
1224	1227
1224	1230
1224	1231
1224	1232
1224	1250
1224	1240
1224	1259
1224	1262
1225	1226
1225	1227
1225	1228
1225	1230
1225	1231
1225	1232
1228	1229
1236	1235
1236	1237
1238	1239
1238	1241
1239	1240
1243	1242
1243	1244
1245	1217
1245	1262
1247	1246
1248	1228
1248	1249
1248	1226
1248	1227
1248	1230
1248	1231
1248	1232
1253	1252
1253	1254
1254	1255
1254	1256
1254	1257
1259	1258
1261	1260
1264	1263
1264	1268
1263	1266
1263	1267
1265	1264
1270	1269
1270	1281
1271	1270
1271	1282
1272	1271
1274	1273
1274	1289
1274	1322
1275	1274
1277	1276
1277	1305
1278	1277
1280	1279
1280	1310
1284	1283
1284	1320
1285	1284
1285	1288
1285	1321
1286	1285
1287	1284
1291	1290
1291	1294
1291	1295
1291	1296
1291	1303
1291	1304
1292	1291
1294	1293
1294	1297
1294	1298
1294	1299
1294	1300
1294	1301
1294	1302
1305	1306
1305	1307
1305	1308
1310	1309
1310	1311
1311	1312
1311	1313
1312	1314
1312	1317
1313	1315
1313	1316
1319	1318
1324	1323
1324	1537
1324	1560
1324	1573
1324	1577
1324	2008
1324	2261
1324	3363
1324	3385
1324	3388
1324	3434
1324	3598
1328	1327
1328	1337
1328	1342
1331	1330
1331	1333
1331	1332
1330	1332
1330	1333
1335	1334
1335	1337
1335	1346
1336	1334
1336	1351
1338	1335
1338	1347
1338	1350
1338	3630
1338	3649
1338	3651
1338	3653
1338	3635
1338	3636
1338	3637
1338	3638
1338	3639
1339	1338
1339	1484
1339	1490
1339	1497
1339	1507
1339	1725
1339	1885
1339	1886
1339	1713
1339	3651
1339	3822
1339	3857
1339	3858
1339	3859
1339	3860
1339	3861
1339	3862
1339	3863
1339	3864
1339	3639
1340	1339
1340	1833
1340	3634
1342	1341
1343	1344
1343	1345
1349	1348
1350	1349
1350	1723
1350	1724
1350	1728
1350	1733
1350	1740
1350	1717
1350	3640
1350	3641
1350	3642
1350	3643
1350	3644
1350	3645
1350	3646
1350	3647
1350	3648
1350	3650
1356	1355
1356	1357
1358	1357
1360	1359
1360	1361
1360	1362
1360	1366
1365	1364
1367	1368
1369	1370
1369	1371
1369	1372
1373	1374
1376	1375
1375	1377
1375	1380
1377	1378
1377	1379
1381	688
1381	1383
1381	1389
1381	1469
1381	1471
1381	1487
1381	1495
1382	1381
1382	1468
1382	1478
1383	689
1383	1384
1383	1385
1383	1388
1383	1397
1383	1401
1383	1409
1384	690
1385	693
1385	1386
1385	1391
1385	1398
1386	699
1386	1387
1386	1392
1386	1394
1386	1400
1386	1406
1386	1408
1386	1427
1387	700
1388	711
1388	1390
1388	1396
1388	1399
1388	1403
1389	1388
1389	1390
1389	1485
1389	723
1390	712
1391	694
1391	1395
1391	1402
1391	1430
1392	705
1392	1393
1392	1405
1392	1407
1393	706
1394	701
1395	697
1396	713
1397	691
1398	698
1399	714
1400	702
1401	692
1402	695
1403	715
1403	1404
1403	1428
1403	1429
1404	716
1405	707
1406	703
1407	708
1408	704
1409	710
1411	1410
1412	1411
1412	1706
1412	1707
1412	1708
1412	3826
1415	1414
1417	680
1417	1424
1417	1481
1418	1417
1419	1417
1420	1417
1420	1731
1420	1905
1421	1417
1421	1732
1421	1906
1422	1417
1422	680
1422	2475
1422	2476
1422	2478
1422	2479
1422	3435
1422	3536
1422	3599
1423	681
1424	1423
1424	682
1427	709
1428	717
1429	718
1430	696
1432	1431
1432	1433
1432	1434
1436	1435
1438	1437
1438	2173
1438	2191
1438	2219
1441	1440
1443	1442
1443	1446
1443	1454
1443	1455
1443	1465
1444	1443
1444	1445
1444	1447
1444	1468
1444	1503
1445	1442
1447	1446
1447	1481
1452	1451
1455	1456
1455	1457
1457	1458
1457	1462
1457	1463
1457	1464
1458	1459
1458	1460
1458	1461
1467	1466
1468	1455
1468	1469
1468	1477
1469	1457
1469	1470
1469	1485
1469	1486
1469	1494
1470	1458
1470	1472
1470	1474
1470	1501
1471	1470
1471	1473
1471	1475
1471	1502
1471	719
1472	1459
1473	1472
1473	720
1474	1460
1475	1474
1475	721
1477	1456
1478	1477
1478	687
1481	1454
1483	1482
1483	1488
1483	1491
1483	1492
1483	1493
1483	1983
1483	2828
1483	3784
1483	3865
1484	1482
1484	1712
1484	1723
1484	1737
1485	1462
1486	1464
1487	1486
1487	725
1490	1489
1490	1728
1494	1463
1495	1494
1495	724
1497	1496
1497	1733
1499	1498
1499	1735
1501	1461
1502	1501
1502	722
1503	1465
1504	1503
1504	1739
1505	1504
1507	1506
1507	1716
1507	1718
1507	1740
1510	1509
1510	2965
1510	2966
1510	2968
1510	2969
1510	2970
1510	2973
1510	2974
1510	2975
1510	2976
1511	1510
1511	2896
1511	2903
1511	2940
1511	2963
1511	2977
1512	1511
1512	2882
1512	2893
1512	2980
1512	2981
1513	1512
1521	282
1521	248
1525	1524
1525	1532
1525	2433
1525	2745
1525	2754
1525	2755
1525	2756
1525	2757
1525	2758
1525	2759
1525	2760
1525	2761
1525	2762
1526	1525
1526	2763
1526	2764
1526	2765
1526	2775
1526	2776
1526	2777
1527	1526
1527	1615
1527	2164
1527	2821
1527	3253
1527	3261
1527	3264
1528	1527
1528	1529
1528	2165
1528	2173
1528	2822
1528	3165
1528	3254
1529	1526
1531	1530
1531	2184
1531	2734
1531	2735
1531	2736
1531	2737
1531	2738
1531	2739
1531	2740
1531	2741
1531	2742
1532	1531
1532	1533
1532	2719
1532	2720
1532	2724
1532	2725
1532	2728
1532	2729
1532	2730
1532	2743
1536	1535
1539	1538
1539	1542
1541	1540
1541	1543
1545	1544
1545	1553
1545	1554
1545	1555
1546	1545
1546	1548
1546	1551
1548	1547
1548	1552
1550	1549
1551	1550
1557	1556
1557	1576
1558	1557
1558	2660
1558	2661
1558	2663
1558	2666
1558	2667
1558	2668
1558	2670
1559	1558
1559	2428
1559	2425
1559	3185
1559	3424
1562	1561
1563	1562
1563	1579
1563	1580
1563	2651
1563	2652
1565	1564
1565	1582
1565	1591
1567	1566
1569	1568
1569	1570
1572	1571
1575	1574
1575	1583
1579	1578
1580	1578
1580	1581
1585	1584
1590	1589
1590	1592
1590	1594
1592	1593
1597	1598
1597	1604
1598	1599
1598	1600
1598	1601
1598	1602
1602	1603
1607	1606
1607	2684
1608	1607
1610	1609
1610	2678
1612	1611
1612	2833
1613	1612
1613	2831
1613	2832
1613	3283
1613	3284
1613	3289
1614	1611
1619	1618
1619	1624
1619	1626
1620	1619
1621	1619
1622	1619
1623	1622
1628	1627
1628	1632
1628	1631
1628	1660
1628	1654
1628	1677
1628	1629
1628	1630
1628	1661
1628	1685
1628	1691
1628	1695
1628	1696
1627	1629
1627	1630
1632	1631
1632	1650
1633	1632
1633	1660
1633	1654
1633	1661
1635	1634
1635	1641
1635	1648
1635	1677
1636	1635
1636	1638
1637	1634
1637	1648
1638	1637
1638	1642
1640	1639
1640	1698
1642	1641
1642	1677
1643	1642
1644	1646
1644	1647
1645	1644
1652	1651
1651	1654
1653	1651
1653	1656
1654	1655
1654	1656
1656	1657
1657	1658
1658	1659
1660	1661
1661	1662
1661	1665
1661	1666
1661	1674
1661	1675
1662	1663
1662	1664
1666	1667
1666	1670
1666	1672
1667	1668
1667	1669
1670	1671
1672	1673
1676	1656
1676	3290
1677	1678
1680	1679
1681	1661
1681	1682
1681	1683
1681	1669
1682	1666
1682	1675
1683	1675
1684	1683
1687	1686
1687	1657
1689	1646
1689	1692
1689	1693
1689	1694
1689	1647
1689	3824
1690	1646
1690	1647
1690	3824
1697	1696
1700	1699
1700	1703
1701	1700
1702	1699
1702	1729
1702	1951
1705	1704
1709	719
1711	1710
1711	1736
1713	1712
1713	1730
1713	1737
1713	1885
1713	1886
1713	3631
1713	3633
1713	3635
1713	3636
1713	3637
1713	3638
1713	3639
1713	1350
1715	1714
1715	1722
1717	1716
1717	1718
1721	1720
1722	1721
1725	1724
1735	1734
1738	1739
1750	1751
1753	1752
1757	1756
1757	1758
1800	1805
1807	1806
1807	1808
1807	1827
1810	1809
1810	1811
1810	1847
1813	1812
1813	1816
1813	1822
1814	1813
1814	1820
1816	1815
1816	1821
1817	1815
1817	1825
1818	1815
1818	1826
1820	1819
1824	1823
1824	1844
1826	1825
1826	1833
1830	1829
1832	1831
1832	1893
1835	1834
1836	1835
1836	1860
1836	1879
1838	1837
1838	1839
1838	1840
1842	1841
1842	1845
1843	1842
1843	1846
1846	1845
1846	1848
1850	1849
1850	1871
1850	1873
1850	1874
1850	1875
1850	1880
1850	1881
1850	1889
1850	3827
1851	866
1851	1852
1851	1861
1852	867
1853	1852
1853	1861
1855	1854
1855	1863
1855	1872
1855	1865
1855	1866
1855	1890
1857	1858
1857	1859
1861	868
1861	871
1863	1862
1862	1864
1862	1869
1862	1870
1864	1865
1864	1866
1864	1867
1864	1868
1878	1877
1883	1882
1883	1884
1888	1887
1888	1891
1888	1892
1895	1894
1897	1896
1899	1898
1901	1900
1901	3658
1901	3659
1901	3660
1901	3661
1902	1903
1902	1904
1908	1907
1908	1909
1908	1910
1908	1911
1908	1914
1913	1912
1916	1915
1917	1916
1917	1918
1917	1919
1917	1920
1923	1922
1923	1926
1923	1927
1923	1929
1923	1975
1923	1977
1925	1924
1925	1928
1925	1976
1925	3758
1925	3759
1925	3760
1931	1930
1931	1938
1930	1933
1930	1934
1930	1935
1932	1930
1933	1939
1933	1940
1935	1936
1935	1937
1942	1941
1942	1944
1942	1945
1942	1946
1960	1959
1959	1961
1959	1962
1962	1963
1965	1964
1964	1966
1966	1967
1967	1968
1970	1969
1970	3731
1969	1971
1969	1972
1969	1973
1969	1974
1978	1979
1985	1984
1987	1986
1987	1988
1987	1990
1987	1992
1987	1993
1990	1989
1990	1991
1995	1994
1995	1998
1995	2000
1995	2001
2003	2002
2004	2003
2006	2005
2006	2022
2006	2023
2007	2006
2007	2024
2007	2026
2010	378
2010	379
2012	2011
2012	2013
2012	2014
2017	2018
2017	2019
2017	3834
2017	3835
2017	3836
2017	3837
2021	2020
2026	2025
2028	2027
2032	2031
2039	2038
2046	2045
2046	2053
2046	2059
2046	2062
2046	2066
2046	2072
2046	2080
2046	2089
2048	2047
2048	2054
2048	2063
2048	2071
2048	2073
2048	2081
2048	2090
2050	2049
2050	2055
2050	2057
2050	2060
2050	2064
2050	2067
2050	2074
2050	2082
2050	2084
2050	2087
2050	2091
2052	2051
2052	2056
2052	2058
2052	2061
2052	2065
2052	2068
2052	2069
2052	2070
2052	2075
2052	2076
2052	2083
2052	2085
2052	2088
2052	2092
2078	2077
2078	2079
2086	2085
2095	2094
2095	2146
2095	2147
2097	2096
2097	2100
2102	2101
2102	2120
2102	2121
2102	2142
2105	2104
2109	2108
2111	2110
2111	2112
2111	2114
2111	2115
2111	2116
2118	2117
2120	2119
2120	2122
2120	2128
2127	2126
2127	2133
2128	2129
2128	2130
2128	2131
2134	2135
2134	2136
2134	2137
2138	2139
2138	2141
2139	2140
2144	2143
2149	2148
2156	2155
2156	2171
2158	2157
2158	2159
2161	2160
2161	2327
2161	2328
2161	2399
2163	2162
2164	2163
2164	2537
2164	2547
2164	2567
2164	2574
2165	2164
2166	2165
2166	2424
2166	356
2166	2430
2166	3761
2166	3763
2166	3764
2166	3768
2166	3769
2168	2167
2168	2190
2170	2169
2170	2322
2171	2172
2177	2176
2177	2435
2177	2436
2177	2503
2177	2532
2177	2591
2177	2592
2177	2597
2177	2599
2177	2600
2177	2605
2177	2606
2177	2607
2179	2178
2178	2180
2178	2181
2181	2182
2181	2183
2185	2186
2185	2187
2187	2188
2187	2189
2192	2193
2192	2194
2198	2197
2198	2202
2198	2203
2198	2206
2198	2211
2198	2212
2198	2213
2199	2198
2199	2237
2200	2199
2200	2201
2200	2238
2201	2198
2203	2204
2203	2205
2206	2207
2206	2208
2206	2209
2206	2210
2213	2214
2216	2215
2217	2216
2217	2218
2217	2220
2222	2221
2222	2224
2222	2225
2222	2226
2222	2234
2223	2222
2228	2227
2228	2252
2228	2253
2228	2255
2228	2256
2227	2229
2227	2230
2227	2231
2227	2232
2227	2233
2236	2235
2236	2239
2236	2246
2236	2247
2236	2248
2236	2249
2236	2250
2237	2236
2237	2242
2237	2244
2238	2237
2241	2240
2241	2243
2242	2241
2242	2251
2244	2245
2253	2254
2258	2257
2260	2259
2263	2262
2263	2264
2263	2265
2263	2266
2263	2267
2269	2268
2273	2272
2273	2278
2272	2274
2272	2275
2272	2276
2272	2277
2280	2279
2280	2993
2282	2281
2282	2283
2282	2284
2288	2287
2290	2289
2290	2294
2290	2295
2290	2296
2290	2297
2290	2298
2290	2299
2290	2300
2290	2301
2291	2290
2291	2330
2292	2291
2292	2304
2292	2325
2292	2349
2292	2401
2292	2421
2292	2422
2293	2291
2303	2302
2303	2347
2303	2376
2304	2306
2304	2307
2304	2308
2304	2309
2304	2310
2304	2311
2304	2312
2304	2313
2304	2314
2305	2304
2305	2349
2316	2315
2316	2407
2317	2316
2319	2318
2319	2409
2321	2320
2322	2321
2324	2323
2324	2374
2324	2398
2325	2324
2325	2363
2326	2325
2330	2329
2330	2332
2330	2333
2330	2335
2330	2337
2330	2339
2330	2341
2330	2343
2330	2345
2330	2375
2329	2331
2333	2334
2335	2336
2337	2338
2339	2340
2341	2342
2343	2344
2345	2346
2349	2348
2349	2359
2349	2377
2349	2405
2348	2350
2348	2351
2348	2352
2348	2353
2348	2354
2348	2355
2348	2356
2348	2357
2359	2358
2359	2386
2361	2360
2361	2387
2363	2362
2363	2388
2362	2365
2362	2366
2362	2367
2362	2368
2362	2369
2362	2370
2362	2371
2362	2372
2362	2373
2364	2363
2377	2378
2377	2379
2377	2380
2377	2381
2377	2382
2377	2383
2377	2384
2377	2385
2388	2389
2388	2390
2388	2391
2388	2392
2388	2393
2388	2394
2388	2395
2388	2396
2388	2397
2402	2401
2403	2402
2403	2434
2407	2406
2409	2408
2411	2410
2411	3187
2411	3188
2411	3189
2412	2411
2413	2412
2416	2415
2416	2417
2416	2418
2416	2423
2420	2419
2426	2425
2426	2627
2426	2656
2426	2657
2426	2658
2427	2426
2427	2653
2427	2655
2428	2427
2428	2659
2432	2431
2439	2440
2439	2441
2439	2442
2444	2443
2444	2445
2447	2446
2447	2448
2447	2449
2451	2450
2451	2460
2451	2468
2450	2452
2450	2453
2450	2454
2450	2455
2458	2457
2463	2464
2463	2465
2472	2473
2477	2476
2495	2494
2495	2497
2495	2983
2495	2984
2495	2985
2495	2986
2495	2987
2495	2988
2496	2495
2496	2982
2496	3849
2499	2498
2499	2894
2499	2989
2499	2992
2501	2500
2501	2502
2520	2519
2532	2531
2532	2533
2533	2534
2535	2536
2537	2538
2537	2539
2537	2540
2537	2541
2537	2542
2537	2543
2537	2544
2537	2545
2537	2546
2547	2548
2547	2551
2547	2552
2547	2553
2547	2554
2547	2555
2547	2564
2547	2565
2547	2566
2548	2549
2548	2550
2555	2556
2555	2559
2555	2560
2555	2561
2555	2562
2555	2563
2556	2557
2556	2558
2567	2568
2567	2569
2567	2570
2567	2571
2567	2572
2567	2573
2574	2575
2574	2576
2578	2577
2578	2580
2578	2581
2578	2583
2579	2578
2581	2582
2585	2584
2585	2589
2587	2586
2587	2589
2589	2588
2589	2590
2595	2594
2595	2596
2599	2598
2602	2601
2602	2604
2603	2602
2603	2608
2608	2609
2608	2610
2612	2611
2624	2623
2626	2625
2629	2628
2629	3425
2629	3586
2629	3587
2631	2630
2631	2632
2631	2633
2634	874
2634	2675
2636	2635
2637	2636
2637	2648
2637	2646
2637	2641
2639	2638
2639	2646
2639	2645
2638	2641
2640	2639
2640	2637
2643	2642
2643	2644
2646	2645
2646	2641
2648	2647
2653	2654
2661	2662
2663	2664
2663	2665
2668	2669
2672	2671
2676	2675
2682	2681
2682	2683
2682	3299
2682	3823
2690	2689
2690	2693
2690	2694
2690	2695
2690	2698
2690	2699
2689	2692
2691	2690
2691	2702
2691	2703
2695	2696
2695	2697
2702	2701
2703	2694
2707	2706
2710	2709
2711	2709
2713	2712
2713	2826
2716	2715
2716	2717
2716	2718
2720	2721
2720	2722
2720	2723
2725	2726
2725	2727
2730	2731
2730	2732
2730	2733
2745	2744
2745	2747
2745	2748
2745	2752
2745	2753
2744	2746
2748	2749
2748	2750
2748	2751
2757	2782
2757	2783
2757	2784
2757	2785
2757	2786
2758	2780
2758	2792
2761	2788
2761	2789
2765	2766
2765	2767
2765	2768
2765	2769
2765	2770
2765	2771
2765	2772
2765	2773
2765	2774
2779	2778
2779	2781
2779	2787
2779	3846
2791	2790
2807	2806
2807	2809
2807	2812
2808	2807
2808	3848
2811	2810
2811	3847
2816	2815
2818	2817
2820	2819
2820	3112
2821	2823
2822	2821
2828	2827
2828	2829
2828	2830
2828	3186
2828	3339
2835	2834
2835	2842
2835	2843
2835	2844
2835	2845
2835	2846
2835	2847
2835	2848
2835	2849
2835	2850
2835	2851
2835	2852
2835	2853
2834	2836
2836	2837
2836	2838
2838	2839
2840	2841
2855	2854
2854	2856
2854	2857
2854	2858
2854	2859
2854	2860
2854	2861
2854	2862
2854	2863
2854	2864
2854	2865
2854	2868
2854	2871
2854	2872
2854	2873
2854	2874
2854	2875
2865	2866
2865	2867
2868	2869
2868	2870
2880	2879
2882	2881
2882	2883
2882	2884
2882	2885
2882	2886
2882	2887
2882	2888
2882	2889
2882	2890
2882	2891
2882	2892
2896	2895
2896	2910
2896	2911
2896	2912
2896	2913
2896	2914
2896	2915
2896	2916
2896	2917
2896	2918
2896	2919
2896	2920
2896	2922
2896	2923
2896	2925
2896	2926
2896	2927
2896	2928
2896	2929
2896	2930
2896	2931
2896	2932
2896	2933
2896	2934
2896	2935
2896	2936
2896	2937
2896	2938
2896	2939
2895	2897
2895	2898
2895	2899
2895	2900
2895	2901
2895	2902
2903	2904
2903	2905
2903	2906
2903	2907
2903	2908
2908	2909
2920	2921
2923	2924
2940	2941
2940	2942
2940	2943
2940	2944
2940	2945
2940	2946
2940	2947
2940	2948
2940	2949
2940	2950
2940	2951
2940	2952
2940	2953
2940	2954
2940	2955
2940	2956
2940	2957
2940	2958
2940	2959
2940	2960
2940	2961
2940	2962
2963	2964
2966	2967
2970	2971
2970	2972
2977	2978
2977	2979
2989	2990
2992	2991
2996	2995
2996	2997
2999	2998
2999	3002
2999	3004
2999	3011
2999	3012
2999	3013
2999	3014
2999	3015
2999	3016
2999	3017
2999	3018
2999	3019
2999	3020
2999	3021
2999	3023
2999	3026
2999	3027
2999	3030
2999	3031
2999	3032
2999	3033
2999	3034
2999	3035
2999	3036
2999	3037
2999	3038
2999	3039
2999	3040
2999	3043
2999	3047
2999	3048
2999	3050
2999	3053
2999	3058
2999	3059
2999	3062
2999	3063
2999	3065
2999	3066
2999	3067
2999	3069
2999	3070
2999	3072
2999	3073
2999	3074
2999	3075
2999	3076
2999	3079
2999	3080
2999	3085
2999	3087
2999	3088
2999	3093
2999	3094
2999	3095
2999	3096
2999	3098
2999	3099
2999	3100
2999	3101
2999	3107
3000	2999
3000	3005
3000	3007
3000	3009
3000	3010
3000	3022
3000	3028
3000	3049
3000	3051
3000	3055
3000	3060
3000	3061
3000	3068
3000	3077
3000	3078
3000	3083
3000	3089
3000	3090
3000	3092
3000	3110
3000	3111
3001	3000
3001	3003
3001	3045
3001	3071
3001	3104
3007	3006
3007	3046
3007	3054
3007	3057
3009	3008
3009	3024
3009	3025
3009	3029
3009	3041
3009	3042
3009	3064
3009	3081
3009	3082
3009	3084
3009	3086
3009	3091
3009	3097
3009	3102
3009	3108
3009	3109
3045	3044
3053	3052
3055	3056
3103	3104
3106	3105
3106	3107
3106	3113
3115	3114
3117	3116
3117	3126
3117	3133
3116	3120
3118	3117
3118	3143
3119	3116
3119	3121
3119	3120
3126	3128
3127	3126
3127	3129
3127	3128
3133	3135
3134	3133
3134	3136
3134	3135
3140	3139
3140	3146
3142	3141
3142	3145
3142	3147
3143	3144
3149	3148
3149	3150
3149	3359
3152	3151
3154	3153
3156	3155
3158	3157
3158	3162
3157	3159
3157	3160
3160	3161
3162	3161
3162	3354
3162	3357
3164	3163
3164	3166
3164	3167
3165	3164
3165	3169
3165	3170
3165	3172
3165	3176
3165	3177
3165	3179
3169	3168
3169	3178
3172	3171
3172	3173
3175	3174
3176	3175
3181	3180
3181	3182
3181	3190
3181	3340
3184	3183
3185	2667
3192	3191
3192	3195
3194	3193
3195	3196
3195	3197
3199	3198
3199	3200
3199	3201
3203	3202
3203	3204
3203	3205
3209	3208
3208	3210
3208	3211
3208	3214
3208	3226
3211	3212
3211	3213
3214	3215
3214	3216
3214	3217
3214	3218
3214	3219
3214	3220
3214	3221
3214	3222
3214	3223
3214	3224
3214	3225
3226	3227
3226	3228
3233	3232
3233	3235
3233	3240
3236	3237
3239	3238
3239	3249
3242	3241
3243	3242
3243	3245
3245	3244
3245	3246
3247	3248
3254	3253
3254	3264
3259	3258
3263	3262
3264	3263
3266	3265
3268	3267
3268	3274
3268	3275
3268	3276
3268	3277
3269	3268
3271	3270
3271	3287
3271	3288
3273	3272
3273	3278
3273	3293
3281	3280
3283	3282
3282	3285
3284	3282
3284	3286
3292	3291
3292	3293
3296	3295
3296	3298
3297	3295
3301	3300
3303	3302
3302	3304
3302	3305
3308	3307
3308	3144
3312	3311
3312	3313
3312	3315
3312	3318
3315	3314
3314	3316
3316	3317
3322	3321
3322	3323
3322	3327
3322	3330
3322	3331
3325	3324
3325	3326
3329	3328
3335	3334
3335	3337
3336	3335
3336	3338
3342	3341
3342	3346
3342	3347
3342	3348
3342	3349
3342	3350
3342	3351
3342	3352
3342	3353
3342	3354
3342	3355
3342	3356
3342	3357
3342	3358
3341	3343
3341	3344
3341	3345
3360	3361
3365	3364
3365	3850
3367	3368
3368	3369
3371	3370
3371	3372
3376	3375
3387	3386
3391	3392
3394	3393
3396	3395
3396	3551
3396	485
3396	486
3398	3397
3398	3552
3401	3400
3401	3428
3401	3554
3402	3400
3405	3404
3405	3557
3407	3406
3407	3409
3407	3410
3409	3408
3410	3411
3413	3412
3415	3414
3415	3417
3417	3416
3419	3418
3419	3422
3418	3420
3418	3421
3424	2668
3424	2657
3432	3431
3432	3433
3438	3437
3439	3438
3439	3471
3439	3498
3439	3505
3439	3610
3441	3440
3441	3444
3441	3446
3441	3447
3441	3450
3441	3600
3440	3442
3444	3443
3446	3445
3446	3448
3446	3449
3451	3452
3451	3453
3457	3456
3457	3460
3457	3461
3456	3458
3456	3459
3463	3462
3463	3464
3463	3465
3467	3466
3467	3468
3474	3473
3474	3475
3477	3476
3477	3479
3477	3482
3477	3608
3479	3478
3479	3483
3479	3484
3487	3486
3487	3512
3486	3488
3488	3489
3488	3490
3491	3492
3491	3493
3491	3494
3496	3495
3496	3510
3496	3521
3501	3500
3500	391
3500	392
3503	3502
3503	3532
3504	3503
3504	3519
3504	3529
3504	3530
3508	3507
3508	3514
3508	3520
3510	3509
3510	3515
3512	3511
3512	3513
3523	3522
3523	3541
3523	3602
3523	3603
3525	3524
3527	3526
3529	3528
3532	3531
3534	3533
3538	3537
3538	3542
3538	3604
3538	3605
3540	3539
3544	3543
3545	3543
3546	3543
3548	3547
3549	3548
3550	3547
3555	3554
3559	3558
3559	3565
3559	3566
3562	3561
3562	3563
3562	3564
3569	3568
3571	3570
3571	3573
3571	3574
3571	3575
3573	3572
3573	3576
3578	3577
3578	3580
3580	3579
3582	3581
3582	3584
3581	3583
3589	3588
3589	3591
3593	3592
3593	3595
3593	3596
3593	3597
3601	3600
3601	3608
3601	3484
3610	3609
3612	3611
3615	3614
3615	3622
3614	3616
3614	3617
3614	3618
3614	3619
3614	3620
3614	3621
3624	3623
3632	3631
3632	3856
3632	1339
3634	3633
3634	3857
3634	3858
3634	3859
3634	3860
3634	3861
3634	3862
3634	3863
3634	3864
3634	1338
3634	3639
3640	1348
3653	3640
3653	3641
3653	3642
3653	3643
3653	3644
3653	3645
3653	3646
3653	3647
3653	3648
3655	3654
3655	3656
3655	3657
3663	3662
3664	3662
3666	3667
3670	3669
3672	3671
3672	3673
3674	3675
3676	3677
3676	3678
3676	3679
3676	3680
3676	3681
3676	3682
3676	3683
3676	3684
3676	3685
3676	3686
3676	3687
3676	3688
3676	3689
3676	3690
3691	3692
3691	3693
3691	3694
3691	3695
3691	3696
3691	3697
3691	3698
3691	3699
3691	3700
3691	3701
3691	3702
3691	3703
3691	3704
3691	3705
3691	3706
3691	3707
3708	3709
3708	3710
3712	3713
3712	3714
3718	3719
3720	3721
3720	3722
3720	3723
3731	1971
3731	1972
3731	1973
3731	1974
3732	552
3732	553
3741	623
3741	621
3741	626
3749	2879
3752	3519
3752	3530
3752	3529
3752	3503
3754	3755
3756	3757
3762	3705
3766	3765
3766	3767
3770	3771
3772	3773
3772	3771
3772	3774
3772	3775
3776	3777
3778	3774
3778	3775
3779	3773
3779	3771
3779	3774
3779	3775
3780	3777
3781	3773
3781	3771
3781	3774
3781	3775
3785	3786
3787	457
3789	3790
3789	3791
3789	3792
3793	3794
3793	3795
3793	3796
3793	3797
3793	3798
3800	3801
3800	3802
3803	3738
3803	3804
3803	3805
3803	3806
3803	3807
3803	3808
3803	3809
3803	500
3803	3810
3803	3811
3803	3812
3803	3813
3803	3814
3803	3815
3803	3816
3803	3817
3812	1979
3816	3198
3816	3200
3816	3201
3818	3819
3818	3820
3818	3821
3825	3824
3828	3829
3828	3830
3831	3832
3831	3833
3843	2111
3851	3852
3851	3853
3851	3854
3851	3855
3858	1482
3858	1712
3858	1723
3858	1737
3859	1724
3860	1489
3860	1728
3861	1496
3861	1733
3862	1506
3862	1716
3862	1718
3862	1740
