1	0
1	15
1	16
1	17
1	18
2	1
2	8
2	11
2	14
2	19
2	20
2	21
2	22
2	23
2	24
2	25
2	26
2	27
2	28
2	29
2	30
2	31
2	43
2	44
2	45
2	46
2	47
2	48
3	2
3	122
3	136
3	144
3	145
4	3
5	4
6	5
7	6
8	9
8	10
11	12
11	13
13	49
13	50
31	32
31	33
31	34
31	35
31	36
31	37
31	38
31	39
31	40
31	41
31	42
31	3724
43	3725
43	3728
43	3729
43	3730
44	3733
44	3737
44	3738
44	3739
44	3740
44	3741
44	3742
44	3743
52	51
52	55
52	58
52	61
52	67
52	68
52	69
52	70
52	71
52	72
52	73
52	74
52	75
52	76
52	77
52	121
52	150
52	151
52	152
52	153
52	154
52	155
52	156
52	157
52	158
52	159
52	160
52	161
53	52
54	53
55	56
55	57
58	59
61	60
61	63
61	64
61	65
61	66
63	62
79	78
79	2848
79	2853
79	2889
79	2890
79	2891
81	80
81	2809
81	2810
81	2811
81	2812
83	82
83	1543
83	2817
83	3416
83	3569
85	84
85	1523
85	2278
85	2813
85	2837
85	3412
85	3566
87	86
87	2182
87	2183
87	2203
87	2204
87	2412
87	2515
87	2516
87	2517
87	2518
87	2519
87	2520
87	2521
87	2522
87	2523
87	2524
87	2525
87	2526
87	2527
87	2528
87	2529
87	2532
87	2533
87	2534
87	2535
87	2536
87	2537
87	2538
87	2539
87	2540
87	2541
87	2625
87	2626
87	2627
87	2628
87	2629
87	2630
87	2631
88	87
88	2623
88	2624
90	89
90	1524
90	2814
90	2815
90	2816
91	90
91	2279
91	2831
92	91
93	91
93	315
93	318
93	319
93	327
93	329
93	333
93	370
93	373
93	402
93	422
93	501
93	567
93	588
93	594
93	600
93	604
93	609
93	614
93	615
93	623
93	631
93	632
93	1538
93	1567
93	1575
93	1583
93	1951
93	1984
93	2017
93	2433
93	2640
93	1946
93	2804
93	2803
93	2835
93	3170
93	3197
93	3299
93	3302
93	3418
93	3420
93	3428
93	3432
93	3436
93	2669
93	878
93	3440
93	3445
93	3454
93	3470
93	3476
93	3480
93	3482
93	3485
93	3487
93	3490
93	3498
93	3510
93	3517
93	3580
93	3584
93	3591
93	3595
93	3598
93	2670
93	880
93	881
93	882
93	3602
93	3607
93	3620
93	308
93	3816
95	94
95	99
95	3548
97	96
97	102
97	3242
97	3246
97	3247
97	3249
97	3263
98	97
98	3252
98	3256
98	3260
98	3264
98	3265
98	3268
98	3269
99	98
99	1554
99	1594
101	100
102	101
102	3270
104	103
104	2042
104	2043
104	2044
104	2045
105	104
105	769
105	987
105	1949
105	1950
105	1953
105	1954
105	1964
105	2024
105	2036
105	2041
105	2046
105	2047
105	2106
105	2133
105	2146
105	3403
105	3572
105	3851
105	3852
105	3853
105	3854
105	3855
107	106
108	107
108	1374
108	1699
108	1734
110	109
110	1335
110	1955
110	1958
110	1960
110	2159
110	2160
110	2161
112	111
112	1334
112	1929
112	1956
112	1959
112	1961
112	2153
112	2158
112	2162
114	113
115	114
115	1378
115	1382
115	1709
115	1735
115	2023
117	116
119	118
119	1910
119	2038
119	2131
119	2132
119	2142
120	119
120	2111
120	2150
124	123
124	306
124	516
124	602
124	1485
124	2140
124	2713
124	3379
124	3387
124	3393
124	3483
126	125
126	162
126	163
126	164
126	165
126	166
126	167
126	168
126	169
126	170
126	171
126	172
126	177
126	178
126	917
126	1652
126	1734
126	1735
126	1737
126	1739
126	1740
126	1743
126	1749
126	3678
126	3681
128	127
128	1573
128	1593
128	1598
128	1603
128	1604
128	1605
128	1613
129	128
129	831
129	2424
129	3345
129	3396
130	129
130	284
130	554
130	562
130	565
130	653
130	680
130	732
130	918
130	1372
130	1376
130	1441
130	1595
130	1625
130	1750
130	1751
130	1752
130	1753
130	1754
130	1755
130	1756
130	1757
130	1762
130	1763
130	1840
130	1864
130	1884
130	2103
130	2462
130	2467
130	2469
130	2470
130	2472
130	2473
130	2474
130	2477
130	2478
130	2480
130	2481
130	2482
130	2483
130	2485
130	2491
130	2492
130	2493
130	2494
130	2495
130	2496
130	2497
130	2498
130	2499
130	2501
130	2502
130	2503
130	2504
130	2687
130	3390
130	3392
130	3394
130	3395
130	3397
130	3449
130	3452
130	3687
131	130
131	146
131	179
131	305
131	306
131	432
131	482
131	517
131	524
131	583
131	617
131	731
131	792
131	1256
131	1696
131	2293
131	2449
131	2661
131	2721
131	2808
131	3316
131	3386
131	3467
131	3512
132	133
135	134
135	1229
135	1234
135	1242
135	1243
135	1226
135	1237
135	1258
135	1235
135	1236
135	1239
135	1240
135	1241
135	1259
135	1260
135	1249
135	1250
135	1268
136	137
136	138
136	139
136	140
136	141
136	142
136	143
146	147
149	148
173	174
176	175
181	180
180	182
183	184
186	185
188	187
188	1767
188	1768
188	1769
188	1770
188	1771
188	1772
188	1773
188	1774
188	1775
188	1776
188	1777
188	1778
188	1779
188	1780
188	1781
188	1782
188	1783
188	1784
188	1785
188	1786
188	1787
188	1788
188	1789
188	1790
188	1791
188	1792
188	1793
188	1794
188	1795
188	1796
188	1797
188	1798
188	1799
188	1800
188	1801
188	1802
188	1803
188	1804
188	1805
188	1806
188	1807
188	1808
188	1809
188	1810
188	1811
188	1812
189	188
191	190
191	192
191	193
191	194
191	195
191	196
191	197
191	200
199	198
199	201
199	211
199	2597
199	3162
199	3311
199	3346
199	3373
199	3375
202	201
202	203
202	205
202	207
202	209
204	203
204	2288
204	2287
204	2510
204	2595
204	2598
204	3307
206	205
208	207
208	1517
208	2185
208	2596
208	2604
208	2614
208	2807
208	2818
208	2827
208	3332
208	3857
210	209
210	2531
210	3220
210	3243
210	3244
210	3333
213	212
213	214
213	215
217	216
217	1617
217	2059
217	2064
217	2066
217	2069
217	2073
217	2076
217	2077
217	2078
217	2083
217	2084
217	2091
217	2093
217	2096
217	2100
216	220
216	224
216	226
216	228
218	216
219	216
221	220
221	224
221	226
221	228
222	220
222	224
222	226
222	228
223	220
223	224
223	226
223	228
225	224
227	226
227	228
230	229
230	231
230	234
230	238
230	239
230	241
230	280
230	244
230	245
230	246
230	247
230	281
230	248
230	249
230	250
230	254
230	261
230	264
230	265
230	268
230	266
230	267
230	269
230	270
230	271
230	272
230	273
230	274
230	275
230	277
229	231
229	234
229	235
229	236
229	237
229	238
229	243
229	244
229	245
229	246
229	247
229	248
229	249
229	250
229	251
229	252
229	253
229	254
229	255
229	256
229	257
229	258
229	259
229	260
229	261
229	262
229	263
229	264
229	265
229	266
229	267
229	268
229	269
229	270
229	271
229	272
229	273
229	274
229	275
229	276
229	277
231	232
231	233
238	239
238	240
238	241
238	242
238	281
238	282
240	280
272	2632
272	2633
279	278
284	283
284	285
284	286
284	287
284	288
284	289
284	290
284	291
284	292
284	293
284	294
284	295
284	296
284	297
284	298
284	299
284	300
284	301
284	302
304	303
304	369
304	399
304	458
304	484
304	623
304	2017
304	2181
304	357
304	2660
304	2690
304	2692
304	2806
304	2893
304	3337
304	3409
304	3515
304	3517
304	2691
304	3750
304	3751
304	3752
304	3753
304	3754
304	3755
304	3756
304	3757
304	3758
304	3759
304	3760
304	3761
304	3762
304	3763
304	3764
304	3765
304	3766
304	308
304	3800
308	307
308	314
307	309
307	310
310	311
310	315
311	312
311	318
314	313
314	310
314	319
316	315
315	312
317	316
317	318
317	319
317	366
317	367
317	368
317	369
317	370
317	372
317	373
317	374
317	385
317	386
317	393
317	394
317	398
317	399
317	400
317	401
317	402
317	405
317	406
317	422
317	584
317	585
317	615
317	662
317	663
317	664
317	674
317	675
317	1349
317	1528
317	1538
317	1621
317	1941
317	1951
317	2017
317	378
317	379
317	2107
317	1946
317	2804
317	3414
317	3418
317	3440
317	3468
317	3493
317	3494
317	3510
317	3514
317	3519
317	3529
317	3530
317	3531
317	3573
317	3607
317	3639
317	3640
317	3642
317	3645
320	319
320	551
320	1462
320	1836
320	2904
320	3442
320	310
320	3745
320	3746
320	3747
320	3748
320	3749
319	311
322	321
322	323
325	324
325	1624
325	2432
325	2437
325	2438
325	3007
325	3273
325	3292
327	326
327	329
327	333
326	329
326	333
328	327
328	1619
328	1628
328	1629
328	1631
328	1630
328	1627
328	2101
328	2106
328	2726
329	330
329	331
329	332
333	334
336	335
336	351
338	337
338	343
339	338
339	347
339	348
339	353
340	338
340	344
340	347
340	348
342	341
346	345
346	352
346	984
346	2121
346	2458
350	349
350	799
355	354
355	428
355	606
355	1537
355	1617
355	2173
355	2176
355	2246
355	356
355	2826
355	3500
355	2691
355	3774
355	3781
354	356
354	357
359	358
361	360
361	2422
361	3795
361	3812
363	362
363	364
363	365
363	1422
363	1425
363	1434
363	1435
363	1448
363	1488
363	1489
363	1508
363	1509
363	1525
363	1526
363	1527
363	1529
363	1531
363	1532
363	3219
363	3641
363	3665
363	3778
363	3780
363	3796
370	371
374	375
374	376
374	377
374	380
374	381
374	382
374	383
377	378
377	379
385	384
385	630
385	2018
385	2107
385	2717
385	3493
385	3619
386	387
386	390
387	388
387	389
390	391
390	392
394	395
394	396
394	397
400	311
402	403
402	404
407	408
410	409
410	408
412	411
412	1361
412	2727
412	3135
412	3138
412	3145
412	3319
412	3638
414	413
414	1362
414	3136
414	3143
414	3150
414	3322
416	415
416	919
416	933
416	1363
416	2050
416	2051
416	2052
416	2059
416	2064
416	2066
416	2069
416	2073
416	2076
416	2077
416	2078
416	2083
416	2084
416	2091
416	2096
416	2100
416	2693
416	3137
416	3144
416	3151
416	3323
418	417
418	425
418	426
419	420
422	421
422	2113
422	2115
424	423
428	427
428	431
428	436
429	427
431	430
431	434
431	435
431	437
432	433
439	438
439	440
439	441
439	447
439	448
443	442
443	3801
444	442
444	445
444	446
450	449
450	2642
449	451
449	452
449	453
455	454
457	456
457	459
457	460
457	461
457	462
457	463
457	464
457	465
457	466
457	481
457	468
457	469
457	470
457	471
457	472
457	473
457	474
457	475
457	476
457	477
458	457
458	467
467	468
467	469
467	470
467	471
467	472
467	473
467	474
467	475
467	476
467	477
479	478
480	478
482	483
484	485
484	486
488	487
488	489
490	491
493	492
495	494
496	497
496	498
500	499
500	508
501	500
501	502
501	503
501	504
501	505
501	506
501	507
501	1962
501	1963
501	1984
501	1986
501	1987
501	2718
501	3212
501	3603
501	308
507	508
510	509
511	510
511	514
513	512
513	515
519	518
521	520
523	522
523	824
524	525
527	526
527	529
527	530
527	532
527	559
527	560
527	561
528	527
528	526
528	529
528	530
532	531
532	545
532	547
532	548
532	549
532	550
532	556
532	558
531	533
531	535
531	536
531	537
531	538
531	539
531	540
531	541
531	542
531	543
531	544
533	534
545	546
551	552
551	553
556	555
556	557
564	563
565	564
565	586
565	603
565	616
565	667
567	566
567	573
567	575
567	576
567	579
567	665
566	569
568	567
568	588
568	594
568	600
568	604
568	623
568	631
568	632
568	1566
568	2640
568	876
568	2677
568	3420
568	3428
568	3432
568	3436
568	2669
568	878
568	3445
568	3454
568	3470
568	3480
568	3482
568	3485
568	3487
568	3490
568	3498
568	3517
568	3580
568	3584
568	3591
568	3595
568	3598
568	2670
568	880
568	881
568	882
568	3602
568	2678
568	3620
571	570
573	572
575	574
575	577
575	578
580	581
580	582
588	587
588	589
588	590
588	591
588	592
588	678
594	593
594	597
594	598
593	595
593	596
600	599
600	601
606	605
606	672
605	607
607	608
609	610
609	611
609	612
614	613
614	670
614	677
619	618
619	3406
620	619
622	621
623	622
623	624
623	627
626	625
627	626
627	666
629	628
632	633
633	634
633	635
633	636
638	637
639	638
639	3437
640	639
640	1567
640	1564
640	1584
640	1628
640	1629
640	1631
640	1630
640	1627
640	1633
640	2638
640	2685
640	2698
640	2699
640	2700
640	2701
640	3402
640	3858
642	641
642	659
642	666
642	678
642	679
643	642
643	644
643	650
643	660
643	661
644	645
644	646
644	647
644	648
644	649
644	651
653	652
655	654
657	656
657	658
669	668
669	676
672	671
672	673
681	682
682	683
682	684
682	685
687	686
686	689
686	690
688	686
688	1391
690	691
690	721
690	725
690	726
690	727
691	692
691	693
691	694
691	695
691	712
691	713
695	696
695	699
695	700
695	701
696	697
696	698
701	702
701	703
701	704
701	705
701	706
701	707
701	711
707	708
707	709
707	710
713	714
713	715
713	716
713	717
717	718
717	719
717	720
721	722
721	723
721	724
729	728
729	730
732	733
735	734
737	736
736	738
736	739
741	740
741	742
741	778
741	1657
741	1664
744	743
745	744
745	755
745	756
746	745
746	753
746	757
746	758
746	759
747	746
747	763
747	787
748	747
748	754
748	802
748	817
749	748
749	760
749	761
749	764
749	765
749	766
749	767
749	795
749	820
749	826
751	750
752	751
752	762
752	2408
752	2838
752	3626
769	768
769	770
769	1988
769	1991
769	2037
769	2046
769	2048
769	2049
772	771
773	771
773	777
773	783
775	774
775	776
780	779
780	781
780	782
780	785
784	783
786	785
787	788
788	789
789	790
790	791
794	793
794	796
798	797
801	800
801	810
800	803
802	801
802	805
802	812
802	816
803	804
805	806
805	809
806	807
806	808
810	811
812	813
812	814
812	815
819	818
822	821
822	823
822	2001
822	2003
822	2004
822	2005
822	2006
822	2007
822	2008
822	2009
822	2114
826	825
826	827
826	828
826	829
831	830
831	832
832	833
835	834
835	858
835	859
835	864
835	868
835	875
835	876
835	883
835	884
835	885
835	886
835	887
834	838
834	839
834	844
836	835
836	894
837	836
837	838
837	840
837	842
837	843
837	1454
837	912
837	1859
837	875
837	2645
837	2689
837	884
839	840
839	841
839	842
839	843
844	845
847	846
847	1338
849	848
849	2294
849	2445
849	2446
849	2447
849	2448
850	849
850	848
850	1426
850	682
850	1456
850	1596
850	3391
850	3439
850	3443
852	851
852	911
852	1457
852	2500
852	2686
851	853
853	854
856	855
855	857
859	860
859	861
861	862
861	863
864	865
865	866
865	867
868	869
868	873
868	874
869	870
869	872
870	871
876	877
876	878
876	879
876	880
880	881
880	882
889	888
889	890
892	891
894	893
894	912
894	913
894	914
894	915
894	916
893	895
897	896
899	898
899	1459
898	901
900	899
900	1458
900	1727
900	3380
903	902
903	905
903	906
903	907
903	909
903	910
904	903
904	905
907	908
919	920
919	925
919	926
920	921
920	922
920	923
920	924
925	931
925	932
926	927
926	928
928	929
928	930
935	934
935	937
935	941
935	944
935	945
935	946
935	977
935	978
935	979
935	980
935	981
936	935
936	939
936	989
936	994
939	938
939	940
939	942
939	943
948	947
948	958
948	965
948	967
948	968
949	948
949	951
951	950
951	963
951	964
951	966
951	969
951	972
953	952
954	953
954	960
956	955
957	956
957	962
960	959
962	961
970	957
970	971
970	949
970	976
971	973
971	974
971	975
983	982
984	983
986	985
986	988
987	986
989	990
989	991
989	992
989	993
994	995
994	996
994	997
994	998
994	999
994	1000
994	1001
994	1002
994	1003
994	1004
994	1005
994	1006
994	1007
994	1008
1010	1009
1010	1012
1010	1013
1010	1016
1010	1017
1010	1018
1011	1010
1011	1015
1011	1076
1011	1021
1015	1014
1020	1019
1020	1022
1020	1025
1020	1026
1020	1028
1021	1020
1021	1024
1021	1073
1021	1078
1021	1079
1021	1080
1021	1081
1021	1082
1021	1083
1021	1084
1021	1090
1021	1091
1021	1092
1024	1023
1024	1027
1030	1029
1030	1044
1031	1030
1031	1033
1031	1061
1031	1064
1033	1032
1033	1042
1033	1043
1033	1045
1035	1034
1036	1035
1036	1041
1036	1055
1036	1057
1038	1037
1039	1038
1039	1048
1039	1059
1039	1069
1041	1040
1047	1046
1048	1047
1048	1050
1048	1051
1048	1053
1050	1049
1051	1052
1053	1054
1055	1056
1057	1058
1059	1060
1061	1062
1061	1063
1064	1065
1064	1066
1064	1067
1064	1068
1071	1070
1071	1072
1073	1074
1073	1075
1076	1077
1084	1085
1084	1086
1084	1087
1084	1088
1084	1089
1094	1093
1094	1098
1094	1102
1093	1095
1093	1096
1093	1097
1098	1099
1098	1100
1102	1101
1102	1103
1102	1104
1102	1105
1107	1106
1107	1111
1107	1115
1106	1108
1106	1109
1106	1110
1111	1112
1111	1113
1115	1114
1115	1116
1115	1117
1115	1118
1120	1119
1120	1134
1120	1201
1120	1203
1120	1205
1120	1207
1120	1208
1120	1211
1122	1121
1122	1126
1122	1127
1122	1128
1122	1129
1123	1122
1123	1131
1123	1135
1123	1141
1125	1124
1131	1130
1131	1132
1133	1123
1133	1146
1133	1168
1133	1187
1133	1193
1133	1196
1133	1198
1133	1199
1133	1200
1133	1202
1133	1204
1133	1206
1133	1209
1133	1210
1135	1136
1135	1137
1135	1138
1135	1139
1135	1140
1141	1142
1141	1143
1141	1144
1141	1145
1146	1147
1146	1155
1146	1163
1146	1165
1147	1148
1147	1149
1147	1154
1149	1150
1149	1151
1149	1152
1149	1153
1155	1156
1155	1157
1155	1161
1157	1158
1157	1159
1157	1160
1163	1162
1163	1166
1165	1164
1165	1167
1168	1169
1168	1174
1168	1179
1168	1184
1169	1170
1169	1171
1169	1172
1169	1173
1174	1175
1174	1176
1174	1177
1179	1178
1179	1180
1179	1181
1179	1182
1184	1183
1184	1185
1184	1186
1187	1188
1187	1191
1190	1189
1190	1192
1193	1194
1193	1195
1198	1197
1213	1212
1215	1214
1217	1216
1217	1218
1217	1219
1217	1221
1216	1220
1216	1222
1216	1223
1225	1224
1225	1228
1225	1227
1224	1226
1224	1228
1226	1227
1228	1229
1229	1230
1229	1231
1232	1228
1233	1229
1233	1226
1233	1230
1233	1237
1233	1258
1233	1235
1233	1236
1233	1239
1233	1240
1233	1241
1233	1259
1233	1249
1233	1268
1233	1271
1234	1235
1234	1236
1234	1237
1234	1239
1234	1240
1234	1241
1237	1238
1245	1244
1245	1246
1247	1248
1247	1250
1248	1249
1252	1251
1252	1253
1254	1226
1254	1271
1256	1255
1257	1237
1257	1258
1257	1235
1257	1236
1257	1239
1257	1240
1257	1241
1262	1261
1262	1263
1263	1264
1263	1265
1263	1266
1268	1267
1270	1269
1273	1272
1273	1277
1272	1275
1272	1276
1274	1273
1279	1278
1279	1290
1280	1279
1280	1291
1281	1280
1283	1282
1283	1298
1283	1331
1284	1283
1286	1285
1286	1314
1287	1286
1289	1288
1289	1319
1293	1292
1293	1329
1294	1293
1294	1297
1294	1330
1295	1294
1296	1293
1300	1299
1300	1303
1300	1304
1300	1305
1300	1312
1300	1313
1301	1300
1303	1302
1303	1306
1303	1307
1303	1308
1303	1309
1303	1310
1303	1311
1314	1315
1314	1316
1314	1317
1319	1318
1319	1320
1320	1321
1320	1322
1321	1323
1321	1326
1322	1324
1322	1325
1328	1327
1333	1332
1333	1568
1333	1581
1333	1585
1333	2016
1333	2269
1333	3376
1333	3398
1333	3401
1333	3447
1333	3611
1337	1336
1337	1346
1337	1351
1340	1339
1340	1342
1340	1341
1339	1341
1339	1342
1344	1343
1344	1346
1344	1355
1345	1343
1345	1360
1347	1344
1347	1356
1347	1359
1347	3643
1347	3662
1347	3664
1347	3666
1347	3648
1347	3649
1347	3650
1347	3651
1347	3652
1348	1347
1348	1493
1348	1499
1348	1506
1348	1516
1348	1733
1348	1893
1348	1894
1348	1721
1348	3664
1348	3835
1348	3870
1348	3871
1348	3872
1348	3873
1348	3874
1348	3875
1348	3876
1348	3877
1348	3652
1349	1348
1349	1841
1349	3647
1351	1350
1352	1353
1352	1354
1358	1357
1359	1358
1359	1731
1359	1732
1359	1736
1359	1741
1359	1748
1359	1725
1359	3653
1359	3654
1359	3655
1359	3656
1359	3657
1359	3658
1359	3659
1359	3660
1359	3661
1359	3663
1365	1364
1365	1366
1367	1366
1369	1368
1369	1370
1369	1371
1369	1375
1374	1373
1376	1377
1378	1379
1378	1380
1378	1381
1382	1383
1385	1384
1384	1386
1384	1389
1386	1387
1386	1388
1390	690
1390	1392
1390	1398
1390	1478
1390	1480
1390	1496
1390	1504
1391	1390
1391	1477
1391	1487
1392	691
1392	1393
1392	1394
1392	1397
1392	1406
1392	1410
1392	1418
1393	692
1394	695
1394	1395
1394	1400
1394	1407
1395	701
1395	1396
1395	1401
1395	1403
1395	1409
1395	1415
1395	1417
1395	1436
1396	702
1397	713
1397	1399
1397	1405
1397	1408
1397	1412
1398	1397
1398	1399
1398	1494
1398	725
1399	714
1400	696
1400	1404
1400	1411
1400	1439
1401	707
1401	1402
1401	1414
1401	1416
1402	708
1403	703
1404	699
1405	715
1406	693
1407	700
1408	716
1409	704
1410	694
1411	697
1412	717
1412	1413
1412	1437
1412	1438
1413	718
1414	709
1415	705
1416	710
1417	706
1418	712
1420	1419
1421	1420
1421	1714
1421	1715
1421	1716
1421	3839
1424	1423
1426	682
1426	1433
1426	1490
1427	1426
1428	1426
1429	1426
1429	1739
1429	1913
1430	1426
1430	1740
1430	1914
1431	1426
1431	682
1431	2486
1431	2487
1431	2489
1431	2490
1431	3448
1431	3549
1431	3612
1432	683
1433	1432
1433	684
1436	711
1437	719
1438	720
1439	698
1441	1440
1441	1442
1441	1443
1445	1444
1447	1446
1447	2181
1447	2199
1447	2227
1450	1449
1452	1451
1452	1455
1452	1463
1452	1464
1452	1474
1453	1452
1453	1454
1453	1456
1453	1477
1453	1512
1454	1451
1456	1455
1456	1490
1461	1460
1464	1465
1464	1466
1466	1467
1466	1471
1466	1472
1466	1473
1467	1468
1467	1469
1467	1470
1476	1475
1477	1464
1477	1478
1477	1486
1478	1466
1478	1479
1478	1494
1478	1495
1478	1503
1479	1467
1479	1481
1479	1483
1479	1510
1480	1479
1480	1482
1480	1484
1480	1511
1480	721
1481	1468
1482	1481
1482	722
1483	1469
1484	1483
1484	723
1486	1465
1487	1486
1487	689
1490	1463
1492	1491
1492	1497
1492	1500
1492	1501
1492	1502
1492	1989
1492	2841
1492	3797
1492	3878
1493	1491
1493	1720
1493	1731
1493	1745
1494	1471
1495	1473
1496	1495
1496	727
1499	1498
1499	1736
1503	1472
1504	1503
1504	726
1506	1505
1506	1741
1508	1507
1508	1743
1510	1470
1511	1510
1511	724
1512	1474
1513	1512
1513	1747
1514	1513
1516	1515
1516	1724
1516	1726
1516	1748
1519	1518
1519	2978
1519	2979
1519	2981
1519	2982
1519	2983
1519	2986
1519	2987
1519	2988
1519	2989
1520	1519
1520	2909
1520	2916
1520	2953
1520	2976
1520	2990
1521	1520
1521	2895
1521	2906
1521	2993
1521	2994
1522	1521
1530	282
1530	248
1534	1533
1534	1541
1534	2441
1534	2758
1534	2767
1534	2768
1534	2769
1534	2770
1534	2771
1534	2772
1534	2773
1534	2774
1534	2775
1535	1534
1535	2776
1535	2777
1535	2778
1535	2788
1535	2789
1535	2790
1536	1535
1536	1623
1536	2172
1536	2834
1536	3266
1536	3274
1536	3277
1537	1536
1537	1538
1537	2173
1537	2181
1537	2835
1537	3178
1537	3267
1538	1535
1540	1539
1540	2192
1540	2747
1540	2748
1540	2749
1540	2750
1540	2751
1540	2752
1540	2753
1540	2754
1540	2755
1541	1540
1541	1542
1541	2732
1541	2733
1541	2737
1541	2738
1541	2741
1541	2742
1541	2743
1541	2756
1545	1544
1547	1546
1547	1550
1549	1548
1549	1551
1553	1552
1553	1561
1553	1562
1553	1563
1554	1553
1554	1556
1554	1559
1556	1555
1556	1560
1558	1557
1559	1558
1565	1564
1565	1584
1566	1565
1566	2673
1566	2674
1566	2676
1566	2679
1566	2680
1566	2681
1566	2683
1567	1566
1567	2436
1567	2433
1567	3198
1567	3437
1570	1569
1571	1570
1571	1587
1571	1588
1571	2662
1571	2663
1573	1572
1573	1590
1573	1599
1575	1574
1577	1576
1577	1578
1580	1579
1583	1582
1583	1591
1587	1586
1588	1586
1588	1589
1593	1592
1598	1597
1598	1600
1598	1602
1600	1601
1605	1606
1605	1612
1606	1607
1606	1608
1606	1609
1606	1610
1610	1611
1615	1614
1615	2697
1616	1615
1618	1617
1618	2691
1620	1619
1620	2846
1621	1620
1621	2844
1621	2845
1621	3296
1621	3297
1621	3302
1622	1619
1627	1626
1627	1632
1627	1634
1628	1627
1629	1627
1630	1627
1631	1630
1636	1635
1636	1640
1636	1639
1636	1668
1636	1662
1636	1685
1636	1637
1636	1638
1636	1669
1636	1693
1636	1699
1636	1703
1636	1704
1635	1637
1635	1638
1640	1639
1640	1658
1641	1640
1641	1668
1641	1662
1641	1669
1643	1642
1643	1649
1643	1656
1643	1685
1644	1643
1644	1646
1645	1642
1645	1656
1646	1645
1646	1650
1648	1647
1648	1706
1650	1649
1650	1685
1651	1650
1652	1654
1652	1655
1653	1652
1660	1659
1659	1662
1661	1659
1661	1664
1662	1663
1662	1664
1664	1665
1665	1666
1666	1667
1668	1669
1669	1670
1669	1673
1669	1674
1669	1682
1669	1683
1670	1671
1670	1672
1674	1675
1674	1678
1674	1680
1675	1676
1675	1677
1678	1679
1680	1681
1684	1664
1684	3303
1685	1686
1688	1687
1689	1669
1689	1690
1689	1691
1689	1677
1690	1674
1690	1683
1691	1683
1692	1691
1695	1694
1695	1665
1697	1654
1697	1700
1697	1701
1697	1702
1697	1655
1697	3837
1698	1654
1698	1655
1698	3837
1705	1704
1708	1707
1708	1711
1709	1708
1710	1707
1710	1737
1710	1957
1713	1712
1717	721
1719	1718
1719	1744
1721	1720
1721	1738
1721	1745
1721	1893
1721	1894
1721	3644
1721	3646
1721	3648
1721	3649
1721	3650
1721	3651
1721	3652
1721	1359
1723	1722
1723	1730
1725	1724
1725	1726
1729	1728
1730	1729
1733	1732
1743	1742
1746	1747
1758	1759
1761	1760
1765	1764
1765	1766
1808	1813
1815	1814
1815	1816
1815	1835
1818	1817
1818	1819
1818	1855
1821	1820
1821	1824
1821	1830
1822	1821
1822	1828
1824	1823
1824	1829
1825	1823
1825	1833
1826	1823
1826	1834
1828	1827
1832	1831
1832	1852
1834	1833
1834	1841
1838	1837
1840	1839
1840	1901
1843	1842
1844	1843
1844	1868
1844	1887
1846	1845
1846	1847
1846	1848
1850	1849
1850	1853
1851	1850
1851	1854
1854	1853
1854	1856
1858	1857
1858	1879
1858	1881
1858	1882
1858	1883
1858	1888
1858	1889
1858	1897
1858	3840
1859	868
1859	1860
1859	1869
1860	869
1861	1860
1861	1869
1863	1862
1863	1871
1863	1880
1863	1873
1863	1874
1863	1898
1865	1866
1865	1867
1869	870
1869	873
1871	1870
1870	1872
1870	1877
1870	1878
1872	1873
1872	1874
1872	1875
1872	1876
1886	1885
1891	1890
1891	1892
1896	1895
1896	1899
1896	1900
1903	1902
1905	1904
1907	1906
1909	1908
1909	3671
1909	3672
1909	3673
1909	3674
1910	1911
1910	1912
1916	1915
1916	1917
1916	1918
1916	1919
1916	1922
1921	1920
1924	1923
1925	1924
1925	1926
1925	1927
1925	1928
1931	1930
1931	1934
1931	1935
1931	1937
1931	1981
1931	1983
1933	1932
1933	1936
1933	1982
1933	3771
1933	3772
1933	3773
1939	1938
1939	1946
1938	1941
1938	1942
1938	1943
1940	1938
1941	1947
1941	1948
1943	1944
1943	1945
1950	1949
1950	1952
1950	1953
1950	1954
1966	1965
1965	1967
1965	1968
1968	1969
1971	1970
1970	1972
1972	1973
1973	1974
1976	1975
1976	3744
1975	1977
1975	1978
1975	1979
1975	1980
1984	1985
1991	1990
1991	1992
1994	1993
1994	1995
1994	1997
1994	1999
1994	2000
1997	1996
1997	1998
2002	2001
2002	2005
2002	2007
2002	2008
2002	2009
2011	2010
2012	2011
2014	2013
2014	2030
2014	2031
2015	2014
2015	2032
2015	2034
2018	378
2018	379
2020	2019
2020	2021
2020	2022
2025	2026
2025	2027
2025	3847
2025	3848
2025	3849
2025	3850
2029	2028
2034	2033
2036	2035
2040	2039
2047	2046
2054	2053
2054	2061
2054	2067
2054	2070
2054	2074
2054	2080
2054	2088
2054	2097
2056	2055
2056	2062
2056	2071
2056	2079
2056	2081
2056	2089
2056	2098
2058	2057
2058	2063
2058	2065
2058	2068
2058	2072
2058	2075
2058	2082
2058	2090
2058	2092
2058	2095
2058	2099
2060	2059
2060	2064
2060	2066
2060	2069
2060	2073
2060	2076
2060	2077
2060	2078
2060	2083
2060	2084
2060	2091
2060	2093
2060	2096
2060	2100
2086	2085
2086	2087
2094	2093
2103	2102
2103	2154
2103	2155
2105	2104
2105	2108
2110	2109
2110	2128
2110	2129
2110	2150
2113	2112
2117	2116
2119	2118
2119	2120
2119	2122
2119	2123
2119	2124
2126	2125
2128	2127
2128	2130
2128	2136
2135	2134
2135	2141
2136	2137
2136	2138
2136	2139
2142	2143
2142	2144
2142	2145
2146	2147
2146	2149
2147	2148
2152	2151
2157	2156
2164	2163
2164	2179
2166	2165
2166	2167
2169	2168
2169	2335
2169	2336
2169	2407
2171	2170
2172	2171
2172	2548
2172	2558
2172	2578
2172	2585
2173	2172
2174	2173
2174	2432
2174	356
2174	2438
2174	3774
2174	3776
2174	3777
2174	3781
2174	3782
2176	2175
2176	2198
2178	2177
2178	2330
2179	2180
2185	2184
2185	2443
2185	2444
2185	2514
2185	2543
2185	2602
2185	2603
2185	2608
2185	2610
2185	2611
2185	2616
2185	2617
2185	2618
2187	2186
2186	2188
2186	2189
2189	2190
2189	2191
2193	2194
2193	2195
2195	2196
2195	2197
2200	2201
2200	2202
2206	2205
2206	2210
2206	2211
2206	2214
2206	2219
2206	2220
2206	2221
2207	2206
2207	2245
2208	2207
2208	2209
2208	2246
2209	2206
2211	2212
2211	2213
2214	2215
2214	2216
2214	2217
2214	2218
2221	2222
2224	2223
2225	2224
2225	2226
2225	2228
2230	2229
2230	2232
2230	2233
2230	2234
2230	2242
2231	2230
2236	2235
2236	2260
2236	2261
2236	2263
2236	2264
2235	2237
2235	2238
2235	2239
2235	2240
2235	2241
2244	2243
2244	2247
2244	2254
2244	2255
2244	2256
2244	2257
2244	2258
2245	2244
2245	2250
2245	2252
2246	2245
2249	2248
2249	2251
2250	2249
2250	2259
2252	2253
2261	2262
2266	2265
2268	2267
2271	2270
2271	2272
2271	2273
2271	2274
2271	2275
2277	2276
2281	2280
2281	2286
2280	2282
2280	2283
2280	2284
2280	2285
2288	2287
2288	3006
2290	2289
2290	2291
2290	2292
2296	2295
2298	2297
2298	2302
2298	2303
2298	2304
2298	2305
2298	2306
2298	2307
2298	2308
2298	2309
2299	2298
2299	2338
2300	2299
2300	2312
2300	2333
2300	2357
2300	2409
2300	2429
2300	2430
2301	2299
2311	2310
2311	2355
2311	2384
2312	2314
2312	2315
2312	2316
2312	2317
2312	2318
2312	2319
2312	2320
2312	2321
2312	2322
2313	2312
2313	2357
2324	2323
2324	2415
2325	2324
2327	2326
2327	2417
2329	2328
2330	2329
2332	2331
2332	2382
2332	2406
2333	2332
2333	2371
2334	2333
2338	2337
2338	2340
2338	2341
2338	2343
2338	2345
2338	2347
2338	2349
2338	2351
2338	2353
2338	2383
2337	2339
2341	2342
2343	2344
2345	2346
2347	2348
2349	2350
2351	2352
2353	2354
2357	2356
2357	2367
2357	2385
2357	2413
2356	2358
2356	2359
2356	2360
2356	2361
2356	2362
2356	2363
2356	2364
2356	2365
2367	2366
2367	2394
2369	2368
2369	2395
2371	2370
2371	2396
2370	2373
2370	2374
2370	2375
2370	2376
2370	2377
2370	2378
2370	2379
2370	2380
2370	2381
2372	2371
2385	2386
2385	2387
2385	2388
2385	2389
2385	2390
2385	2391
2385	2392
2385	2393
2396	2397
2396	2398
2396	2399
2396	2400
2396	2401
2396	2402
2396	2403
2396	2404
2396	2405
2410	2409
2411	2410
2411	2442
2415	2414
2417	2416
2419	2418
2419	3200
2419	3201
2419	3202
2420	2419
2421	2420
2424	2423
2424	2425
2424	2426
2424	2431
2428	2427
2434	2433
2434	2638
2434	2668
2434	2669
2434	2670
2435	2434
2435	2664
2435	2666
2435	2667
2435	2671
2436	2435
2436	2672
2440	2439
2450	2451
2450	2452
2450	2453
2455	2454
2455	2456
2458	2457
2458	2459
2458	2460
2462	2461
2462	2471
2462	2479
2461	2463
2461	2464
2461	2465
2461	2466
2469	2468
2474	2475
2474	2476
2483	2484
2488	2487
2506	2505
2506	2508
2506	2996
2506	2997
2506	2998
2506	2999
2506	3000
2506	3001
2507	2506
2507	2995
2507	3862
2510	2509
2510	2907
2510	3002
2510	3005
2512	2511
2512	2513
2531	2530
2543	2542
2543	2544
2544	2545
2546	2547
2548	2549
2548	2550
2548	2551
2548	2552
2548	2553
2548	2554
2548	2555
2548	2556
2548	2557
2558	2559
2558	2562
2558	2563
2558	2564
2558	2565
2558	2566
2558	2575
2558	2576
2558	2577
2559	2560
2559	2561
2566	2567
2566	2570
2566	2571
2566	2572
2566	2573
2566	2574
2567	2568
2567	2569
2578	2579
2578	2580
2578	2581
2578	2582
2578	2583
2578	2584
2585	2586
2585	2587
2589	2588
2589	2591
2589	2592
2589	2594
2590	2589
2592	2593
2596	2595
2596	2600
2598	2597
2598	2600
2600	2599
2600	2601
2606	2605
2606	2607
2610	2609
2613	2612
2613	2615
2614	2613
2614	2619
2619	2620
2619	2621
2623	2622
2635	2634
2637	2636
2640	2639
2640	3438
2640	3599
2640	3600
2642	2641
2642	2643
2642	2644
2645	876
2645	2688
2647	2646
2648	2647
2648	2659
2648	2657
2648	2652
2650	2649
2650	2657
2650	2656
2649	2652
2651	2650
2651	2648
2654	2653
2654	2655
2657	2656
2657	2652
2659	2658
2664	2665
2674	2675
2676	2677
2676	2678
2681	2682
2685	2684
2689	2688
2695	2694
2695	2696
2695	3312
2695	3836
2703	2702
2703	2706
2703	2707
2703	2708
2703	2711
2703	2712
2702	2705
2704	2703
2704	2715
2704	2716
2708	2709
2708	2710
2715	2714
2716	2707
2720	2719
2723	2722
2724	2722
2726	2725
2726	2839
2729	2728
2729	2730
2729	2731
2733	2734
2733	2735
2733	2736
2738	2739
2738	2740
2743	2744
2743	2745
2743	2746
2758	2757
2758	2760
2758	2761
2758	2765
2758	2766
2757	2759
2761	2762
2761	2763
2761	2764
2770	2795
2770	2796
2770	2797
2770	2798
2770	2799
2771	2793
2771	2805
2774	2801
2774	2802
2778	2779
2778	2780
2778	2781
2778	2782
2778	2783
2778	2784
2778	2785
2778	2786
2778	2787
2792	2791
2792	2794
2792	2800
2792	3859
2804	2803
2820	2819
2820	2822
2820	2825
2821	2820
2821	3861
2824	2823
2824	3860
2829	2828
2831	2830
2833	2832
2833	3125
2834	2836
2835	2834
2841	2840
2841	2842
2841	2843
2841	3199
2841	3352
2848	2847
2848	2855
2848	2856
2848	2857
2848	2858
2848	2859
2848	2860
2848	2861
2848	2862
2848	2863
2848	2864
2848	2865
2848	2866
2847	2849
2849	2850
2849	2851
2851	2852
2853	2854
2868	2867
2867	2869
2867	2870
2867	2871
2867	2872
2867	2873
2867	2874
2867	2875
2867	2876
2867	2877
2867	2878
2867	2881
2867	2884
2867	2885
2867	2886
2867	2887
2867	2888
2878	2879
2878	2880
2881	2882
2881	2883
2893	2892
2895	2894
2895	2896
2895	2897
2895	2898
2895	2899
2895	2900
2895	2901
2895	2902
2895	2903
2895	2904
2895	2905
2909	2908
2909	2923
2909	2924
2909	2925
2909	2926
2909	2927
2909	2928
2909	2929
2909	2930
2909	2931
2909	2932
2909	2933
2909	2935
2909	2936
2909	2938
2909	2939
2909	2940
2909	2941
2909	2942
2909	2943
2909	2944
2909	2945
2909	2946
2909	2947
2909	2948
2909	2949
2909	2950
2909	2951
2909	2952
2908	2910
2908	2911
2908	2912
2908	2913
2908	2914
2908	2915
2916	2917
2916	2918
2916	2919
2916	2920
2916	2921
2921	2922
2933	2934
2936	2937
2953	2954
2953	2955
2953	2956
2953	2957
2953	2958
2953	2959
2953	2960
2953	2961
2953	2962
2953	2963
2953	2964
2953	2965
2953	2966
2953	2967
2953	2968
2953	2969
2953	2970
2953	2971
2953	2972
2953	2973
2953	2974
2953	2975
2976	2977
2979	2980
2983	2984
2983	2985
2990	2991
2990	2992
3002	3003
3005	3004
3009	3008
3009	3010
3012	3011
3012	3015
3012	3017
3012	3024
3012	3025
3012	3026
3012	3027
3012	3028
3012	3029
3012	3030
3012	3031
3012	3032
3012	3033
3012	3034
3012	3036
3012	3039
3012	3040
3012	3043
3012	3044
3012	3045
3012	3046
3012	3047
3012	3048
3012	3049
3012	3050
3012	3051
3012	3052
3012	3053
3012	3056
3012	3060
3012	3061
3012	3063
3012	3066
3012	3071
3012	3072
3012	3075
3012	3076
3012	3078
3012	3079
3012	3080
3012	3082
3012	3083
3012	3085
3012	3086
3012	3087
3012	3088
3012	3089
3012	3092
3012	3093
3012	3098
3012	3100
3012	3101
3012	3106
3012	3107
3012	3108
3012	3109
3012	3111
3012	3112
3012	3113
3012	3114
3012	3120
3013	3012
3013	3018
3013	3020
3013	3022
3013	3023
3013	3035
3013	3041
3013	3062
3013	3064
3013	3068
3013	3073
3013	3074
3013	3081
3013	3090
3013	3091
3013	3096
3013	3102
3013	3103
3013	3105
3013	3123
3013	3124
3014	3013
3014	3016
3014	3058
3014	3084
3014	3117
3020	3019
3020	3059
3020	3067
3020	3070
3022	3021
3022	3037
3022	3038
3022	3042
3022	3054
3022	3055
3022	3077
3022	3094
3022	3095
3022	3097
3022	3099
3022	3104
3022	3110
3022	3115
3022	3121
3022	3122
3058	3057
3066	3065
3068	3069
3116	3117
3119	3118
3119	3120
3119	3126
3128	3127
3130	3129
3130	3139
3130	3146
3129	3133
3131	3130
3131	3156
3132	3129
3132	3134
3132	3133
3139	3141
3140	3139
3140	3142
3140	3141
3146	3148
3147	3146
3147	3149
3147	3148
3153	3152
3153	3159
3155	3154
3155	3158
3155	3160
3156	3157
3162	3161
3162	3163
3162	3372
3165	3164
3167	3166
3169	3168
3171	3170
3171	3175
3170	3172
3170	3173
3173	3174
3175	3174
3175	3367
3175	3370
3177	3176
3177	3179
3177	3180
3178	3177
3178	3182
3178	3183
3178	3185
3178	3189
3178	3190
3178	3192
3182	3181
3182	3191
3185	3184
3185	3186
3188	3187
3189	3188
3194	3193
3194	3195
3194	3203
3194	3353
3197	3196
3198	2680
3205	3204
3205	3208
3207	3206
3208	3209
3208	3210
3212	3211
3212	3213
3212	3214
3216	3215
3216	3217
3216	3218
3222	3221
3221	3223
3221	3224
3221	3227
3221	3239
3224	3225
3224	3226
3227	3228
3227	3229
3227	3230
3227	3231
3227	3232
3227	3233
3227	3234
3227	3235
3227	3236
3227	3237
3227	3238
3239	3240
3239	3241
3246	3245
3246	3248
3246	3253
3249	3250
3252	3251
3252	3262
3255	3254
3256	3255
3256	3258
3258	3257
3258	3259
3260	3261
3267	3266
3267	3277
3272	3271
3276	3275
3277	3276
3279	3278
3281	3280
3281	3287
3281	3288
3281	3289
3281	3290
3282	3281
3284	3283
3284	3300
3284	3301
3286	3285
3286	3291
3286	3306
3294	3293
3296	3295
3295	3298
3297	3295
3297	3299
3305	3304
3305	3306
3309	3308
3309	3311
3310	3308
3314	3313
3316	3315
3315	3317
3315	3318
3321	3320
3321	3157
3325	3324
3325	3326
3325	3328
3325	3331
3328	3327
3327	3329
3329	3330
3335	3334
3335	3336
3335	3340
3335	3343
3335	3344
3338	3337
3338	3339
3342	3341
3348	3347
3348	3350
3349	3348
3349	3351
3355	3354
3355	3359
3355	3360
3355	3361
3355	3362
3355	3363
3355	3364
3355	3365
3355	3366
3355	3367
3355	3368
3355	3369
3355	3370
3355	3371
3354	3356
3354	3357
3354	3358
3373	3374
3378	3377
3378	3863
3380	3381
3381	3382
3384	3383
3384	3385
3389	3388
3400	3399
3404	3405
3407	3406
3409	3408
3409	3564
3409	485
3409	486
3411	3410
3411	3565
3414	3413
3414	3441
3414	3567
3415	3413
3418	3417
3418	3570
3420	3419
3420	3422
3420	3423
3422	3421
3423	3424
3426	3425
3428	3427
3428	3430
3430	3429
3432	3431
3432	3435
3431	3433
3431	3434
3437	2681
3437	2669
3445	3444
3445	3446
3451	3450
3452	3451
3452	3484
3452	3511
3452	3518
3452	3623
3454	3453
3454	3457
3454	3459
3454	3460
3454	3463
3454	3613
3453	3455
3457	3456
3459	3458
3459	3461
3459	3462
3464	3465
3464	3466
3470	3469
3470	3473
3470	3474
3469	3471
3469	3472
3476	3475
3476	3477
3476	3478
3480	3479
3480	3481
3487	3486
3487	3488
3490	3489
3490	3492
3490	3495
3490	3621
3492	3491
3492	3496
3492	3497
3500	3499
3500	3525
3499	3501
3501	3502
3501	3503
3504	3505
3504	3506
3504	3507
3509	3508
3509	3523
3509	3534
3514	3513
3513	391
3513	392
3516	3515
3516	3545
3517	3516
3517	3532
3517	3542
3517	3543
3521	3520
3521	3527
3521	3533
3523	3522
3523	3528
3525	3524
3525	3526
3536	3535
3536	3554
3536	3615
3536	3616
3538	3537
3540	3539
3542	3541
3545	3544
3547	3546
3551	3550
3551	3555
3551	3617
3551	3618
3553	3552
3557	3556
3558	3556
3559	3556
3561	3560
3562	3561
3563	3560
3568	3567
3572	3571
3572	3578
3572	3579
3575	3574
3575	3576
3575	3577
3582	3581
3584	3583
3584	3586
3584	3587
3584	3588
3586	3585
3586	3589
3591	3590
3591	3593
3593	3592
3595	3594
3595	3597
3594	3596
3602	3601
3602	3604
3606	3605
3606	3608
3606	3609
3606	3610
3614	3613
3614	3621
3614	3497
3623	3622
3625	3624
3628	3627
3628	3635
3627	3629
3627	3630
3627	3631
3627	3632
3627	3633
3627	3634
3637	3636
3645	3644
3645	3869
3645	1348
3647	3646
3647	3870
3647	3871
3647	3872
3647	3873
3647	3874
3647	3875
3647	3876
3647	3877
3647	1347
3647	3652
3653	1357
3666	3653
3666	3654
3666	3655
3666	3656
3666	3657
3666	3658
3666	3659
3666	3660
3666	3661
3668	3667
3668	3669
3668	3670
3676	3675
3677	3675
3679	3680
3683	3682
3685	3684
3685	3686
3687	3688
3689	3690
3689	3691
3689	3692
3689	3693
3689	3694
3689	3695
3689	3696
3689	3697
3689	3698
3689	3699
3689	3700
3689	3701
3689	3702
3689	3703
3704	3705
3704	3706
3704	3707
3704	3708
3704	3709
3704	3710
3704	3711
3704	3712
3704	3713
3704	3714
3704	3715
3704	3716
3704	3717
3704	3718
3704	3719
3704	3720
3721	3722
3721	3723
3725	3726
3725	3727
3731	3732
3733	3734
3733	3735
3733	3736
3744	1977
3744	1978
3744	1979
3744	1980
3745	552
3745	553
3754	624
3754	622
3754	627
3762	2892
3765	3532
3765	3543
3765	3542
3765	3516
3767	3768
3769	3770
3775	3718
3779	3778
3779	3780
3783	3784
3785	3786
3785	3784
3785	3787
3785	3788
3789	3790
3791	3787
3791	3788
3792	3786
3792	3784
3792	3787
3792	3788
3793	3790
3794	3786
3794	3784
3794	3787
3794	3788
3798	3799
3800	457
3802	3803
3802	3804
3802	3805
3806	3807
3806	3808
3806	3809
3806	3810
3806	3811
3813	3814
3813	3815
3816	3751
3816	3817
3816	3818
3816	3819
3816	3820
3816	3821
3816	3822
3816	500
3816	3823
3816	3824
3816	3825
3816	3826
3816	3827
3816	3828
3816	3829
3816	3830
3825	1985
3829	3211
3829	3213
3829	3214
3831	3832
3831	3833
3831	3834
3838	3837
3841	3842
3841	3843
3844	3845
3844	3846
3856	2119
3864	3865
3864	3866
3864	3867
3864	3868
3871	1491
3871	1720
3871	1731
3871	1745
3872	1732
3873	1498
3873	1736
3874	1505
3874	1741
3875	1515
3875	1724
3875	1726
3875	1748
