1	0
1	15
1	16
1	17
1	18
2	1
2	8
2	11
2	14
2	19
2	20
2	21
2	22
2	23
2	24
2	25
2	26
2	27
2	28
2	29
2	30
2	31
2	43
2	44
2	45
2	46
2	47
2	48
3	2
3	122
3	136
3	144
3	145
4	3
5	4
6	5
7	6
8	9
8	10
11	12
11	13
13	49
13	50
31	32
31	33
31	34
31	35
31	36
31	37
31	38
31	39
31	40
31	41
31	42
31	3751
43	3752
43	3755
43	3756
43	3757
44	3760
44	3764
44	3765
44	3766
44	3767
44	3768
44	3769
44	3770
52	51
52	55
52	58
52	61
52	67
52	68
52	69
52	70
52	71
52	72
52	73
52	74
52	75
52	76
52	77
52	121
52	150
52	151
52	152
52	153
52	154
52	155
52	156
52	157
52	158
52	159
52	160
52	161
53	52
54	53
55	56
55	57
58	59
61	60
61	63
61	64
61	65
61	66
63	62
79	78
79	2879
79	2884
79	2920
79	2921
79	2922
81	80
81	2840
81	2841
81	2842
81	2843
83	82
83	1562
83	2848
83	3447
83	3600
85	84
85	1542
85	2313
85	2844
85	2868
85	3443
85	3597
87	86
87	2217
87	2218
87	2238
87	2239
87	2447
87	2546
87	2547
87	2548
87	2549
87	2550
87	2551
87	2552
87	2553
87	2554
87	2555
87	2556
87	2557
87	2558
87	2559
87	2560
87	2563
87	2564
87	2565
87	2566
87	2567
87	2568
87	2569
87	2570
87	2571
87	2572
87	2656
87	2657
87	2658
87	2659
87	2660
87	2661
87	2662
88	87
88	2654
88	2655
90	89
90	1543
90	2845
90	2846
90	2847
91	90
91	2314
91	2862
92	91
93	91
93	320
93	323
93	324
93	332
93	334
93	338
93	374
93	377
93	406
93	426
93	512
93	578
93	599
93	605
93	611
93	615
93	620
93	625
93	626
93	634
93	642
93	643
93	1557
93	1586
93	1594
93	1602
93	1972
93	2005
93	2015
93	2052
93	2468
93	2671
93	1967
93	2835
93	2834
93	2866
93	3205
93	3232
93	3332
93	3449
93	3451
93	3459
93	3463
93	3467
93	2700
93	898
93	3471
93	3476
93	3485
93	3501
93	3507
93	3511
93	3513
93	3516
93	3518
93	3521
93	3529
93	3541
93	3548
93	3611
93	3615
93	3622
93	3626
93	3629
93	2701
93	900
93	901
93	902
93	3633
93	3638
93	3651
93	313
93	3840
95	94
95	99
95	3579
97	96
97	102
97	3277
97	3281
97	3282
97	3284
97	3298
98	97
98	3287
98	3291
98	3295
98	3299
98	3300
98	3303
98	3304
99	98
99	1573
99	1613
101	100
102	101
102	3305
104	103
104	2077
104	2078
104	2079
104	2080
105	104
105	780
105	1006
105	1970
105	1971
105	1974
105	1975
105	1985
105	2059
105	2071
105	2076
105	2081
105	2082
105	2141
105	2168
105	2181
105	3434
105	3603
105	3874
105	3875
105	3876
105	3877
105	3878
107	106
108	107
108	1393
108	1720
108	1755
110	109
110	1354
110	1976
110	1979
110	1981
110	2194
110	2195
110	2196
112	111
112	1353
112	1950
112	1977
112	1980
112	1982
112	2188
112	2193
112	2197
114	113
115	114
115	1397
115	1401
115	1730
115	1756
115	2058
117	116
119	118
119	1931
119	2073
119	2166
119	2167
119	2177
120	119
120	2146
120	2185
124	123
124	311
124	527
124	613
124	1504
124	2175
124	2746
124	3407
124	3418
124	3424
124	3514
126	125
126	162
126	163
126	164
126	165
126	166
126	167
126	168
126	169
126	170
126	171
126	172
126	177
126	178
126	936
126	1673
126	1755
126	1756
126	1758
126	1760
126	1761
126	1764
126	1770
126	3705
126	3708
128	127
128	1592
128	1612
128	1617
128	1622
128	1623
128	1624
128	1633
129	128
129	848
129	2459
129	3373
129	3427
130	129
130	289
130	565
130	573
130	576
130	664
130	691
130	743
130	937
130	1391
130	1395
130	1460
130	1614
130	1645
130	1771
130	1772
130	1773
130	1774
130	1775
130	1776
130	1777
130	1778
130	1783
130	1784
130	1861
130	1885
130	1905
130	2138
130	2493
130	2498
130	2500
130	2501
130	2503
130	2504
130	2505
130	2508
130	2509
130	2511
130	2512
130	2513
130	2514
130	2516
130	2522
130	2523
130	2524
130	2525
130	2526
130	2527
130	2528
130	2529
130	2530
130	2532
130	2533
130	2534
130	2535
130	2718
130	3421
130	3423
130	3425
130	3426
130	3428
130	3480
130	3483
130	3714
131	130
131	146
131	179
131	310
131	311
131	436
131	486
131	528
131	535
131	594
131	628
131	742
131	809
131	1275
131	1717
131	2328
131	2484
131	2692
131	2754
131	2839
131	3344
131	3414
131	3498
131	3543
132	133
135	134
135	1248
135	1253
135	1261
135	1262
135	1245
135	1256
135	1277
135	1254
135	1255
135	1258
135	1259
135	1260
135	1278
135	1279
135	1268
135	1269
135	1287
136	137
136	138
136	139
136	140
136	141
136	142
136	143
146	147
149	148
173	174
176	175
181	180
180	182
183	184
186	185
188	187
188	1788
188	1789
188	1790
188	1791
188	1792
188	1793
188	1794
188	1795
188	1796
188	1797
188	1798
188	1799
188	1800
188	1801
188	1802
188	1803
188	1804
188	1805
188	1806
188	1807
188	1808
188	1809
188	1810
188	1811
188	1812
188	1813
188	1814
188	1815
188	1816
188	1817
188	1818
188	1819
188	1820
188	1821
188	1822
188	1823
188	1824
188	1825
188	1826
188	1827
188	1828
188	1829
188	1830
188	1831
188	1832
188	1833
189	188
191	190
191	192
191	193
191	194
191	195
191	196
191	197
191	198
200	199
200	201
200	211
200	2628
200	3197
200	3339
200	3374
200	3401
200	3403
202	201
202	203
202	205
202	207
202	209
204	203
204	2323
204	2322
204	2541
204	2626
204	2629
204	3335
206	205
208	207
208	1536
208	2220
208	2627
208	2635
208	2645
208	2838
208	2849
208	2858
208	3360
208	3880
210	209
210	2562
210	3255
210	3278
210	3279
210	3361
213	212
213	214
213	215
217	216
217	1637
217	2094
217	2099
217	2101
217	2104
217	2108
217	2111
217	2112
217	2113
217	2118
217	2119
217	2126
217	2128
217	2131
217	2135
216	220
216	224
216	226
216	228
216	229
218	216
219	216
221	220
221	224
221	226
221	228
222	220
222	224
222	226
222	228
222	229
223	220
223	224
223	226
223	228
225	224
227	226
227	228
231	230
231	232
231	235
231	239
231	281
231	284
231	283
231	241
231	242
231	243
231	244
231	286
231	245
231	246
231	247
231	251
231	260
231	263
231	264
231	267
231	265
231	266
231	268
231	269
231	270
231	271
231	272
231	275
231	276
231	278
230	232
230	235
230	236
230	237
230	238
230	239
230	240
230	241
230	242
230	243
230	244
230	245
230	246
230	247
230	248
230	249
230	250
230	251
230	252
230	253
230	254
230	255
230	256
230	257
230	258
230	259
230	260
230	261
230	262
230	263
230	264
230	265
230	266
230	267
230	268
230	269
230	270
230	271
230	272
230	273
230	274
230	275
230	276
230	277
230	278
232	233
232	234
239	281
239	282
239	284
239	285
239	286
239	287
271	2663
271	2664
280	279
282	283
289	288
289	290
289	291
289	292
289	293
289	294
289	295
289	296
289	297
289	298
289	299
289	300
289	301
289	302
289	303
289	304
289	305
289	306
289	307
309	308
309	373
309	403
309	462
309	488
309	634
309	2052
309	2216
309	362
309	2691
309	2721
309	2723
309	2837
309	2924
309	3365
309	3440
309	3546
309	3548
309	2722
309	3777
309	3778
309	3779
309	3780
309	3781
309	3782
309	3783
309	3784
309	3785
309	3786
309	3787
309	3788
309	3789
309	3790
309	3791
309	3792
309	3793
309	313
309	3825
313	312
313	319
312	314
312	315
315	316
315	320
316	317
316	323
319	318
319	315
319	324
321	320
320	317
322	321
322	323
322	324
322	371
322	372
322	373
322	374
322	376
322	377
322	378
322	389
322	390
322	397
322	398
322	402
322	403
322	404
322	405
322	406
322	409
322	410
322	426
322	595
322	596
322	626
322	673
322	674
322	675
322	685
322	686
322	1368
322	1547
322	1557
322	1641
322	1962
322	1972
322	2052
322	382
322	383
322	2142
322	1967
322	2835
322	3445
322	3449
322	3471
322	3499
322	3524
322	3525
322	3541
322	3545
322	3550
322	3560
322	3561
322	3562
322	3604
322	3638
322	3672
325	324
325	562
325	1481
325	1857
325	2935
325	3473
325	315
325	3772
325	3773
325	3774
325	3775
325	3776
324	316
327	326
327	328
330	329
330	1644
330	2467
330	2472
330	2473
330	3038
330	3308
330	3325
332	331
332	334
332	338
331	334
331	338
333	332
333	1639
333	1649
333	1650
333	1652
333	1651
333	1648
333	2136
333	2141
333	2758
334	335
334	336
334	337
338	339
341	340
341	356
343	342
343	348
344	343
344	352
344	353
344	358
345	343
345	349
345	352
345	353
347	346
351	350
351	357
351	1003
351	2156
355	354
355	816
360	359
360	432
360	617
360	1556
360	1637
360	2208
360	2211
360	2281
360	361
360	2857
360	3531
360	2722
360	3801
360	3808
359	361
359	362
364	363
366	365
366	2457
366	3836
368	367
368	369
368	370
368	1441
368	1444
368	1453
368	1454
368	1467
368	1507
368	1508
368	1527
368	1528
368	1544
368	1545
368	1546
368	1548
368	1550
368	1551
368	3254
368	3692
368	3805
368	3807
374	375
378	379
378	380
378	381
378	384
378	385
378	386
378	387
381	382
381	383
389	388
389	641
389	2053
389	2142
389	2750
389	3524
389	3650
390	391
390	394
391	392
391	393
394	395
394	396
398	399
398	400
398	401
404	316
406	407
406	408
411	412
414	413
414	412
416	415
416	1380
416	2759
416	3170
416	3173
416	3180
416	3347
416	3669
418	417
418	1381
418	3171
418	3178
418	3185
418	3350
420	419
420	938
420	952
420	1382
420	2085
420	2086
420	2087
420	2094
420	2099
420	2101
420	2104
420	2108
420	2111
420	2112
420	2113
420	2118
420	2119
420	2126
420	2131
420	2135
420	2724
420	3172
420	3179
420	3186
420	3351
422	421
422	429
422	430
423	424
426	425
426	2148
426	2150
428	427
432	431
432	435
432	440
433	431
435	434
435	438
435	439
435	441
436	437
443	442
443	444
443	445
443	451
443	452
447	446
448	446
448	449
448	450
454	453
454	2673
453	455
453	456
453	457
459	458
461	460
461	463
461	464
461	465
461	466
461	467
461	468
461	469
461	470
461	485
461	472
461	473
461	474
461	475
461	476
461	477
461	478
461	479
461	480
461	481
462	461
462	471
471	472
471	473
471	474
471	475
471	476
471	477
471	478
471	479
471	480
471	481
483	482
484	482
486	487
488	489
488	490
492	491
492	2755
492	3416
491	493
491	497
493	494
493	495
493	496
499	498
499	500
501	502
504	503
506	505
507	508
507	509
511	510
511	519
512	511
512	513
512	514
512	515
512	516
512	517
512	518
512	1983
512	1984
512	2005
512	2007
512	2008
512	2751
512	3247
512	3634
512	313
518	519
521	520
522	521
522	525
524	523
524	526
530	529
532	531
534	533
534	841
535	536
538	537
538	540
538	541
538	543
538	570
538	571
538	572
539	538
539	537
539	540
539	541
543	542
543	556
543	558
543	559
543	560
543	561
543	567
543	569
542	544
542	546
542	547
542	548
542	549
542	550
542	551
542	552
542	553
542	554
542	555
544	545
556	557
562	563
562	564
567	566
567	568
575	574
576	575
576	597
576	614
576	627
576	678
578	577
578	584
578	586
578	587
578	590
578	676
577	580
579	578
579	599
579	605
579	611
579	615
579	634
579	642
579	643
579	1585
579	2671
579	896
579	2708
579	3451
579	3459
579	3463
579	3467
579	2700
579	898
579	3476
579	3485
579	3501
579	3511
579	3513
579	3516
579	3518
579	3521
579	3529
579	3548
579	3611
579	3615
579	3622
579	3626
579	3629
579	2701
579	900
579	901
579	902
579	3633
579	2709
579	3651
582	581
584	583
586	585
586	588
586	589
591	592
591	593
599	598
599	600
599	601
599	602
599	603
599	689
605	604
605	608
605	609
604	606
604	607
611	610
611	612
617	616
617	683
616	618
618	619
620	621
620	622
620	623
625	624
625	681
625	688
630	629
630	3437
631	630
633	632
634	633
634	635
634	638
637	636
638	637
638	677
640	639
643	644
644	645
644	646
644	647
649	648
650	649
650	3468
651	650
651	1586
651	1583
651	1603
651	1649
651	1650
651	1652
651	1651
651	1648
651	2669
651	2715
651	2729
651	2731
651	2732
651	2733
651	2734
651	3433
651	3881
653	652
653	670
653	677
653	689
653	690
654	653
654	656
654	662
654	671
654	672
656	655
656	657
656	658
656	659
656	660
656	661
664	663
666	665
668	667
668	669
680	679
680	687
683	682
683	684
692	693
693	694
693	695
693	696
698	697
697	700
697	701
699	697
699	1410
701	702
701	732
701	736
701	737
701	738
702	703
702	704
702	705
702	706
702	723
702	724
706	707
706	710
706	711
706	712
707	708
707	709
712	713
712	714
712	715
712	716
712	717
712	718
712	722
718	719
718	720
718	721
724	725
724	726
724	727
724	728
728	729
728	730
728	731
732	733
732	734
732	735
740	739
740	741
743	744
746	745
748	747
747	749
747	750
752	751
752	753
752	789
752	1678
752	1685
755	754
756	755
756	766
756	767
757	756
757	764
757	768
757	769
757	770
758	757
758	774
758	798
759	758
759	765
759	819
759	834
760	759
760	771
760	772
760	775
760	776
760	777
760	778
760	812
760	837
760	843
762	761
763	762
763	773
763	2443
763	2869
763	3657
780	779
780	781
780	2009
780	2012
780	2072
780	2081
780	2083
780	2084
783	782
784	782
784	788
784	794
786	785
786	787
791	790
791	792
791	793
791	796
795	794
797	796
798	799
798	803
798	805
799	800
800	801
801	802
803	804
805	806
805	807
805	808
811	810
811	813
815	814
818	817
818	827
817	820
819	818
819	822
819	829
819	833
820	821
822	823
822	826
823	824
823	825
827	828
829	830
829	831
829	832
836	835
839	838
839	840
839	2036
839	2038
839	2039
839	2040
839	2041
839	2042
839	2043
839	2044
839	2149
843	842
843	844
843	845
843	846
848	847
848	849
849	850
852	851
852	878
852	879
852	884
852	888
852	895
852	896
852	903
852	904
852	905
852	906
852	907
851	855
851	856
851	864
853	852
853	914
854	853
854	855
854	857
854	860
854	862
854	1473
854	931
854	1880
854	895
854	2676
854	2720
854	904
856	857
856	859
856	860
856	862
857	858
860	861
862	863
864	865
867	866
867	1357
869	868
869	2329
869	2480
869	2481
869	2482
869	2483
870	869
870	868
870	1445
870	693
870	1475
870	1615
870	3422
870	3470
870	3474
872	871
872	930
872	1476
872	2531
872	2717
871	873
873	874
876	875
875	877
879	880
879	881
881	882
881	883
884	885
885	886
885	887
888	889
888	893
888	894
889	890
889	892
890	891
896	897
896	898
896	899
896	900
900	901
900	902
909	908
909	910
912	911
914	913
914	931
914	932
914	933
914	934
914	935
913	915
917	916
919	918
919	1478
918	921
920	919
920	1477
920	1748
920	3408
923	922
923	925
923	926
923	927
923	928
923	929
924	923
924	925
938	939
938	944
938	945
939	940
939	941
939	942
939	943
944	950
944	951
945	946
945	947
947	948
947	949
954	953
954	956
954	960
954	963
954	964
954	965
954	996
954	997
954	998
954	999
954	1000
955	954
955	958
955	1008
955	1013
958	957
958	959
958	961
958	962
967	966
967	977
967	984
967	986
967	987
968	967
968	970
970	969
970	982
970	983
970	985
970	988
970	991
972	971
973	972
973	979
975	974
976	975
976	981
979	978
981	980
989	976
989	990
989	968
989	995
990	992
990	993
990	994
1002	1001
1003	1002
1005	1004
1005	1007
1006	1005
1008	1009
1008	1010
1008	1011
1008	1012
1013	1014
1013	1015
1013	1016
1013	1017
1013	1018
1013	1019
1013	1020
1013	1021
1013	1022
1013	1023
1013	1024
1013	1025
1013	1026
1013	1027
1029	1028
1029	1031
1029	1032
1029	1035
1029	1036
1029	1037
1030	1029
1030	1034
1030	1095
1030	1040
1034	1033
1039	1038
1039	1041
1039	1044
1039	1045
1039	1047
1040	1039
1040	1043
1040	1092
1040	1097
1040	1098
1040	1099
1040	1100
1040	1101
1040	1102
1040	1103
1040	1109
1040	1110
1040	1111
1043	1042
1043	1046
1049	1048
1049	1063
1050	1049
1050	1052
1050	1080
1050	1083
1052	1051
1052	1061
1052	1062
1052	1064
1054	1053
1055	1054
1055	1060
1055	1074
1055	1076
1057	1056
1058	1057
1058	1067
1058	1078
1058	1088
1060	1059
1066	1065
1067	1066
1067	1069
1067	1070
1067	1072
1069	1068
1070	1071
1072	1073
1074	1075
1076	1077
1078	1079
1080	1081
1080	1082
1083	1084
1083	1085
1083	1086
1083	1087
1090	1089
1090	1091
1092	1093
1092	1094
1095	1096
1103	1104
1103	1105
1103	1106
1103	1107
1103	1108
1113	1112
1113	1117
1113	1121
1112	1114
1112	1115
1112	1116
1117	1118
1117	1119
1121	1120
1121	1122
1121	1123
1121	1124
1126	1125
1126	1130
1126	1134
1125	1127
1125	1128
1125	1129
1130	1131
1130	1132
1134	1133
1134	1135
1134	1136
1134	1137
1139	1138
1139	1153
1139	1220
1139	1222
1139	1224
1139	1226
1139	1227
1139	1230
1141	1140
1141	1145
1141	1146
1141	1147
1141	1148
1142	1141
1142	1150
1142	1154
1142	1160
1144	1143
1150	1149
1150	1151
1152	1142
1152	1165
1152	1187
1152	1206
1152	1212
1152	1215
1152	1217
1152	1218
1152	1219
1152	1221
1152	1223
1152	1225
1152	1228
1152	1229
1154	1155
1154	1156
1154	1157
1154	1158
1154	1159
1160	1161
1160	1162
1160	1163
1160	1164
1165	1166
1165	1174
1165	1182
1165	1184
1166	1167
1166	1168
1166	1173
1168	1169
1168	1170
1168	1171
1168	1172
1174	1175
1174	1176
1174	1180
1176	1177
1176	1178
1176	1179
1182	1181
1182	1185
1184	1183
1184	1186
1187	1188
1187	1193
1187	1198
1187	1203
1188	1189
1188	1190
1188	1191
1188	1192
1193	1194
1193	1195
1193	1196
1198	1197
1198	1199
1198	1200
1198	1201
1203	1202
1203	1204
1203	1205
1206	1207
1206	1210
1209	1208
1209	1211
1212	1213
1212	1214
1217	1216
1232	1231
1234	1233
1236	1235
1236	1237
1236	1238
1236	1240
1235	1239
1235	1241
1235	1242
1244	1243
1244	1247
1244	1246
1243	1245
1243	1247
1245	1246
1247	1248
1248	1249
1248	1250
1251	1247
1252	1248
1252	1245
1252	1249
1252	1256
1252	1277
1252	1254
1252	1255
1252	1258
1252	1259
1252	1260
1252	1278
1252	1268
1252	1287
1252	1290
1253	1254
1253	1255
1253	1256
1253	1258
1253	1259
1253	1260
1256	1257
1264	1263
1264	1265
1266	1267
1266	1269
1267	1268
1271	1270
1271	1272
1273	1245
1273	1290
1275	1274
1276	1256
1276	1277
1276	1254
1276	1255
1276	1258
1276	1259
1276	1260
1281	1280
1281	1282
1282	1283
1282	1284
1282	1285
1287	1286
1289	1288
1292	1291
1292	1296
1291	1294
1291	1295
1293	1292
1298	1297
1298	1309
1299	1298
1299	1310
1300	1299
1302	1301
1302	1317
1302	1350
1303	1302
1305	1304
1305	1333
1306	1305
1308	1307
1308	1338
1312	1311
1312	1348
1313	1312
1313	1316
1313	1349
1314	1313
1315	1312
1319	1318
1319	1322
1319	1323
1319	1324
1319	1331
1319	1332
1320	1319
1322	1321
1322	1325
1322	1326
1322	1327
1322	1328
1322	1329
1322	1330
1333	1334
1333	1335
1333	1336
1338	1337
1338	1339
1339	1340
1339	1341
1340	1342
1340	1345
1341	1343
1341	1344
1347	1346
1352	1351
1352	1587
1352	1600
1352	1604
1352	2051
1352	2304
1352	3404
1352	3429
1352	3432
1352	3478
1352	3642
1356	1355
1356	1365
1356	1370
1359	1358
1359	1361
1359	1360
1358	1360
1358	1361
1363	1362
1363	1365
1363	1374
1364	1362
1364	1379
1366	1363
1366	1375
1366	1378
1366	3670
1366	3689
1366	3691
1366	3693
1366	3675
1366	3676
1366	3677
1366	3678
1366	3679
1367	1366
1367	1512
1367	1518
1367	1525
1367	1535
1367	1754
1367	1914
1367	1915
1367	1742
1367	3691
1367	3859
1367	3894
1367	3895
1367	3896
1367	3897
1367	3898
1367	3899
1367	3900
1367	3901
1367	3679
1368	1367
1368	1862
1368	3674
1370	1369
1371	1372
1371	1373
1377	1376
1378	1377
1378	1752
1378	1753
1378	1757
1378	1762
1378	1769
1378	1746
1378	3680
1378	3681
1378	3682
1378	3683
1378	3684
1378	3685
1378	3686
1378	3687
1378	3688
1378	3690
1384	1383
1384	1385
1386	1385
1388	1387
1388	1389
1388	1390
1388	1394
1393	1392
1395	1396
1397	1398
1397	1399
1397	1400
1401	1402
1404	1403
1403	1405
1403	1408
1405	1406
1405	1407
1409	701
1409	1411
1409	1417
1409	1497
1409	1499
1409	1515
1409	1523
1410	1409
1410	1496
1410	1506
1411	702
1411	1412
1411	1413
1411	1416
1411	1425
1411	1429
1411	1437
1412	703
1413	706
1413	1414
1413	1419
1413	1426
1414	712
1414	1415
1414	1420
1414	1422
1414	1428
1414	1434
1414	1436
1414	1455
1415	713
1416	724
1416	1418
1416	1424
1416	1427
1416	1431
1417	1416
1417	1418
1417	1513
1417	736
1418	725
1419	707
1419	1423
1419	1430
1419	1458
1420	718
1420	1421
1420	1433
1420	1435
1421	719
1422	714
1423	710
1424	726
1425	704
1426	711
1427	727
1428	715
1429	705
1430	708
1431	728
1431	1432
1431	1456
1431	1457
1432	729
1433	720
1434	716
1435	721
1436	717
1437	723
1439	1438
1440	1439
1440	1735
1440	1736
1440	1737
1440	3863
1443	1442
1445	693
1445	1452
1445	1509
1446	1445
1447	1445
1448	1445
1448	1760
1448	1934
1449	1445
1449	1761
1449	1935
1450	1445
1450	693
1450	2517
1450	2518
1450	2520
1450	2521
1450	3417
1450	3479
1450	3580
1450	3643
1451	694
1452	1451
1452	695
1455	722
1456	730
1457	731
1458	709
1460	1459
1460	1461
1460	1462
1464	1463
1466	1465
1466	2216
1466	2234
1466	2262
1469	1468
1471	1470
1471	1474
1471	1482
1471	1483
1471	1493
1472	1471
1472	1473
1472	1475
1472	1496
1472	1531
1473	1470
1475	1474
1475	1509
1480	1479
1483	1484
1483	1485
1485	1486
1485	1490
1485	1491
1485	1492
1486	1487
1486	1488
1486	1489
1495	1494
1496	1483
1496	1497
1496	1505
1497	1485
1497	1498
1497	1513
1497	1514
1497	1522
1498	1486
1498	1500
1498	1502
1498	1529
1499	1498
1499	1501
1499	1503
1499	1530
1499	732
1500	1487
1501	1500
1501	733
1502	1488
1503	1502
1503	734
1505	1484
1506	1505
1506	700
1509	1482
1511	1510
1511	1516
1511	1519
1511	1520
1511	1521
1511	2010
1511	2872
1512	1510
1512	1741
1512	1752
1512	1766
1513	1490
1514	1492
1515	1514
1515	738
1518	1517
1518	1757
1522	1491
1523	1522
1523	737
1525	1524
1525	1762
1527	1526
1527	1764
1529	1489
1530	1529
1530	735
1531	1493
1532	1531
1532	1768
1533	1532
1535	1534
1535	1745
1535	1747
1535	1769
1538	1537
1538	3009
1538	3010
1538	3012
1538	3013
1538	3014
1538	3017
1538	3018
1538	3019
1538	3020
1539	1538
1539	2940
1539	2947
1539	2984
1539	3007
1539	3021
1540	1539
1540	2926
1540	2937
1540	3024
1540	3025
1541	1540
1549	287
1549	245
1553	1552
1553	1560
1553	2476
1553	2790
1553	2799
1553	2800
1553	2801
1553	2802
1553	2803
1553	2804
1553	2805
1553	2806
1553	2807
1554	1553
1554	2014
1554	2808
1554	2809
1554	2810
1554	2820
1554	2821
1555	1554
1555	1643
1555	2207
1555	2865
1555	3301
1555	3309
1555	3312
1556	1555
1556	1557
1556	2208
1556	2216
1556	2866
1556	3213
1556	3302
1557	1554
1559	1558
1559	2227
1559	2779
1559	2780
1559	2781
1559	2782
1559	2783
1559	2784
1559	2785
1559	2786
1559	2787
1560	1559
1560	1561
1560	2764
1560	2765
1560	2769
1560	2770
1560	2773
1560	2774
1560	2775
1560	2788
1564	1563
1566	1565
1566	1569
1568	1567
1568	1570
1572	1571
1572	1580
1572	1581
1572	1582
1573	1572
1573	1575
1573	1578
1575	1574
1575	1579
1577	1576
1578	1577
1584	1583
1584	1603
1585	1584
1585	2704
1585	2705
1585	2707
1585	2710
1585	2711
1585	2712
1585	2713
1586	1585
1586	2471
1586	2468
1586	3233
1586	3415
1586	3468
1589	1588
1590	1589
1590	1606
1590	1607
1590	2693
1590	2694
1592	1591
1592	1609
1592	1618
1594	1593
1596	1595
1596	1597
1599	1598
1602	1601
1602	1610
1606	1605
1607	1605
1607	1608
1612	1611
1617	1616
1617	1619
1617	1621
1619	1620
1624	1625
1624	1632
1625	1626
1625	1627
1625	1628
1625	1629
1625	1631
1629	1630
1635	1634
1635	2728
1636	1635
1638	1637
1638	2722
1640	1639
1640	2877
1641	1640
1641	2015
1641	2875
1641	2876
1641	3329
1641	3330
1642	1639
1647	1646
1648	1647
1648	1653
1648	1654
1648	1655
1649	1648
1650	1648
1651	1648
1652	1651
1657	1656
1657	1661
1657	1660
1657	1689
1657	1683
1657	1706
1657	1658
1657	1659
1657	1690
1657	1714
1657	1720
1657	1724
1657	1725
1656	1658
1656	1659
1661	1660
1661	1679
1662	1661
1662	1689
1662	1683
1662	1690
1664	1663
1664	1670
1664	1677
1664	1706
1665	1664
1665	1667
1666	1663
1666	1677
1667	1666
1667	1671
1669	1668
1669	1727
1671	1670
1671	1706
1672	1671
1673	1675
1673	1676
1674	1673
1681	1680
1680	1683
1682	1680
1682	1685
1683	1684
1683	1685
1685	1686
1686	1687
1687	1688
1689	1690
1690	1691
1690	1694
1690	1695
1690	1703
1690	1704
1691	1692
1691	1693
1695	1696
1695	1699
1695	1701
1696	1697
1696	1698
1699	1700
1701	1702
1705	1685
1705	3334
1706	1707
1709	1708
1710	1690
1710	1711
1710	1712
1710	1698
1711	1695
1711	1704
1712	1704
1713	1712
1716	1715
1716	1686
1718	1675
1718	1721
1718	1722
1718	1723
1718	1676
1718	3861
1719	1675
1719	1676
1719	3861
1726	1725
1729	1728
1729	1732
1730	1729
1731	1728
1731	1758
1731	1978
1734	1733
1738	732
1740	1739
1740	1765
1742	1741
1742	1759
1742	1766
1742	1914
1742	1915
1742	3671
1742	3673
1742	3675
1742	3676
1742	3677
1742	3678
1742	3679
1742	1378
1744	1743
1744	1751
1746	1745
1746	1747
1750	1749
1751	1750
1754	1753
1764	1763
1767	1768
1779	1780
1782	1781
1786	1785
1786	1787
1829	1834
1836	1835
1836	1837
1836	1856
1839	1838
1839	1840
1839	1876
1842	1841
1842	1845
1842	1851
1843	1842
1843	1849
1845	1844
1845	1850
1846	1844
1846	1854
1847	1844
1847	1855
1849	1848
1853	1852
1853	1873
1855	1854
1855	1862
1859	1858
1861	1860
1861	1922
1864	1863
1865	1864
1865	1889
1865	1908
1867	1866
1867	1868
1867	1869
1871	1870
1871	1874
1872	1871
1872	1875
1875	1874
1875	1877
1879	1878
1879	1900
1879	1902
1879	1903
1879	1904
1879	1909
1879	1910
1879	1918
1879	3864
1880	888
1880	1881
1880	1890
1881	889
1882	1881
1882	1890
1884	1883
1884	1892
1884	1901
1884	1894
1884	1895
1884	1919
1886	1887
1886	1888
1890	890
1890	893
1892	1891
1891	1893
1891	1898
1891	1899
1893	1894
1893	1895
1893	1896
1893	1897
1907	1906
1912	1911
1912	1913
1917	1916
1917	1920
1917	1921
1924	1923
1926	1925
1928	1927
1930	1929
1930	3698
1930	3699
1930	3700
1930	3701
1931	1932
1931	1933
1937	1936
1937	1938
1937	1939
1937	1940
1937	1943
1942	1941
1945	1944
1946	1945
1946	1947
1946	1948
1946	1949
1952	1951
1952	1955
1952	1956
1952	1958
1952	2002
1952	2004
1954	1953
1954	1957
1954	2003
1954	3798
1954	3799
1954	3800
1960	1959
1960	1967
1959	1962
1959	1963
1959	1964
1961	1959
1962	1968
1962	1969
1964	1965
1964	1966
1971	1970
1971	1973
1971	1974
1971	1975
1987	1986
1986	1988
1986	1989
1989	1990
1992	1991
1991	1993
1993	1994
1994	1995
1997	1996
1997	3771
1996	1998
1996	1999
1996	2000
1996	2001
2005	2006
2012	2011
2012	2013
2017	2016
2017	2018
2017	2019
2021	2020
2021	2022
2021	2027
2024	2023
2024	2025
2026	2025
2026	3324
2026	3886
2029	2028
2029	2030
2029	2032
2029	2034
2029	2035
2032	2031
2032	2033
2037	2036
2037	2040
2037	2042
2037	2043
2037	2044
2046	2045
2047	2046
2049	2048
2049	2065
2049	2066
2050	2049
2050	2067
2050	2069
2053	382
2053	383
2055	2054
2055	2056
2055	2057
2060	2061
2060	2062
2060	3870
2060	3871
2060	3872
2060	3873
2064	2063
2069	2068
2071	2070
2075	2074
2082	2081
2089	2088
2089	2096
2089	2102
2089	2105
2089	2109
2089	2115
2089	2123
2089	2132
2091	2090
2091	2097
2091	2106
2091	2114
2091	2116
2091	2124
2091	2133
2093	2092
2093	2098
2093	2100
2093	2103
2093	2107
2093	2110
2093	2117
2093	2125
2093	2127
2093	2130
2093	2134
2095	2094
2095	2099
2095	2101
2095	2104
2095	2108
2095	2111
2095	2112
2095	2113
2095	2118
2095	2119
2095	2126
2095	2128
2095	2131
2095	2135
2121	2120
2121	2122
2129	2128
2138	2137
2138	2189
2138	2190
2140	2139
2140	2143
2145	2144
2145	2163
2145	2164
2145	2185
2148	2147
2152	2151
2154	2153
2154	2155
2154	2157
2154	2158
2154	2159
2161	2160
2163	2162
2163	2165
2163	2171
2170	2169
2170	2176
2171	2172
2171	2173
2171	2174
2177	2178
2177	2179
2177	2180
2181	2182
2181	2184
2182	2183
2187	2186
2192	2191
2199	2198
2199	2214
2201	2200
2201	2202
2204	2203
2204	2370
2204	2371
2204	2442
2206	2205
2207	2206
2207	2579
2207	2589
2207	2609
2207	2616
2208	2207
2209	2208
2209	2467
2209	361
2209	2473
2209	3801
2209	3803
2209	3804
2209	3808
2209	3809
2211	2210
2211	2233
2213	2212
2213	2365
2214	2215
2220	2219
2220	2478
2220	2479
2220	2545
2220	2574
2220	2633
2220	2634
2220	2639
2220	2641
2220	2642
2220	2647
2220	2648
2220	2649
2222	2221
2221	2223
2221	2224
2224	2225
2224	2226
2228	2229
2228	2230
2230	2231
2230	2232
2235	2236
2235	2237
2241	2240
2241	2245
2241	2246
2241	2249
2241	2254
2241	2255
2241	2256
2242	2241
2242	2280
2243	2242
2243	2244
2243	2281
2244	2241
2246	2247
2246	2248
2249	2250
2249	2251
2249	2252
2249	2253
2256	2257
2259	2258
2260	2259
2260	2261
2260	2263
2265	2264
2265	2267
2265	2268
2265	2269
2265	2277
2266	2265
2271	2270
2271	2295
2271	2296
2271	2298
2271	2299
2270	2272
2270	2273
2270	2274
2270	2275
2270	2276
2279	2278
2279	2282
2279	2289
2279	2290
2279	2291
2279	2292
2279	2293
2280	2279
2280	2285
2280	2287
2281	2280
2284	2283
2284	2286
2285	2284
2285	2294
2287	2288
2296	2297
2301	2300
2303	2302
2306	2305
2306	2307
2306	2308
2306	2309
2306	2310
2312	2311
2316	2315
2316	2321
2315	2317
2315	2318
2315	2319
2315	2320
2323	2322
2323	3037
2325	2324
2325	2326
2325	2327
2331	2330
2333	2332
2333	2337
2333	2338
2333	2339
2333	2340
2333	2341
2333	2342
2333	2343
2333	2344
2334	2333
2334	2373
2335	2334
2335	2347
2335	2368
2335	2392
2335	2444
2335	2464
2335	2465
2336	2334
2346	2345
2346	2390
2346	2419
2347	2349
2347	2350
2347	2351
2347	2352
2347	2353
2347	2354
2347	2355
2347	2356
2347	2357
2348	2347
2348	2392
2359	2358
2359	2450
2360	2359
2362	2361
2362	2452
2364	2363
2365	2364
2367	2366
2367	2417
2367	2441
2368	2367
2368	2406
2369	2368
2373	2372
2373	2375
2373	2376
2373	2378
2373	2380
2373	2382
2373	2384
2373	2386
2373	2388
2373	2418
2372	2374
2376	2377
2378	2379
2380	2381
2382	2383
2384	2385
2386	2387
2388	2389
2392	2391
2392	2402
2392	2420
2392	2448
2391	2393
2391	2394
2391	2395
2391	2396
2391	2397
2391	2398
2391	2399
2391	2400
2402	2401
2402	2429
2404	2403
2404	2430
2406	2405
2406	2431
2405	2408
2405	2409
2405	2410
2405	2411
2405	2412
2405	2413
2405	2414
2405	2415
2405	2416
2407	2406
2420	2421
2420	2422
2420	2423
2420	2424
2420	2425
2420	2426
2420	2427
2420	2428
2431	2432
2431	2433
2431	2434
2431	2435
2431	2436
2431	2437
2431	2438
2431	2439
2431	2440
2445	2444
2446	2445
2446	2477
2450	2449
2452	2451
2454	2453
2454	3235
2454	3236
2454	3237
2455	2454
2456	2455
2459	2458
2459	2460
2459	2461
2459	2466
2463	2462
2469	2468
2469	2669
2469	2699
2469	2700
2469	2701
2470	2469
2470	2695
2470	2697
2470	2698
2470	2702
2471	2470
2471	2703
2475	2474
2485	2486
2485	2487
2485	2488
2490	2489
2490	2491
2493	2492
2493	2502
2493	2510
2492	2494
2492	2495
2492	2496
2492	2497
2500	2499
2505	2506
2505	2507
2514	2515
2519	2518
2537	2536
2537	2539
2537	3027
2537	3028
2537	3029
2537	3030
2537	3031
2537	3032
2538	2537
2538	3026
2538	3885
2541	2540
2541	2938
2541	3033
2541	3036
2543	2542
2543	2544
2562	2561
2574	2573
2574	2575
2575	2576
2577	2578
2579	2580
2579	2581
2579	2582
2579	2583
2579	2584
2579	2585
2579	2586
2579	2587
2579	2588
2589	2590
2589	2593
2589	2594
2589	2595
2589	2596
2589	2597
2589	2606
2589	2607
2589	2608
2590	2591
2590	2592
2597	2598
2597	2601
2597	2602
2597	2603
2597	2604
2597	2605
2598	2599
2598	2600
2609	2610
2609	2611
2609	2612
2609	2613
2609	2614
2609	2615
2616	2617
2616	2618
2620	2619
2620	2622
2620	2623
2620	2625
2621	2620
2623	2624
2627	2626
2627	2631
2629	2628
2629	2631
2631	2630
2631	2632
2637	2636
2637	2638
2641	2640
2644	2643
2644	2646
2645	2644
2645	2650
2650	2651
2650	2652
2654	2653
2666	2665
2668	2667
2671	2670
2671	3469
2671	3630
2671	3631
2673	2672
2673	2674
2673	2675
2676	896
2676	2719
2678	2677
2679	2678
2679	2690
2679	2688
2679	2683
2681	2680
2681	2688
2681	2687
2680	2683
2682	2681
2682	2679
2685	2684
2685	2686
2688	2687
2688	2683
2690	2689
2695	2696
2705	2706
2707	2708
2707	2709
2715	2714
2714	2716
2720	2719
2726	2725
2726	2727
2726	3340
2726	3860
2729	2730
2736	2735
2736	2739
2736	2740
2736	2741
2736	2744
2736	2745
2735	2738
2737	2736
2737	2748
2737	2749
2741	2742
2741	2743
2748	2747
2749	2740
2753	2752
2756	2755
2758	2757
2758	2870
2761	2760
2761	2762
2761	2763
2765	2766
2765	2767
2765	2768
2770	2771
2770	2772
2775	2776
2775	2777
2775	2778
2790	2789
2790	2792
2790	2793
2790	2797
2790	2798
2789	2791
2793	2794
2793	2795
2793	2796
2802	2826
2802	2827
2802	2828
2802	2829
2802	2830
2803	2824
2803	2836
2806	2832
2806	2833
2810	2811
2810	2812
2810	2813
2810	2814
2810	2815
2810	2816
2810	2817
2810	2818
2810	2819
2823	2822
2823	2825
2823	2831
2823	3882
2835	2834
2851	2850
2851	2853
2851	2856
2852	2851
2852	3884
2855	2854
2855	3883
2860	2859
2862	2861
2864	2863
2864	3160
2865	2867
2866	2865
2872	2871
2872	2873
2872	2874
2872	3234
2872	3380
2879	2878
2879	2886
2879	2887
2879	2888
2879	2889
2879	2890
2879	2891
2879	2892
2879	2893
2879	2894
2879	2895
2879	2896
2879	2897
2878	2880
2880	2881
2880	2882
2882	2883
2884	2885
2899	2898
2898	2900
2898	2901
2898	2902
2898	2903
2898	2904
2898	2905
2898	2906
2898	2907
2898	2908
2898	2909
2898	2912
2898	2915
2898	2916
2898	2917
2898	2918
2898	2919
2909	2910
2909	2911
2912	2913
2912	2914
2924	2923
2926	2925
2926	2927
2926	2928
2926	2929
2926	2930
2926	2931
2926	2932
2926	2933
2926	2934
2926	2935
2926	2936
2940	2939
2940	2954
2940	2955
2940	2956
2940	2957
2940	2958
2940	2959
2940	2960
2940	2961
2940	2962
2940	2963
2940	2964
2940	2966
2940	2967
2940	2969
2940	2970
2940	2971
2940	2972
2940	2973
2940	2974
2940	2975
2940	2976
2940	2977
2940	2978
2940	2979
2940	2980
2940	2981
2940	2982
2940	2983
2939	2941
2939	2942
2939	2943
2939	2944
2939	2945
2939	2946
2947	2948
2947	2949
2947	2950
2947	2951
2947	2952
2952	2953
2964	2965
2967	2968
2984	2985
2984	2986
2984	2987
2984	2988
2984	2989
2984	2990
2984	2991
2984	2992
2984	2993
2984	2994
2984	2995
2984	2996
2984	2997
2984	2998
2984	2999
2984	3000
2984	3001
2984	3002
2984	3003
2984	3004
2984	3005
2984	3006
3007	3008
3010	3011
3014	3015
3014	3016
3021	3022
3021	3023
3033	3034
3036	3035
3040	3039
3040	3041
3043	3042
3043	3048
3043	3052
3043	3054
3043	3056
3043	3057
3043	3069
3043	3075
3043	3096
3043	3098
3043	3102
3043	3107
3043	3108
3043	3114
3043	3116
3043	3125
3043	3126
3043	3131
3043	3137
3043	3138
3043	3140
3043	3158
3043	3159
3044	3043
3044	3050
3044	3092
3044	3119
3044	3152
3046	3045
3048	3047
3048	3049
3048	3051
3048	3058
3048	3059
3048	3060
3048	3061
3048	3062
3048	3063
3048	3064
3048	3065
3048	3066
3048	3067
3048	3068
3048	3070
3048	3073
3048	3074
3048	3077
3048	3078
3048	3079
3048	3080
3048	3081
3048	3082
3048	3083
3048	3084
3048	3085
3048	3086
3048	3087
3048	3090
3048	3094
3048	3095
3048	3097
3048	3100
3048	3105
3048	3106
3048	3109
3048	3110
3048	3112
3048	3113
3048	3115
3048	3117
3048	3118
3048	3120
3048	3121
3048	3122
3048	3123
3048	3124
3048	3127
3048	3128
3048	3133
3048	3135
3048	3136
3048	3141
3048	3142
3048	3143
3048	3144
3048	3146
3048	3147
3048	3148
3048	3149
3048	3155
3054	3053
3054	3093
3054	3101
3054	3104
3056	3055
3056	3071
3056	3072
3056	3076
3056	3088
3056	3089
3056	3111
3056	3129
3056	3130
3056	3132
3056	3134
3056	3139
3056	3145
3056	3150
3056	3156
3056	3157
3092	3091
3100	3099
3102	3103
3151	3152
3154	3153
3154	3155
3154	3161
3163	3162
3165	3164
3165	3174
3165	3181
3164	3168
3166	3165
3166	3191
3167	3164
3167	3169
3167	3168
3174	3176
3175	3174
3175	3177
3175	3176
3181	3183
3182	3181
3182	3184
3182	3183
3188	3187
3188	3194
3190	3189
3190	3193
3190	3195
3191	3192
3197	3196
3197	3198
3197	3400
3200	3199
3202	3201
3204	3203
3206	3205
3206	3210
3205	3207
3205	3208
3208	3209
3210	3209
3210	3395
3210	3398
3212	3211
3212	3214
3212	3215
3213	3212
3213	3217
3213	3218
3213	3220
3213	3224
3213	3225
3213	3227
3217	3216
3217	3226
3220	3219
3220	3221
3223	3222
3224	3223
3229	3228
3229	3230
3229	3238
3229	3381
3232	3231
3233	2711
3240	3239
3240	3243
3242	3241
3243	3244
3243	3245
3247	3246
3247	3248
3247	3249
3251	3250
3251	3252
3251	3253
3257	3256
3256	3258
3256	3259
3256	3262
3256	3274
3259	3260
3259	3261
3262	3263
3262	3264
3262	3265
3262	3266
3262	3267
3262	3268
3262	3269
3262	3270
3262	3271
3262	3272
3262	3273
3274	3275
3274	3276
3281	3280
3281	3283
3281	3288
3284	3285
3287	3286
3287	3297
3290	3289
3291	3290
3291	3293
3293	3292
3293	3294
3295	3296
3302	3301
3302	3312
3307	3306
3311	3310
3312	3311
3314	3313
3316	3315
3316	3320
3316	3321
3316	3322
3316	3323
3317	3316
3319	3318
3319	3333
3327	3326
3329	3328
3328	3331
3330	3328
3330	3332
3337	3336
3337	3339
3338	3336
3342	3341
3344	3343
3343	3345
3343	3346
3349	3348
3349	3192
3353	3352
3353	3354
3353	3356
3353	3359
3356	3355
3355	3357
3357	3358
3363	3362
3363	3364
3363	3368
3363	3371
3363	3372
3366	3365
3366	3367
3370	3369
3376	3375
3376	3378
3377	3376
3377	3379
3383	3382
3383	3387
3383	3388
3383	3389
3383	3390
3383	3391
3383	3392
3383	3393
3383	3394
3383	3395
3383	3396
3383	3397
3383	3398
3383	3399
3382	3384
3382	3385
3382	3386
3401	3402
3406	3405
3406	3887
3408	3409
3409	3410
3412	3411
3412	3413
3415	494
3415	495
3415	496
3416	3415
3416	3417
3420	3419
3431	3430
3435	3436
3438	3437
3440	3439
3440	3595
3440	489
3440	490
3442	3441
3442	3596
3445	3444
3445	3472
3445	3598
3446	3444
3449	3448
3449	3601
3451	3450
3451	3453
3451	3454
3453	3452
3454	3455
3457	3456
3459	3458
3459	3461
3461	3460
3463	3462
3463	3466
3462	3464
3462	3465
3468	2700
3476	3475
3476	3477
3482	3481
3483	3482
3483	3515
3483	3542
3483	3549
3483	3654
3485	3484
3485	3488
3485	3490
3485	3491
3485	3494
3485	3644
3484	3486
3488	3487
3490	3489
3490	3492
3490	3493
3495	3496
3495	3497
3501	3500
3501	3504
3501	3505
3500	3502
3500	3503
3507	3506
3507	3508
3507	3509
3511	3510
3511	3512
3518	3517
3518	3519
3521	3520
3521	3523
3521	3526
3521	3652
3523	3522
3523	3527
3523	3528
3531	3530
3531	3556
3530	3532
3532	3533
3532	3534
3535	3536
3535	3537
3535	3538
3540	3539
3540	3554
3540	3565
3545	3544
3544	395
3544	396
3547	3546
3547	3576
3548	3547
3548	3563
3548	3573
3548	3574
3552	3551
3552	3558
3552	3564
3554	3553
3554	3559
3556	3555
3556	3557
3567	3566
3567	3585
3567	3646
3567	3647
3569	3568
3571	3570
3573	3572
3576	3575
3578	3577
3582	3581
3582	3586
3582	3648
3582	3649
3584	3583
3588	3587
3589	3587
3590	3587
3592	3591
3593	3592
3594	3591
3599	3598
3603	3602
3603	3609
3603	3610
3606	3605
3606	3607
3606	3608
3613	3612
3615	3614
3615	3617
3615	3618
3615	3619
3617	3616
3617	3620
3622	3621
3622	3624
3624	3623
3626	3625
3626	3628
3625	3627
3633	3632
3633	3635
3637	3636
3637	3639
3637	3640
3637	3641
3645	3644
3645	3652
3645	3528
3654	3653
3656	3655
3659	3658
3659	3666
3658	3660
3658	3661
3658	3662
3658	3663
3658	3664
3658	3665
3668	3667
3672	3671
3672	3893
3672	1367
3674	3673
3674	3894
3674	3895
3674	3896
3674	3897
3674	3898
3674	3899
3674	3900
3674	3901
3674	1366
3674	3679
3680	1376
3693	3680
3693	3681
3693	3682
3693	3683
3693	3684
3693	3685
3693	3686
3693	3687
3693	3688
3695	3694
3695	3696
3695	3697
3703	3702
3704	3702
3706	3707
3710	3709
3712	3711
3712	3713
3714	3715
3716	3717
3716	3718
3716	3719
3716	3720
3716	3721
3716	3722
3716	3723
3716	3724
3716	3725
3716	3726
3716	3727
3716	3728
3716	3729
3716	3730
3731	3732
3731	3733
3731	3734
3731	3735
3731	3736
3731	3737
3731	3738
3731	3739
3731	3740
3731	3741
3731	3742
3731	3743
3731	3744
3731	3745
3731	3746
3731	3747
3748	3749
3748	3750
3752	3753
3752	3754
3758	3759
3760	3761
3760	3762
3760	3763
3771	1998
3771	1999
3771	2000
3771	2001
3772	563
3772	564
3781	635
3781	633
3781	638
3789	2923
3792	3563
3792	3574
3792	3573
3792	3547
3794	3795
3796	3797
3802	3745
3806	3805
3806	3807
3810	3811
3812	3813
3812	3811
3812	3814
3812	3815
3816	3817
3818	3814
3818	3815
3819	3813
3819	3811
3819	3814
3819	3815
3820	3817
3821	3813
3821	3811
3821	3814
3821	3815
3821	3822
3823	3824
3825	461
3826	3827
3826	3828
3826	3829
3830	3831
3830	3832
3830	3833
3830	3834
3830	3835
3837	3838
3837	3839
3840	3778
3840	3841
3840	3842
3840	3843
3840	3844
3840	3845
3840	3846
3840	511
3840	3847
3840	3848
3840	3849
3840	3850
3840	3851
3840	3852
3840	3853
3840	3854
3849	2006
3853	3246
3853	3248
3853	3249
3855	3856
3855	3857
3855	3858
3862	3861
3865	3866
3865	3867
3868	3869
3879	2154
3888	3889
3888	3890
3888	3891
3888	3892
3895	1510
3895	1741
3895	1752
3895	1766
3896	1753
3897	1517
3897	1757
3898	1524
3898	1762
3899	1534
3899	1745
3899	1747
3899	1769
