1	0
1	15
1	16
1	17
1	18
2	1
2	8
2	11
2	14
2	19
2	20
2	21
2	22
2	23
2	24
2	25
2	26
2	27
2	28
2	29
2	30
2	31
2	43
2	44
2	45
2	46
2	47
2	48
3	2
3	122
3	136
3	144
3	145
4	3
5	4
6	5
7	6
8	9
8	10
11	12
11	13
13	49
13	50
31	32
31	33
31	34
31	35
31	36
31	37
31	38
31	39
31	40
31	41
31	42
31	3895
43	3896
43	3899
43	3900
43	3901
44	3904
44	3908
44	3909
44	3910
44	3911
44	3912
44	3913
44	3914
52	51
52	55
52	58
52	61
52	67
52	68
52	69
52	70
52	71
52	72
52	73
52	74
52	75
52	76
52	77
52	121
52	150
52	151
52	152
52	153
52	154
52	155
52	156
52	157
52	158
52	159
52	160
52	161
53	52
54	53
55	56
55	57
58	59
61	60
61	63
61	64
61	65
61	66
63	62
79	78
79	3002
79	3007
79	3043
79	3044
79	3045
81	80
81	2962
81	2963
81	2964
81	2965
83	82
83	1678
83	2970
83	3594
83	3745
85	84
85	1658
85	2438
85	2966
85	2991
85	3590
85	3742
87	86
87	2342
87	2343
87	2363
87	2364
87	2572
87	2668
87	2669
87	2670
87	2671
87	2672
87	2673
87	2674
87	2675
87	2676
87	2677
87	2678
87	2679
87	2680
87	2681
87	2682
87	2685
87	2686
87	2687
87	2688
87	2689
87	2690
87	2691
87	2692
87	2693
87	2694
87	2778
87	2779
87	2780
87	2781
87	2782
87	2783
87	2784
87	2785
88	87
88	2776
88	2777
90	89
90	1659
90	2967
90	2968
90	2969
91	90
91	2439
91	2984
92	91
93	91
93	320
93	323
93	324
93	332
93	334
93	338
93	374
93	377
93	406
93	426
93	512
93	578
93	599
93	605
93	611
93	615
93	620
93	625
93	626
93	634
93	642
93	643
93	1673
93	1702
93	1710
93	1720
93	2095
93	2128
93	2138
93	2175
93	2593
93	2794
93	2090
93	2957
93	2956
93	2989
93	3334
93	3361
93	3461
93	3581
93	3596
93	3598
93	3606
93	3610
93	3614
93	2823
93	1014
93	3617
93	3621
93	3630
93	3646
93	3652
93	3656
93	3658
93	3661
93	3663
93	3666
93	3674
93	3686
93	3693
93	3756
93	3760
93	3767
93	3771
93	3774
93	2824
93	1016
93	1017
93	1018
93	3778
93	3783
93	3795
93	313
93	3984
95	94
95	99
95	3724
97	96
97	102
97	3406
97	3410
97	3411
97	3413
97	3427
98	97
98	3416
98	3420
98	3424
98	3428
98	3429
98	3432
98	3433
99	98
99	1689
99	1736
101	100
102	101
102	3434
104	103
104	2201
104	2202
104	2203
104	2204
105	104
105	900
105	1122
105	2093
105	2094
105	2097
105	2098
105	2108
105	2182
105	2195
105	2200
105	2205
105	2206
105	2266
105	2293
105	2306
105	3748
105	4040
105	4041
105	4042
105	4043
105	4044
107	106
108	107
108	1509
108	1843
108	1878
110	109
110	1470
110	2099
110	2102
110	2104
110	2319
110	2320
110	2321
112	111
112	1469
112	2073
112	2100
112	2103
112	2105
112	2313
112	2318
112	2322
114	113
115	114
115	1513
115	1517
115	1853
115	1879
115	2181
117	116
119	118
119	2054
119	2197
119	2291
119	2292
119	2302
120	119
120	2271
120	2310
124	123
124	311
124	527
124	613
124	1620
124	2300
124	2868
124	3536
124	3547
124	3553
124	3659
126	125
126	162
126	163
126	164
126	165
126	166
126	167
126	168
126	169
126	170
126	171
126	172
126	177
126	178
126	1052
126	1796
126	1878
126	1879
126	1881
126	1883
126	1884
126	1887
126	1893
126	3849
126	3852
128	127
128	1708
128	1733
128	1740
128	1745
128	1746
128	1747
128	1756
129	128
129	964
129	2584
129	3502
129	3556
130	129
130	289
130	565
130	573
130	576
130	665
130	693
130	745
130	1053
130	1507
130	1511
130	1576
130	1737
130	1768
130	1894
130	1895
130	1896
130	1897
130	1898
130	1899
130	1900
130	1901
130	1906
130	1907
130	1984
130	2008
130	2028
130	2263
130	2615
130	2620
130	2622
130	2623
130	2625
130	2626
130	2627
130	2630
130	2631
130	2633
130	2634
130	2635
130	2636
130	2638
130	2644
130	2645
130	2646
130	2647
130	2648
130	2649
130	2650
130	2651
130	2652
130	2654
130	2655
130	2656
130	2657
130	2840
130	3550
130	3552
130	3554
130	3555
130	3557
130	3625
130	3628
130	3858
131	130
131	146
131	179
131	310
131	311
131	436
131	486
131	528
131	535
131	594
131	628
131	744
131	797
131	814
131	832
131	864
131	925
131	1391
131	1840
131	2453
131	2606
131	2815
131	2876
131	2961
131	3473
131	3543
131	3643
131	3688
132	133
135	134
135	1364
135	1369
135	1377
135	1378
135	1361
135	1372
135	1393
135	1370
135	1371
135	1374
135	1375
135	1376
135	1394
135	1395
135	1384
135	1385
135	1403
136	137
136	138
136	139
136	140
136	141
136	142
136	143
146	147
149	148
173	174
176	175
181	180
180	182
183	184
186	185
188	187
188	1911
188	1912
188	1913
188	1914
188	1915
188	1916
188	1917
188	1918
188	1919
188	1920
188	1921
188	1922
188	1923
188	1924
188	1925
188	1926
188	1927
188	1928
188	1929
188	1930
188	1931
188	1932
188	1933
188	1934
188	1935
188	1936
188	1937
188	1938
188	1939
188	1940
188	1941
188	1942
188	1943
188	1944
188	1945
188	1946
188	1947
188	1948
188	1949
188	1950
188	1951
188	1952
188	1953
188	1954
188	1955
188	1956
189	188
191	190
191	192
191	193
191	194
191	195
191	196
191	197
191	198
200	199
200	201
200	211
200	2750
200	3326
200	3468
200	3503
200	3530
200	3532
202	201
202	203
202	205
202	207
202	209
204	203
204	2448
204	2447
204	2663
204	2748
204	2751
204	3464
206	205
208	207
208	1652
208	2345
208	2749
208	2757
208	2767
208	2960
208	2971
208	2980
208	3489
208	4046
210	209
210	2684
210	3384
210	3407
210	3408
210	3490
213	212
213	214
213	215
217	216
217	821
217	859
217	1760
217	2219
217	2224
217	2226
217	2229
217	2233
217	2236
217	2237
217	2238
217	2243
217	2244
217	2251
217	2253
217	2256
217	2260
216	220
216	224
216	226
216	228
216	229
218	216
219	216
221	220
221	224
221	226
221	228
222	220
222	224
222	226
222	228
222	229
223	220
223	224
223	226
223	228
225	224
227	226
227	228
231	230
231	232
231	235
231	239
231	281
231	284
231	283
231	241
231	242
231	243
231	244
231	286
231	245
231	246
231	247
231	251
231	260
231	263
231	264
231	267
231	265
231	266
231	268
231	269
231	270
231	271
231	272
231	275
231	276
231	278
230	232
230	235
230	236
230	237
230	238
230	239
230	240
230	241
230	242
230	243
230	244
230	245
230	246
230	247
230	248
230	249
230	250
230	251
230	252
230	253
230	254
230	255
230	256
230	257
230	258
230	259
230	260
230	261
230	262
230	263
230	264
230	265
230	266
230	267
230	268
230	269
230	270
230	271
230	272
230	273
230	274
230	275
230	276
230	277
230	278
232	233
232	234
239	281
239	282
239	284
239	285
239	286
239	287
271	2786
271	2787
280	279
282	283
289	288
289	290
289	291
289	292
289	293
289	294
289	295
289	296
289	297
289	298
289	299
289	300
289	301
289	302
289	303
289	304
289	305
289	306
289	307
309	308
309	373
309	403
309	462
309	488
309	634
309	2175
309	2341
309	362
309	2814
309	2843
309	2845
309	2959
309	3047
309	3494
309	3587
309	3691
309	3693
309	2844
309	3921
309	3922
309	3923
309	3924
309	3925
309	3926
309	3927
309	3928
309	3929
309	3930
309	3931
309	3932
309	3933
309	3934
309	3935
309	3936
309	3937
309	313
309	3969
313	312
313	319
312	314
312	315
315	316
315	320
316	317
316	323
319	318
319	315
319	324
321	320
320	317
322	321
322	323
322	324
322	371
322	372
322	373
322	374
322	376
322	377
322	378
322	389
322	390
322	397
322	398
322	402
322	403
322	404
322	405
322	406
322	409
322	410
322	426
322	595
322	596
322	626
322	674
322	675
322	676
322	686
322	687
322	1484
322	1663
322	1673
322	1764
322	2085
322	2095
322	2175
322	382
322	383
322	2267
322	2090
322	2957
322	2987
322	3592
322	3596
322	3617
322	3644
322	3669
322	3670
322	3686
322	3690
322	3695
322	3705
322	3706
322	3707
322	3749
322	3783
322	3816
325	324
325	562
325	1597
325	1980
325	3058
325	3619
325	315
325	3916
325	3917
325	3918
325	3919
325	3920
324	316
327	326
327	328
330	329
330	1767
330	2592
330	2597
330	2598
330	3161
330	3437
330	3454
332	331
332	334
332	338
331	334
331	338
333	332
333	1762
333	1772
333	1773
333	1775
333	1774
333	1771
333	2261
333	2266
333	2880
334	335
334	336
334	337
338	339
341	340
341	356
343	342
343	348
344	343
344	352
344	353
344	358
345	343
345	349
345	352
345	353
347	346
351	350
351	357
351	1119
351	2281
355	354
355	932
360	359
360	432
360	617
360	1672
360	1760
360	2333
360	2336
360	2406
360	361
360	2979
360	3676
360	2844
360	3945
360	3952
359	361
359	362
364	363
366	365
366	2582
366	3980
368	367
368	369
368	370
368	1557
368	1560
368	1569
368	1570
368	1583
368	1623
368	1624
368	1643
368	1644
368	1660
368	1661
368	1662
368	1664
368	1666
368	1667
368	3383
368	3836
368	3949
368	3951
374	375
378	379
378	380
378	381
378	384
378	385
378	386
378	387
381	382
381	383
389	388
389	641
389	2176
389	2267
389	2872
389	3669
389	3794
390	391
390	394
391	392
391	393
394	395
394	396
398	399
398	400
398	401
404	316
406	407
406	408
411	412
414	413
414	412
416	415
416	811
416	1496
416	2881
416	3299
416	3302
416	3309
416	3476
416	3813
418	417
418	815
418	1497
418	3300
418	3307
418	3314
418	3479
420	419
420	834
420	833
420	837
420	838
420	839
420	840
420	841
420	842
420	843
420	844
420	845
420	857
420	859
420	863
420	1054
420	1068
420	1498
420	2210
420	2211
420	2212
420	2219
420	2224
420	2226
420	2229
420	2233
420	2236
420	2237
420	2238
420	2243
420	2244
420	2251
420	2256
420	2260
420	2846
420	3301
420	3308
420	3315
420	3480
422	421
422	429
422	430
423	424
426	425
426	2273
426	2275
428	427
432	431
432	435
432	440
433	431
433	794
435	434
435	438
435	439
435	441
436	437
443	442
443	444
443	445
443	451
443	452
447	446
448	446
448	449
448	450
454	453
454	2796
453	455
453	456
453	457
459	458
461	460
461	463
461	464
461	465
461	466
461	467
461	468
461	469
461	470
461	485
461	472
461	473
461	474
461	475
461	476
461	477
461	478
461	479
461	480
461	481
462	461
462	471
471	472
471	473
471	474
471	475
471	476
471	477
471	478
471	479
471	480
471	481
483	482
483	793
483	846
484	482
486	487
488	489
488	490
492	491
492	2877
492	3545
491	493
491	497
493	494
493	495
493	496
499	498
499	500
501	502
504	503
506	505
507	508
507	509
511	510
511	519
512	511
512	513
512	514
512	515
512	516
512	517
512	518
512	2106
512	2107
512	2128
512	2130
512	2131
512	2873
512	3376
512	3779
512	313
518	519
521	520
522	521
522	525
524	523
524	526
530	529
532	531
534	533
534	957
535	536
538	537
538	540
538	541
538	543
538	570
538	571
538	572
539	538
539	537
539	540
539	541
543	542
543	556
543	558
543	559
543	560
543	561
543	567
543	569
542	544
542	546
542	547
542	548
542	549
542	550
542	551
542	552
542	553
542	554
542	555
544	545
556	557
562	563
562	564
567	566
567	568
575	574
576	575
576	597
576	614
576	627
576	679
576	692
578	577
578	584
578	586
578	587
578	590
578	677
577	580
579	578
579	599
579	605
579	611
579	615
579	634
579	642
579	643
579	1701
579	2794
579	1012
579	3581
579	3598
579	3606
579	3610
579	3614
579	2823
579	1014
579	3621
579	3630
579	3646
579	3656
579	3658
579	3661
579	3663
579	3666
579	3674
579	3693
579	3756
579	3760
579	3767
579	3771
579	3774
579	2824
579	1016
579	1017
579	1018
579	3778
579	2831
579	3795
582	581
584	583
586	585
586	588
586	589
591	592
591	593
599	598
599	600
599	601
599	602
599	603
599	690
605	604
605	608
605	609
604	606
604	607
611	610
611	612
617	616
617	684
616	618
618	619
620	621
620	622
620	623
625	624
625	682
625	689
630	629
630	3584
631	630
633	632
634	633
634	635
634	638
637	636
638	637
638	678
640	639
643	644
644	645
644	646
644	647
649	648
650	649
650	3615
651	650
651	1702
651	1699
651	1723
651	1772
651	1773
651	1775
651	1774
651	1771
651	2792
651	2837
651	2851
651	2853
651	2854
651	2855
651	2856
651	3558
651	4047
653	652
653	671
653	678
653	690
653	691
653	662
652	655
654	653
654	657
654	663
654	672
654	673
657	656
657	658
657	659
657	660
657	661
657	662
662	655
662	1729
665	664
667	666
669	668
669	670
681	680
681	688
684	683
684	685
694	695
695	696
695	697
695	698
700	699
699	702
699	703
701	699
701	1526
703	704
703	734
703	738
703	739
703	740
704	705
704	706
704	707
704	708
704	725
704	726
708	709
708	712
708	713
708	714
709	710
709	711
714	715
714	716
714	717
714	718
714	719
714	720
714	724
720	721
720	722
720	723
726	727
726	728
726	729
726	730
730	731
730	732
730	733
734	735
734	736
734	737
742	741
742	743
745	746
748	747
748	847
748	849
748	851
747	751
747	752
749	747
750	749
750	848
750	850
750	852
750	4008
750	4021
754	753
756	755
756	768
756	769
756	770
756	771
756	778
756	781
756	785
756	786
756	789
756	790
756	791
756	792
756	795
756	796
756	798
756	799
755	757
755	759
755	760
755	763
755	764
755	765
755	766
755	767
757	758
760	761
760	762
773	772
773	775
772	774
775	776
775	777
780	779
781	782
784	783
788	787
794	793
794	846
794	4004
801	800
802	801
802	804
802	808
802	4009
802	4010
802	4011
802	4012
802	4015
802	4016
802	4017
802	4022
802	4023
804	803
806	805
806	810
807	806
808	807
808	4013
809	805
811	812
811	813
817	816
819	818
820	819
820	4003
823	822
823	824
823	826
823	827
823	828
823	829
824	825
831	830
834	833
834	838
834	839
834	840
834	841
834	842
834	843
834	844
834	845
836	835
848	847
850	849
852	851
854	853
856	855
858	857
860	859
862	861
866	865
868	867
867	869
867	870
872	871
872	873
872	909
872	1801
872	1808
875	874
876	875
876	886
876	887
877	876
877	884
877	888
877	889
877	890
878	877
878	894
878	918
879	878
879	885
879	935
879	950
880	879
880	891
880	892
880	895
880	896
880	897
880	898
880	928
880	953
880	959
882	881
883	882
883	893
883	2568
883	2992
883	3801
900	899
900	901
900	2132
900	2135
900	2196
900	2205
900	2207
900	2208
900	2209
903	902
904	902
904	908
904	914
906	905
906	907
911	910
911	912
911	913
911	916
915	914
917	916
918	919
918	923
919	920
920	921
921	922
923	924
927	926
927	929
931	930
934	933
934	943
933	936
935	934
935	938
935	945
935	949
936	937
938	939
938	942
939	940
939	941
943	944
945	946
945	947
945	948
952	951
955	954
955	956
955	2159
955	2161
955	2162
955	2163
955	2164
955	2165
955	2166
955	2167
955	2274
959	958
959	960
959	961
959	962
964	963
964	965
965	966
968	967
968	994
968	995
968	1000
968	1004
968	1011
968	1012
968	1019
968	1020
968	1021
968	1022
968	1023
967	971
967	972
967	980
969	968
969	1030
970	969
970	971
970	973
970	976
970	978
970	1589
970	1047
970	2003
970	1011
970	2799
970	2842
970	1020
972	973
972	975
972	976
972	978
973	974
976	977
978	979
980	981
983	982
983	1473
985	984
985	2454
985	2605
986	985
986	984
986	1561
986	695
986	1591
986	1738
986	3285
986	3287
986	3551
988	987
988	1046
988	1592
988	2653
988	2839
987	989
989	990
992	991
991	993
995	996
995	997
997	998
997	999
1000	1001
1001	1002
1001	1003
1004	1005
1004	1009
1004	1010
1005	1006
1005	1008
1006	1007
1012	1013
1012	1014
1012	1015
1012	1016
1016	1017
1016	1018
1025	1024
1025	1026
1028	1027
1030	1029
1030	1047
1030	1048
1030	1049
1030	1050
1030	1051
1029	1031
1033	1032
1035	1034
1035	1594
1034	1037
1036	1035
1036	1593
1036	1871
1036	3537
1039	1038
1039	1041
1039	1042
1039	1043
1039	1044
1039	1045
1040	1039
1040	1041
1054	1055
1054	1060
1054	1061
1055	1056
1055	1057
1055	1058
1055	1059
1060	1066
1060	1067
1061	1062
1061	1063
1063	1064
1063	1065
1070	1069
1070	1072
1070	1076
1070	1079
1070	1080
1070	1081
1070	1112
1070	1113
1070	1114
1070	1115
1070	1116
1071	1070
1071	1074
1071	1124
1071	1129
1074	1073
1074	1075
1074	1077
1074	1078
1083	1082
1083	1093
1083	1100
1083	1102
1083	1103
1084	1083
1084	1086
1086	1085
1086	1098
1086	1099
1086	1101
1086	1104
1086	1107
1088	1087
1089	1088
1089	1095
1091	1090
1092	1091
1092	1097
1095	1094
1097	1096
1105	1092
1105	1106
1105	1084
1105	1111
1106	1108
1106	1109
1106	1110
1118	1117
1119	1118
1121	1120
1121	1123
1122	1121
1124	1125
1124	1126
1124	1127
1124	1128
1129	1130
1129	1131
1129	1132
1129	1133
1129	1134
1129	1135
1129	1136
1129	1137
1129	1138
1129	1139
1129	1140
1129	1141
1129	1142
1129	1143
1145	1144
1145	1147
1145	1148
1145	1151
1145	1152
1145	1153
1146	1145
1146	1150
1146	1211
1146	1156
1150	1149
1155	1154
1155	1157
1155	1160
1155	1161
1155	1163
1156	1155
1156	1159
1156	1208
1156	1213
1156	1214
1156	1215
1156	1216
1156	1217
1156	1218
1156	1219
1156	1225
1156	1226
1156	1227
1159	1158
1159	1162
1165	1164
1165	1179
1166	1165
1166	1168
1166	1196
1166	1199
1168	1167
1168	1177
1168	1178
1168	1180
1170	1169
1171	1170
1171	1176
1171	1190
1171	1192
1173	1172
1174	1173
1174	1183
1174	1194
1174	1204
1176	1175
1182	1181
1183	1182
1183	1185
1183	1186
1183	1188
1185	1184
1186	1187
1188	1189
1190	1191
1192	1193
1194	1195
1196	1197
1196	1198
1199	1200
1199	1201
1199	1202
1199	1203
1206	1205
1206	1207
1208	1209
1208	1210
1211	1212
1219	1220
1219	1221
1219	1222
1219	1223
1219	1224
1229	1228
1229	1233
1229	1237
1228	1230
1228	1231
1228	1232
1233	1234
1233	1235
1237	1236
1237	1238
1237	1239
1237	1240
1242	1241
1242	1246
1242	1250
1241	1243
1241	1244
1241	1245
1246	1247
1246	1248
1250	1249
1250	1251
1250	1252
1250	1253
1255	1254
1255	1269
1255	1336
1255	1338
1255	1340
1255	1342
1255	1343
1255	1346
1257	1256
1257	1261
1257	1262
1257	1263
1257	1264
1258	1257
1258	1266
1258	1270
1258	1276
1260	1259
1266	1265
1266	1267
1268	1258
1268	1281
1268	1303
1268	1322
1268	1328
1268	1331
1268	1333
1268	1334
1268	1335
1268	1337
1268	1339
1268	1341
1268	1344
1268	1345
1270	1271
1270	1272
1270	1273
1270	1274
1270	1275
1276	1277
1276	1278
1276	1279
1276	1280
1281	1282
1281	1290
1281	1298
1281	1300
1282	1283
1282	1284
1282	1289
1284	1285
1284	1286
1284	1287
1284	1288
1290	1291
1290	1292
1290	1296
1292	1293
1292	1294
1292	1295
1298	1297
1298	1301
1300	1299
1300	1302
1303	1304
1303	1309
1303	1314
1303	1319
1304	1305
1304	1306
1304	1307
1304	1308
1309	1310
1309	1311
1309	1312
1314	1313
1314	1315
1314	1316
1314	1317
1319	1318
1319	1320
1319	1321
1322	1323
1322	1326
1325	1324
1325	1327
1328	1329
1328	1330
1333	1332
1348	1347
1350	1349
1352	1351
1352	1353
1352	1354
1352	1356
1351	1355
1351	1357
1351	1358
1360	1359
1360	1363
1360	1362
1359	1361
1359	1363
1361	1362
1363	1364
1364	1365
1364	1366
1367	1363
1368	1364
1368	1361
1368	1365
1368	1372
1368	1393
1368	1370
1368	1371
1368	1374
1368	1375
1368	1376
1368	1394
1368	1384
1368	1403
1368	1406
1369	1370
1369	1371
1369	1372
1369	1374
1369	1375
1369	1376
1372	1373
1380	1379
1380	1381
1382	1383
1382	1385
1383	1384
1387	1386
1387	1388
1389	1361
1389	1406
1391	1390
1392	1372
1392	1393
1392	1370
1392	1371
1392	1374
1392	1375
1392	1376
1397	1396
1397	1398
1398	1399
1398	1400
1398	1401
1403	1402
1405	1404
1408	1407
1408	1412
1407	1410
1407	1411
1409	1408
1414	1413
1414	1425
1415	1414
1415	1426
1416	1415
1418	1417
1418	1433
1418	1466
1419	1418
1421	1420
1421	1449
1422	1421
1424	1423
1424	1454
1428	1427
1428	1464
1429	1428
1429	1432
1429	1465
1430	1429
1431	1428
1435	1434
1435	1438
1435	1439
1435	1440
1435	1447
1435	1448
1436	1435
1438	1437
1438	1441
1438	1442
1438	1443
1438	1444
1438	1445
1438	1446
1449	1450
1449	1451
1449	1452
1454	1453
1454	1455
1455	1456
1455	1457
1456	1458
1456	1461
1457	1459
1457	1460
1463	1462
1468	1467
1468	1703
1468	1718
1468	1724
1468	2174
1468	2429
1468	3533
1468	3559
1468	3562
1468	3623
1468	3787
1472	1471
1472	1481
1472	1486
1475	1474
1475	1477
1475	1476
1474	1476
1474	1477
1479	1478
1479	1481
1479	1490
1480	1478
1480	1495
1482	1479
1482	1491
1482	1494
1482	3814
1482	3833
1482	3835
1482	3837
1482	3819
1482	3820
1482	3821
1482	3822
1482	3823
1483	1482
1483	1628
1483	1634
1483	1641
1483	1651
1483	1877
1483	2037
1483	2038
1483	1865
1483	3835
1483	4025
1483	4060
1483	4061
1483	4062
1483	4063
1483	4064
1483	4065
1483	4066
1483	4067
1483	3823
1484	1483
1484	1985
1484	3818
1486	1485
1487	1488
1487	1489
1493	1492
1494	1493
1494	1875
1494	1876
1494	1880
1494	1885
1494	1892
1494	1869
1494	3824
1494	3825
1494	3826
1494	3827
1494	3828
1494	3829
1494	3830
1494	3831
1494	3832
1494	3834
1500	1499
1500	1501
1502	1501
1504	1503
1504	1505
1504	1506
1504	1510
1509	1508
1511	1512
1513	1514
1513	1515
1513	1516
1517	1518
1520	1519
1519	1521
1519	1524
1521	1522
1521	1523
1525	703
1525	1527
1525	1533
1525	1613
1525	1615
1525	1631
1525	1639
1526	1525
1526	1612
1526	1622
1527	704
1527	1528
1527	1529
1527	1532
1527	1541
1527	1545
1527	1553
1528	705
1529	708
1529	1530
1529	1535
1529	1542
1530	714
1530	1531
1530	1536
1530	1538
1530	1544
1530	1550
1530	1552
1530	1571
1531	715
1532	726
1532	1534
1532	1540
1532	1543
1532	1547
1533	1532
1533	1534
1533	1629
1533	738
1534	727
1535	709
1535	1539
1535	1546
1535	1574
1536	720
1536	1537
1536	1549
1536	1551
1537	721
1538	716
1539	712
1540	728
1541	706
1542	713
1543	729
1544	717
1545	707
1546	710
1547	730
1547	1548
1547	1572
1547	1573
1548	731
1549	722
1550	718
1551	723
1552	719
1553	725
1555	1554
1556	1555
1556	1858
1556	1859
1556	1860
1556	4029
1559	1558
1561	695
1561	1568
1561	1625
1562	1561
1563	1561
1564	1561
1564	1883
1564	2057
1565	1561
1565	1884
1565	2058
1566	1561
1566	695
1566	2639
1566	2640
1566	2642
1566	2643
1566	3546
1566	3624
1566	3725
1566	3788
1567	696
1568	1567
1568	697
1571	724
1572	732
1573	733
1574	711
1576	1575
1576	1577
1576	1578
1580	1579
1582	1581
1582	2341
1582	2359
1582	2387
1585	1584
1587	1586
1587	1590
1587	1598
1587	1599
1587	1609
1588	1587
1588	1589
1588	1591
1588	1612
1588	1647
1589	1586
1591	1590
1591	1625
1596	1595
1599	1600
1599	1601
1601	1602
1601	1606
1601	1607
1601	1608
1602	1603
1602	1604
1602	1605
1611	1610
1612	1599
1612	1613
1612	1621
1613	1601
1613	1614
1613	1629
1613	1630
1613	1638
1614	1602
1614	1616
1614	1618
1614	1645
1615	1614
1615	1617
1615	1619
1615	1646
1615	734
1616	1603
1617	1616
1617	735
1618	1604
1619	1618
1619	736
1621	1600
1622	1621
1622	702
1625	1598
1627	1626
1627	1632
1627	1635
1627	1636
1627	1637
1627	2133
1627	2995
1628	1626
1628	1864
1628	1875
1628	1889
1629	1606
1630	1608
1631	1630
1631	740
1634	1633
1634	1880
1638	1607
1639	1638
1639	739
1641	1640
1641	1885
1643	1642
1643	1887
1645	1605
1646	1645
1646	737
1647	1609
1648	1647
1648	1891
1649	1648
1651	1650
1651	1868
1651	1870
1651	1892
1654	1653
1654	3132
1654	3133
1654	3135
1654	3136
1654	3137
1654	3140
1654	3141
1654	3142
1654	3143
1655	1654
1655	3063
1655	3070
1655	3107
1655	3130
1655	3144
1656	1655
1656	3049
1656	3060
1656	3147
1656	3148
1657	1656
1665	287
1665	245
1669	1668
1669	1676
1669	2601
1669	2912
1669	2921
1669	2922
1669	2923
1669	2924
1669	2925
1669	2926
1669	2927
1669	2928
1669	2929
1670	1669
1670	2137
1670	2930
1670	2931
1670	2932
1670	2942
1670	2943
1671	1670
1671	1766
1671	2332
1671	2988
1671	3430
1671	3438
1671	3441
1672	1671
1672	1673
1672	2333
1672	2341
1672	2989
1672	3342
1672	3431
1673	1670
1675	1674
1675	2352
1675	2901
1675	2902
1675	2903
1675	2904
1675	2905
1675	2906
1675	2907
1675	2908
1675	2909
1676	1675
1676	1677
1676	2886
1676	2887
1676	2891
1676	2892
1676	2895
1676	2896
1676	2897
1676	2910
1680	1679
1682	1681
1682	1685
1684	1683
1684	1686
1688	1687
1688	1696
1688	1697
1688	1698
1689	1688
1689	1691
1689	1694
1691	1690
1691	1695
1693	1692
1694	1693
1700	1699
1700	1723
1701	1700
1701	2827
1701	2828
1701	2830
1701	2832
1701	2833
1701	2834
1701	2835
1702	1701
1702	2596
1702	2593
1702	3362
1702	3544
1702	3615
1705	1704
1706	1705
1706	1726
1706	1727
1706	2816
1706	2817
1708	1707
1708	1730
1708	1741
1710	1709
1712	1711
1712	1715
1714	1713
1714	1716
1714	1717
1720	1719
1720	1731
1722	1721
1726	1725
1727	1725
1727	1728
1733	1732
1735	1734
1735	3789
1735	3796
1735	3673
1740	1739
1740	1742
1740	1744
1742	1743
1747	1748
1747	1755
1748	1749
1748	1750
1748	1751
1748	1752
1748	1754
1752	1753
1758	1757
1758	2850
1759	1758
1761	1760
1761	2844
1763	1762
1763	3000
1764	1763
1764	2138
1764	2998
1764	2999
1764	3458
1764	3459
1765	1762
1770	1769
1771	1770
1771	1776
1771	1777
1771	1778
1772	1771
1773	1771
1774	1771
1775	1774
1780	1779
1780	1784
1780	1783
1780	1812
1780	1806
1780	1829
1780	1781
1780	1782
1780	1813
1780	1837
1780	1843
1780	1847
1780	1848
1779	1781
1779	1782
1784	1783
1784	1802
1785	1784
1785	1812
1785	1806
1785	1813
1787	1786
1787	1793
1787	1800
1787	1829
1788	1787
1788	1790
1789	1786
1789	1800
1790	1789
1790	1794
1792	1791
1792	1850
1794	1793
1794	1829
1795	1794
1796	1798
1796	1799
1797	1796
1804	1803
1803	1806
1805	1803
1805	1808
1806	1807
1806	1808
1808	1809
1809	1810
1810	1811
1812	1813
1813	1814
1813	1817
1813	1818
1813	1826
1813	1827
1814	1815
1814	1816
1818	1819
1818	1822
1818	1824
1819	1820
1819	1821
1822	1823
1824	1825
1828	1808
1828	3463
1829	1830
1832	1831
1833	1813
1833	1834
1833	1835
1833	1821
1834	1818
1834	1827
1835	1827
1836	1835
1839	1838
1839	1809
1841	1798
1841	1844
1841	1845
1841	1846
1841	1799
1841	4027
1842	1798
1842	1799
1842	4027
1849	1848
1852	1851
1852	1855
1853	1852
1854	1851
1854	1881
1854	2101
1857	1856
1861	734
1863	1862
1863	1888
1865	1864
1865	1882
1865	1889
1865	2037
1865	2038
1865	3815
1865	3817
1865	3819
1865	3820
1865	3821
1865	3822
1865	3823
1865	1494
1867	1866
1867	1874
1869	1868
1869	1870
1873	1872
1874	1873
1877	1876
1887	1886
1890	1891
1902	1903
1905	1904
1909	1908
1909	1910
1952	1957
1959	1958
1959	1960
1959	1979
1962	1961
1962	1963
1962	1999
1965	1964
1965	1968
1965	1974
1966	1965
1966	1972
1968	1967
1968	1973
1969	1967
1969	1977
1970	1967
1970	1978
1972	1971
1976	1975
1976	1996
1978	1977
1978	1985
1982	1981
1984	1983
1984	2045
1987	1986
1988	1987
1988	2012
1988	2031
1990	1989
1990	1991
1990	1992
1994	1993
1994	1997
1995	1994
1995	1998
1998	1997
1998	2000
2002	2001
2002	2023
2002	2025
2002	2026
2002	2027
2002	2032
2002	2033
2002	2041
2002	4030
2003	1004
2003	2004
2003	2013
2004	1005
2005	2004
2005	2013
2007	2006
2007	2015
2007	2024
2007	2017
2007	2018
2007	2042
2009	2010
2009	2011
2013	1006
2013	1009
2015	2014
2014	2016
2014	2021
2014	2022
2016	2017
2016	2018
2016	2019
2016	2020
2030	2029
2035	2034
2035	2036
2040	2039
2040	2043
2040	2044
2047	2046
2049	2048
2051	2050
2053	2052
2053	3842
2053	3843
2053	3844
2053	3845
2054	2055
2054	2056
2060	2059
2060	2061
2060	2062
2060	2063
2060	2066
2065	2064
2068	2067
2069	2068
2069	2070
2069	2071
2069	2072
2075	2074
2075	2078
2075	2079
2075	2081
2075	2125
2075	2127
2077	2076
2077	2080
2077	2126
2077	3942
2077	3943
2077	3944
2083	2082
2083	2090
2082	2085
2082	2086
2082	2087
2084	2082
2085	2091
2085	2092
2087	2088
2087	2089
2094	2093
2094	2096
2094	2097
2094	2098
2110	2109
2109	2111
2109	2112
2112	2113
2115	2114
2114	2116
2116	2117
2117	2118
2120	2119
2120	3915
2119	2121
2119	2122
2119	2123
2119	2124
2128	2129
2135	2134
2135	2136
2140	2139
2140	2141
2140	2142
2144	2143
2144	2145
2144	2150
2147	2146
2147	2148
2149	2148
2149	3453
2149	4052
2152	2151
2152	2153
2152	2155
2152	2157
2152	2158
2155	2154
2155	2156
2160	2159
2160	2163
2160	2165
2160	2166
2160	2167
2169	2168
2170	2169
2172	2171
2172	2189
2172	2190
2173	2172
2173	2191
2173	2193
2176	382
2176	383
2178	2177
2178	2179
2178	2180
2183	2184
2183	2185
2183	4036
2183	4037
2183	4038
2183	4039
2187	2186
2187	2188
2193	2192
2195	2194
2199	2198
2206	2205
2206	3573
2206	3575
2206	3576
2214	2213
2214	2221
2214	2227
2214	2230
2214	2234
2214	2240
2214	2248
2214	2257
2216	2215
2216	2222
2216	2231
2216	2239
2216	2241
2216	2249
2216	2258
2218	2217
2218	2223
2218	2225
2218	2228
2218	2232
2218	2235
2218	2242
2218	2250
2218	2252
2218	2255
2218	2259
2220	2219
2220	2224
2220	2226
2220	2229
2220	2233
2220	2236
2220	2237
2220	2238
2220	2243
2220	2244
2220	2251
2220	2253
2220	2256
2220	2260
2246	2245
2246	2247
2254	2253
2263	2262
2263	2314
2263	2315
2265	2264
2265	2268
2270	2269
2270	2288
2270	2289
2270	2310
2273	2272
2277	2276
2279	2278
2279	2280
2279	2282
2279	2283
2279	2284
2286	2285
2288	2287
2288	2290
2288	2296
2295	2294
2295	2301
2296	2297
2296	2298
2296	2299
2302	2303
2302	2304
2302	2305
2306	2307
2306	2309
2307	2308
2312	2311
2317	2316
2324	2323
2324	2339
2326	2325
2326	2327
2329	2328
2329	2495
2329	2496
2329	2567
2331	2330
2332	2331
2332	2701
2332	2711
2332	2731
2332	2738
2333	2332
2334	2333
2334	2592
2334	361
2334	2598
2334	3945
2334	3947
2334	3948
2334	3952
2334	3953
2336	2335
2336	2358
2338	2337
2338	2490
2339	2340
2345	2344
2345	2603
2345	2604
2345	2667
2345	2696
2345	2755
2345	2756
2345	2761
2345	2763
2345	2764
2345	2769
2345	2770
2345	2771
2347	2346
2346	2348
2346	2349
2349	2350
2349	2351
2353	2354
2353	2355
2355	2356
2355	2357
2360	2361
2360	2362
2366	2365
2366	2370
2366	2371
2366	2374
2366	2379
2366	2380
2366	2381
2367	2366
2367	2405
2368	2367
2368	2369
2368	2406
2369	2366
2371	2372
2371	2373
2374	2375
2374	2376
2374	2377
2374	2378
2381	2382
2384	2383
2385	2384
2385	2386
2385	2388
2390	2389
2390	2392
2390	2393
2390	2394
2390	2402
2391	2390
2396	2395
2396	2420
2396	2421
2396	2423
2396	2424
2395	2397
2395	2398
2395	2399
2395	2400
2395	2401
2404	2403
2404	2407
2404	2414
2404	2415
2404	2416
2404	2417
2404	2418
2405	2404
2405	2410
2405	2412
2406	2405
2409	2408
2409	2411
2410	2409
2410	2419
2412	2413
2421	2422
2426	2425
2428	2427
2431	2430
2431	2432
2431	2433
2431	2434
2431	2435
2437	2436
2441	2440
2441	2446
2440	2442
2440	2443
2440	2444
2440	2445
2448	2447
2448	3160
2450	2449
2450	2451
2450	2452
2456	2455
2458	2457
2458	2462
2458	2463
2458	2464
2458	2465
2458	2466
2458	2467
2458	2468
2458	2469
2459	2458
2459	2498
2460	2459
2460	2472
2460	2493
2460	2517
2460	2569
2460	2589
2460	2590
2461	2459
2471	2470
2471	2515
2471	2544
2472	2474
2472	2475
2472	2476
2472	2477
2472	2478
2472	2479
2472	2480
2472	2481
2472	2482
2473	2472
2473	2517
2484	2483
2484	2575
2485	2484
2487	2486
2487	2577
2489	2488
2490	2489
2492	2491
2492	2542
2492	2566
2493	2492
2493	2531
2494	2493
2498	2497
2498	2500
2498	2501
2498	2503
2498	2505
2498	2507
2498	2509
2498	2511
2498	2513
2498	2543
2497	2499
2501	2502
2503	2504
2505	2506
2507	2508
2509	2510
2511	2512
2513	2514
2517	2516
2517	2527
2517	2545
2517	2573
2516	2518
2516	2519
2516	2520
2516	2521
2516	2522
2516	2523
2516	2524
2516	2525
2527	2526
2527	2554
2529	2528
2529	2555
2531	2530
2531	2556
2530	2533
2530	2534
2530	2535
2530	2536
2530	2537
2530	2538
2530	2539
2530	2540
2530	2541
2532	2531
2545	2546
2545	2547
2545	2548
2545	2549
2545	2550
2545	2551
2545	2552
2545	2553
2556	2557
2556	2558
2556	2559
2556	2560
2556	2561
2556	2562
2556	2563
2556	2564
2556	2565
2570	2569
2571	2570
2571	2602
2575	2574
2577	2576
2579	2578
2579	3364
2579	3365
2579	3366
2580	2579
2581	2580
2584	2583
2584	2585
2584	2586
2584	2591
2588	2587
2594	2593
2594	2792
2594	2822
2594	2823
2594	2824
2595	2594
2595	2818
2595	2820
2595	2821
2595	2825
2596	2595
2596	2826
2600	2599
2607	2608
2607	2609
2607	2610
2612	2611
2612	2613
2615	2614
2615	2624
2615	2632
2614	2616
2614	2617
2614	2618
2614	2619
2622	2621
2627	2628
2627	2629
2636	2637
2641	2640
2659	2658
2659	2661
2659	3150
2659	3151
2659	3152
2659	3153
2659	3154
2659	3155
2660	2659
2660	3149
2660	4051
2663	2662
2663	3061
2663	3156
2663	3159
2665	2664
2665	2666
2684	2683
2696	2695
2696	2697
2697	2698
2699	2700
2701	2702
2701	2703
2701	2704
2701	2705
2701	2706
2701	2707
2701	2708
2701	2709
2701	2710
2711	2712
2711	2715
2711	2716
2711	2717
2711	2718
2711	2719
2711	2728
2711	2729
2711	2730
2712	2713
2712	2714
2719	2720
2719	2723
2719	2724
2719	2725
2719	2726
2719	2727
2720	2721
2720	2722
2731	2732
2731	2733
2731	2734
2731	2735
2731	2736
2731	2737
2738	2739
2738	2740
2742	2741
2742	2744
2742	2745
2742	2747
2743	2742
2745	2746
2749	2748
2749	2753
2751	2750
2751	2753
2753	2752
2753	2754
2759	2758
2759	2760
2763	2762
2766	2765
2766	2768
2767	2766
2767	2772
2772	2773
2772	2774
2776	2775
2789	2788
2791	2790
2794	2793
2794	3616
2794	3775
2794	3776
2796	2795
2796	2797
2796	2798
2799	1012
2799	2841
2801	2800
2802	2801
2802	2813
2802	2811
2802	2806
2804	2803
2804	2811
2804	2810
2803	2806
2805	2804
2805	2802
2808	2807
2808	2809
2811	2810
2811	2806
2813	2812
2818	2819
2828	2829
2830	2831
2837	2836
2836	2838
2842	2841
2848	2847
2848	2849
2848	3469
2848	4026
2851	2852
2858	2857
2858	2861
2858	2862
2858	2863
2858	2866
2858	2867
2857	2860
2859	2858
2859	2870
2859	2871
2863	2864
2863	2865
2870	2869
2871	2862
2875	2874
2878	2877
2880	2879
2880	2993
2883	2882
2883	2884
2883	2885
2887	2888
2887	2889
2887	2890
2892	2893
2892	2894
2897	2898
2897	2899
2897	2900
2912	2911
2912	2914
2912	2915
2912	2919
2912	2920
2911	2913
2915	2916
2915	2917
2915	2918
2924	2948
2924	2949
2924	2950
2924	2951
2924	2952
2925	2946
2925	2958
2928	2954
2928	2955
2932	2933
2932	2934
2932	2935
2932	2936
2932	2937
2932	2938
2932	2939
2932	2940
2932	2941
2945	2944
2945	2947
2945	2953
2945	4048
2957	2956
2973	2972
2973	2975
2973	2978
2974	2973
2974	4050
2977	2976
2977	4049
2982	2981
2984	2983
2986	2985
2986	3283
2988	2990
2989	2988
2995	2994
2995	2996
2995	2997
2995	3363
2995	3509
3002	3001
3002	3009
3002	3010
3002	3011
3002	3012
3002	3013
3002	3014
3002	3015
3002	3016
3002	3017
3002	3018
3002	3019
3002	3020
3001	3003
3003	3004
3003	3005
3005	3006
3007	3008
3022	3021
3021	3023
3021	3024
3021	3025
3021	3026
3021	3027
3021	3028
3021	3029
3021	3030
3021	3031
3021	3032
3021	3035
3021	3038
3021	3039
3021	3040
3021	3041
3021	3042
3032	3033
3032	3034
3035	3036
3035	3037
3047	3046
3049	3048
3049	3050
3049	3051
3049	3052
3049	3053
3049	3054
3049	3055
3049	3056
3049	3057
3049	3058
3049	3059
3063	3062
3063	3077
3063	3078
3063	3079
3063	3080
3063	3081
3063	3082
3063	3083
3063	3084
3063	3085
3063	3086
3063	3087
3063	3089
3063	3090
3063	3092
3063	3093
3063	3094
3063	3095
3063	3096
3063	3097
3063	3098
3063	3099
3063	3100
3063	3101
3063	3102
3063	3103
3063	3104
3063	3105
3063	3106
3062	3064
3062	3065
3062	3066
3062	3067
3062	3068
3062	3069
3070	3071
3070	3072
3070	3073
3070	3074
3070	3075
3075	3076
3087	3088
3090	3091
3107	3108
3107	3109
3107	3110
3107	3111
3107	3112
3107	3113
3107	3114
3107	3115
3107	3116
3107	3117
3107	3118
3107	3119
3107	3120
3107	3121
3107	3122
3107	3123
3107	3124
3107	3125
3107	3126
3107	3127
3107	3128
3107	3129
3130	3131
3133	3134
3137	3138
3137	3139
3144	3145
3144	3146
3156	3157
3159	3158
3163	3162
3163	3164
3166	3165
3166	3171
3166	3175
3166	3177
3166	3179
3166	3180
3166	3192
3166	3198
3166	3219
3166	3221
3166	3225
3166	3230
3166	3231
3166	3237
3166	3239
3166	3248
3166	3249
3166	3254
3166	3260
3166	3261
3166	3263
3166	3281
3166	3282
3167	3166
3167	3173
3167	3215
3167	3242
3167	3275
3169	3168
3171	3170
3171	3172
3171	3174
3171	3181
3171	3182
3171	3183
3171	3184
3171	3185
3171	3186
3171	3187
3171	3188
3171	3189
3171	3190
3171	3191
3171	3193
3171	3196
3171	3197
3171	3200
3171	3201
3171	3202
3171	3203
3171	3204
3171	3205
3171	3206
3171	3207
3171	3208
3171	3209
3171	3210
3171	3213
3171	3217
3171	3218
3171	3220
3171	3223
3171	3228
3171	3229
3171	3232
3171	3233
3171	3235
3171	3236
3171	3238
3171	3240
3171	3241
3171	3243
3171	3244
3171	3245
3171	3246
3171	3247
3171	3250
3171	3251
3171	3256
3171	3258
3171	3259
3171	3264
3171	3265
3171	3266
3171	3267
3171	3269
3171	3270
3171	3271
3171	3272
3171	3278
3177	3176
3177	3216
3177	3224
3177	3227
3179	3178
3179	3194
3179	3195
3179	3199
3179	3211
3179	3212
3179	3234
3179	3252
3179	3253
3179	3255
3179	3257
3179	3262
3179	3268
3179	3273
3179	3279
3179	3280
3215	3214
3223	3222
3225	3226
3274	3275
3277	3276
3277	3278
3277	3284
3287	3286
3287	3288
3287	3289
3289	3290
3292	3291
3294	3293
3294	3303
3294	3310
3293	3297
3295	3294
3295	3320
3296	3293
3296	3298
3296	3297
3303	3305
3304	3303
3304	3306
3304	3305
3310	3312
3311	3310
3311	3313
3311	3312
3317	3316
3317	3323
3319	3318
3319	3322
3319	3324
3320	3321
3326	3325
3326	3327
3326	3529
3329	3328
3331	3330
3333	3332
3335	3334
3335	3339
3334	3336
3334	3337
3337	3338
3339	3338
3339	3524
3339	3527
3341	3340
3341	3343
3341	3344
3342	3341
3342	3346
3342	3347
3342	3349
3342	3353
3342	3354
3342	3356
3346	3345
3346	3355
3349	3348
3349	3350
3352	3351
3353	3352
3358	3357
3358	3359
3358	3367
3358	3510
3361	3360
3362	2833
3369	3368
3369	3372
3371	3370
3372	3373
3372	3374
3376	3375
3376	3377
3376	3378
3380	3379
3380	3381
3380	3382
3386	3385
3385	3387
3385	3388
3385	3391
3385	3403
3388	3389
3388	3390
3391	3392
3391	3393
3391	3394
3391	3395
3391	3396
3391	3397
3391	3398
3391	3399
3391	3400
3391	3401
3391	3402
3403	3404
3403	3405
3410	3409
3410	3412
3410	3417
3413	3414
3416	3415
3416	3426
3419	3418
3420	3419
3420	3422
3422	3421
3422	3423
3424	3425
3431	3430
3431	3441
3436	3435
3440	3439
3441	3440
3443	3442
3445	3444
3445	3449
3445	3450
3445	3451
3445	3452
3446	3445
3448	3447
3448	3462
3456	3455
3458	3457
3457	3460
3459	3457
3459	3461
3466	3465
3466	3468
3467	3465
3471	3470
3473	3472
3472	3474
3472	3475
3478	3477
3478	3321
3482	3481
3482	3483
3482	3485
3482	3488
3485	3484
3484	3486
3486	3487
3492	3491
3492	3493
3492	3497
3492	3500
3492	3501
3495	3494
3495	3496
3499	3498
3505	3504
3505	3507
3506	3505
3506	3508
3512	3511
3512	3516
3512	3517
3512	3518
3512	3519
3512	3520
3512	3521
3512	3522
3512	3523
3512	3524
3512	3525
3512	3526
3512	3527
3512	3528
3511	3513
3511	3514
3511	3515
3530	3531
3535	3534
3535	4053
3537	3538
3538	3539
3541	3540
3541	3542
3544	494
3544	495
3544	496
3545	3544
3545	3546
3549	3548
3561	3560
3564	3563
3564	3566
3563	3565
3563	3566
3563	3569
3566	3567
3566	3568
3571	3570
3571	3572
3574	3573
3574	3575
3574	3576
3574	3577
3574	3578
3574	3579
3574	3580
3582	3583
3585	3584
3587	3586
3587	3740
3587	489
3587	490
3589	3588
3589	3741
3592	3591
3592	3618
3592	3743
3593	3591
3596	3595
3596	3746
3598	3597
3598	3600
3598	3601
3600	3599
3601	3602
3604	3603
3606	3605
3606	3608
3608	3607
3610	3609
3610	3613
3609	3611
3609	3612
3615	2823
3621	3620
3621	3622
3627	3626
3628	3627
3628	3660
3628	3687
3628	3694
3628	3798
3630	3629
3630	3633
3630	3635
3630	3636
3630	3639
3630	3789
3629	3631
3633	3632
3635	3634
3635	3637
3635	3638
3640	3641
3640	3642
3646	3645
3646	3649
3646	3650
3645	3647
3645	3648
3652	3651
3652	3653
3652	3654
3656	3655
3656	3657
3663	3662
3663	3664
3666	3665
3666	3668
3666	3671
3666	3796
3668	3667
3668	3672
3668	3673
3676	3675
3676	3701
3675	3677
3677	3678
3677	3679
3680	3681
3680	3682
3680	3683
3685	3684
3685	3699
3685	3710
3690	3689
3689	395
3689	396
3692	3691
3692	3721
3693	3692
3693	3708
3693	3718
3693	3719
3697	3696
3697	3703
3697	3709
3699	3698
3699	3704
3701	3700
3701	3702
3712	3711
3712	3730
3712	3790
3712	3791
3714	3713
3716	3715
3718	3717
3721	3720
3723	3722
3727	3726
3727	3731
3727	3792
3727	3793
3729	3728
3733	3732
3734	3732
3735	3732
3737	3736
3738	3737
3739	3736
3744	3743
3748	3747
3748	3754
3748	3755
3751	3750
3751	3752
3751	3753
3758	3757
3760	3759
3760	3762
3760	3763
3760	3764
3762	3761
3762	3765
3767	3766
3767	3769
3769	3768
3771	3770
3771	3773
3770	3772
3778	3777
3778	3780
3782	3781
3782	3784
3782	3785
3782	3786
3798	3797
3800	3799
3803	3802
3803	3810
3802	3804
3802	3805
3802	3806
3802	3807
3802	3808
3802	3809
3812	3811
3816	3815
3816	4059
3816	1483
3818	3817
3818	4060
3818	4061
3818	4062
3818	4063
3818	4064
3818	4065
3818	4066
3818	4067
3818	1482
3818	3823
3824	1492
3837	3824
3837	3825
3837	3826
3837	3827
3837	3828
3837	3829
3837	3830
3837	3831
3837	3832
3839	3838
3839	3840
3839	3841
3847	3846
3848	3846
3850	3851
3854	3853
3856	3855
3856	3857
3858	3859
3860	3861
3860	3862
3860	3863
3860	3864
3860	3865
3860	3866
3860	3867
3860	3868
3860	3869
3860	3870
3860	3871
3860	3872
3860	3873
3860	3874
3875	3876
3875	3877
3875	3878
3875	3879
3875	3880
3875	3881
3875	3882
3875	3883
3875	3884
3875	3885
3875	3886
3875	3887
3875	3888
3875	3889
3875	3890
3875	3891
3892	3893
3892	3894
3896	3897
3896	3898
3902	3903
3904	3905
3904	3906
3904	3907
3915	2121
3915	2122
3915	2123
3915	2124
3916	563
3916	564
3925	635
3925	633
3925	638
3933	3046
3936	3708
3936	3719
3936	3718
3936	3692
3938	3939
3940	3941
3946	3889
3950	3949
3950	3951
3954	3955
3956	3957
3956	3955
3956	3958
3956	3959
3960	3961
3962	3958
3962	3959
3963	3957
3963	3955
3963	3958
3963	3959
3964	3961
3965	3957
3965	3955
3965	3958
3965	3959
3965	3966
3967	3968
3969	461
3970	3971
3970	3972
3970	3973
3974	3975
3974	3976
3974	3977
3974	3978
3974	3979
3981	3982
3981	3983
3984	3922
3984	3985
3984	3986
3984	3987
3984	3988
3984	3989
3984	3990
3984	511
3984	3991
3984	3992
3984	3993
3984	3994
3984	3995
3984	3996
3984	3997
3984	3998
3993	2129
3997	3375
3997	3377
3997	3378
3999	4000
3999	4001
3999	4002
4006	4005
4006	4007
4015	4014
4015	4018
4015	4024
4020	4019
4028	4027
4031	4032
4031	4033
4034	4035
4045	2279
4054	4055
4054	4056
4054	4057
4054	4058
4061	1626
4061	1864
4061	1875
4061	1889
4062	1876
4063	1633
4063	1880
4064	1640
4064	1885
4065	1650
4065	1868
4065	1870
4065	1892
