1	0
1	15
1	16
1	17
1	18
2	1
2	8
2	11
2	14
2	19
2	20
2	21
2	22
2	23
2	24
2	25
2	26
2	27
2	28
2	29
2	30
2	31
2	43
2	44
2	45
2	46
2	47
2	48
3	2
3	122
3	136
3	144
3	145
4	3
5	4
6	5
7	6
8	9
8	10
11	12
11	13
13	49
13	50
31	32
31	33
31	34
31	35
31	36
31	37
31	38
31	39
31	40
31	41
31	42
31	3921
43	3922
43	3925
43	3926
43	3927
44	3930
44	3934
44	3935
44	3936
44	3937
44	3938
44	3939
44	3940
52	51
52	55
52	58
52	61
52	67
52	68
52	69
52	70
52	71
52	72
52	73
52	74
52	75
52	76
52	77
52	121
52	150
52	151
52	152
52	153
52	154
52	155
52	156
52	157
52	158
52	159
52	160
52	161
53	52
54	53
55	56
55	57
58	59
61	60
61	63
61	64
61	65
61	66
63	62
79	78
79	3030
79	3035
79	3071
79	3072
79	3073
81	80
81	2990
81	2991
81	2992
81	2993
83	82
83	1697
83	2998
83	3621
83	3771
85	84
85	1677
85	2465
85	2994
85	3019
85	3617
85	3768
87	86
87	2369
87	2370
87	2390
87	2391
87	2599
87	2695
87	2696
87	2697
87	2698
87	2699
87	2700
87	2701
87	2702
87	2703
87	2704
87	2705
87	2706
87	2707
87	2708
87	2709
87	2712
87	2713
87	2714
87	2715
87	2716
87	2717
87	2718
87	2719
87	2720
87	2721
87	2805
87	2806
87	2807
87	2808
87	2809
87	2810
87	2811
87	2812
88	87
88	2803
88	2804
90	89
90	1678
90	2995
90	2996
90	2997
91	90
91	2466
91	3012
92	91
93	91
93	322
93	325
93	326
93	334
93	336
93	340
93	376
93	379
93	408
93	428
93	515
93	581
93	602
93	608
93	614
93	618
93	623
93	628
93	629
93	637
93	645
93	646
93	874
93	1692
93	1727
93	1737
93	2121
93	2154
93	2164
93	2201
93	2620
93	2821
93	2116
93	2985
93	2984
93	3017
93	3361
93	3388
93	3488
93	3608
93	3623
93	3625
93	3633
93	3637
93	3640
93	2850
93	1034
93	3643
93	3647
93	3656
93	3672
93	3678
93	3682
93	3684
93	3687
93	3689
93	3692
93	3700
93	3712
93	3719
93	3782
93	3786
93	3793
93	3797
93	3800
93	2851
93	1036
93	1037
93	1038
93	3804
93	3809
93	3821
93	315
93	4010
95	94
95	99
95	3750
97	96
97	102
97	3433
97	3437
97	3438
97	3440
97	3454
98	97
98	3443
98	3447
98	3451
98	3455
98	3456
98	3459
98	3460
99	98
99	1708
99	1753
101	100
102	101
102	3461
104	103
104	932
104	969
104	2158
104	2161
104	2222
104	2232
104	2234
104	2235
104	2236
105	104
105	1142
105	2119
105	2120
105	2123
105	2124
105	2134
105	2208
105	2221
105	2226
105	2227
105	2232
105	2233
105	2293
105	2320
105	2333
105	3774
105	4066
105	4067
105	4068
105	4069
105	4070
107	106
108	107
108	1528
108	1860
108	1895
110	109
110	1489
110	2125
110	2128
110	2130
110	2346
110	2347
110	2348
112	111
112	1488
112	2092
112	2099
112	2126
112	2129
112	2131
112	2340
112	2345
112	2349
114	113
115	114
115	1532
115	1536
115	1870
115	1896
115	2207
117	116
119	118
119	2071
119	2223
119	2318
119	2319
119	2329
120	119
120	2298
120	2337
124	123
124	313
124	530
124	616
124	1639
124	2327
124	2896
124	3563
124	3574
124	3580
124	3685
126	125
126	162
126	163
126	164
126	165
126	166
126	167
126	168
126	169
126	170
126	171
126	172
126	177
126	178
126	1072
126	1813
126	1895
126	1896
126	1898
126	1900
126	1901
126	1904
126	1910
126	3875
126	3878
128	127
128	1725
128	1750
128	1757
128	1762
128	1763
128	1764
128	1773
129	128
129	984
129	2611
129	3529
129	3583
130	129
130	291
130	568
130	576
130	579
130	668
130	696
130	748
130	1073
130	1526
130	1530
130	1595
130	1754
130	1785
130	1911
130	1912
130	1913
130	1914
130	1915
130	1916
130	1917
130	1918
130	1923
130	1924
130	2001
130	2025
130	2045
130	2290
130	2642
130	2647
130	2649
130	2650
130	2652
130	2653
130	2654
130	2657
130	2658
130	2660
130	2661
130	2662
130	2663
130	2665
130	2671
130	2672
130	2673
130	2674
130	2675
130	2676
130	2677
130	2678
130	2679
130	2681
130	2682
130	2683
130	2684
130	2868
130	3577
130	3579
130	3581
130	3582
130	3584
130	3651
130	3654
130	3884
131	130
131	146
131	179
131	312
131	313
131	438
131	488
131	531
131	538
131	597
131	631
131	747
131	804
131	821
131	839
131	871
131	947
131	1411
131	1857
131	2480
131	2633
131	2842
131	2904
131	2989
131	3500
131	3570
131	3669
131	3714
132	133
135	134
135	1384
135	1389
135	1397
135	1398
135	1381
135	1392
135	1413
135	1390
135	1391
135	1394
135	1395
135	1396
135	1414
135	1415
135	1404
135	1405
135	1423
136	137
136	138
136	139
136	140
136	141
136	142
136	143
146	147
149	148
173	174
176	175
181	180
180	182
183	184
186	185
188	187
188	1928
188	1929
188	1930
188	1931
188	1932
188	1933
188	1934
188	1935
188	1936
188	1937
188	1938
188	1939
188	1940
188	1941
188	1942
188	1943
188	1944
188	1945
188	1946
188	1947
188	1948
188	1949
188	1950
188	1951
188	1952
188	1953
188	1954
188	1955
188	1956
188	1957
188	1958
188	1959
188	1960
188	1961
188	1962
188	1963
188	1964
188	1965
188	1966
188	1967
188	1968
188	1969
188	1970
188	1971
188	1972
188	1973
189	188
191	190
191	192
191	193
191	194
191	195
191	196
191	197
191	198
200	199
200	201
200	211
200	2777
200	3353
200	3495
200	3530
200	3557
200	3559
202	201
202	203
202	205
202	207
202	209
204	203
204	2475
204	2474
204	2690
204	2775
204	2778
204	3491
206	205
208	207
208	1671
208	2372
208	2776
208	2784
208	2794
208	2988
208	2999
208	3008
208	3516
208	4073
210	209
210	2711
210	3411
210	3434
210	3435
210	3517
213	212
213	214
213	215
217	216
217	801
217	828
217	866
217	1777
217	2246
217	2251
217	2253
217	2256
217	2260
217	2263
217	2264
217	2265
217	2270
217	2271
217	2278
217	2280
217	2283
217	2287
216	220
216	224
216	226
216	228
216	229
218	216
219	216
221	220
221	224
221	226
221	228
222	220
222	224
222	226
222	228
222	229
223	220
223	224
223	226
223	228
225	224
227	226
227	228
231	230
231	232
231	233
231	237
231	283
231	286
231	285
231	239
231	240
231	241
231	242
231	288
231	245
231	246
231	247
231	251
231	260
231	263
231	264
231	267
231	265
231	266
231	268
231	269
231	270
231	271
231	272
231	275
231	276
231	278
230	232
230	233
230	234
230	235
230	236
230	237
230	238
230	239
230	240
230	241
230	242
230	243
230	244
230	245
230	246
230	247
230	248
230	249
230	250
230	251
230	252
230	253
230	254
230	255
230	256
230	257
230	258
230	259
230	260
230	261
230	262
230	263
230	264
230	265
230	266
230	267
230	268
230	269
230	270
230	271
230	272
230	273
230	274
230	275
230	276
230	277
230	278
232	279
232	280
237	283
237	284
237	286
237	287
237	288
237	289
271	2813
271	2814
282	281
284	285
291	290
291	292
291	293
291	294
291	295
291	296
291	297
291	298
291	299
291	300
291	301
291	302
291	303
291	304
291	305
291	306
291	307
291	308
291	309
311	310
311	375
311	405
311	464
311	490
311	637
311	2201
311	2368
311	364
311	2841
311	2871
311	2873
311	2987
311	3075
311	3521
311	3614
311	3717
311	3719
311	2872
311	3947
311	3948
311	3949
311	3950
311	3951
311	3952
311	3953
311	3954
311	3955
311	3956
311	3957
311	3958
311	3959
311	3960
311	3961
311	3962
311	3963
311	315
311	3995
315	314
315	321
314	316
314	317
317	318
317	322
318	319
318	325
321	320
321	317
321	326
323	322
322	319
324	323
324	325
324	326
324	373
324	374
324	375
324	376
324	378
324	379
324	380
324	391
324	392
324	399
324	400
324	404
324	405
324	406
324	407
324	408
324	411
324	412
324	428
324	598
324	599
324	629
324	677
324	678
324	679
324	689
324	690
324	1503
324	1682
324	1692
324	1781
324	2111
324	2121
324	2201
324	384
324	385
324	2294
324	2116
324	2985
324	3015
324	3619
324	3623
324	3643
324	3670
324	3695
324	3696
324	3712
324	3716
324	3721
324	3731
324	3732
324	3733
324	3775
324	3809
324	3842
327	326
327	565
327	1616
327	1997
327	3086
327	3645
327	317
327	3942
327	3943
327	3944
327	3945
327	3946
326	318
329	328
329	330
332	331
332	1784
332	2619
332	2624
332	2625
332	3189
332	3464
332	3481
334	333
334	336
334	340
333	336
333	340
335	334
335	1779
335	1789
335	1790
335	1792
335	1791
335	1788
335	2288
335	2293
335	2908
336	337
336	338
336	339
340	341
343	342
343	358
345	344
345	350
346	345
346	354
346	355
346	360
347	345
347	351
347	354
347	355
349	348
353	352
353	359
353	1139
353	2308
357	356
357	954
362	361
362	434
362	620
362	1691
362	1777
362	2360
362	2363
362	2433
362	363
362	3007
362	3702
362	2872
362	3971
362	3978
361	363
361	364
366	365
368	367
368	2609
368	4006
370	369
370	371
370	372
370	893
370	1576
370	1579
370	1588
370	1589
370	1602
370	1642
370	1643
370	1662
370	1663
370	1679
370	1680
370	1681
370	1683
370	1685
370	1686
370	3410
370	3862
370	3975
370	3977
376	377
380	381
380	382
380	383
380	386
380	387
380	388
380	389
383	384
383	385
391	390
391	644
391	2202
391	2294
391	2900
391	3695
391	3820
392	393
392	396
393	394
393	395
396	397
396	398
400	401
400	402
400	403
406	318
408	409
408	410
413	414
416	415
416	414
418	417
418	818
418	1515
418	2084
418	2909
418	3326
418	3329
418	3336
418	3503
418	3839
420	419
420	822
420	1516
420	2085
420	3327
420	3334
420	3341
420	3506
422	421
422	841
422	840
422	844
422	845
422	846
422	847
422	848
422	849
422	850
422	851
422	852
422	864
422	866
422	870
422	1074
422	1088
422	1517
422	2086
422	2237
422	2238
422	2239
422	2246
422	2251
422	2253
422	2256
422	2260
422	2263
422	2264
422	2265
422	2270
422	2271
422	2278
422	2283
422	2287
422	2874
422	3328
422	3335
422	3342
422	3507
424	423
424	431
424	432
425	426
428	427
428	2300
428	2302
430	429
434	433
434	437
434	442
435	433
435	797
437	436
437	440
437	441
437	443
438	439
445	444
445	446
445	447
445	453
445	454
449	448
450	448
450	451
450	452
456	455
456	2823
455	457
455	458
455	459
461	460
463	462
463	465
463	466
463	467
463	468
463	469
463	470
463	471
463	472
463	487
463	474
463	475
463	476
463	477
463	478
463	479
463	480
463	481
463	482
463	483
464	463
464	473
473	474
473	475
473	476
473	477
473	478
473	479
473	480
473	481
473	482
473	483
485	484
485	796
485	853
486	484
488	489
490	491
490	492
494	493
494	2905
494	3572
493	495
493	499
495	496
495	497
495	498
501	500
501	502
503	504
506	505
508	507
509	510
509	511
509	512
514	513
514	522
515	514
515	516
515	517
515	518
515	519
515	520
515	521
515	2132
515	2133
515	2154
515	2156
515	2157
515	2901
515	3403
515	3805
515	315
521	522
524	523
525	524
525	528
527	526
527	529
533	532
535	534
537	536
537	973
538	539
541	540
541	543
541	544
541	546
541	573
541	574
541	575
542	541
542	540
542	543
542	544
546	545
546	559
546	561
546	562
546	563
546	564
546	570
546	572
545	547
545	549
545	550
545	551
545	552
545	553
545	554
545	555
545	556
545	557
545	558
547	548
559	560
565	566
565	567
570	569
570	571
578	577
579	578
579	600
579	617
579	630
579	682
579	695
581	580
581	587
581	589
581	590
581	593
581	680
580	583
582	581
582	602
582	608
582	614
582	618
582	637
582	645
582	646
582	873
582	2821
582	1032
582	3608
582	3625
582	3633
582	3637
582	3640
582	2850
582	1034
582	3647
582	3656
582	3672
582	3682
582	3684
582	3687
582	3689
582	3692
582	3700
582	3719
582	3782
582	3786
582	3793
582	3797
582	3800
582	2851
582	1036
582	1037
582	1038
582	3804
582	2859
582	3821
585	584
587	586
589	588
589	591
589	592
594	595
594	596
602	601
602	603
602	604
602	605
602	606
602	693
608	607
608	611
608	612
607	609
607	610
614	613
614	615
620	619
620	687
619	621
621	622
623	624
623	625
623	626
628	627
628	685
628	692
633	632
633	3611
634	633
636	635
637	636
637	638
637	641
640	639
641	640
641	681
643	642
646	647
647	648
647	649
647	650
652	651
653	652
653	3641
654	653
654	874
654	1718
654	1740
654	1789
654	1790
654	1792
654	1791
654	1788
654	2819
654	2865
654	2879
654	2881
654	2882
654	2883
654	2884
654	3585
654	4074
656	655
656	674
656	681
656	693
656	694
656	665
655	658
657	656
657	660
657	666
657	675
657	676
660	659
660	661
660	662
660	663
660	664
660	665
665	658
665	1746
668	667
670	669
672	671
672	673
684	683
684	691
687	686
687	688
697	698
698	699
698	700
698	701
703	702
702	705
702	706
704	702
704	1545
706	707
706	737
706	741
706	742
706	743
707	708
707	709
707	710
707	711
707	728
707	729
711	712
711	715
711	716
711	717
712	713
712	714
717	718
717	719
717	720
717	721
717	722
717	723
717	727
723	724
723	725
723	726
729	730
729	731
729	732
729	733
733	734
733	735
733	736
737	738
737	739
737	740
745	744
745	746
748	749
751	750
751	854
751	856
751	858
750	754
750	755
752	750
753	752
753	855
753	857
753	859
753	4034
753	4047
757	756
759	758
759	771
759	772
759	773
759	774
759	781
759	784
759	788
759	789
759	792
759	793
759	794
759	795
759	798
759	799
759	803
759	805
759	806
758	760
758	762
758	763
758	766
758	767
758	768
758	769
758	770
760	761
763	764
763	765
776	775
776	778
775	777
778	779
778	780
783	782
784	785
787	786
791	790
797	796
797	853
797	4030
801	800
802	800
808	807
809	808
809	811
809	815
809	4035
809	4036
809	4037
809	4038
809	4041
809	4042
809	4043
809	4048
809	4049
811	810
813	812
813	817
814	813
815	814
815	4039
816	812
818	819
818	820
824	823
826	825
827	826
827	4029
830	829
830	831
830	833
830	834
830	835
830	836
831	832
838	837
841	840
841	845
841	846
841	847
841	848
841	849
841	850
841	851
841	852
843	842
855	854
857	856
859	858
861	860
863	862
865	864
867	866
869	868
873	872
873	1719
873	2855
873	2858
873	2860
873	2861
873	2862
873	2863
874	873
874	2623
874	2620
874	2856
874	3389
874	3571
874	3641
876	875
876	955
877	876
878	877
878	958
879	878
879	891
879	960
879	964
880	879
880	887
880	926
880	965
881	880
881	916
881	927
881	928
881	929
881	930
881	931
881	950
881	968
881	975
883	882
883	944
884	883
885	884
886	885
886	945
887	886
887	909
887	919
889	888
890	889
890	956
891	890
891	957
893	892
893	894
896	895
896	1487
896	1720
896	1735
896	1741
896	2200
896	2456
896	3560
896	3586
896	3589
896	3649
896	3813
898	897
898	936
898	937
899	897
901	900
903	902
902	904
902	905
907	906
908	907
908	910
908	911
909	908
909	912
909	913
909	914
909	915
918	917
918	920
918	2595
918	3020
918	3827
920	921
923	922
923	924
923	925
923	939
923	1818
923	1825
934	933
935	933
935	938
935	942
941	940
941	979
941	980
941	981
943	942
945	946
949	948
949	951
953	952
958	959
960	961
960	962
960	963
967	966
971	970
971	972
971	2185
971	2187
971	2188
971	2189
971	2190
971	2191
971	2192
971	2193
971	2301
975	974
975	976
975	977
975	978
982	981
984	983
984	985
985	986
988	987
988	1014
988	1015
988	1020
988	1024
988	1031
988	1032
988	1039
988	1040
988	1041
988	1042
988	1043
987	991
987	992
987	1000
989	988
989	1050
990	989
990	991
990	993
990	996
990	998
990	1608
990	1067
990	2020
990	1031
990	2826
990	2870
990	1040
992	993
992	995
992	996
992	998
993	994
996	997
998	999
1000	1001
1003	1002
1003	1492
1005	1004
1005	2481
1005	2632
1006	1005
1006	1004
1006	1580
1006	698
1006	1610
1006	1755
1006	3313
1006	3315
1006	3578
1008	1007
1008	1066
1008	1611
1008	2680
1008	2867
1007	1009
1009	1010
1012	1011
1011	1013
1015	1016
1015	1017
1017	1018
1017	1019
1020	1021
1021	1022
1021	1023
1024	1025
1024	1029
1024	1030
1025	1026
1025	1028
1026	1027
1032	1033
1032	1034
1032	1035
1032	1036
1036	1037
1036	1038
1045	1044
1045	1046
1048	1047
1050	1049
1050	1067
1050	1068
1050	1069
1050	1070
1050	1071
1049	1051
1053	1052
1055	1054
1055	1613
1054	1057
1056	1055
1056	1612
1056	1888
1056	3564
1059	1058
1059	1061
1059	1062
1059	1063
1059	1064
1059	1065
1060	1059
1060	1061
1074	1075
1074	1080
1074	1081
1075	1076
1075	1077
1075	1078
1075	1079
1080	1086
1080	1087
1081	1082
1081	1083
1083	1084
1083	1085
1090	1089
1090	1092
1090	1096
1090	1099
1090	1100
1090	1101
1090	1132
1090	1133
1090	1134
1090	1135
1090	1136
1091	1090
1091	1094
1091	1144
1091	1149
1094	1093
1094	1095
1094	1097
1094	1098
1103	1102
1103	1113
1103	1120
1103	1122
1103	1123
1104	1103
1104	1106
1106	1105
1106	1118
1106	1119
1106	1121
1106	1124
1106	1127
1108	1107
1109	1108
1109	1115
1111	1110
1112	1111
1112	1117
1115	1114
1117	1116
1125	1112
1125	1126
1125	1104
1125	1131
1126	1128
1126	1129
1126	1130
1138	1137
1139	1138
1141	1140
1141	1143
1142	1141
1144	1145
1144	1146
1144	1147
1144	1148
1149	1150
1149	1151
1149	1152
1149	1153
1149	1154
1149	1155
1149	1156
1149	1157
1149	1158
1149	1159
1149	1160
1149	1161
1149	1162
1149	1163
1165	1164
1165	1167
1165	1168
1165	1171
1165	1172
1165	1173
1166	1165
1166	1170
1166	1231
1166	1176
1170	1169
1175	1174
1175	1177
1175	1180
1175	1181
1175	1183
1176	1175
1176	1179
1176	1228
1176	1233
1176	1234
1176	1235
1176	1236
1176	1237
1176	1238
1176	1239
1176	1245
1176	1246
1176	1247
1179	1178
1179	1182
1185	1184
1185	1199
1186	1185
1186	1188
1186	1216
1186	1219
1188	1187
1188	1197
1188	1198
1188	1200
1190	1189
1191	1190
1191	1196
1191	1210
1191	1212
1193	1192
1194	1193
1194	1203
1194	1214
1194	1224
1196	1195
1202	1201
1203	1202
1203	1205
1203	1206
1203	1208
1205	1204
1206	1207
1208	1209
1210	1211
1212	1213
1214	1215
1216	1217
1216	1218
1219	1220
1219	1221
1219	1222
1219	1223
1226	1225
1226	1227
1228	1229
1228	1230
1231	1232
1239	1240
1239	1241
1239	1242
1239	1243
1239	1244
1249	1248
1249	1253
1249	1257
1248	1250
1248	1251
1248	1252
1253	1254
1253	1255
1257	1256
1257	1258
1257	1259
1257	1260
1262	1261
1262	1266
1262	1270
1261	1263
1261	1264
1261	1265
1266	1267
1266	1268
1270	1269
1270	1271
1270	1272
1270	1273
1275	1274
1275	1289
1275	1356
1275	1358
1275	1360
1275	1362
1275	1363
1275	1366
1277	1276
1277	1281
1277	1282
1277	1283
1277	1284
1278	1277
1278	1286
1278	1290
1278	1296
1280	1279
1286	1285
1286	1287
1288	1278
1288	1301
1288	1323
1288	1342
1288	1348
1288	1351
1288	1353
1288	1354
1288	1355
1288	1357
1288	1359
1288	1361
1288	1364
1288	1365
1290	1291
1290	1292
1290	1293
1290	1294
1290	1295
1296	1297
1296	1298
1296	1299
1296	1300
1301	1302
1301	1310
1301	1318
1301	1320
1302	1303
1302	1304
1302	1309
1304	1305
1304	1306
1304	1307
1304	1308
1310	1311
1310	1312
1310	1316
1312	1313
1312	1314
1312	1315
1318	1317
1318	1321
1320	1319
1320	1322
1323	1324
1323	1329
1323	1334
1323	1339
1324	1325
1324	1326
1324	1327
1324	1328
1329	1330
1329	1331
1329	1332
1334	1333
1334	1335
1334	1336
1334	1337
1339	1338
1339	1340
1339	1341
1342	1343
1342	1346
1345	1344
1345	1347
1348	1349
1348	1350
1353	1352
1368	1367
1370	1369
1372	1371
1372	1373
1372	1374
1372	1376
1371	1375
1371	1377
1371	1378
1380	1379
1380	1383
1380	1382
1379	1381
1379	1383
1381	1382
1383	1384
1384	1385
1384	1386
1387	1383
1388	1384
1388	1381
1388	1385
1388	1392
1388	1413
1388	1390
1388	1391
1388	1394
1388	1395
1388	1396
1388	1414
1388	1404
1388	1423
1388	1426
1389	1390
1389	1391
1389	1392
1389	1394
1389	1395
1389	1396
1392	1393
1400	1399
1400	1401
1402	1403
1402	1405
1403	1404
1407	1406
1407	1408
1409	1381
1409	1426
1411	1410
1412	1392
1412	1413
1412	1390
1412	1391
1412	1394
1412	1395
1412	1396
1417	1416
1417	1418
1418	1419
1418	1420
1418	1421
1423	1422
1425	1424
1428	1427
1428	1432
1427	1430
1427	1431
1429	1428
1434	1433
1434	1445
1435	1434
1435	1446
1436	1435
1438	1437
1438	1453
1438	1486
1439	1438
1441	1440
1441	1469
1442	1441
1444	1443
1444	1474
1448	1447
1448	1484
1449	1448
1449	1452
1449	1485
1450	1449
1451	1448
1455	1454
1455	1458
1455	1459
1455	1460
1455	1467
1455	1468
1456	1455
1458	1457
1458	1461
1458	1462
1458	1463
1458	1464
1458	1465
1458	1466
1469	1470
1469	1471
1469	1472
1474	1473
1474	1475
1475	1476
1475	1477
1476	1478
1476	1481
1477	1479
1477	1480
1483	1482
1491	1490
1491	1500
1491	1505
1494	1493
1494	1496
1494	1495
1493	1495
1493	1496
1498	1497
1498	1500
1498	1509
1499	1497
1499	1514
1501	1498
1501	1510
1501	1513
1501	3840
1501	3859
1501	3861
1501	3863
1501	3845
1501	3846
1501	3847
1501	3848
1501	3849
1502	1501
1502	1647
1502	1653
1502	1660
1502	1670
1502	1894
1502	2054
1502	2055
1502	1882
1502	3861
1502	4051
1502	4087
1502	4088
1502	4089
1502	4090
1502	4091
1502	4092
1502	4093
1502	4094
1502	3849
1503	1502
1503	2002
1503	3844
1505	1504
1506	1507
1506	1508
1512	1511
1513	1512
1513	1892
1513	1893
1513	1897
1513	1902
1513	1909
1513	1886
1513	3850
1513	3851
1513	3852
1513	3853
1513	3854
1513	3855
1513	3856
1513	3857
1513	3858
1513	3860
1519	1518
1519	1520
1521	1520
1523	1522
1523	1524
1523	1525
1523	1529
1528	1527
1530	1531
1532	1533
1532	1534
1532	1535
1536	1537
1539	1538
1538	1540
1538	1543
1540	1541
1540	1542
1544	706
1544	1546
1544	1552
1544	1632
1544	1634
1544	1650
1544	1658
1545	1544
1545	1631
1545	1641
1546	707
1546	1547
1546	1548
1546	1551
1546	1560
1546	1564
1546	1572
1547	708
1548	711
1548	1549
1548	1554
1548	1561
1549	717
1549	1550
1549	1555
1549	1557
1549	1563
1549	1569
1549	1571
1549	1590
1550	718
1551	729
1551	1553
1551	1559
1551	1562
1551	1566
1552	1551
1552	1553
1552	1648
1552	741
1553	730
1554	712
1554	1558
1554	1565
1554	1593
1555	723
1555	1556
1555	1568
1555	1570
1556	724
1557	719
1558	715
1559	731
1560	709
1561	716
1562	732
1563	720
1564	710
1565	713
1566	733
1566	1567
1566	1591
1566	1592
1567	734
1568	725
1569	721
1570	726
1571	722
1572	728
1574	1573
1575	1574
1575	1875
1575	1876
1575	1877
1575	4055
1578	1577
1580	698
1580	1587
1580	1644
1581	1580
1582	1580
1583	1580
1583	1900
1583	2074
1584	1580
1584	1901
1584	2075
1585	1580
1585	698
1585	2666
1585	2667
1585	2669
1585	2670
1585	3573
1585	3650
1585	3751
1585	3814
1586	699
1587	1586
1587	700
1590	727
1591	735
1592	736
1593	714
1595	1594
1595	1596
1595	1597
1599	1598
1601	1600
1601	2368
1601	2386
1601	2414
1604	1603
1606	1605
1606	1609
1606	1617
1606	1618
1606	1628
1607	1606
1607	1608
1607	1610
1607	1631
1607	1666
1608	1605
1610	1609
1610	1644
1615	1614
1618	1619
1618	1620
1620	1621
1620	1625
1620	1626
1620	1627
1621	1622
1621	1623
1621	1624
1630	1629
1631	1618
1631	1632
1631	1640
1632	1620
1632	1633
1632	1648
1632	1649
1632	1657
1633	1621
1633	1635
1633	1637
1633	1664
1634	1633
1634	1636
1634	1638
1634	1665
1634	737
1635	1622
1636	1635
1636	738
1637	1623
1638	1637
1638	739
1640	1619
1641	1640
1641	705
1644	1617
1646	1645
1646	1651
1646	1654
1646	1655
1646	1656
1646	2159
1646	3023
1646	4072
1647	1645
1647	1881
1647	1892
1647	1906
1648	1625
1649	1627
1650	1649
1650	743
1653	1652
1653	1897
1657	1626
1658	1657
1658	742
1660	1659
1660	1902
1662	1661
1662	1904
1664	1624
1665	1664
1665	740
1666	1628
1667	1666
1667	1908
1668	1667
1670	1669
1670	1885
1670	1887
1670	1909
1673	1672
1673	3160
1673	3161
1673	3163
1673	3164
1673	3165
1673	3168
1673	3169
1673	3170
1673	3171
1674	1673
1674	3091
1674	3098
1674	3135
1674	3158
1674	3172
1675	1674
1675	3077
1675	3088
1675	3175
1675	3176
1676	1675
1684	289
1684	245
1688	1687
1688	1695
1688	2628
1688	2940
1688	2949
1688	2950
1688	2951
1688	2952
1688	2953
1688	2954
1688	2955
1688	2956
1688	2957
1689	1688
1689	2163
1689	2958
1689	2959
1689	2960
1689	2970
1689	2971
1690	1689
1690	1783
1690	2359
1690	3016
1690	3457
1690	3465
1690	3468
1691	1690
1691	1692
1691	2360
1691	2368
1691	3017
1691	3369
1691	3458
1692	1689
1694	1693
1694	2379
1694	2929
1694	2930
1694	2931
1694	2932
1694	2933
1694	2934
1694	2935
1694	2936
1694	2937
1695	1694
1695	1696
1695	2914
1695	2915
1695	2919
1695	2920
1695	2923
1695	2924
1695	2925
1695	2938
1699	1698
1701	1700
1701	1704
1703	1702
1703	1705
1707	1706
1707	1715
1707	1716
1707	1717
1708	1707
1708	1710
1708	1713
1710	1709
1710	1714
1712	1711
1713	1712
1719	1718
1719	1740
1722	1721
1723	1722
1723	1743
1723	1744
1723	2843
1723	2844
1725	1724
1725	1747
1725	1758
1727	1726
1729	1728
1729	1732
1731	1730
1731	1733
1731	1734
1737	1736
1737	1748
1739	1738
1743	1742
1744	1742
1744	1745
1750	1749
1752	1751
1752	3815
1752	3822
1752	3699
1757	1756
1757	1759
1757	1761
1759	1760
1764	1765
1764	1772
1765	1766
1765	1767
1765	1768
1765	1769
1765	1771
1769	1770
1775	1774
1775	2878
1776	1775
1778	1777
1778	2872
1780	1779
1780	3028
1781	1780
1781	2164
1781	3026
1781	3027
1781	3485
1781	3486
1782	1779
1787	1786
1788	1787
1788	1793
1788	1794
1788	1795
1789	1788
1790	1788
1791	1788
1792	1791
1797	1796
1797	1801
1797	1800
1797	1829
1797	1823
1797	1846
1797	1798
1797	1799
1797	1830
1797	1854
1797	1860
1797	1864
1797	1865
1796	1798
1796	1799
1801	1800
1801	1819
1802	1801
1802	1829
1802	1823
1802	1830
1804	1803
1804	1810
1804	1817
1804	1846
1805	1804
1805	1807
1806	1803
1806	1817
1807	1806
1807	1811
1809	1808
1809	1867
1811	1810
1811	1846
1812	1811
1813	1815
1813	1816
1814	1813
1821	1820
1820	1823
1822	1820
1822	1825
1823	1824
1823	1825
1825	1826
1826	1827
1827	1828
1829	1830
1830	1831
1830	1834
1830	1835
1830	1843
1830	1844
1831	1832
1831	1833
1835	1836
1835	1839
1835	1841
1836	1837
1836	1838
1839	1840
1841	1842
1845	1825
1845	3490
1846	1847
1849	1848
1850	1830
1850	1851
1850	1852
1850	1838
1851	1835
1851	1844
1852	1844
1853	1852
1856	1855
1856	1826
1858	1815
1858	1861
1858	1862
1858	1863
1858	1816
1858	4053
1859	1815
1859	1816
1859	4053
1866	1865
1869	1868
1869	1872
1870	1869
1871	1868
1871	1898
1871	2127
1874	1873
1878	737
1880	1879
1880	1905
1882	1881
1882	1899
1882	1906
1882	2054
1882	2055
1882	3841
1882	3843
1882	3845
1882	3846
1882	3847
1882	3848
1882	3849
1882	1513
1884	1883
1884	1891
1886	1885
1886	1887
1890	1889
1891	1890
1894	1893
1904	1903
1907	1908
1919	1920
1922	1921
1926	1925
1926	1927
1969	1974
1976	1975
1976	1977
1976	1996
1979	1978
1979	1980
1979	2016
1982	1981
1982	1985
1982	1991
1983	1982
1983	1989
1985	1984
1985	1990
1986	1984
1986	1994
1987	1984
1987	1995
1989	1988
1993	1992
1993	2013
1995	1994
1995	2002
1999	1998
2001	2000
2001	2062
2004	2003
2005	2004
2005	2029
2005	2048
2007	2006
2007	2008
2007	2009
2011	2010
2011	2014
2012	2011
2012	2015
2015	2014
2015	2017
2019	2018
2019	2040
2019	2042
2019	2043
2019	2044
2019	2049
2019	2050
2019	2058
2019	4056
2020	1024
2020	2021
2020	2030
2021	1025
2022	2021
2022	2030
2024	2023
2024	2032
2024	2041
2024	2034
2024	2035
2024	2059
2026	2027
2026	2028
2030	1026
2030	1029
2032	2031
2031	2033
2031	2038
2031	2039
2033	2034
2033	2035
2033	2036
2033	2037
2047	2046
2052	2051
2052	2053
2057	2056
2057	2060
2057	2061
2064	2063
2066	2065
2068	2067
2070	2069
2070	3868
2070	3869
2070	3870
2070	3871
2071	2072
2071	2073
2077	2076
2077	2078
2077	2079
2077	2080
2077	2083
2082	2081
2088	2087
2088	2089
2090	2089
2091	2090
2091	3322
2091	3347
2094	2093
2095	2094
2095	2096
2095	2097
2095	2098
2101	2100
2101	2104
2101	2105
2101	2107
2101	2151
2101	2153
2103	2102
2103	2106
2103	2152
2103	3968
2103	3969
2103	3970
2109	2108
2109	2116
2108	2111
2108	2112
2108	2113
2110	2108
2111	2117
2111	2118
2113	2114
2113	2115
2120	2119
2120	2122
2120	2123
2120	2124
2136	2135
2135	2137
2135	2138
2138	2139
2141	2140
2140	2142
2142	2143
2143	2144
2146	2145
2146	3941
2145	2147
2145	2148
2145	2149
2145	2150
2154	2155
2161	2160
2161	2162
2166	2165
2166	2167
2166	2168
2170	2169
2170	2171
2170	2176
2173	2172
2173	2174
2175	2174
2175	3480
2175	4079
2178	2177
2178	2179
2178	2181
2178	2183
2178	2184
2181	2180
2181	2182
2186	2185
2186	2189
2186	2191
2186	2192
2186	2193
2195	2194
2196	2195
2198	2197
2198	2215
2198	2216
2199	2198
2199	2217
2199	2219
2202	384
2202	385
2204	2203
2204	2205
2204	2206
2209	2210
2209	2211
2209	4062
2209	4063
2209	4064
2209	4065
2213	2212
2213	2214
2219	2218
2221	2220
2225	2224
2227	2228
2227	2229
2227	2230
2227	2231
2233	2232
2233	3600
2233	3602
2233	3603
2241	2240
2241	2248
2241	2254
2241	2257
2241	2261
2241	2267
2241	2275
2241	2284
2243	2242
2243	2249
2243	2258
2243	2266
2243	2268
2243	2276
2243	2285
2245	2244
2245	2250
2245	2252
2245	2255
2245	2259
2245	2262
2245	2269
2245	2277
2245	2279
2245	2282
2245	2286
2247	2246
2247	2251
2247	2253
2247	2256
2247	2260
2247	2263
2247	2264
2247	2265
2247	2270
2247	2271
2247	2278
2247	2280
2247	2283
2247	2287
2273	2272
2273	2274
2281	2280
2290	2289
2290	2341
2290	2342
2292	2291
2292	2295
2297	2296
2297	2315
2297	2316
2297	2337
2300	2299
2304	2303
2306	2305
2306	2307
2306	2309
2306	2310
2306	2311
2313	2312
2315	2314
2315	2317
2315	2323
2322	2321
2322	2328
2323	2324
2323	2325
2323	2326
2329	2330
2329	2331
2329	2332
2333	2334
2333	2336
2334	2335
2339	2338
2344	2343
2351	2350
2351	2366
2353	2352
2353	2354
2356	2355
2356	2522
2356	2523
2356	2594
2358	2357
2359	2358
2359	2728
2359	2738
2359	2758
2359	2765
2360	2359
2361	2360
2361	2619
2361	363
2361	2625
2361	3971
2361	3973
2361	3974
2361	3978
2361	3979
2363	2362
2363	2385
2365	2364
2365	2517
2366	2367
2372	2371
2372	2630
2372	2631
2372	2694
2372	2723
2372	2782
2372	2783
2372	2788
2372	2790
2372	2791
2372	2796
2372	2797
2372	2798
2374	2373
2373	2375
2373	2376
2376	2377
2376	2378
2380	2381
2380	2382
2382	2383
2382	2384
2387	2388
2387	2389
2393	2392
2393	2397
2393	2398
2393	2401
2393	2406
2393	2407
2393	2408
2394	2393
2394	2432
2395	2394
2395	2396
2395	2433
2396	2393
2398	2399
2398	2400
2401	2402
2401	2403
2401	2404
2401	2405
2408	2409
2411	2410
2412	2411
2412	2413
2412	2415
2417	2416
2417	2419
2417	2420
2417	2421
2417	2429
2418	2417
2423	2422
2423	2447
2423	2448
2423	2450
2423	2451
2422	2424
2422	2425
2422	2426
2422	2427
2422	2428
2431	2430
2431	2434
2431	2441
2431	2442
2431	2443
2431	2444
2431	2445
2432	2431
2432	2437
2432	2439
2433	2432
2436	2435
2436	2438
2437	2436
2437	2446
2439	2440
2448	2449
2453	2452
2455	2454
2458	2457
2458	2459
2458	2460
2458	2461
2458	2462
2464	2463
2468	2467
2468	2473
2467	2469
2467	2470
2467	2471
2467	2472
2475	2474
2475	3188
2477	2476
2477	2478
2477	2479
2483	2482
2485	2484
2485	2489
2485	2490
2485	2491
2485	2492
2485	2493
2485	2494
2485	2495
2485	2496
2486	2485
2486	2525
2487	2486
2487	2499
2487	2520
2487	2544
2487	2596
2487	2616
2487	2617
2488	2486
2498	2497
2498	2542
2498	2571
2499	2501
2499	2502
2499	2503
2499	2504
2499	2505
2499	2506
2499	2507
2499	2508
2499	2509
2500	2499
2500	2544
2511	2510
2511	2602
2512	2511
2514	2513
2514	2604
2516	2515
2517	2516
2519	2518
2519	2569
2519	2593
2520	2519
2520	2558
2521	2520
2525	2524
2525	2527
2525	2528
2525	2530
2525	2532
2525	2534
2525	2536
2525	2538
2525	2540
2525	2570
2524	2526
2528	2529
2530	2531
2532	2533
2534	2535
2536	2537
2538	2539
2540	2541
2544	2543
2544	2554
2544	2572
2544	2600
2543	2545
2543	2546
2543	2547
2543	2548
2543	2549
2543	2550
2543	2551
2543	2552
2554	2553
2554	2581
2556	2555
2556	2582
2558	2557
2558	2583
2557	2560
2557	2561
2557	2562
2557	2563
2557	2564
2557	2565
2557	2566
2557	2567
2557	2568
2559	2558
2572	2573
2572	2574
2572	2575
2572	2576
2572	2577
2572	2578
2572	2579
2572	2580
2583	2584
2583	2585
2583	2586
2583	2587
2583	2588
2583	2589
2583	2590
2583	2591
2583	2592
2597	2596
2598	2597
2598	2629
2602	2601
2604	2603
2606	2605
2606	3391
2606	3392
2606	3393
2607	2606
2608	2607
2611	2610
2611	2612
2611	2613
2611	2618
2615	2614
2621	2620
2621	2819
2621	2849
2621	2850
2621	2851
2622	2621
2622	2845
2622	2847
2622	2848
2622	2852
2623	2622
2623	2853
2627	2626
2634	2635
2634	2636
2634	2637
2639	2638
2639	2640
2642	2641
2642	2651
2642	2659
2641	2643
2641	2644
2641	2645
2641	2646
2649	2648
2654	2655
2654	2656
2663	2664
2668	2667
2686	2685
2686	2688
2686	3178
2686	3179
2686	3180
2686	3181
2686	3182
2686	3183
2687	2686
2687	3177
2687	4078
2690	2689
2690	3089
2690	3184
2690	3187
2692	2691
2692	2693
2711	2710
2723	2722
2723	2724
2724	2725
2726	2727
2728	2729
2728	2730
2728	2731
2728	2732
2728	2733
2728	2734
2728	2735
2728	2736
2728	2737
2738	2739
2738	2742
2738	2743
2738	2744
2738	2745
2738	2746
2738	2755
2738	2756
2738	2757
2739	2740
2739	2741
2746	2747
2746	2750
2746	2751
2746	2752
2746	2753
2746	2754
2747	2748
2747	2749
2758	2759
2758	2760
2758	2761
2758	2762
2758	2763
2758	2764
2765	2766
2765	2767
2769	2768
2769	2771
2769	2772
2769	2774
2770	2769
2772	2773
2776	2775
2776	2780
2778	2777
2778	2780
2780	2779
2780	2781
2786	2785
2786	2787
2790	2789
2793	2792
2793	2795
2794	2793
2794	2799
2799	2800
2799	2801
2803	2802
2816	2815
2818	2817
2821	2820
2821	3642
2821	3801
2821	3802
2823	2822
2823	2824
2823	2825
2826	1032
2826	2869
2828	2827
2829	2828
2829	2840
2829	2838
2829	2833
2831	2830
2831	2838
2831	2837
2830	2833
2832	2831
2832	2829
2835	2834
2835	2836
2838	2837
2838	2833
2840	2839
2845	2846
2855	2854
2855	2857
2856	2854
2858	2859
2865	2864
2864	2866
2870	2869
2876	2875
2876	2877
2876	3496
2876	4052
2879	2880
2886	2885
2886	2889
2886	2890
2886	2891
2886	2894
2886	2895
2885	2888
2887	2886
2887	2898
2887	2899
2891	2892
2891	2893
2898	2897
2899	2890
2903	2902
2906	2905
2908	2907
2908	3021
2911	2910
2911	2912
2911	2913
2915	2916
2915	2917
2915	2918
2920	2921
2920	2922
2925	2926
2925	2927
2925	2928
2940	2939
2940	2942
2940	2943
2940	2947
2940	2948
2939	2941
2943	2944
2943	2945
2943	2946
2952	2976
2952	2977
2952	2978
2952	2979
2952	2980
2953	2974
2953	2986
2956	2982
2956	2983
2960	2961
2960	2962
2960	2963
2960	2964
2960	2965
2960	2966
2960	2967
2960	2968
2960	2969
2973	2972
2973	2975
2973	2981
2973	4075
2985	2984
3001	3000
3001	3003
3001	3006
3002	3001
3002	4077
3005	3004
3005	4076
3010	3009
3012	3011
3014	3013
3014	3311
3016	3018
3017	3016
3023	3022
3023	3024
3023	3025
3023	3390
3023	3536
3030	3029
3030	3037
3030	3038
3030	3039
3030	3040
3030	3041
3030	3042
3030	3043
3030	3044
3030	3045
3030	3046
3030	3047
3030	3048
3029	3031
3031	3032
3031	3033
3033	3034
3035	3036
3050	3049
3049	3051
3049	3052
3049	3053
3049	3054
3049	3055
3049	3056
3049	3057
3049	3058
3049	3059
3049	3060
3049	3063
3049	3066
3049	3067
3049	3068
3049	3069
3049	3070
3060	3061
3060	3062
3063	3064
3063	3065
3075	3074
3077	3076
3077	3078
3077	3079
3077	3080
3077	3081
3077	3082
3077	3083
3077	3084
3077	3085
3077	3086
3077	3087
3091	3090
3091	3105
3091	3106
3091	3107
3091	3108
3091	3109
3091	3110
3091	3111
3091	3112
3091	3113
3091	3114
3091	3115
3091	3117
3091	3118
3091	3120
3091	3121
3091	3122
3091	3123
3091	3124
3091	3125
3091	3126
3091	3127
3091	3128
3091	3129
3091	3130
3091	3131
3091	3132
3091	3133
3091	3134
3090	3092
3090	3093
3090	3094
3090	3095
3090	3096
3090	3097
3098	3099
3098	3100
3098	3101
3098	3102
3098	3103
3103	3104
3115	3116
3118	3119
3135	3136
3135	3137
3135	3138
3135	3139
3135	3140
3135	3141
3135	3142
3135	3143
3135	3144
3135	3145
3135	3146
3135	3147
3135	3148
3135	3149
3135	3150
3135	3151
3135	3152
3135	3153
3135	3154
3135	3155
3135	3156
3135	3157
3158	3159
3161	3162
3165	3166
3165	3167
3172	3173
3172	3174
3184	3185
3187	3186
3191	3190
3191	3192
3194	3193
3194	3199
3194	3203
3194	3205
3194	3207
3194	3208
3194	3220
3194	3226
3194	3247
3194	3249
3194	3253
3194	3258
3194	3259
3194	3265
3194	3267
3194	3276
3194	3277
3194	3282
3194	3288
3194	3289
3194	3291
3194	3309
3194	3310
3195	3194
3195	3201
3195	3243
3195	3270
3195	3303
3197	3196
3199	3198
3199	3200
3199	3202
3199	3209
3199	3210
3199	3211
3199	3212
3199	3213
3199	3214
3199	3215
3199	3216
3199	3217
3199	3218
3199	3219
3199	3221
3199	3224
3199	3225
3199	3228
3199	3229
3199	3230
3199	3231
3199	3232
3199	3233
3199	3234
3199	3235
3199	3236
3199	3237
3199	3238
3199	3241
3199	3245
3199	3246
3199	3248
3199	3251
3199	3256
3199	3257
3199	3260
3199	3261
3199	3263
3199	3264
3199	3266
3199	3268
3199	3269
3199	3271
3199	3272
3199	3273
3199	3274
3199	3275
3199	3278
3199	3279
3199	3284
3199	3286
3199	3287
3199	3292
3199	3293
3199	3294
3199	3295
3199	3297
3199	3298
3199	3299
3199	3300
3199	3306
3205	3204
3205	3244
3205	3252
3205	3255
3207	3206
3207	3222
3207	3223
3207	3227
3207	3239
3207	3240
3207	3262
3207	3280
3207	3281
3207	3283
3207	3285
3207	3290
3207	3296
3207	3301
3207	3307
3207	3308
3243	3242
3251	3250
3253	3254
3302	3303
3305	3304
3305	3306
3305	3312
3315	3314
3315	3316
3315	3317
3317	3318
3320	3319
3322	3321
3322	3330
3322	3337
3321	3324
3323	3321
3323	3325
3323	3324
3330	3332
3331	3330
3331	3333
3331	3332
3337	3339
3338	3337
3338	3340
3338	3339
3344	3343
3344	3350
3346	3345
3346	3349
3346	3351
3347	3348
3353	3352
3353	3354
3353	3556
3356	3355
3358	3357
3360	3359
3362	3361
3362	3366
3361	3363
3361	3364
3364	3365
3366	3365
3366	3551
3366	3554
3368	3367
3368	3370
3368	3371
3369	3368
3369	3373
3369	3374
3369	3376
3369	3380
3369	3381
3369	3383
3373	3372
3373	3382
3376	3375
3376	3377
3379	3378
3380	3379
3385	3384
3385	3386
3385	3394
3385	3537
3388	3387
3389	2861
3396	3395
3396	3399
3398	3397
3399	3400
3399	3401
3403	3402
3403	3404
3403	3405
3407	3406
3407	3408
3407	3409
3413	3412
3412	3414
3412	3415
3412	3418
3412	3430
3415	3416
3415	3417
3418	3419
3418	3420
3418	3421
3418	3422
3418	3423
3418	3424
3418	3425
3418	3426
3418	3427
3418	3428
3418	3429
3430	3431
3430	3432
3437	3436
3437	3439
3437	3444
3440	3441
3443	3442
3443	3453
3446	3445
3447	3446
3447	3449
3449	3448
3449	3450
3451	3452
3458	3457
3458	3468
3463	3462
3467	3466
3468	3467
3470	3469
3472	3471
3472	3476
3472	3477
3472	3478
3472	3479
3473	3472
3475	3474
3475	3489
3483	3482
3485	3484
3484	3487
3486	3484
3486	3488
3493	3492
3493	3495
3494	3492
3498	3497
3500	3499
3499	3501
3499	3502
3505	3504
3505	3348
3509	3508
3509	3510
3509	3512
3509	3515
3512	3511
3511	3513
3513	3514
3519	3518
3519	3520
3519	3524
3519	3527
3519	3528
3522	3521
3522	3523
3526	3525
3532	3531
3532	3534
3533	3532
3533	3535
3539	3538
3539	3543
3539	3544
3539	3545
3539	3546
3539	3547
3539	3548
3539	3549
3539	3550
3539	3551
3539	3552
3539	3553
3539	3554
3539	3555
3538	3540
3538	3541
3538	3542
3557	3558
3562	3561
3562	4080
3564	3565
3565	3566
3568	3567
3568	3569
3571	496
3571	497
3571	498
3572	3571
3572	3573
3576	3575
3588	3587
3591	3590
3591	3593
3590	3592
3590	3593
3590	3596
3593	3594
3593	3595
3598	3597
3598	3599
3601	3600
3601	3602
3601	3603
3601	3604
3601	3605
3601	3606
3601	3607
3609	3610
3612	3611
3614	3613
3614	3766
3614	491
3614	492
3616	3615
3616	3767
3619	3618
3619	3644
3619	3769
3620	3618
3623	3622
3623	3772
3625	3624
3625	3627
3625	3628
3627	3626
3628	3629
3631	3630
3633	3632
3633	3635
3635	3634
3637	3636
3637	3639
3636	3638
3641	2850
3647	3646
3647	3648
3653	3652
3654	3653
3654	3686
3654	3713
3654	3720
3654	3824
3656	3655
3656	3659
3656	3661
3656	3662
3656	3665
3656	3815
3655	3657
3659	3658
3661	3660
3661	3663
3661	3664
3666	3667
3666	3668
3672	3671
3672	3675
3672	3676
3671	3673
3671	3674
3678	3677
3678	3679
3678	3680
3682	3681
3682	3683
3689	3688
3689	3690
3692	3691
3692	3694
3692	3697
3692	3822
3694	3693
3694	3698
3694	3699
3702	3701
3702	3727
3701	3703
3703	3704
3703	3705
3706	3707
3706	3708
3706	3709
3711	3710
3711	3725
3711	3736
3716	3715
3715	397
3715	398
3718	3717
3718	3747
3719	3718
3719	3734
3719	3744
3719	3745
3723	3722
3723	3729
3723	3735
3725	3724
3725	3730
3727	3726
3727	3728
3738	3737
3738	3756
3738	3816
3738	3817
3740	3739
3742	3741
3744	3743
3747	3746
3749	3748
3753	3752
3753	3757
3753	3818
3753	3819
3755	3754
3759	3758
3760	3758
3761	3758
3763	3762
3764	3763
3765	3762
3770	3769
3774	3773
3774	3780
3774	3781
3777	3776
3777	3778
3777	3779
3784	3783
3786	3785
3786	3788
3786	3789
3786	3790
3788	3787
3788	3791
3793	3792
3793	3795
3795	3794
3797	3796
3797	3799
3796	3798
3804	3803
3804	3806
3808	3807
3808	3810
3808	3811
3808	3812
3824	3823
3826	3825
3829	3828
3829	3836
3828	3830
3828	3831
3828	3832
3828	3833
3828	3834
3828	3835
3838	3837
3842	3841
3842	4086
3842	1502
3844	3843
3844	4087
3844	4088
3844	4089
3844	4090
3844	4091
3844	4092
3844	4093
3844	4094
3844	1501
3844	3849
3850	1511
3863	3850
3863	3851
3863	3852
3863	3853
3863	3854
3863	3855
3863	3856
3863	3857
3863	3858
3865	3864
3865	3866
3865	3867
3873	3872
3874	3872
3876	3877
3880	3879
3882	3881
3882	3883
3884	3885
3886	3887
3886	3888
3886	3889
3886	3890
3886	3891
3886	3892
3886	3893
3886	3894
3886	3895
3886	3896
3886	3897
3886	3898
3886	3899
3886	3900
3901	3902
3901	3903
3901	3904
3901	3905
3901	3906
3901	3907
3901	3908
3901	3909
3901	3910
3901	3911
3901	3912
3901	3913
3901	3914
3901	3915
3901	3916
3901	3917
3918	3919
3918	3920
3922	3923
3922	3924
3928	3929
3930	3931
3930	3932
3930	3933
3941	2147
3941	2148
3941	2149
3941	2150
3942	566
3942	567
3951	638
3951	636
3951	641
3959	3074
3962	3734
3962	3745
3962	3744
3962	3718
3964	3965
3966	3967
3972	3915
3976	3975
3976	3977
3980	3981
3982	3983
3982	3981
3982	3984
3982	3985
3986	3987
3988	3984
3988	3985
3989	3983
3989	3981
3989	3984
3989	3985
3990	3987
3991	3983
3991	3981
3991	3984
3991	3985
3991	3992
3993	3994
3995	463
3996	3997
3996	3998
3996	3999
4000	4001
4000	4002
4000	4003
4000	4004
4000	4005
4007	4008
4007	4009
4010	3948
4010	4011
4010	4012
4010	4013
4010	4014
4010	4015
4010	4016
4010	514
4010	4017
4010	4018
4010	4019
4010	4020
4010	4021
4010	4022
4010	4023
4010	4024
4019	2155
4023	3402
4023	3404
4023	3405
4025	4026
4025	4027
4025	4028
4032	4031
4032	4033
4041	4040
4041	4044
4041	4050
4046	4045
4054	4053
4057	4058
4057	4059
4060	4061
4071	2306
4081	4082
4081	4083
4081	4084
4081	4085
4088	1645
4088	1881
4088	1892
4088	1906
4089	1893
4090	1652
4090	1897
4091	1659
4091	1902
4092	1669
4092	1885
4092	1887
4092	1909
