1	0
1	15
1	16
1	17
1	18
2	1
2	8
2	11
2	14
2	19
2	20
2	21
2	22
2	23
2	24
2	25
2	26
2	27
2	28
2	29
2	30
2	43
2	44
2	45
2	46
2	47
2	48
3	2
3	122
3	136
3	143
3	144
4	3
5	4
6	5
7	6
8	9
8	10
11	12
11	13
13	49
13	50
30	31
30	32
30	33
30	34
30	35
30	36
30	37
30	38
30	39
30	40
30	41
30	42
43	3883
43	3886
43	3887
43	3888
44	3891
44	3895
44	3896
44	3897
44	3898
44	3899
44	3900
44	3901
52	51
52	55
52	58
52	61
52	67
52	68
52	69
52	70
52	71
52	72
52	73
52	74
52	75
52	76
52	77
52	121
52	149
52	150
52	151
52	152
52	153
52	154
52	155
52	156
52	157
52	158
52	159
52	160
53	52
54	53
55	56
55	57
58	59
61	60
61	63
61	64
61	65
61	66
63	62
79	78
79	2992
79	2997
79	3033
79	3034
79	3035
81	80
81	2952
81	2953
81	2954
81	2955
83	82
83	2960
83	3583
83	3733
85	84
85	1654
85	2428
85	2956
85	2981
85	3579
85	3730
87	86
87	2329
87	2330
87	2353
87	2354
87	2562
87	2658
87	2659
87	2660
87	2661
87	2662
87	2663
87	2664
87	2665
87	2666
87	2667
87	2668
87	2669
87	2670
87	2671
87	2672
87	2675
87	2676
87	2677
87	2678
87	2679
87	2680
87	2681
87	2682
87	2683
87	2684
87	2768
87	2769
87	2770
87	2771
87	2772
87	2773
87	2774
87	2775
88	87
88	2766
88	2767
90	89
90	1655
90	2957
90	2958
90	2959
91	90
91	2429
91	2974
92	91
93	91
93	322
93	325
93	326
93	334
93	336
93	340
93	376
93	381
93	410
93	430
93	516
93	582
93	603
93	609
93	615
93	619
93	624
93	629
93	630
93	638
93	646
93	647
93	898
93	1683
93	1693
93	2079
93	2112
93	2123
93	2124
93	2161
93	2583
93	2784
93	2074
93	2947
93	2946
93	2979
93	3323
93	3350
93	3450
93	3570
93	3585
93	3587
93	3595
93	3599
93	3602
93	2815
93	1014
93	3605
93	3609
93	3618
93	3634
93	3640
93	3644
93	3646
93	3649
93	3651
93	3654
93	3662
93	3674
93	3681
93	3744
93	3748
93	3755
93	3759
93	3762
93	2816
93	1016
93	1017
93	1018
93	3766
93	3771
93	3783
93	315
93	3972
95	94
95	99
95	3712
97	96
97	102
97	3395
97	3399
97	3400
97	3402
97	3416
98	97
98	3405
98	3409
98	3413
98	3417
98	3418
98	3421
98	3422
99	98
99	1664
99	1709
101	100
102	101
102	3423
104	103
104	961
104	2116
104	2119
104	2182
104	2192
104	2194
104	2195
104	2196
105	104
105	1122
105	2077
105	2078
105	2081
105	2082
105	2092
105	2168
105	2181
105	2186
105	2187
105	2192
105	2193
105	2253
105	2280
105	2293
105	3736
105	4028
105	4029
105	4030
105	4031
105	4032
107	106
108	107
108	1505
108	1818
108	1853
110	109
110	2083
110	2086
110	2088
110	2306
110	2307
110	2308
112	111
112	2050
112	2057
112	2084
112	2087
112	2089
112	2300
112	2305
112	2309
114	113
115	114
115	1509
115	1513
115	1828
115	1854
115	2167
117	116
119	118
119	2029
119	2183
119	2278
119	2279
119	2289
120	119
120	2258
120	2297
124	123
124	313
124	531
124	617
124	1616
124	2287
124	2860
124	3525
124	3536
124	3542
124	3647
126	125
126	161
126	162
126	163
126	164
126	165
126	166
126	167
126	168
126	169
126	170
126	171
126	176
126	177
126	1052
126	1771
126	1853
126	1854
126	1856
126	1858
126	1859
126	1862
126	1868
126	3837
126	3840
128	127
128	1681
128	1706
128	1713
128	1718
128	1719
128	1720
128	1729
129	128
129	970
129	2574
129	3491
129	3545
130	129
130	291
130	569
130	577
130	580
130	669
130	697
130	749
130	1053
130	1503
130	1507
130	1572
130	1710
130	1743
130	1869
130	1870
130	1871
130	1872
130	1873
130	1874
130	1875
130	1876
130	1881
130	1882
130	1959
130	1983
130	2003
130	2250
130	2605
130	2610
130	2612
130	2613
130	2615
130	2616
130	2617
130	2620
130	2621
130	2623
130	2624
130	2625
130	2626
130	2628
130	2634
130	2635
130	2636
130	2637
130	2638
130	2639
130	2640
130	2641
130	2642
130	2644
130	2645
130	2646
130	2647
130	2832
130	3539
130	3541
130	3543
130	3544
130	3546
130	3613
130	3616
130	3846
131	130
131	145
131	178
131	312
131	313
131	440
131	490
131	532
131	539
131	598
131	632
131	748
131	805
131	822
131	840
131	872
131	948
131	1391
131	1815
131	2443
131	2596
131	2805
131	2868
131	2951
131	3462
131	3532
131	3631
131	3676
132	133
135	134
135	1364
135	1369
135	1377
135	1378
135	1361
135	1372
135	1393
135	1370
135	1371
135	1374
135	1375
135	1376
135	1394
135	1395
135	1384
135	1385
135	1403
136	137
136	138
136	139
136	140
136	141
136	142
145	146
148	147
172	173
175	174
180	179
179	181
182	183
185	184
187	186
187	1886
187	1887
187	1888
187	1889
187	1890
187	1891
187	1892
187	1893
187	1894
187	1895
187	1896
187	1897
187	1898
187	1899
187	1900
187	1901
187	1902
187	1903
187	1904
187	1905
187	1906
187	1907
187	1908
187	1909
187	1910
187	1911
187	1912
187	1913
187	1914
187	1915
187	1916
187	1917
187	1918
187	1919
187	1920
187	1921
187	1922
187	1923
187	1924
187	1925
187	1926
187	1927
187	1928
187	1929
187	1930
187	1931
188	187
190	189
190	191
190	192
190	193
190	194
190	195
190	196
190	197
199	198
199	200
199	212
199	2740
199	3315
199	3457
199	3492
199	3519
199	3521
201	200
201	202
201	204
201	206
201	208
203	202
203	2438
203	2437
203	2653
203	2738
203	2741
203	3453
205	204
207	206
207	1648
207	2332
207	2739
207	2747
207	2757
207	2950
207	2961
207	2970
207	3478
207	4035
209	208
209	2674
209	3373
209	3396
209	3397
209	3479
211	210
211	213
211	214
211	215
211	3954
217	216
217	802
217	829
217	867
217	1733
217	2206
217	2211
217	2213
217	2216
217	2220
217	2223
217	2224
217	2225
217	2230
217	2231
217	2238
217	2240
217	2243
217	2247
216	220
216	224
216	226
216	228
216	229
218	216
219	216
221	220
221	224
221	226
221	228
222	220
222	224
222	226
222	228
222	229
223	220
223	224
223	226
223	228
225	224
227	226
227	228
231	230
231	232
231	233
231	237
231	283
231	286
231	285
231	239
231	240
231	241
231	242
231	288
231	245
231	246
231	247
231	251
231	260
231	263
231	264
231	267
231	265
231	266
231	268
231	269
231	270
231	271
231	272
231	275
231	276
231	278
230	232
230	233
230	234
230	235
230	236
230	237
230	238
230	239
230	240
230	241
230	242
230	243
230	244
230	245
230	246
230	247
230	248
230	249
230	250
230	251
230	252
230	253
230	254
230	255
230	256
230	257
230	258
230	259
230	260
230	261
230	262
230	263
230	264
230	265
230	266
230	267
230	268
230	269
230	270
230	271
230	272
230	273
230	274
230	275
230	276
230	277
230	278
232	279
232	280
237	283
237	284
237	286
237	287
237	288
237	289
271	2776
271	2777
282	281
284	285
291	290
291	292
291	293
291	294
291	295
291	296
291	297
291	298
291	299
291	300
291	301
291	302
291	303
291	304
291	305
291	306
291	307
291	308
291	309
311	310
311	375
311	407
311	466
311	492
311	638
311	2161
311	2328
311	364
311	2804
311	2835
311	2837
311	2949
311	3037
311	3483
311	3576
311	3679
311	3681
311	2836
311	3908
311	3909
311	3910
311	3911
311	3912
311	3913
311	3914
311	3915
311	3916
311	3917
311	3918
311	3919
311	3920
311	3921
311	3922
311	3923
311	3924
311	315
311	3957
315	314
315	321
314	316
314	317
317	318
317	322
318	319
318	325
321	320
321	317
321	326
323	322
322	319
324	323
324	325
324	326
324	373
324	374
324	375
324	376
324	378
324	379
324	380
324	381
324	382
324	393
324	394
324	401
324	402
324	406
324	407
324	408
324	409
324	410
324	413
324	414
324	430
324	599
324	600
324	630
324	678
324	679
324	680
324	690
324	691
324	1480
324	1659
324	1737
324	2069
324	2079
324	2123
324	2161
324	386
324	387
324	2254
324	2074
324	2947
324	2977
324	3581
324	3585
324	3605
324	3632
324	3657
324	3658
324	3674
324	3678
324	3683
324	3693
324	3694
324	3695
324	3737
324	3771
324	3804
327	326
327	566
327	1593
327	1955
327	3048
327	3607
327	317
327	3903
327	3904
327	3905
327	3906
327	3907
326	318
329	328
329	330
332	331
332	1742
332	2582
332	2587
332	2588
332	3151
332	3426
332	3443
334	333
334	336
334	340
333	336
333	340
335	334
335	1735
335	1747
335	1748
335	1750
335	1749
335	1746
335	2248
335	2253
335	2872
336	337
336	338
336	339
340	341
343	342
343	358
345	344
345	350
346	345
346	354
346	355
346	360
347	345
347	351
347	354
347	355
349	348
353	352
353	359
353	1119
353	2268
357	356
362	361
362	436
362	621
362	1733
362	1741
362	2320
362	2323
362	2396
362	363
362	2969
362	3664
362	2836
362	3932
362	3939
361	363
361	364
366	365
368	367
368	2572
368	3968
370	369
370	371
370	372
370	900
370	1553
370	1556
370	1565
370	1566
370	1579
370	1619
370	1620
370	1639
370	1640
370	1656
370	1657
370	1658
370	1660
370	3372
370	3824
370	3936
370	3938
376	377
382	383
382	384
382	385
382	388
382	389
382	390
382	391
385	386
385	387
393	392
393	645
393	2162
393	2254
393	2864
393	3657
393	3782
394	395
394	398
395	396
395	397
398	399
398	400
402	403
402	404
402	405
408	318
410	411
410	412
415	416
418	417
418	416
420	419
420	819
420	1492
420	2042
420	2873
420	3288
420	3291
420	3298
420	3465
420	3801
422	421
422	823
422	1493
422	2043
422	3289
422	3296
422	3303
422	3468
424	423
424	842
424	841
424	845
424	846
424	847
424	848
424	849
424	850
424	851
424	852
424	853
424	865
424	867
424	871
424	1054
424	1068
424	1494
424	2044
424	2197
424	2198
424	2199
424	2206
424	2211
424	2213
424	2216
424	2220
424	2223
424	2224
424	2225
424	2230
424	2231
424	2238
424	2243
424	2247
424	2838
424	3290
424	3297
424	3304
424	3469
426	425
426	433
426	434
427	428
430	429
430	2260
430	2262
432	431
436	435
436	439
436	444
437	435
437	798
439	438
439	442
439	443
439	445
440	441
447	446
447	448
447	449
447	455
447	456
451	450
452	450
452	453
452	454
458	457
458	2786
457	459
457	460
457	461
463	462
465	464
465	467
465	468
465	469
465	470
465	471
465	472
465	473
465	474
465	489
465	476
465	477
465	478
465	479
465	480
465	481
465	482
465	483
465	484
465	485
466	465
466	475
475	476
475	477
475	478
475	479
475	480
475	481
475	482
475	483
475	484
475	485
487	486
487	797
487	854
488	486
490	491
492	493
492	494
496	495
496	2869
496	3534
495	497
495	501
497	498
497	499
497	500
503	502
503	504
505	506
508	507
510	509
511	512
511	513
515	514
515	523
516	515
516	517
516	518
516	519
516	520
516	521
516	522
516	2090
516	2091
516	2112
516	2114
516	2115
516	2865
516	3365
516	3767
516	315
522	523
525	524
526	525
526	529
528	527
528	530
534	533
536	535
538	537
539	540
542	541
542	544
542	545
542	547
542	574
542	575
542	576
543	542
543	541
543	544
543	545
547	546
547	560
547	562
547	563
547	564
547	565
547	571
547	573
546	548
546	550
546	551
546	552
546	553
546	554
546	555
546	556
546	557
546	558
546	559
548	549
560	561
566	567
566	568
571	570
571	572
579	578
580	579
580	601
580	618
580	631
580	683
580	696
582	581
582	588
582	590
582	591
582	594
582	681
581	584
583	582
583	603
583	609
583	615
583	619
583	638
583	646
583	647
583	897
583	2784
583	1012
583	3570
583	3587
583	3595
583	3599
583	3602
583	2815
583	1014
583	3609
583	3618
583	3634
583	3644
583	3646
583	3649
583	3651
583	3654
583	3662
583	3681
583	3744
583	3748
583	3755
583	3759
583	3762
583	2816
583	1016
583	1017
583	1018
583	3766
583	2823
583	3783
586	585
588	587
590	589
590	592
590	593
595	596
595	597
603	602
603	604
603	605
603	606
603	607
603	694
609	608
609	612
609	613
608	610
608	611
615	614
615	616
621	620
621	688
620	622
622	623
624	625
624	626
624	627
629	628
629	686
629	693
634	633
634	3573
635	634
637	636
638	637
638	639
638	642
641	640
642	641
642	682
644	643
647	648
648	649
648	650
648	651
653	652
654	653
654	3603
655	654
655	898
655	1674
655	1696
655	1747
655	1748
655	1750
655	1749
655	1746
655	2782
655	2829
655	2843
655	2845
655	2846
655	2847
655	2848
655	3547
655	4036
657	656
657	675
657	682
657	694
657	695
657	666
656	659
658	657
658	661
658	667
658	676
658	677
661	660
661	662
661	663
661	664
661	665
661	666
666	659
666	1702
669	668
671	670
673	672
673	674
685	684
685	692
688	687
688	689
698	699
699	700
699	701
699	702
704	703
703	706
703	707
705	703
705	1522
707	708
707	738
707	742
707	743
707	744
708	709
708	710
708	711
708	712
708	729
708	730
712	713
712	716
712	717
712	718
713	714
713	715
718	719
718	720
718	721
718	722
718	723
718	724
718	728
724	725
724	726
724	727
730	731
730	732
730	733
730	734
734	735
734	736
734	737
738	739
738	740
738	741
746	745
746	747
749	750
752	751
752	855
752	857
752	859
751	755
751	756
753	751
754	753
754	856
754	858
754	860
754	3996
754	4009
758	757
760	759
760	772
760	773
760	774
760	775
760	782
760	785
760	789
760	790
760	793
760	794
760	795
760	796
760	799
760	800
760	804
760	806
760	807
759	761
759	763
759	764
759	767
759	768
759	769
759	770
759	771
761	762
764	765
764	766
777	776
777	779
776	778
779	780
779	781
784	783
785	786
788	787
792	791
798	797
798	854
798	3992
802	801
803	801
809	808
810	809
810	812
810	816
810	3997
810	3998
810	3999
810	4000
810	4003
810	4004
810	4005
810	4010
810	4011
812	811
814	813
814	818
815	814
816	815
816	4001
817	813
819	820
819	821
825	824
827	826
828	827
828	3991
831	830
831	832
831	834
831	835
831	836
831	837
832	833
839	838
842	841
842	846
842	847
842	848
842	849
842	850
842	851
842	852
842	853
844	843
856	855
858	857
860	859
862	861
864	863
866	865
868	867
870	869
874	873
875	874
875	882
876	875
877	876
877	886
878	877
878	891
878	895
878	946
879	878
879	924
879	936
880	879
880	955
880	960
881	880
881	932
881	933
884	883
885	884
885	887
886	885
889	888
890	889
890	947
891	890
891	893
893	892
895	894
897	896
897	1675
897	2819
897	2822
897	2824
897	2825
897	2826
897	2827
898	897
898	2586
898	2583
898	2820
898	3351
898	3533
898	3603
900	899
900	901
903	902
903	1676
903	1691
903	1697
903	2160
903	2419
903	3522
903	3548
903	3551
903	3611
903	3775
905	904
905	906
905	907
905	908
910	909
910	943
911	909
913	912
915	914
914	916
914	917
919	918
919	920
922	921
921	925
923	922
923	926
923	927
924	923
924	928
924	929
924	930
924	931
935	934
935	937
935	2558
935	2982
935	3789
937	938
940	939
940	941
940	942
940	1776
940	1783
945	944
950	949
950	951
950	952
954	953
955	956
955	957
955	958
955	959
963	962
963	2145
963	2147
963	2148
963	2149
963	2150
963	2151
963	2152
963	2153
963	2261
965	964
965	966
965	967
968	967
970	969
972	971
972	998
972	999
972	1004
972	1011
972	1012
972	1019
972	1020
972	1021
972	1022
972	1023
971	975
971	976
971	984
973	972
973	1030
974	973
974	975
974	977
974	980
974	982
974	1585
974	1047
974	1978
974	1011
974	2789
974	2834
974	1020
976	977
976	979
976	980
976	982
977	978
980	981
982	983
984	985
987	986
987	1469
989	988
989	2444
989	2595
990	989
990	988
990	1557
990	699
990	1587
990	1711
990	3275
990	3277
990	3540
992	991
992	1046
992	1588
992	2643
992	2831
991	993
993	994
996	995
995	997
999	1000
999	1001
1001	1002
1001	1003
1004	1005
1004	1009
1004	1010
1005	1006
1005	1008
1006	1007
1012	1013
1012	1014
1012	1015
1012	1016
1016	1017
1016	1018
1025	1024
1025	1026
1028	1027
1030	1029
1030	1047
1030	1048
1030	1049
1030	1050
1030	1051
1029	1031
1033	1032
1035	1034
1035	1590
1034	1037
1036	1035
1036	1589
1036	1846
1036	3526
1039	1038
1039	1041
1039	1042
1039	1043
1039	1044
1039	1045
1040	1039
1040	1041
1054	1055
1054	1060
1054	1061
1055	1056
1055	1057
1055	1058
1055	1059
1060	1066
1060	1067
1061	1062
1061	1063
1063	1064
1063	1065
1070	1069
1070	1072
1070	1076
1070	1079
1070	1080
1070	1081
1070	1112
1070	1113
1070	1114
1070	1115
1070	1116
1071	1070
1071	1074
1071	1124
1071	1129
1074	1073
1074	1075
1074	1077
1074	1078
1083	1082
1083	1093
1083	1100
1083	1102
1083	1103
1084	1083
1084	1086
1086	1085
1086	1098
1086	1099
1086	1101
1086	1104
1086	1107
1088	1087
1089	1088
1089	1095
1091	1090
1092	1091
1092	1097
1095	1094
1097	1096
1105	1092
1105	1106
1105	1084
1105	1111
1106	1108
1106	1109
1106	1110
1118	1117
1119	1118
1121	1120
1121	1123
1122	1121
1124	1125
1124	1126
1124	1127
1124	1128
1129	1130
1129	1131
1129	1132
1129	1133
1129	1134
1129	1135
1129	1136
1129	1137
1129	1138
1129	1139
1129	1140
1129	1141
1129	1142
1129	1143
1145	1144
1145	1147
1145	1148
1145	1151
1145	1152
1145	1153
1146	1145
1146	1150
1146	1211
1146	1156
1150	1149
1155	1154
1155	1157
1155	1160
1155	1161
1155	1163
1156	1155
1156	1159
1156	1208
1156	1213
1156	1214
1156	1215
1156	1216
1156	1217
1156	1218
1156	1219
1156	1225
1156	1226
1156	1227
1159	1158
1159	1162
1165	1164
1165	1179
1166	1165
1166	1168
1166	1196
1166	1199
1168	1167
1168	1177
1168	1178
1168	1180
1170	1169
1171	1170
1171	1176
1171	1190
1171	1192
1173	1172
1174	1173
1174	1183
1174	1194
1174	1204
1176	1175
1182	1181
1183	1182
1183	1185
1183	1186
1183	1188
1185	1184
1186	1187
1188	1189
1190	1191
1192	1193
1194	1195
1196	1197
1196	1198
1199	1200
1199	1201
1199	1202
1199	1203
1206	1205
1206	1207
1208	1209
1208	1210
1211	1212
1219	1220
1219	1221
1219	1222
1219	1223
1219	1224
1229	1228
1229	1233
1229	1237
1228	1230
1228	1231
1228	1232
1233	1234
1233	1235
1237	1236
1237	1238
1237	1239
1237	1240
1242	1241
1242	1246
1242	1250
1241	1243
1241	1244
1241	1245
1246	1247
1246	1248
1250	1249
1250	1251
1250	1252
1250	1253
1255	1254
1255	1269
1255	1336
1255	1338
1255	1340
1255	1342
1255	1343
1255	1346
1257	1256
1257	1261
1257	1262
1257	1263
1257	1264
1258	1257
1258	1266
1258	1270
1258	1276
1260	1259
1266	1265
1266	1267
1268	1258
1268	1281
1268	1303
1268	1322
1268	1328
1268	1331
1268	1333
1268	1334
1268	1335
1268	1337
1268	1339
1268	1341
1268	1344
1268	1345
1270	1271
1270	1272
1270	1273
1270	1274
1270	1275
1276	1277
1276	1278
1276	1279
1276	1280
1281	1282
1281	1290
1281	1298
1281	1300
1282	1283
1282	1284
1282	1289
1284	1285
1284	1286
1284	1287
1284	1288
1290	1291
1290	1292
1290	1296
1292	1293
1292	1294
1292	1295
1298	1297
1298	1301
1300	1299
1300	1302
1303	1304
1303	1309
1303	1314
1303	1319
1304	1305
1304	1306
1304	1307
1304	1308
1309	1310
1309	1311
1309	1312
1314	1313
1314	1315
1314	1316
1314	1317
1319	1318
1319	1320
1319	1321
1322	1323
1322	1326
1325	1324
1325	1327
1328	1329
1328	1330
1333	1332
1348	1347
1350	1349
1352	1351
1352	1353
1352	1354
1352	1356
1351	1355
1351	1357
1351	1358
1360	1359
1360	1363
1360	1362
1359	1361
1359	1363
1361	1362
1363	1364
1364	1365
1364	1366
1367	1363
1368	1364
1368	1361
1368	1365
1368	1372
1368	1393
1368	1370
1368	1371
1368	1374
1368	1375
1368	1376
1368	1394
1368	1384
1368	1403
1368	1406
1369	1370
1369	1371
1369	1372
1369	1374
1369	1375
1369	1376
1372	1373
1380	1379
1380	1381
1382	1383
1382	1385
1383	1384
1387	1386
1387	1388
1389	1361
1389	1406
1391	1390
1392	1372
1392	1393
1392	1370
1392	1371
1392	1374
1392	1375
1392	1376
1397	1396
1397	1398
1398	1399
1398	1400
1398	1401
1403	1402
1405	1404
1408	1407
1408	1412
1407	1410
1407	1411
1409	1408
1414	1413
1414	1425
1415	1414
1415	1426
1416	1415
1418	1417
1418	1433
1418	1466
1419	1418
1421	1420
1421	1449
1422	1421
1424	1423
1424	1454
1428	1427
1428	1464
1429	1428
1429	1432
1429	1465
1430	1429
1431	1428
1435	1434
1435	1438
1435	1439
1435	1440
1435	1447
1435	1448
1436	1435
1438	1437
1438	1441
1438	1442
1438	1443
1438	1444
1438	1445
1438	1446
1449	1450
1449	1451
1449	1452
1454	1453
1454	1455
1455	1456
1455	1457
1456	1458
1456	1461
1457	1459
1457	1460
1463	1462
1468	1467
1468	1477
1468	1482
1471	1470
1471	1473
1471	1472
1470	1472
1470	1473
1475	1474
1475	1477
1475	1486
1476	1474
1476	1491
1478	1475
1478	1487
1478	1490
1478	3802
1478	3821
1478	3823
1478	3825
1478	3807
1478	3808
1478	3809
1478	3810
1478	3811
1479	1478
1479	1624
1479	1630
1479	1637
1479	1647
1479	1852
1479	2012
1479	2013
1479	1840
1479	3823
1479	4013
1479	4049
1479	4050
1479	4051
1479	4052
1479	4053
1479	4054
1479	4055
1479	4056
1479	3811
1480	1479
1480	1960
1480	3806
1482	1481
1483	1484
1483	1485
1489	1488
1490	1489
1490	1850
1490	1851
1490	1855
1490	1860
1490	1867
1490	1844
1490	3812
1490	3813
1490	3814
1490	3815
1490	3816
1490	3817
1490	3818
1490	3819
1490	3820
1490	3822
1496	1495
1496	1497
1498	1497
1500	1499
1500	1501
1500	1502
1500	1506
1505	1504
1507	1508
1509	1510
1509	1511
1509	1512
1513	1514
1516	1515
1515	1517
1515	1520
1517	1518
1517	1519
1521	707
1521	1523
1521	1529
1521	1609
1521	1611
1521	1627
1521	1635
1522	1521
1522	1608
1522	1618
1523	708
1523	1524
1523	1525
1523	1528
1523	1537
1523	1541
1523	1549
1524	709
1525	712
1525	1526
1525	1531
1525	1538
1526	718
1526	1527
1526	1532
1526	1534
1526	1540
1526	1546
1526	1548
1526	1567
1527	719
1528	730
1528	1530
1528	1536
1528	1539
1528	1543
1529	1528
1529	1530
1529	1625
1529	742
1530	731
1531	713
1531	1535
1531	1542
1531	1570
1532	724
1532	1533
1532	1545
1532	1547
1533	725
1534	720
1535	716
1536	732
1537	710
1538	717
1539	733
1540	721
1541	711
1542	714
1543	734
1543	1544
1543	1568
1543	1569
1544	735
1545	726
1546	722
1547	727
1548	723
1549	729
1551	1550
1552	1551
1552	1833
1552	1834
1552	1835
1552	4017
1555	1554
1557	699
1557	1564
1557	1621
1558	1557
1559	1557
1560	1557
1560	1858
1560	2032
1561	1557
1561	1859
1561	2033
1562	1557
1562	699
1562	2629
1562	2630
1562	2632
1562	2633
1562	3535
1562	3612
1562	3713
1562	3776
1563	700
1564	1563
1564	701
1567	728
1568	736
1569	737
1570	715
1572	1571
1572	1573
1572	1574
1576	1575
1578	1577
1578	2328
1578	2349
1578	2377
1581	1580
1583	1582
1583	1586
1583	1594
1583	1595
1583	1605
1584	1583
1584	1585
1584	1587
1584	1608
1584	1643
1585	1582
1587	1586
1587	1621
1592	1591
1595	1596
1595	1597
1597	1598
1597	1602
1597	1603
1597	1604
1598	1599
1598	1600
1598	1601
1607	1606
1608	1595
1608	1609
1608	1617
1609	1597
1609	1610
1609	1625
1609	1626
1609	1634
1610	1598
1610	1612
1610	1614
1610	1641
1611	1610
1611	1613
1611	1615
1611	1642
1611	738
1612	1599
1613	1612
1613	739
1614	1600
1615	1614
1615	740
1617	1596
1618	1617
1618	706
1621	1594
1623	1622
1623	1628
1623	1631
1623	1632
1623	1633
1623	2117
1623	2985
1623	4034
1624	1622
1624	1839
1624	1850
1624	1864
1625	1602
1626	1604
1627	1626
1627	744
1630	1629
1630	1855
1634	1603
1635	1634
1635	743
1637	1636
1637	1860
1639	1638
1639	1862
1641	1601
1642	1641
1642	741
1643	1605
1644	1643
1644	1866
1645	1644
1647	1646
1647	1843
1647	1845
1647	1867
1650	1649
1650	3122
1650	3123
1650	3125
1650	3126
1650	3127
1650	3130
1650	3131
1650	3132
1650	3133
1651	1650
1651	3053
1651	3060
1651	3097
1651	3120
1651	3134
1652	1651
1652	3039
1652	3050
1652	3137
1652	3138
1653	1652
1661	289
1661	245
1663	1662
1663	1671
1663	1672
1663	1673
1664	1663
1664	1666
1664	1669
1666	1665
1666	1670
1668	1667
1669	1668
1675	1674
1675	1696
1678	1677
1679	1678
1679	1699
1679	1700
1679	2806
1679	2807
1681	1680
1681	1703
1681	1714
1683	1682
1685	1684
1685	1688
1687	1686
1687	1689
1687	1690
1693	1692
1693	1704
1695	1694
1699	1698
1700	1698
1700	1701
1706	1705
1708	1707
1708	3777
1708	3784
1708	3661
1713	1712
1713	1715
1713	1717
1715	1716
1720	1721
1720	1728
1721	1722
1721	1723
1721	1724
1721	1725
1721	1727
1725	1726
1731	1730
1731	2842
1732	1731
1734	1733
1734	2836
1736	1735
1736	2990
1737	1736
1737	2124
1737	2988
1737	2989
1737	3447
1737	3448
1738	1735
1740	1739
1740	2122
1740	2319
1740	2978
1740	3419
1740	3427
1740	3430
1741	1740
1741	2123
1741	2320
1741	2328
1741	2979
1741	3331
1741	3420
1745	1744
1746	1745
1746	1751
1746	1752
1746	1753
1747	1746
1748	1746
1749	1746
1750	1749
1755	1754
1755	1759
1755	1758
1755	1787
1755	1781
1755	1804
1755	1756
1755	1757
1755	1788
1755	1812
1755	1818
1755	1822
1755	1823
1754	1756
1754	1757
1759	1758
1759	1777
1760	1759
1760	1787
1760	1781
1760	1788
1762	1761
1762	1768
1762	1775
1762	1804
1763	1762
1763	1765
1764	1761
1764	1775
1765	1764
1765	1769
1767	1766
1767	1825
1769	1768
1769	1804
1770	1769
1771	1773
1771	1774
1772	1771
1779	1778
1778	1781
1780	1778
1780	1783
1781	1782
1781	1783
1783	1784
1784	1785
1785	1786
1787	1788
1788	1789
1788	1792
1788	1793
1788	1801
1788	1802
1789	1790
1789	1791
1793	1794
1793	1797
1793	1799
1794	1795
1794	1796
1797	1798
1799	1800
1803	1783
1803	3452
1804	1805
1807	1806
1808	1788
1808	1809
1808	1810
1808	1796
1809	1793
1809	1802
1810	1802
1811	1810
1814	1813
1814	1784
1816	1773
1816	1819
1816	1820
1816	1821
1816	1774
1816	4015
1817	1773
1817	1774
1817	4015
1824	1823
1827	1826
1827	1830
1828	1827
1829	1826
1829	1856
1829	2085
1832	1831
1836	738
1838	1837
1838	1863
1840	1839
1840	1857
1840	1864
1840	2012
1840	2013
1840	3803
1840	3805
1840	3807
1840	3808
1840	3809
1840	3810
1840	3811
1840	1490
1842	1841
1842	1849
1844	1843
1844	1845
1848	1847
1849	1848
1852	1851
1862	1861
1865	1866
1877	1878
1880	1879
1884	1883
1884	1885
1927	1932
1934	1933
1934	1935
1934	1954
1937	1936
1937	1938
1937	1974
1940	1939
1940	1943
1940	1949
1941	1940
1941	1947
1943	1942
1943	1948
1944	1942
1944	1952
1945	1942
1945	1953
1947	1946
1951	1950
1951	1971
1953	1952
1953	1960
1957	1956
1959	1958
1959	2020
1962	1961
1963	1962
1963	1987
1963	2006
1965	1964
1965	1966
1965	1967
1969	1968
1969	1972
1970	1969
1970	1973
1973	1972
1973	1975
1977	1976
1977	1998
1977	2000
1977	2001
1977	2002
1977	2007
1977	2008
1977	2016
1977	4018
1978	1004
1978	1979
1978	1988
1979	1005
1980	1979
1980	1988
1982	1981
1982	1990
1982	1999
1982	1992
1982	1993
1982	2017
1984	1985
1984	1986
1988	1006
1988	1009
1990	1989
1989	1991
1989	1996
1989	1997
1991	1992
1991	1993
1991	1994
1991	1995
2005	2004
2010	2009
2010	2011
2015	2014
2015	2018
2015	2019
2022	2021
2024	2023
2026	2025
2028	2027
2028	3830
2028	3831
2028	3832
2028	3833
2029	2030
2029	2031
2035	2034
2035	2036
2035	2037
2035	2038
2035	2041
2040	2039
2046	2045
2046	2047
2048	2047
2049	2048
2049	3284
2049	3309
2052	2051
2053	2052
2053	2054
2053	2055
2053	2056
2059	2058
2059	2062
2059	2063
2059	2065
2059	2109
2059	2111
2061	2060
2061	2064
2061	2110
2061	3929
2061	3930
2061	3931
2067	2066
2067	2074
2066	2069
2066	2070
2066	2071
2068	2066
2069	2075
2069	2076
2071	2072
2071	2073
2078	2077
2078	2080
2078	2081
2078	2082
2094	2093
2093	2095
2093	2096
2096	2097
2099	2098
2098	2100
2100	2101
2101	2102
2104	2103
2104	3902
2103	2105
2103	2106
2103	2107
2103	2108
2112	2113
2119	2118
2119	2120
2122	2121
2122	2342
2122	2924
2122	2925
2122	2926
2122	2934
2122	2935
2123	2122
2126	2125
2126	2127
2126	2128
2130	2129
2130	2131
2130	2136
2133	2132
2133	2134
2135	2134
2135	3442
2135	4041
2138	2137
2138	2139
2138	2141
2138	2143
2138	2144
2141	2140
2141	2142
2146	2145
2146	2149
2146	2151
2146	2152
2146	2153
2155	2154
2156	2155
2158	2157
2158	2175
2158	2176
2159	2158
2159	2177
2159	2179
2162	386
2162	387
2164	2163
2164	2165
2164	2166
2169	2170
2169	2171
2169	4024
2169	4025
2169	4026
2169	4027
2173	2172
2173	2174
2179	2178
2181	2180
2185	2184
2187	2188
2187	2189
2187	2190
2187	2191
2193	2192
2193	3562
2193	3564
2193	3565
2201	2200
2201	2208
2201	2214
2201	2217
2201	2221
2201	2227
2201	2235
2201	2244
2203	2202
2203	2209
2203	2218
2203	2226
2203	2228
2203	2236
2203	2245
2205	2204
2205	2210
2205	2212
2205	2215
2205	2219
2205	2222
2205	2229
2205	2237
2205	2239
2205	2242
2205	2246
2207	2206
2207	2211
2207	2213
2207	2216
2207	2220
2207	2223
2207	2224
2207	2225
2207	2230
2207	2231
2207	2238
2207	2240
2207	2243
2207	2247
2233	2232
2233	2234
2241	2240
2250	2249
2250	2301
2250	2302
2252	2251
2252	2255
2257	2256
2257	2275
2257	2276
2257	2297
2260	2259
2264	2263
2266	2265
2266	2267
2266	2269
2266	2270
2266	2271
2273	2272
2275	2274
2275	2277
2275	2283
2282	2281
2282	2288
2283	2284
2283	2285
2283	2286
2289	2290
2289	2291
2289	2292
2293	2294
2293	2296
2294	2295
2299	2298
2304	2303
2311	2310
2311	2326
2313	2312
2313	2314
2316	2315
2316	2485
2316	2486
2316	2557
2318	2317
2319	2318
2319	2691
2319	2701
2319	2721
2319	2728
2320	2319
2321	2320
2321	2582
2321	363
2321	2588
2321	3932
2321	3934
2321	3935
2321	3939
2321	3940
2323	2322
2323	2348
2325	2324
2325	2480
2326	2327
2332	2331
2332	2593
2332	2594
2332	2657
2332	2686
2332	2745
2332	2746
2332	2751
2332	2753
2332	2754
2332	2759
2332	2760
2332	2761
2334	2333
2333	2335
2333	2336
2336	2337
2336	2338
2340	2339
2340	2893
2340	2894
2340	2895
2340	2896
2340	2897
2340	2898
2340	2899
2340	2900
2340	2901
2341	2340
2341	2878
2341	2879
2341	2883
2341	2884
2341	2887
2341	2888
2341	2889
2341	2902
2342	2341
2342	2591
2342	2904
2342	2913
2342	2914
2342	2915
2342	2916
2342	2919
2342	2920
2342	2921
2342	2922
2342	2923
2343	2344
2343	2345
2345	2346
2345	2347
2350	2351
2350	2352
2356	2355
2356	2360
2356	2361
2356	2364
2356	2369
2356	2370
2356	2371
2357	2356
2357	2395
2358	2357
2358	2359
2358	2396
2359	2356
2361	2362
2361	2363
2364	2365
2364	2366
2364	2367
2364	2368
2371	2372
2374	2373
2375	2374
2375	2376
2375	2378
2380	2379
2380	2382
2380	2383
2380	2384
2380	2392
2381	2380
2386	2385
2386	2410
2386	2411
2386	2413
2386	2414
2385	2387
2385	2388
2385	2389
2385	2390
2385	2391
2394	2393
2394	2397
2394	2404
2394	2405
2394	2406
2394	2407
2394	2408
2395	2394
2395	2400
2395	2402
2396	2395
2399	2398
2399	2401
2400	2399
2400	2409
2402	2403
2411	2412
2416	2415
2418	2417
2421	2420
2421	2422
2421	2423
2421	2424
2421	2425
2427	2426
2431	2430
2431	2436
2430	2432
2430	2433
2430	2434
2430	2435
2438	2437
2438	3150
2440	2439
2440	2441
2440	2442
2446	2445
2448	2447
2448	2452
2448	2453
2448	2454
2448	2455
2448	2456
2448	2457
2448	2458
2448	2459
2449	2448
2449	2488
2450	2449
2450	2462
2450	2483
2450	2507
2450	2559
2450	2579
2450	2580
2451	2449
2461	2460
2461	2505
2461	2534
2462	2464
2462	2465
2462	2466
2462	2467
2462	2468
2462	2469
2462	2470
2462	2471
2462	2472
2463	2462
2463	2507
2474	2473
2474	2565
2475	2474
2477	2476
2477	2567
2479	2478
2480	2479
2482	2481
2482	2532
2482	2556
2483	2482
2483	2521
2484	2483
2488	2487
2488	2490
2488	2491
2488	2493
2488	2495
2488	2497
2488	2499
2488	2501
2488	2503
2488	2533
2487	2489
2491	2492
2493	2494
2495	2496
2497	2498
2499	2500
2501	2502
2503	2504
2507	2506
2507	2517
2507	2535
2507	2563
2506	2508
2506	2509
2506	2510
2506	2511
2506	2512
2506	2513
2506	2514
2506	2515
2517	2516
2517	2544
2519	2518
2519	2545
2521	2520
2521	2546
2520	2523
2520	2524
2520	2525
2520	2526
2520	2527
2520	2528
2520	2529
2520	2530
2520	2531
2522	2521
2535	2536
2535	2537
2535	2538
2535	2539
2535	2540
2535	2541
2535	2542
2535	2543
2546	2547
2546	2548
2546	2549
2546	2550
2546	2551
2546	2552
2546	2553
2546	2554
2546	2555
2560	2559
2561	2560
2561	2592
2565	2564
2567	2566
2569	2568
2569	3353
2569	3354
2569	3355
2570	2569
2571	2570
2574	2573
2574	2575
2574	2576
2574	2581
2578	2577
2584	2583
2584	2782
2584	2814
2584	2815
2584	2816
2585	2584
2585	2808
2585	2810
2585	2813
2586	2585
2586	2817
2590	2589
2597	2598
2597	2599
2597	2600
2602	2601
2602	2603
2605	2604
2605	2614
2605	2622
2604	2606
2604	2607
2604	2608
2604	2609
2612	2611
2617	2618
2617	2619
2626	2627
2631	2630
2649	2648
2649	2651
2649	3140
2649	3141
2649	3142
2649	3143
2649	3144
2649	3145
2650	2649
2650	3139
2650	4040
2653	2652
2653	3051
2653	3146
2653	3149
2655	2654
2655	2656
2674	2673
2686	2685
2686	2687
2687	2688
2689	2690
2691	2692
2691	2693
2691	2694
2691	2695
2691	2696
2691	2697
2691	2698
2691	2699
2691	2700
2701	2702
2701	2705
2701	2706
2701	2707
2701	2708
2701	2709
2701	2718
2701	2719
2701	2720
2702	2703
2702	2704
2709	2710
2709	2713
2709	2714
2709	2715
2709	2716
2709	2717
2710	2711
2710	2712
2721	2722
2721	2723
2721	2724
2721	2725
2721	2726
2721	2727
2728	2729
2728	2730
2732	2731
2732	2734
2732	2735
2732	2737
2733	2732
2735	2736
2739	2738
2739	2743
2741	2740
2741	2743
2743	2742
2743	2744
2749	2748
2749	2750
2753	2752
2756	2755
2756	2758
2757	2756
2757	2762
2762	2763
2762	2764
2766	2765
2779	2778
2781	2780
2784	2783
2784	3604
2784	3763
2784	3764
2786	2785
2786	2787
2786	2788
2789	1012
2789	2833
2791	2790
2792	2791
2792	2803
2792	2801
2792	2796
2794	2793
2794	2801
2794	2800
2793	2796
2795	2794
2795	2792
2798	2797
2798	2799
2801	2800
2801	2796
2803	2802
2808	2809
2810	2811
2810	2812
2819	2818
2819	2821
2820	2818
2820	2821
2822	2823
2829	2828
2828	2830
2834	2833
2840	2839
2840	2841
2840	3458
2840	4014
2843	2844
2850	2849
2850	2853
2850	2854
2850	2855
2850	2858
2850	2859
2849	2852
2851	2850
2851	2862
2851	2863
2855	2856
2855	2857
2862	2861
2863	2854
2867	2866
2870	2869
2872	2871
2872	2983
2875	2874
2875	2876
2875	2877
2879	2880
2879	2881
2879	2882
2884	2885
2884	2886
2889	2890
2889	2891
2889	2892
2904	2903
2904	2906
2904	2907
2904	2911
2904	2912
2903	2905
2907	2908
2907	2909
2907	2910
2916	2917
2916	2918
2916	2940
2916	2941
2916	2942
2919	2938
2919	2948
2922	2944
2922	2945
2926	2927
2926	2928
2926	2929
2926	2930
2926	2931
2926	2932
2926	2933
2937	2936
2937	2939
2937	2943
2937	4037
2947	2946
2963	2962
2963	2965
2963	2968
2964	2963
2964	4039
2967	2966
2967	4038
2972	2971
2974	2973
2976	2975
2976	3273
2978	2980
2979	2978
2985	2984
2985	2986
2985	2987
2985	3352
2985	3498
2992	2991
2992	2999
2992	3000
2992	3001
2992	3002
2992	3003
2992	3004
2992	3005
2992	3006
2992	3007
2992	3008
2992	3009
2992	3010
2991	2993
2993	2994
2993	2995
2995	2996
2997	2998
3012	3011
3011	3013
3011	3014
3011	3015
3011	3016
3011	3017
3011	3018
3011	3019
3011	3020
3011	3021
3011	3022
3011	3025
3011	3028
3011	3029
3011	3030
3011	3031
3011	3032
3022	3023
3022	3024
3025	3026
3025	3027
3037	3036
3039	3038
3039	3040
3039	3041
3039	3042
3039	3043
3039	3044
3039	3045
3039	3046
3039	3047
3039	3048
3039	3049
3053	3052
3053	3067
3053	3068
3053	3069
3053	3070
3053	3071
3053	3072
3053	3073
3053	3074
3053	3075
3053	3076
3053	3077
3053	3079
3053	3080
3053	3082
3053	3083
3053	3084
3053	3085
3053	3086
3053	3087
3053	3088
3053	3089
3053	3090
3053	3091
3053	3092
3053	3093
3053	3094
3053	3095
3053	3096
3052	3054
3052	3055
3052	3056
3052	3057
3052	3058
3052	3059
3060	3061
3060	3062
3060	3063
3060	3064
3060	3065
3065	3066
3077	3078
3080	3081
3097	3098
3097	3099
3097	3100
3097	3101
3097	3102
3097	3103
3097	3104
3097	3105
3097	3106
3097	3107
3097	3108
3097	3109
3097	3110
3097	3111
3097	3112
3097	3113
3097	3114
3097	3115
3097	3116
3097	3117
3097	3118
3097	3119
3120	3121
3123	3124
3127	3128
3127	3129
3134	3135
3134	3136
3146	3147
3149	3148
3153	3152
3153	3154
3156	3155
3156	3161
3156	3165
3156	3167
3156	3169
3156	3170
3156	3182
3156	3188
3156	3209
3156	3211
3156	3215
3156	3220
3156	3221
3156	3227
3156	3229
3156	3238
3156	3239
3156	3244
3156	3250
3156	3251
3156	3253
3156	3271
3156	3272
3157	3156
3157	3163
3157	3205
3157	3232
3157	3265
3159	3158
3161	3160
3161	3162
3161	3164
3161	3171
3161	3172
3161	3173
3161	3174
3161	3175
3161	3176
3161	3177
3161	3178
3161	3179
3161	3180
3161	3181
3161	3183
3161	3186
3161	3187
3161	3190
3161	3191
3161	3192
3161	3193
3161	3194
3161	3195
3161	3196
3161	3197
3161	3198
3161	3199
3161	3200
3161	3203
3161	3207
3161	3208
3161	3210
3161	3213
3161	3218
3161	3219
3161	3222
3161	3223
3161	3225
3161	3226
3161	3228
3161	3230
3161	3231
3161	3233
3161	3234
3161	3235
3161	3236
3161	3237
3161	3240
3161	3241
3161	3246
3161	3248
3161	3249
3161	3254
3161	3255
3161	3256
3161	3257
3161	3259
3161	3260
3161	3261
3161	3262
3161	3268
3167	3166
3167	3206
3167	3214
3167	3217
3169	3168
3169	3184
3169	3185
3169	3189
3169	3201
3169	3202
3169	3224
3169	3242
3169	3243
3169	3245
3169	3247
3169	3252
3169	3258
3169	3263
3169	3269
3169	3270
3205	3204
3213	3212
3215	3216
3264	3265
3267	3266
3267	3268
3267	3274
3277	3276
3277	3278
3277	3279
3279	3280
3282	3281
3284	3283
3284	3292
3284	3299
3283	3286
3285	3283
3285	3287
3285	3286
3292	3294
3293	3292
3293	3295
3293	3294
3299	3301
3300	3299
3300	3302
3300	3301
3306	3305
3306	3312
3308	3307
3308	3311
3308	3313
3309	3310
3315	3314
3315	3316
3315	3518
3318	3317
3320	3319
3322	3321
3324	3323
3324	3328
3323	3325
3323	3326
3326	3327
3328	3327
3328	3513
3328	3516
3330	3329
3330	3332
3330	3333
3331	3330
3331	3335
3331	3336
3331	3338
3331	3342
3331	3343
3331	3345
3335	3334
3335	3344
3338	3337
3338	3339
3341	3340
3342	3341
3347	3346
3347	3348
3347	3356
3347	3499
3350	3349
3351	2825
3358	3357
3358	3361
3360	3359
3361	3362
3361	3363
3365	3364
3365	3366
3365	3367
3369	3368
3369	3370
3369	3371
3375	3374
3374	3376
3374	3377
3374	3380
3374	3392
3377	3378
3377	3379
3380	3381
3380	3382
3380	3383
3380	3384
3380	3385
3380	3386
3380	3387
3380	3388
3380	3389
3380	3390
3380	3391
3392	3393
3392	3394
3399	3398
3399	3401
3399	3406
3402	3403
3405	3404
3405	3415
3408	3407
3409	3408
3409	3411
3411	3410
3411	3412
3413	3414
3420	3419
3420	3430
3425	3424
3429	3428
3430	3429
3432	3431
3434	3433
3434	3438
3434	3439
3434	3440
3434	3441
3435	3434
3437	3436
3437	3451
3445	3444
3447	3446
3446	3449
3448	3446
3448	3450
3455	3454
3455	3457
3456	3454
3460	3459
3462	3461
3461	3463
3461	3464
3467	3466
3467	3310
3471	3470
3471	3472
3471	3474
3471	3477
3474	3473
3473	3475
3475	3476
3481	3480
3481	3482
3481	3486
3481	3489
3481	3490
3484	3483
3484	3485
3488	3487
3494	3493
3494	3496
3495	3494
3495	3497
3501	3500
3501	3505
3501	3506
3501	3507
3501	3508
3501	3509
3501	3510
3501	3511
3501	3512
3501	3513
3501	3514
3501	3515
3501	3516
3501	3517
3500	3502
3500	3503
3500	3504
3519	3520
3524	3523
3524	4042
3526	3527
3527	3528
3530	3529
3530	3531
3533	498
3533	499
3533	500
3534	3533
3534	3535
3538	3537
3550	3549
3553	3552
3553	3555
3552	3554
3552	3555
3552	3558
3555	3556
3555	3557
3560	3559
3560	3561
3563	3562
3563	3564
3563	3565
3563	3566
3563	3567
3563	3568
3563	3569
3571	3572
3574	3573
3576	3575
3576	3728
3576	493
3576	494
3578	3577
3578	3729
3581	3580
3581	3606
3581	3731
3582	3580
3585	3584
3585	3734
3587	3586
3587	3589
3587	3590
3589	3588
3590	3591
3593	3592
3595	3594
3595	3597
3597	3596
3599	3598
3599	3601
3598	3600
3603	2815
3609	3608
3609	3610
3615	3614
3616	3615
3616	3648
3616	3675
3616	3682
3616	3786
3618	3617
3618	3621
3618	3623
3618	3624
3618	3627
3618	3777
3617	3619
3621	3620
3623	3622
3623	3625
3623	3626
3628	3629
3628	3630
3634	3633
3634	3637
3634	3638
3633	3635
3633	3636
3640	3639
3640	3641
3640	3642
3644	3643
3644	3645
3651	3650
3651	3652
3654	3653
3654	3656
3654	3659
3654	3784
3656	3655
3656	3660
3656	3661
3664	3663
3664	3689
3663	3665
3665	3666
3665	3667
3668	3669
3668	3670
3668	3671
3673	3672
3673	3687
3673	3698
3678	3677
3677	399
3677	400
3680	3679
3680	3709
3681	3680
3681	3696
3681	3706
3681	3707
3685	3684
3685	3691
3685	3697
3687	3686
3687	3692
3689	3688
3689	3690
3700	3699
3700	3718
3700	3778
3700	3779
3702	3701
3704	3703
3706	3705
3709	3708
3711	3710
3715	3714
3715	3719
3715	3780
3715	3781
3717	3716
3721	3720
3722	3720
3723	3720
3725	3724
3726	3725
3727	3724
3732	3731
3736	3735
3736	3742
3736	3743
3739	3738
3739	3740
3739	3741
3746	3745
3748	3747
3748	3750
3748	3751
3748	3752
3750	3749
3750	3753
3755	3754
3755	3757
3757	3756
3759	3758
3759	3761
3758	3760
3766	3765
3766	3768
3770	3769
3770	3772
3770	3773
3770	3774
3786	3785
3788	3787
3791	3790
3791	3798
3790	3792
3790	3793
3790	3794
3790	3795
3790	3796
3790	3797
3800	3799
3804	3803
3804	4048
3804	1479
3806	3805
3806	4049
3806	4050
3806	4051
3806	4052
3806	4053
3806	4054
3806	4055
3806	4056
3806	1478
3806	3811
3812	1488
3825	3812
3825	3813
3825	3814
3825	3815
3825	3816
3825	3817
3825	3818
3825	3819
3825	3820
3827	3826
3827	3828
3827	3829
3835	3834
3836	3834
3838	3839
3842	3841
3844	3843
3844	3845
3846	3847
3848	3849
3848	3850
3848	3851
3848	3852
3848	3853
3848	3854
3848	3855
3848	3856
3848	3857
3848	3858
3848	3859
3848	3860
3848	3861
3848	3862
3863	3864
3863	3865
3863	3866
3863	3867
3863	3868
3863	3869
3863	3870
3863	3871
3863	3872
3863	3873
3863	3874
3863	3875
3863	3876
3863	3877
3863	3878
3863	3879
3880	3881
3880	3882
3883	3884
3883	3885
3889	3890
3891	3892
3891	3893
3891	3894
3902	2105
3902	2106
3902	2107
3902	2108
3903	567
3903	568
3912	639
3912	637
3912	642
3920	3036
3923	3696
3923	3707
3923	3706
3923	3680
3925	3926
3927	3928
3933	3877
3937	3936
3937	3938
3941	3942
3943	3944
3943	3942
3943	3945
3943	3946
3947	3948
3949	3945
3949	3946
3950	3944
3950	3942
3950	3945
3950	3946
3951	3948
3952	3944
3952	3942
3952	3945
3952	3946
3952	3953
3955	3956
3957	465
3958	3959
3958	3960
3958	3961
3962	3963
3962	3964
3962	3965
3962	3966
3962	3967
3969	3970
3969	3971
3972	3909
3972	3973
3972	3974
3972	3975
3972	3976
3972	3977
3972	3978
3972	515
3972	3979
3972	3980
3972	3981
3972	3982
3972	3983
3972	3984
3972	3985
3972	3986
3981	2113
3985	3364
3985	3366
3985	3367
3987	3988
3987	3989
3987	3990
3994	3993
3994	3995
4003	4002
4003	4006
4003	4012
4008	4007
4016	4015
4019	4020
4019	4021
4022	4023
4033	2266
4043	4044
4043	4045
4043	4046
4043	4047
4050	1622
4050	1839
4050	1850
4050	1864
4051	1851
4052	1629
4052	1855
4053	1636
4053	1860
4054	1646
4054	1843
4054	1845
4054	1867
