1	0
1	15
1	16
1	17
1	18
2	1
2	8
2	11
2	14
2	19
2	20
2	21
2	22
2	23
2	24
2	25
2	26
2	27
2	28
2	29
2	30
2	43
2	44
2	45
2	46
2	47
2	48
3	2
3	122
3	136
3	143
3	144
4	3
5	4
6	5
7	6
8	9
8	10
11	12
11	13
13	49
13	50
30	31
30	32
30	33
30	34
30	35
30	36
30	37
30	38
30	39
30	40
30	41
30	42
43	3897
43	3900
43	3901
43	3902
44	3905
44	3909
44	3910
44	3911
44	3912
44	3913
44	3914
44	3915
52	51
52	55
52	58
52	61
52	67
52	68
52	69
52	70
52	71
52	72
52	73
52	74
52	75
52	76
52	77
52	121
52	149
52	150
52	151
52	152
52	153
52	154
52	155
52	156
52	157
52	158
52	159
52	160
53	52
54	53
55	56
55	57
58	59
61	60
61	63
61	64
61	65
61	66
63	62
79	78
79	3002
79	3007
79	3043
79	3044
79	3045
81	80
81	2962
81	2963
81	2964
81	2965
83	82
83	2970
83	3597
83	3747
85	84
85	1659
85	2437
85	2966
85	2991
85	3593
85	3744
87	86
87	2334
87	2335
87	2336
87	2361
87	2362
87	2363
87	2572
87	2668
87	2669
87	2670
87	2671
87	2672
87	2673
87	2674
87	2675
87	2676
87	2677
87	2678
87	2679
87	2680
87	2681
87	2682
87	2685
87	2686
87	2687
87	2688
87	2689
87	2690
87	2691
87	2692
87	2693
87	2694
87	2778
87	2779
87	2780
87	2781
87	2782
87	2783
87	2784
87	2785
88	87
88	2776
88	2777
90	89
90	1660
90	2967
90	2968
90	2969
91	90
91	2438
91	2984
92	91
93	91
93	322
93	325
93	326
93	334
93	336
93	340
93	376
93	381
93	410
93	430
93	516
93	582
93	603
93	609
93	615
93	619
93	624
93	629
93	630
93	638
93	646
93	647
93	896
93	1688
93	1698
93	2084
93	2117
93	2128
93	2129
93	2166
93	2593
93	2794
93	2079
93	2957
93	2956
93	2989
93	3337
93	3364
93	3464
93	3584
93	3599
93	3601
93	3609
93	3613
93	3616
93	2825
93	1019
93	3619
93	3623
93	3632
93	3648
93	3654
93	3658
93	3660
93	3663
93	3665
93	3668
93	3676
93	3688
93	3695
93	3758
93	3762
93	3769
93	3773
93	3776
93	2826
93	1021
93	1022
93	1023
93	3780
93	3785
93	3797
93	315
93	3986
95	94
95	99
95	3726
97	96
97	102
97	3409
97	3413
97	3414
97	3416
97	3430
98	97
98	3419
98	3423
98	3427
98	3431
98	3432
98	3435
98	3436
99	98
99	1669
99	1714
101	100
102	101
102	3437
104	103
104	966
104	2121
104	2124
104	2187
104	2197
104	2199
104	2200
104	2201
105	104
105	1127
105	2082
105	2083
105	2086
105	2087
105	2097
105	2173
105	2186
105	2191
105	2192
105	2197
105	2198
105	2258
105	2285
105	2298
105	3750
105	4042
105	4043
105	4044
105	4045
105	4046
107	106
108	107
108	1510
108	1823
108	1858
110	109
110	2088
110	2091
110	2093
110	2311
110	2312
110	2313
112	111
112	2055
112	2062
112	2089
112	2092
112	2094
112	2305
112	2310
112	2314
114	113
115	114
115	1514
115	1518
115	1833
115	1859
115	2172
117	116
119	118
119	2034
119	2188
119	2283
119	2284
119	2294
120	119
120	2263
120	2302
124	123
124	313
124	531
124	617
124	1621
124	2292
124	2870
124	3539
124	3550
124	3556
124	3661
126	125
126	161
126	162
126	163
126	164
126	165
126	166
126	167
126	168
126	169
126	170
126	171
126	176
126	177
126	1057
126	1776
126	1858
126	1859
126	1861
126	1863
126	1864
126	1867
126	1873
126	3851
126	3854
128	127
128	1686
128	1711
128	1718
128	1723
128	1724
128	1725
128	1734
129	128
129	975
129	2584
129	3505
129	3559
130	129
130	291
130	569
130	577
130	580
130	669
130	697
130	749
130	1058
130	1508
130	1512
130	1577
130	1715
130	1748
130	1874
130	1875
130	1876
130	1877
130	1878
130	1879
130	1880
130	1881
130	1886
130	1887
130	1964
130	1988
130	2008
130	2255
130	2615
130	2620
130	2622
130	2623
130	2625
130	2626
130	2627
130	2630
130	2631
130	2633
130	2634
130	2635
130	2636
130	2638
130	2644
130	2645
130	2646
130	2647
130	2648
130	2649
130	2650
130	2651
130	2652
130	2654
130	2655
130	2656
130	2657
130	2842
130	3553
130	3555
130	3557
130	3558
130	3560
130	3627
130	3630
130	3860
131	130
131	145
131	178
131	312
131	313
131	440
131	490
131	532
131	539
131	598
131	632
131	748
131	805
131	838
131	870
131	953
131	1396
131	1820
131	2452
131	2606
131	2815
131	2878
131	2961
131	3476
131	3546
131	3645
131	3690
132	133
135	134
135	1369
135	1374
135	1382
135	1383
135	1366
135	1377
135	1398
135	1375
135	1376
135	1379
135	1380
135	1381
135	1399
135	1400
135	1389
135	1390
135	1408
136	137
136	138
136	139
136	140
136	141
136	142
145	146
148	147
172	173
175	174
180	179
179	181
182	183
185	184
187	186
187	1891
187	1892
187	1893
187	1894
187	1895
187	1896
187	1897
187	1898
187	1899
187	1900
187	1901
187	1902
187	1903
187	1904
187	1905
187	1906
187	1907
187	1908
187	1909
187	1910
187	1911
187	1912
187	1913
187	1914
187	1915
187	1916
187	1917
187	1918
187	1919
187	1920
187	1921
187	1922
187	1923
187	1924
187	1925
187	1926
187	1927
187	1928
187	1929
187	1930
187	1931
187	1932
187	1933
187	1934
187	1935
187	1936
188	187
190	189
190	191
190	192
190	193
190	194
190	195
190	196
190	197
199	198
199	200
199	212
199	2750
199	3329
199	3471
199	3506
199	3533
199	3535
201	200
201	202
201	204
201	206
201	208
203	202
203	2447
203	2446
203	2663
203	2748
203	2751
203	3467
205	204
207	206
207	1653
207	2338
207	2749
207	2757
207	2767
207	2960
207	2971
207	2980
207	3492
207	4049
209	208
209	2684
209	3387
209	3410
209	3411
209	3493
211	210
211	213
211	214
211	215
211	3968
217	216
217	802
217	827
217	865
217	1738
217	2211
217	2216
217	2218
217	2221
217	2225
217	2228
217	2229
217	2230
217	2235
217	2236
217	2243
217	2245
217	2248
217	2252
216	220
216	224
216	226
216	228
216	229
218	216
219	216
221	220
221	224
221	226
221	228
222	220
222	224
222	226
222	228
222	229
223	220
223	224
223	226
223	228
225	224
227	226
227	228
231	230
231	232
231	233
231	237
231	283
231	286
231	285
231	239
231	240
231	241
231	242
231	288
231	245
231	246
231	247
231	251
231	260
231	263
231	264
231	267
231	265
231	266
231	268
231	269
231	270
231	271
231	272
231	275
231	276
231	278
230	232
230	233
230	234
230	235
230	236
230	237
230	238
230	239
230	240
230	241
230	242
230	243
230	244
230	245
230	246
230	247
230	248
230	249
230	250
230	251
230	252
230	253
230	254
230	255
230	256
230	257
230	258
230	259
230	260
230	261
230	262
230	263
230	264
230	265
230	266
230	267
230	268
230	269
230	270
230	271
230	272
230	273
230	274
230	275
230	276
230	277
230	278
232	279
232	280
237	283
237	284
237	286
237	287
237	288
237	289
271	2786
271	2787
282	281
284	285
291	290
291	292
291	293
291	294
291	295
291	296
291	297
291	298
291	299
291	300
291	301
291	302
291	303
291	304
291	305
291	306
291	307
291	308
291	309
311	310
311	375
311	407
311	466
311	492
311	638
311	2166
311	2333
311	364
311	2814
311	2845
311	2847
311	2959
311	3047
311	3497
311	3590
311	3693
311	3695
311	2846
311	3922
311	3923
311	3924
311	3925
311	3926
311	3927
311	3928
311	3929
311	3930
311	3931
311	3932
311	3933
311	3934
311	3935
311	3936
311	3937
311	3938
311	315
311	3971
315	314
315	321
314	316
314	317
317	318
317	322
318	319
318	325
321	320
321	317
321	326
323	322
322	319
324	323
324	325
324	326
324	373
324	374
324	375
324	376
324	378
324	379
324	380
324	381
324	382
324	393
324	394
324	401
324	402
324	406
324	407
324	408
324	409
324	410
324	413
324	414
324	430
324	599
324	600
324	630
324	678
324	679
324	680
324	690
324	691
324	1485
324	1664
324	1742
324	2074
324	2084
324	2128
324	2166
324	386
324	387
324	2259
324	2079
324	2957
324	2987
324	3595
324	3599
324	3619
324	3646
324	3671
324	3672
324	3688
324	3692
324	3697
324	3707
324	3708
324	3709
324	3751
324	3785
324	3818
327	326
327	566
327	1598
327	1960
327	3058
327	3621
327	317
327	3917
327	3918
327	3919
327	3920
327	3921
326	318
329	328
329	330
332	331
332	1747
332	2592
332	2597
332	2598
332	3161
332	3440
332	3457
334	333
334	336
334	340
333	336
333	340
335	334
335	1740
335	1752
335	1753
335	1755
335	1754
335	1751
335	2253
335	2258
335	2882
336	337
336	338
336	339
340	341
343	342
343	358
345	344
345	350
346	345
346	354
346	355
346	360
347	345
347	351
347	354
347	355
349	348
353	352
353	359
353	1124
353	2273
357	356
362	361
362	436
362	621
362	1738
362	1746
362	2325
362	2328
362	2405
362	363
362	2979
362	3678
362	2846
362	3946
362	3953
361	363
361	364
366	365
368	367
368	2582
368	3982
370	369
370	371
370	372
370	898
370	1558
370	1561
370	1570
370	1571
370	1584
370	1624
370	1625
370	1644
370	1645
370	1661
370	1662
370	1663
370	1665
370	3386
370	3838
370	3950
370	3952
376	377
382	383
382	384
382	385
382	388
382	389
382	390
382	391
385	386
385	387
393	392
393	645
393	2167
393	2259
393	2874
393	3671
393	3796
394	395
394	398
395	396
395	397
398	399
398	400
402	403
402	404
402	405
408	318
410	411
410	412
415	416
418	417
418	416
420	419
420	819
420	1497
420	2047
420	2883
420	3302
420	3305
420	3312
420	3479
420	3815
422	421
422	1498
422	2048
422	3303
422	3310
422	3317
422	3482
424	423
424	840
424	839
424	843
424	844
424	845
424	846
424	847
424	848
424	849
424	850
424	851
424	863
424	865
424	869
424	1059
424	1073
424	1499
424	2049
424	2202
424	2203
424	2204
424	2211
424	2216
424	2218
424	2221
424	2225
424	2228
424	2229
424	2230
424	2235
424	2236
424	2243
424	2248
424	2252
424	2848
424	3304
424	3311
424	3318
424	3483
426	425
426	433
426	434
427	428
430	429
430	2265
430	2267
432	431
436	435
436	439
436	444
437	435
437	798
439	438
439	442
439	443
439	445
440	441
447	446
447	448
447	449
447	455
447	456
451	450
452	450
452	453
452	454
458	457
458	2796
457	459
457	460
457	461
463	462
465	464
465	467
465	468
465	469
465	470
465	471
465	472
465	473
465	474
465	489
465	476
465	477
465	478
465	479
465	480
465	481
465	482
465	483
465	484
465	485
466	465
466	475
475	476
475	477
475	478
475	479
475	480
475	481
475	482
475	483
475	484
475	485
487	486
487	797
487	852
488	486
490	491
492	493
492	494
496	495
496	2879
496	3548
495	497
495	501
497	498
497	499
497	500
503	502
503	504
505	506
508	507
510	509
511	512
511	513
515	514
515	523
516	515
516	517
516	518
516	519
516	520
516	521
516	522
516	2095
516	2096
516	2117
516	2119
516	2120
516	2875
516	3379
516	3781
516	315
522	523
525	524
526	525
526	529
528	527
528	530
534	533
536	535
538	537
539	540
542	541
542	544
542	545
542	547
542	574
542	575
542	576
543	542
543	541
543	544
543	545
547	546
547	560
547	562
547	563
547	564
547	565
547	571
547	573
546	548
546	550
546	551
546	552
546	553
546	554
546	555
546	556
546	557
546	558
546	559
548	549
560	561
566	567
566	568
571	570
571	572
579	578
580	579
580	601
580	618
580	631
580	683
580	696
582	581
582	588
582	590
582	591
582	594
582	681
581	584
583	582
583	603
583	609
583	615
583	619
583	638
583	646
583	647
583	895
583	2794
583	1017
583	3584
583	3601
583	3609
583	3613
583	3616
583	2825
583	1019
583	3623
583	3632
583	3648
583	3658
583	3660
583	3663
583	3665
583	3668
583	3676
583	3695
583	3758
583	3762
583	3769
583	3773
583	3776
583	2826
583	1021
583	1022
583	1023
583	3780
583	2833
586	585
588	587
590	589
590	592
590	593
595	596
595	597
603	602
603	604
603	605
603	606
603	607
603	694
609	608
609	612
609	613
608	610
608	611
615	614
615	616
621	620
621	688
620	622
622	623
624	625
624	626
624	627
629	628
629	686
629	693
634	633
634	3587
635	634
637	636
638	637
638	639
638	642
641	640
642	641
642	682
644	643
647	648
648	649
648	650
648	651
653	652
654	653
654	3617
655	654
655	896
655	1679
655	1701
655	1752
655	1753
655	1755
655	1754
655	1751
655	2792
655	2839
655	2853
655	2855
655	2856
655	2857
655	2858
655	3561
655	4050
657	656
657	675
657	682
657	694
657	695
657	666
656	659
658	657
658	661
658	667
658	676
658	677
661	660
661	662
661	663
661	664
661	665
661	666
666	659
666	1707
669	668
671	670
673	672
673	674
685	684
685	692
688	687
688	689
698	699
699	700
699	701
699	702
704	703
703	706
703	707
705	703
705	1527
707	708
707	738
707	742
707	743
707	744
708	709
708	710
708	711
708	712
708	729
708	730
712	713
712	716
712	717
712	718
713	714
713	715
718	719
718	720
718	721
718	722
718	723
718	724
718	728
724	725
724	726
724	727
730	731
730	732
730	733
730	734
734	735
734	736
734	737
738	739
738	740
738	741
746	745
746	747
749	750
752	751
752	853
752	855
752	857
751	755
751	756
753	751
754	753
754	854
754	856
754	858
754	4010
754	4023
758	757
760	759
760	772
760	773
760	774
760	775
760	782
760	785
760	789
760	790
760	793
760	794
760	795
760	796
760	799
760	800
760	804
760	806
760	807
759	761
759	763
759	764
759	767
759	768
759	769
759	770
759	771
761	762
764	765
764	766
777	776
777	779
776	778
779	780
779	781
784	783
785	786
788	787
792	791
798	797
798	852
798	4006
802	801
803	801
809	808
810	809
810	812
810	816
810	4011
810	4012
810	4013
810	4014
810	4017
810	4018
810	4019
810	4024
810	4025
812	811
814	813
814	818
815	814
816	815
816	4015
817	813
819	820
819	821
823	822
825	824
826	825
826	4005
829	828
829	830
829	832
829	833
829	834
829	835
830	831
837	836
840	839
840	844
840	845
840	846
840	847
840	848
840	849
840	850
840	851
842	841
854	853
856	855
858	857
860	859
862	861
864	863
866	865
868	867
872	871
873	872
873	880
874	873
875	874
875	884
876	875
876	889
876	893
876	951
877	876
877	922
877	935
878	877
878	960
878	965
879	878
879	931
879	932
882	881
883	882
883	885
884	883
887	886
888	887
888	952
889	888
889	891
891	890
893	892
895	894
895	1680
895	2829
895	2832
895	2834
895	2835
895	2836
895	2837
896	895
896	2596
896	2593
896	2830
896	3365
896	3547
896	3617
898	897
898	899
901	900
901	942
901	1681
901	1696
901	1702
901	2165
901	2428
901	3536
901	3562
901	3565
901	3625
901	3789
903	902
903	904
903	905
903	906
908	907
908	948
909	907
911	910
913	912
912	914
912	915
917	916
917	918
920	919
919	923
921	920
921	924
921	925
922	921
922	926
922	927
922	928
922	929
922	930
934	933
934	936
934	2568
934	2992
934	3803
936	937
939	938
939	940
939	941
939	1781
939	1788
944	943
944	947
946	945
950	949
955	954
955	956
955	957
959	958
960	961
960	962
960	963
960	964
968	967
968	2150
968	2152
968	2153
968	2154
968	2155
968	2156
968	2157
968	2158
968	2266
970	969
970	971
970	972
973	972
975	974
977	976
977	1003
977	1004
977	1009
977	1016
977	1017
977	1024
977	1025
977	1026
977	1027
977	1028
976	980
976	981
976	989
978	977
978	1035
979	978
979	980
979	982
979	985
979	987
979	1590
979	1052
979	1983
979	1016
979	2799
979	2844
979	1025
981	982
981	984
981	985
981	987
982	983
985	986
987	988
989	990
992	991
992	1474
994	993
994	2453
994	2605
995	994
995	993
995	1562
995	699
995	1592
995	1716
995	3289
995	3291
995	3554
997	996
997	1051
997	1593
997	2653
997	2841
996	998
998	999
1001	1000
1000	1002
1004	1005
1004	1006
1006	1007
1006	1008
1009	1010
1009	1014
1009	1015
1010	1011
1010	1013
1011	1012
1017	1018
1017	1019
1017	1020
1017	1021
1021	1022
1021	1023
1030	1029
1030	1031
1033	1032
1035	1034
1035	1052
1035	1053
1035	1054
1035	1055
1035	1056
1034	1036
1038	1037
1040	1039
1040	1595
1039	1042
1041	1040
1041	1594
1041	1851
1041	3540
1044	1043
1044	1046
1044	1047
1044	1048
1044	1049
1044	1050
1045	1044
1045	1046
1059	1060
1059	1065
1059	1066
1060	1061
1060	1062
1060	1063
1060	1064
1065	1071
1065	1072
1066	1067
1066	1068
1068	1069
1068	1070
1075	1074
1075	1077
1075	1081
1075	1084
1075	1085
1075	1086
1075	1117
1075	1118
1075	1119
1075	1120
1075	1121
1076	1075
1076	1079
1076	1129
1076	1134
1079	1078
1079	1080
1079	1082
1079	1083
1088	1087
1088	1098
1088	1105
1088	1107
1088	1108
1089	1088
1089	1091
1091	1090
1091	1103
1091	1104
1091	1106
1091	1109
1091	1112
1093	1092
1094	1093
1094	1100
1096	1095
1097	1096
1097	1102
1100	1099
1102	1101
1110	1097
1110	1111
1110	1089
1110	1116
1111	1113
1111	1114
1111	1115
1123	1122
1124	1123
1126	1125
1126	1128
1127	1126
1129	1130
1129	1131
1129	1132
1129	1133
1134	1135
1134	1136
1134	1137
1134	1138
1134	1139
1134	1140
1134	1141
1134	1142
1134	1143
1134	1144
1134	1145
1134	1146
1134	1147
1134	1148
1150	1149
1150	1152
1150	1153
1150	1156
1150	1157
1150	1158
1151	1150
1151	1155
1151	1216
1151	1161
1155	1154
1160	1159
1160	1162
1160	1165
1160	1166
1160	1168
1161	1160
1161	1164
1161	1213
1161	1218
1161	1219
1161	1220
1161	1221
1161	1222
1161	1223
1161	1224
1161	1230
1161	1231
1161	1232
1164	1163
1164	1167
1170	1169
1170	1184
1171	1170
1171	1173
1171	1201
1171	1204
1173	1172
1173	1182
1173	1183
1173	1185
1175	1174
1176	1175
1176	1181
1176	1195
1176	1197
1178	1177
1179	1178
1179	1188
1179	1199
1179	1209
1181	1180
1187	1186
1188	1187
1188	1190
1188	1191
1188	1193
1190	1189
1191	1192
1193	1194
1195	1196
1197	1198
1199	1200
1201	1202
1201	1203
1204	1205
1204	1206
1204	1207
1204	1208
1211	1210
1211	1212
1213	1214
1213	1215
1216	1217
1224	1225
1224	1226
1224	1227
1224	1228
1224	1229
1234	1233
1234	1238
1234	1242
1233	1235
1233	1236
1233	1237
1238	1239
1238	1240
1242	1241
1242	1243
1242	1244
1242	1245
1247	1246
1247	1251
1247	1255
1246	1248
1246	1249
1246	1250
1251	1252
1251	1253
1255	1254
1255	1256
1255	1257
1255	1258
1260	1259
1260	1274
1260	1341
1260	1343
1260	1345
1260	1347
1260	1348
1260	1351
1262	1261
1262	1266
1262	1267
1262	1268
1262	1269
1263	1262
1263	1271
1263	1275
1263	1281
1265	1264
1271	1270
1271	1272
1273	1263
1273	1286
1273	1308
1273	1327
1273	1333
1273	1336
1273	1338
1273	1339
1273	1340
1273	1342
1273	1344
1273	1346
1273	1349
1273	1350
1275	1276
1275	1277
1275	1278
1275	1279
1275	1280
1281	1282
1281	1283
1281	1284
1281	1285
1286	1287
1286	1295
1286	1303
1286	1305
1287	1288
1287	1289
1287	1294
1289	1290
1289	1291
1289	1292
1289	1293
1295	1296
1295	1297
1295	1301
1297	1298
1297	1299
1297	1300
1303	1302
1303	1306
1305	1304
1305	1307
1308	1309
1308	1314
1308	1319
1308	1324
1309	1310
1309	1311
1309	1312
1309	1313
1314	1315
1314	1316
1314	1317
1319	1318
1319	1320
1319	1321
1319	1322
1324	1323
1324	1325
1324	1326
1327	1328
1327	1331
1330	1329
1330	1332
1333	1334
1333	1335
1338	1337
1353	1352
1355	1354
1357	1356
1357	1358
1357	1359
1357	1361
1356	1360
1356	1362
1356	1363
1365	1364
1365	1368
1365	1367
1364	1366
1364	1368
1366	1367
1368	1369
1369	1370
1369	1371
1372	1368
1373	1369
1373	1366
1373	1370
1373	1377
1373	1398
1373	1375
1373	1376
1373	1379
1373	1380
1373	1381
1373	1399
1373	1389
1373	1408
1373	1411
1374	1375
1374	1376
1374	1377
1374	1379
1374	1380
1374	1381
1377	1378
1385	1384
1385	1386
1387	1388
1387	1390
1388	1389
1392	1391
1392	1393
1394	1366
1394	1411
1396	1395
1397	1377
1397	1398
1397	1375
1397	1376
1397	1379
1397	1380
1397	1381
1402	1401
1402	1403
1403	1404
1403	1405
1403	1406
1408	1407
1410	1409
1413	1412
1413	1417
1412	1415
1412	1416
1414	1413
1419	1418
1419	1430
1420	1419
1420	1431
1421	1420
1423	1422
1423	1438
1423	1471
1424	1423
1426	1425
1426	1454
1427	1426
1429	1428
1429	1459
1433	1432
1433	1469
1434	1433
1434	1437
1434	1470
1435	1434
1436	1433
1440	1439
1440	1443
1440	1444
1440	1445
1440	1452
1440	1453
1441	1440
1443	1442
1443	1446
1443	1447
1443	1448
1443	1449
1443	1450
1443	1451
1454	1455
1454	1456
1454	1457
1459	1458
1459	1460
1460	1461
1460	1462
1461	1463
1461	1466
1462	1464
1462	1465
1468	1467
1473	1472
1473	1482
1473	1487
1476	1475
1476	1478
1476	1477
1475	1477
1475	1478
1480	1479
1480	1482
1480	1491
1481	1479
1481	1496
1483	1480
1483	1492
1483	1495
1483	3816
1483	3835
1483	3837
1483	3839
1483	3821
1483	3822
1483	3823
1483	3824
1483	3825
1484	1483
1484	1629
1484	1635
1484	1642
1484	1652
1484	1857
1484	2017
1484	2018
1484	1845
1484	3837
1484	4027
1484	4063
1484	4064
1484	4065
1484	4066
1484	4067
1484	4068
1484	4069
1484	4070
1484	3825
1485	1484
1485	1965
1485	3820
1487	1486
1488	1489
1488	1490
1494	1493
1495	1494
1495	1855
1495	1856
1495	1860
1495	1865
1495	1872
1495	1849
1495	3826
1495	3827
1495	3828
1495	3829
1495	3830
1495	3831
1495	3832
1495	3833
1495	3834
1495	3836
1501	1500
1501	1502
1503	1502
1505	1504
1505	1506
1505	1507
1505	1511
1510	1509
1512	1513
1514	1515
1514	1516
1514	1517
1518	1519
1521	1520
1520	1522
1520	1525
1522	1523
1522	1524
1526	707
1526	1528
1526	1534
1526	1614
1526	1616
1526	1632
1526	1640
1527	1526
1527	1613
1527	1623
1528	708
1528	1529
1528	1530
1528	1533
1528	1542
1528	1546
1528	1554
1529	709
1530	712
1530	1531
1530	1536
1530	1543
1531	718
1531	1532
1531	1537
1531	1539
1531	1545
1531	1551
1531	1553
1531	1572
1532	719
1533	730
1533	1535
1533	1541
1533	1544
1533	1548
1534	1533
1534	1535
1534	1630
1534	742
1535	731
1536	713
1536	1540
1536	1547
1536	1575
1537	724
1537	1538
1537	1550
1537	1552
1538	725
1539	720
1540	716
1541	732
1542	710
1543	717
1544	733
1545	721
1546	711
1547	714
1548	734
1548	1549
1548	1573
1548	1574
1549	735
1550	726
1551	722
1552	727
1553	723
1554	729
1556	1555
1557	1556
1557	1838
1557	1839
1557	1840
1557	4031
1560	1559
1562	699
1562	1569
1562	1626
1563	1562
1564	1562
1565	1562
1565	1863
1565	2037
1566	1562
1566	1864
1566	2038
1567	1562
1567	699
1567	2639
1567	2640
1567	2642
1567	2643
1567	3549
1567	3626
1567	3727
1567	3790
1568	700
1569	1568
1569	701
1572	728
1573	736
1574	737
1575	715
1577	1576
1577	1578
1577	1579
1581	1580
1583	1582
1583	2333
1583	2355
1583	2386
1586	1585
1588	1587
1588	1591
1588	1599
1588	1600
1588	1610
1589	1588
1589	1590
1589	1592
1589	1613
1589	1648
1590	1587
1592	1591
1592	1626
1597	1596
1600	1601
1600	1602
1602	1603
1602	1607
1602	1608
1602	1609
1603	1604
1603	1605
1603	1606
1612	1611
1613	1600
1613	1614
1613	1622
1614	1602
1614	1615
1614	1630
1614	1631
1614	1639
1615	1603
1615	1617
1615	1619
1615	1646
1616	1615
1616	1618
1616	1620
1616	1647
1616	738
1617	1604
1618	1617
1618	739
1619	1605
1620	1619
1620	740
1622	1601
1623	1622
1623	706
1626	1599
1628	1627
1628	1633
1628	1636
1628	1637
1628	1638
1628	2122
1628	2995
1628	4048
1629	1627
1629	1844
1629	1855
1629	1869
1630	1607
1631	1609
1632	1631
1632	744
1635	1634
1635	1860
1639	1608
1640	1639
1640	743
1642	1641
1642	1865
1644	1643
1644	1867
1646	1606
1647	1646
1647	741
1648	1610
1649	1648
1649	1871
1650	1649
1652	1651
1652	1848
1652	1850
1652	1872
1655	1654
1655	3132
1655	3133
1655	3135
1655	3136
1655	3137
1655	3140
1655	3141
1655	3142
1655	3143
1656	1655
1656	3063
1656	3070
1656	3107
1656	3130
1656	3144
1657	1656
1657	3049
1657	3060
1657	3147
1657	3148
1658	1657
1666	289
1666	245
1668	1667
1668	1676
1668	1677
1668	1678
1669	1668
1669	1671
1669	1674
1671	1670
1671	1675
1673	1672
1674	1673
1680	1679
1680	1701
1683	1682
1684	1683
1684	1704
1684	1705
1684	2816
1684	2817
1686	1685
1686	1708
1686	1719
1688	1687
1690	1689
1690	1693
1692	1691
1692	1694
1692	1695
1698	1697
1698	1709
1700	1699
1704	1703
1705	1703
1705	1706
1711	1710
1713	1712
1713	3791
1713	3798
1713	3675
1718	1717
1718	1720
1718	1722
1720	1721
1725	1726
1725	1733
1726	1727
1726	1728
1726	1729
1726	1730
1726	1732
1730	1731
1736	1735
1736	2852
1737	1736
1739	1738
1739	2846
1741	1740
1741	3000
1742	1741
1742	2129
1742	2998
1742	2999
1742	3461
1742	3462
1743	1740
1745	1744
1745	2127
1745	2324
1745	2988
1745	3433
1745	3441
1745	3444
1746	1745
1746	2128
1746	2325
1746	2333
1746	2989
1746	3345
1746	3434
1750	1749
1751	1750
1751	1756
1751	1757
1751	1758
1752	1751
1753	1751
1754	1751
1755	1754
1760	1759
1760	1764
1760	1763
1760	1792
1760	1786
1760	1809
1760	1761
1760	1762
1760	1793
1760	1817
1760	1823
1760	1827
1760	1828
1759	1761
1759	1762
1764	1763
1764	1782
1765	1764
1765	1792
1765	1786
1765	1793
1767	1766
1767	1773
1767	1780
1767	1809
1768	1767
1768	1770
1769	1766
1769	1780
1770	1769
1770	1774
1772	1771
1772	1830
1774	1773
1774	1809
1775	1774
1776	1778
1776	1779
1777	1776
1784	1783
1783	1786
1785	1783
1785	1788
1786	1787
1786	1788
1788	1789
1789	1790
1790	1791
1792	1793
1793	1794
1793	1797
1793	1798
1793	1806
1793	1807
1794	1795
1794	1796
1798	1799
1798	1802
1798	1804
1799	1800
1799	1801
1802	1803
1804	1805
1808	1788
1808	3466
1809	1810
1812	1811
1813	1793
1813	1814
1813	1815
1813	1801
1814	1798
1814	1807
1815	1807
1816	1815
1819	1818
1819	1789
1821	1778
1821	1824
1821	1825
1821	1826
1821	1779
1821	4029
1822	1778
1822	1779
1822	4029
1829	1828
1832	1831
1832	1835
1833	1832
1834	1831
1834	1861
1834	2090
1837	1836
1841	738
1843	1842
1843	1868
1845	1844
1845	1862
1845	1869
1845	2017
1845	2018
1845	3817
1845	3819
1845	3821
1845	3822
1845	3823
1845	3824
1845	3825
1845	1495
1847	1846
1847	1854
1849	1848
1849	1850
1853	1852
1854	1853
1857	1856
1867	1866
1870	1871
1882	1883
1885	1884
1889	1888
1889	1890
1932	1937
1939	1938
1939	1940
1939	1959
1942	1941
1942	1943
1942	1979
1945	1944
1945	1948
1945	1954
1946	1945
1946	1952
1948	1947
1948	1953
1949	1947
1949	1957
1950	1947
1950	1958
1952	1951
1956	1955
1956	1976
1958	1957
1958	1965
1962	1961
1964	1963
1964	2025
1967	1966
1968	1967
1968	1992
1968	2011
1970	1969
1970	1971
1970	1972
1974	1973
1974	1977
1975	1974
1975	1978
1978	1977
1978	1980
1982	1981
1982	2003
1982	2005
1982	2006
1982	2007
1982	2012
1982	2013
1982	2021
1982	4032
1983	1009
1983	1984
1983	1993
1984	1010
1985	1984
1985	1993
1987	1986
1987	1995
1987	2004
1987	1997
1987	1998
1987	2022
1989	1990
1989	1991
1993	1011
1993	1014
1995	1994
1994	1996
1994	2001
1994	2002
1996	1997
1996	1998
1996	1999
1996	2000
2010	2009
2015	2014
2015	2016
2020	2019
2020	2023
2020	2024
2027	2026
2029	2028
2031	2030
2033	2032
2033	3844
2033	3845
2033	3846
2033	3847
2034	2035
2034	2036
2040	2039
2040	2041
2040	2042
2040	2043
2040	2046
2045	2044
2051	2050
2051	2052
2053	2052
2054	2053
2054	3298
2054	3323
2057	2056
2058	2057
2058	2059
2058	2060
2058	2061
2064	2063
2064	2067
2064	2068
2064	2070
2064	2114
2064	2116
2066	2065
2066	2069
2066	2115
2066	3943
2066	3944
2066	3945
2072	2071
2072	2079
2071	2074
2071	2075
2071	2076
2073	2071
2074	2080
2074	2081
2076	2077
2076	2078
2083	2082
2083	2085
2083	2086
2083	2087
2099	2098
2098	2100
2098	2101
2101	2102
2104	2103
2103	2105
2105	2106
2106	2107
2109	2108
2109	3916
2108	2110
2108	2111
2108	2112
2108	2113
2117	2118
2124	2123
2124	2125
2127	2126
2127	2348
2127	2934
2127	2935
2127	2936
2127	2944
2127	2945
2128	2127
2131	2130
2131	2132
2131	2133
2135	2134
2135	2136
2135	2141
2138	2137
2138	2139
2140	2139
2140	3456
2140	4055
2143	2142
2143	2144
2143	2146
2143	2148
2143	2149
2146	2145
2146	2147
2151	2150
2151	2154
2151	2156
2151	2157
2151	2158
2160	2159
2161	2160
2163	2162
2163	2180
2163	2181
2164	2163
2164	2182
2164	2184
2167	386
2167	387
2169	2168
2169	2170
2169	2171
2174	2175
2174	2176
2174	4038
2174	4039
2174	4040
2174	4041
2178	2177
2178	2179
2184	2183
2186	2185
2190	2189
2192	2193
2192	2194
2192	2195
2192	2196
2198	2197
2198	3576
2198	3578
2198	3579
2206	2205
2206	2213
2206	2219
2206	2222
2206	2226
2206	2232
2206	2240
2206	2249
2208	2207
2208	2214
2208	2223
2208	2231
2208	2233
2208	2241
2208	2250
2210	2209
2210	2215
2210	2217
2210	2220
2210	2224
2210	2227
2210	2234
2210	2242
2210	2244
2210	2247
2210	2251
2212	2211
2212	2216
2212	2218
2212	2221
2212	2225
2212	2228
2212	2229
2212	2230
2212	2235
2212	2236
2212	2243
2212	2245
2212	2248
2212	2252
2238	2237
2238	2239
2246	2245
2255	2254
2255	2306
2255	2307
2257	2256
2257	2260
2262	2261
2262	2280
2262	2281
2262	2302
2265	2264
2269	2268
2271	2270
2271	2272
2271	2274
2271	2275
2271	2276
2278	2277
2280	2279
2280	2282
2280	2288
2287	2286
2287	2293
2288	2289
2288	2290
2288	2291
2294	2295
2294	2296
2294	2297
2298	2299
2298	2301
2299	2300
2304	2303
2309	2308
2316	2315
2316	2331
2318	2317
2318	2319
2321	2320
2321	2494
2321	2495
2321	2567
2323	2322
2324	2323
2324	2701
2324	2711
2324	2731
2324	2738
2325	2324
2326	2325
2326	2592
2326	363
2326	2598
2326	3946
2326	3948
2326	3949
2326	3953
2326	3954
2328	2327
2328	2354
2330	2329
2330	2489
2331	2332
2338	2337
2338	2359
2338	2360
2338	2603
2338	2604
2338	2667
2338	2696
2338	2755
2338	2756
2338	2761
2338	2763
2338	2764
2338	2769
2338	2770
2338	2771
2340	2339
2339	2341
2339	2342
2342	2343
2342	2344
2346	2345
2346	2903
2346	2904
2346	2905
2346	2906
2346	2907
2346	2908
2346	2909
2346	2910
2346	2911
2347	2346
2347	2888
2347	2889
2347	2893
2347	2894
2347	2897
2347	2898
2347	2899
2347	2912
2348	2347
2348	2601
2348	2914
2348	2923
2348	2924
2348	2925
2348	2926
2348	2929
2348	2930
2348	2931
2348	2932
2348	2933
2349	2350
2349	2351
2351	2352
2351	2353
2356	2357
2356	2358
2365	2364
2365	2369
2365	2370
2365	2373
2365	2378
2365	2379
2365	2380
2366	2365
2366	2404
2367	2366
2367	2368
2367	2405
2368	2365
2370	2371
2370	2372
2373	2374
2373	2375
2373	2376
2373	2377
2380	2381
2383	2382
2384	2383
2384	2385
2384	2387
2389	2388
2389	2391
2389	2392
2389	2393
2389	2401
2390	2389
2395	2394
2395	2419
2395	2420
2395	2422
2395	2423
2394	2396
2394	2397
2394	2398
2394	2399
2394	2400
2403	2402
2403	2406
2403	2413
2403	2414
2403	2415
2403	2416
2403	2417
2404	2403
2404	2409
2404	2411
2405	2404
2408	2407
2408	2410
2409	2408
2409	2418
2411	2412
2420	2421
2425	2424
2427	2426
2430	2429
2430	2431
2430	2432
2430	2433
2430	2434
2436	2435
2440	2439
2440	2445
2439	2441
2439	2442
2439	2443
2439	2444
2447	2446
2447	3160
2449	2448
2449	2450
2449	2451
2455	2454
2457	2456
2457	2461
2457	2462
2457	2463
2457	2464
2457	2465
2457	2466
2457	2467
2457	2468
2458	2457
2458	2497
2459	2458
2459	2471
2459	2492
2459	2516
2459	2569
2459	2589
2459	2590
2460	2458
2470	2469
2470	2514
2470	2544
2471	2473
2471	2474
2471	2475
2471	2476
2471	2477
2471	2478
2471	2479
2471	2480
2471	2481
2472	2471
2472	2516
2483	2482
2483	2575
2484	2483
2486	2485
2486	2577
2488	2487
2489	2488
2491	2490
2491	2542
2491	2566
2492	2491
2492	2530
2493	2492
2497	2496
2497	2499
2497	2500
2497	2502
2497	2504
2497	2506
2497	2508
2497	2510
2497	2512
2497	2543
2496	2498
2500	2501
2502	2503
2504	2505
2506	2507
2508	2509
2510	2511
2512	2513
2516	2515
2516	2526
2516	2545
2516	2573
2515	2517
2515	2518
2515	2519
2515	2520
2515	2521
2515	2522
2515	2523
2515	2524
2526	2525
2526	2554
2528	2527
2528	2555
2530	2529
2530	2556
2529	2532
2529	2533
2529	2534
2529	2535
2529	2536
2529	2537
2529	2538
2529	2539
2529	2540
2531	2530
2541	2536
2545	2546
2545	2547
2545	2548
2545	2549
2545	2550
2545	2551
2545	2552
2545	2553
2556	2557
2556	2558
2556	2559
2556	2560
2556	2561
2556	2562
2556	2563
2556	2564
2556	2565
2570	2569
2571	2570
2571	2602
2575	2574
2577	2576
2579	2578
2579	3367
2579	3368
2579	3369
2580	2579
2581	2580
2584	2583
2584	2585
2584	2586
2584	2591
2588	2587
2594	2593
2594	2792
2594	2824
2594	2825
2594	2826
2595	2594
2595	2818
2595	2820
2595	2823
2596	2595
2596	2827
2600	2599
2607	2608
2607	2609
2607	2610
2612	2611
2612	2613
2615	2614
2615	2624
2615	2632
2614	2616
2614	2617
2614	2618
2614	2619
2622	2621
2627	2628
2627	2629
2636	2637
2641	2640
2659	2658
2659	2661
2659	3150
2659	3151
2659	3152
2659	3153
2659	3154
2659	3155
2660	2659
2660	3149
2660	4054
2663	2662
2663	3061
2663	3156
2663	3159
2665	2664
2665	2666
2684	2683
2696	2695
2696	2697
2697	2698
2699	2700
2701	2702
2701	2703
2701	2704
2701	2705
2701	2706
2701	2707
2701	2708
2701	2709
2701	2710
2711	2712
2711	2715
2711	2716
2711	2717
2711	2718
2711	2719
2711	2728
2711	2729
2711	2730
2712	2713
2712	2714
2719	2720
2719	2723
2719	2724
2719	2725
2719	2726
2719	2727
2720	2721
2720	2722
2731	2732
2731	2733
2731	2734
2731	2735
2731	2736
2731	2737
2738	2739
2738	2740
2742	2741
2742	2744
2742	2745
2742	2747
2743	2742
2745	2746
2749	2748
2749	2753
2751	2750
2751	2753
2753	2752
2753	2754
2759	2758
2759	2760
2763	2762
2766	2765
2766	2768
2767	2766
2767	2772
2772	2773
2772	2774
2776	2775
2789	2788
2791	2790
2794	2793
2794	3618
2794	3777
2794	3778
2796	2795
2796	2797
2796	2798
2799	1017
2799	2843
2801	2800
2802	2801
2802	2813
2802	2811
2802	2806
2804	2803
2804	2811
2804	2810
2803	2806
2805	2804
2805	2802
2808	2807
2808	2809
2811	2810
2811	2806
2813	2812
2818	2819
2820	2821
2820	2822
2829	2828
2829	2831
2830	2828
2830	2831
2832	2833
2839	2838
2838	2840
2844	2843
2850	2849
2850	2851
2850	3472
2850	4028
2853	2854
2860	2859
2860	2863
2860	2864
2860	2865
2860	2868
2860	2869
2859	2862
2861	2860
2861	2872
2861	2873
2865	2866
2865	2867
2872	2871
2873	2864
2877	2876
2880	2879
2882	2881
2882	2993
2885	2884
2885	2886
2885	2887
2889	2890
2889	2891
2889	2892
2894	2895
2894	2896
2899	2900
2899	2901
2899	2902
2914	2913
2914	2916
2914	2917
2914	2921
2914	2922
2913	2915
2917	2918
2917	2919
2917	2920
2926	2927
2926	2928
2926	2950
2926	2951
2926	2952
2929	2948
2929	2958
2932	2954
2932	2955
2936	2937
2936	2938
2936	2939
2936	2940
2936	2941
2936	2942
2936	2943
2947	2946
2947	2949
2947	2953
2947	4051
2957	2956
2973	2972
2973	2975
2973	2978
2974	2973
2974	4053
2977	2976
2977	4052
2982	2981
2984	2983
2986	2985
2986	3287
2988	2990
2989	2988
2995	2994
2995	2996
2995	2997
2995	3366
2995	3512
3002	3001
3002	3009
3002	3010
3002	3011
3002	3012
3002	3013
3002	3014
3002	3015
3002	3016
3002	3017
3002	3018
3002	3019
3002	3020
3001	3003
3003	3004
3003	3005
3005	3006
3007	3008
3022	3021
3021	3023
3021	3024
3021	3025
3021	3026
3021	3027
3021	3028
3021	3029
3021	3030
3021	3031
3021	3032
3021	3035
3021	3038
3021	3039
3021	3040
3021	3041
3021	3042
3032	3033
3032	3034
3035	3036
3035	3037
3047	3046
3049	3048
3049	3050
3049	3051
3049	3052
3049	3053
3049	3054
3049	3055
3049	3056
3049	3057
3049	3058
3049	3059
3063	3062
3063	3077
3063	3078
3063	3079
3063	3080
3063	3081
3063	3082
3063	3083
3063	3084
3063	3085
3063	3086
3063	3087
3063	3089
3063	3090
3063	3092
3063	3093
3063	3094
3063	3095
3063	3096
3063	3097
3063	3098
3063	3099
3063	3100
3063	3101
3063	3102
3063	3103
3063	3104
3063	3105
3063	3106
3062	3064
3062	3065
3062	3066
3062	3067
3062	3068
3062	3069
3070	3071
3070	3072
3070	3073
3070	3074
3070	3075
3075	3076
3087	3088
3090	3091
3107	3108
3107	3109
3107	3110
3107	3111
3107	3112
3107	3113
3107	3114
3107	3115
3107	3116
3107	3117
3107	3118
3107	3119
3107	3120
3107	3121
3107	3122
3107	3123
3107	3124
3107	3125
3107	3126
3107	3127
3107	3128
3107	3129
3130	3131
3133	3134
3137	3138
3137	3139
3144	3145
3144	3146
3156	3157
3159	3158
3163	3162
3163	3164
3166	3165
3166	3171
3166	3175
3166	3177
3166	3179
3166	3180
3166	3192
3166	3198
3166	3220
3166	3222
3166	3226
3166	3233
3166	3234
3166	3240
3166	3242
3166	3251
3166	3252
3166	3257
3166	3263
3166	3264
3166	3266
3166	3284
3166	3285
3166	3286
3167	3166
3167	3173
3167	3245
3167	3278
3169	3168
3171	3170
3171	3172
3171	3174
3171	3181
3171	3182
3171	3183
3171	3184
3171	3185
3171	3186
3171	3187
3171	3188
3171	3189
3171	3190
3171	3191
3171	3193
3171	3196
3171	3197
3171	3200
3171	3201
3171	3202
3171	3203
3171	3204
3171	3205
3171	3206
3171	3207
3171	3208
3171	3209
3171	3210
3171	3213
3171	3218
3171	3219
3171	3221
3171	3224
3171	3231
3171	3232
3171	3235
3171	3236
3171	3238
3171	3239
3171	3241
3171	3243
3171	3244
3171	3246
3171	3247
3171	3248
3171	3249
3171	3250
3171	3253
3171	3254
3171	3259
3171	3261
3171	3262
3171	3267
3171	3268
3171	3269
3171	3270
3171	3272
3171	3273
3171	3274
3171	3275
3171	3281
3177	3176
3177	3214
3177	3216
3177	3217
3177	3225
3177	3229
3177	3230
3179	3178
3179	3194
3179	3195
3179	3199
3179	3211
3179	3212
3179	3237
3179	3255
3179	3256
3179	3258
3179	3260
3179	3265
3179	3271
3179	3276
3179	3282
3179	3283
3216	3215
3224	3223
3226	3227
3229	3228
3277	3278
3280	3279
3280	3281
3280	3288
3291	3290
3291	3292
3291	3293
3293	3294
3296	3295
3298	3297
3298	3306
3298	3313
3297	3300
3299	3297
3299	3301
3299	3300
3306	3308
3307	3306
3307	3309
3307	3308
3313	3315
3314	3313
3314	3316
3314	3315
3320	3319
3320	3326
3322	3321
3322	3325
3322	3327
3323	3324
3329	3328
3329	3330
3329	3532
3332	3331
3334	3333
3336	3335
3338	3337
3338	3342
3337	3339
3337	3340
3340	3341
3342	3341
3342	3527
3342	3530
3344	3343
3344	3346
3344	3347
3345	3344
3345	3349
3345	3350
3345	3352
3345	3356
3345	3357
3345	3359
3349	3348
3349	3358
3352	3351
3352	3353
3355	3354
3356	3355
3361	3360
3361	3362
3361	3370
3361	3513
3364	3363
3365	2835
3372	3371
3372	3375
3374	3373
3375	3376
3375	3377
3379	3378
3379	3380
3379	3381
3383	3382
3383	3384
3383	3385
3389	3388
3388	3390
3388	3391
3388	3394
3388	3406
3391	3392
3391	3393
3394	3395
3394	3396
3394	3397
3394	3398
3394	3399
3394	3400
3394	3401
3394	3402
3394	3403
3394	3404
3394	3405
3406	3407
3406	3408
3413	3412
3413	3415
3413	3420
3416	3417
3419	3418
3419	3429
3422	3421
3423	3422
3423	3425
3425	3424
3425	3426
3427	3428
3434	3433
3434	3444
3439	3438
3443	3442
3444	3443
3446	3445
3448	3447
3448	3452
3448	3453
3448	3454
3448	3455
3449	3448
3451	3450
3451	3465
3459	3458
3461	3460
3460	3463
3462	3460
3462	3464
3469	3468
3469	3471
3470	3468
3474	3473
3476	3475
3475	3477
3475	3478
3481	3480
3481	3324
3485	3484
3485	3486
3485	3488
3485	3491
3488	3487
3487	3489
3489	3490
3495	3494
3495	3496
3495	3500
3495	3503
3495	3504
3498	3497
3498	3499
3502	3501
3508	3507
3508	3510
3509	3508
3509	3511
3515	3514
3515	3519
3515	3520
3515	3521
3515	3522
3515	3523
3515	3524
3515	3525
3515	3526
3515	3527
3515	3528
3515	3529
3515	3530
3515	3531
3514	3516
3514	3517
3514	3518
3533	3534
3538	3537
3538	4056
3540	3541
3541	3542
3544	3543
3544	3545
3547	498
3547	499
3547	500
3548	3547
3548	3549
3552	3551
3564	3563
3567	3566
3567	3569
3566	3568
3566	3569
3566	3572
3569	3570
3569	3571
3574	3573
3574	3575
3577	3576
3577	3578
3577	3579
3577	3580
3577	3581
3577	3582
3577	3583
3585	3586
3588	3587
3590	3589
3590	3742
3590	493
3590	494
3592	3591
3592	3743
3595	3594
3595	3620
3595	3745
3596	3594
3599	3598
3599	3748
3601	3600
3601	3603
3601	3604
3603	3602
3604	3605
3607	3606
3609	3608
3609	3611
3611	3610
3613	3612
3613	3615
3612	3614
3617	2825
3623	3622
3623	3624
3629	3628
3630	3629
3630	3662
3630	3689
3630	3696
3630	3800
3632	3631
3632	3635
3632	3637
3632	3638
3632	3641
3632	3791
3631	3633
3635	3634
3637	3636
3637	3639
3637	3640
3642	3643
3642	3644
3648	3647
3648	3651
3648	3652
3647	3649
3647	3650
3654	3653
3654	3655
3654	3656
3658	3657
3658	3659
3665	3664
3665	3666
3668	3667
3668	3670
3668	3673
3668	3798
3670	3669
3670	3674
3670	3675
3678	3677
3678	3703
3677	3679
3679	3680
3679	3681
3682	3683
3682	3684
3682	3685
3687	3686
3687	3701
3687	3712
3692	3691
3691	399
3691	400
3694	3693
3694	3723
3695	3694
3695	3710
3695	3720
3695	3721
3699	3698
3699	3705
3699	3711
3701	3700
3701	3706
3703	3702
3703	3704
3714	3713
3714	3732
3714	3792
3714	3793
3716	3715
3718	3717
3720	3719
3723	3722
3725	3724
3729	3728
3729	3733
3729	3794
3729	3795
3731	3730
3735	3734
3736	3734
3737	3734
3739	3738
3740	3739
3741	3738
3746	3745
3750	3749
3750	3756
3750	3757
3753	3752
3753	3754
3753	3755
3760	3759
3762	3761
3762	3764
3762	3765
3762	3766
3764	3763
3764	3767
3769	3768
3769	3771
3771	3770
3773	3772
3773	3775
3772	3774
3780	3779
3780	3782
3784	3783
3784	3786
3784	3787
3784	3788
3800	3799
3802	3801
3805	3804
3805	3812
3804	3806
3804	3807
3804	3808
3804	3809
3804	3810
3804	3811
3814	3813
3818	3817
3818	4062
3818	1484
3820	3819
3820	4063
3820	4064
3820	4065
3820	4066
3820	4067
3820	4068
3820	4069
3820	4070
3820	1483
3820	3825
3826	1493
3839	3826
3839	3827
3839	3828
3839	3829
3839	3830
3839	3831
3839	3832
3839	3833
3839	3834
3841	3840
3841	3842
3841	3843
3849	3848
3850	3848
3852	3853
3856	3855
3858	3857
3858	3859
3860	3861
3862	3863
3862	3864
3862	3865
3862	3866
3862	3867
3862	3868
3862	3869
3862	3870
3862	3871
3862	3872
3862	3873
3862	3874
3862	3875
3862	3876
3877	3878
3877	3879
3877	3880
3877	3881
3877	3882
3877	3883
3877	3884
3877	3885
3877	3886
3877	3887
3877	3888
3877	3889
3877	3890
3877	3891
3877	3892
3877	3893
3894	3895
3894	3896
3897	3898
3897	3899
3903	3904
3905	3906
3905	3907
3905	3908
3916	2110
3916	2111
3916	2112
3916	2113
3917	567
3917	568
3926	639
3926	637
3926	642
3934	3046
3937	3710
3937	3721
3937	3720
3937	3694
3939	3940
3941	3942
3947	3891
3951	3950
3951	3952
3955	3956
3957	3958
3957	3956
3957	3959
3957	3960
3961	3962
3963	3959
3963	3960
3964	3958
3964	3956
3964	3959
3964	3960
3965	3962
3966	3958
3966	3956
3966	3959
3966	3960
3966	3967
3969	3970
3971	465
3972	3973
3972	3974
3972	3975
3976	3977
3976	3978
3976	3979
3976	3980
3976	3981
3983	3984
3983	3985
3986	3923
3986	3987
3986	3988
3986	3989
3986	3990
3986	3991
3986	3992
3986	515
3986	3993
3986	3994
3986	3995
3986	3996
3986	3997
3986	3998
3986	3999
3986	4000
3995	2118
3999	3378
3999	3380
3999	3381
4001	4002
4001	4003
4001	4004
4008	4007
4008	4009
4017	4016
4017	4020
4017	4026
4022	4021
4030	4029
4033	4034
4033	4035
4036	4037
4047	2271
4057	4058
4057	4059
4057	4060
4057	4061
4064	1627
4064	1844
4064	1855
4064	1869
4065	1856
4066	1634
4066	1860
4067	1641
4067	1865
4068	1651
4068	1848
4068	1850
4068	1872
