1	0
1	15
1	16
1	17
1	18
2	1
2	8
2	11
2	14
2	19
2	20
2	21
2	22
2	23
2	24
2	25
2	26
2	27
2	28
2	29
2	30
2	43
2	44
2	45
2	46
2	47
2	48
3	2
3	122
3	136
3	143
3	144
4	3
5	4
6	5
7	6
8	9
8	10
11	12
11	13
13	49
13	50
30	31
30	32
30	33
30	34
30	35
30	36
30	37
30	38
30	39
30	40
30	41
30	42
43	4053
43	4056
43	4057
43	4058
44	4061
44	4065
44	4066
44	4067
44	4068
44	4069
44	4070
44	4071
52	51
52	55
52	58
52	61
52	67
52	68
52	69
52	70
52	71
52	72
52	73
52	74
52	75
52	76
52	77
52	121
52	149
52	150
52	151
52	152
52	153
52	154
52	155
52	156
52	157
52	158
52	159
52	160
53	52
54	53
55	56
55	57
58	59
61	60
61	63
61	64
61	65
61	66
63	62
79	78
79	3162
79	3167
79	3203
79	3204
79	3205
81	80
81	3122
81	3123
81	3124
81	3125
83	82
83	3130
83	3755
83	3903
85	84
85	1824
85	2600
85	3126
85	3151
85	3752
85	3900
87	86
87	2497
87	2498
87	2499
87	2524
87	2525
87	2526
87	2735
87	2829
87	2830
87	2831
87	2832
87	2833
87	2834
87	2835
87	2836
87	2837
87	2838
87	2839
87	2840
87	2841
87	2842
87	2843
87	2846
87	2847
87	2848
87	2849
87	2850
87	2851
87	2852
87	2853
87	2854
87	2855
87	2939
87	2940
87	2941
87	2942
87	2943
87	2944
87	2945
87	2946
88	87
88	2937
88	2938
90	89
90	1825
90	3127
90	3128
90	3129
91	90
91	2601
91	3144
92	91
93	91
93	322
93	325
93	326
93	334
93	336
93	340
93	376
93	381
93	410
93	430
93	516
93	585
93	606
93	612
93	618
93	622
93	627
93	632
93	633
93	641
93	664
93	678
93	681
93	1853
93	1863
93	2249
93	2282
93	2293
93	2294
93	2329
93	2756
93	2955
93	2244
93	3117
93	3116
93	3149
93	3497
93	3524
93	3623
93	3743
93	3757
93	3759
93	3767
93	3771
93	3774
93	2985
93	1184
93	3779
93	3788
93	3804
93	3810
93	3814
93	3816
93	3819
93	3821
93	3824
93	3832
93	3844
93	3851
93	3914
93	3918
93	3925
93	3929
93	3932
93	2986
93	1186
93	1187
93	1188
93	3936
93	3941
93	3953
93	315
93	4144
95	94
95	99
95	3882
97	96
97	102
97	1060
97	1061
97	3569
97	3573
97	3574
97	3576
97	3589
98	97
98	1126
98	3582
98	3586
98	3590
98	3591
98	3594
98	3595
99	98
99	1834
99	1879
101	100
102	101
102	3600
104	103
104	1007
104	2286
104	2289
104	2350
104	2360
104	2362
104	2363
104	2364
105	104
105	1292
105	2247
105	2248
105	2251
105	2252
105	2262
105	2336
105	2349
105	2354
105	2355
105	2360
105	2361
105	2421
105	2448
105	2461
105	3906
105	4200
105	4201
105	4202
105	4203
105	4204
107	106
108	107
108	1675
108	1988
108	2023
110	109
110	2253
110	2256
110	2258
110	2474
110	2475
110	2476
112	111
112	2220
112	2227
112	2254
112	2257
112	2259
112	2468
112	2473
112	2477
114	113
115	114
115	1679
115	1683
115	1998
115	2024
115	2335
117	116
119	118
119	2199
119	2351
119	2446
119	2447
119	2457
120	119
120	2426
120	2465
124	123
124	313
124	531
124	620
124	1786
124	2455
124	3030
124	3698
124	3709
124	3715
124	3817
126	125
126	161
126	162
126	163
126	164
126	165
126	166
126	167
126	168
126	169
126	170
126	171
126	176
126	177
126	1222
126	1941
126	2023
126	2024
126	2026
126	2028
126	2029
126	2032
126	2038
126	4007
126	4010
128	127
128	1851
128	1876
128	1883
128	1888
128	1889
128	1890
128	1899
129	128
129	1016
129	2747
129	3664
129	3718
130	129
130	291
130	569
130	580
130	583
130	702
130	730
130	782
130	1223
130	1673
130	1677
130	1742
130	1880
130	1913
130	2039
130	2040
130	2041
130	2042
130	2043
130	2044
130	2045
130	2046
130	2051
130	2052
130	2129
130	2153
130	2173
130	2418
130	2776
130	2781
130	2783
130	2784
130	2786
130	2787
130	2788
130	2791
130	2792
130	2794
130	2795
130	2796
130	2797
130	2799
130	2805
130	2806
130	2807
130	2808
130	2809
130	2810
130	2811
130	2812
130	2813
130	2815
130	2816
130	2817
130	2818
130	3002
130	3712
130	3714
130	3716
130	3717
130	3719
130	3783
130	3786
130	4016
131	130
131	145
131	178
131	312
131	313
131	440
131	490
131	532
131	539
131	601
131	635
131	781
131	838
131	871
131	903
131	994
131	1017
131	1101
131	1104
131	1105
131	1561
131	1985
131	2615
131	2767
131	2975
131	3038
131	3121
131	3635
131	3705
131	3801
131	3846
132	133
135	134
135	1534
135	1539
135	1547
135	1548
135	1531
135	1542
135	1563
135	1540
135	1541
135	1544
135	1545
135	1546
135	1564
135	1565
135	1554
135	1555
135	1573
136	137
136	138
136	139
136	140
136	141
136	142
145	146
148	147
172	173
175	174
180	179
179	181
182	183
185	184
187	186
187	2056
187	2057
187	2058
187	2059
187	2060
187	2061
187	2062
187	2063
187	2064
187	2065
187	2066
187	2067
187	2068
187	2069
187	2070
187	2071
187	2072
187	2073
187	2074
187	2075
187	2076
187	2077
187	2078
187	2079
187	2080
187	2081
187	2082
187	2083
187	2084
187	2085
187	2086
187	2087
187	2088
187	2089
187	2090
187	2091
187	2092
187	2093
187	2094
187	2095
187	2096
187	2097
187	2098
187	2099
187	2100
187	2101
188	187
190	189
190	191
190	192
190	193
190	194
190	195
190	196
190	197
199	198
199	200
199	212
199	2911
199	3489
199	3630
199	3665
199	3692
199	3694
201	200
201	202
201	204
201	206
201	208
203	202
203	2610
203	2609
203	2824
203	2909
203	2912
203	3626
205	204
207	206
207	1818
207	2501
207	2910
207	2918
207	2928
207	3120
207	3131
207	3140
207	3651
207	4207
209	208
209	2845
209	3547
209	3570
209	3571
209	3652
211	210
211	213
211	214
211	215
211	4126
217	216
217	835
217	860
217	898
217	1903
217	2374
217	2379
217	2381
217	2384
217	2388
217	2391
217	2392
217	2393
217	2398
217	2399
217	2406
217	2408
217	2411
217	2415
216	220
216	224
216	226
216	228
216	229
218	216
219	216
221	220
221	224
221	226
221	228
222	220
222	224
222	226
222	228
222	229
223	220
223	224
223	226
223	228
225	224
227	226
227	228
231	230
231	232
231	233
231	237
231	283
231	286
231	285
231	239
231	240
231	241
231	242
231	288
231	245
231	246
231	247
231	251
231	260
231	263
231	264
231	267
231	265
231	266
231	268
231	269
231	270
231	271
231	272
231	275
231	276
231	278
230	232
230	233
230	234
230	235
230	236
230	237
230	238
230	239
230	240
230	241
230	242
230	243
230	244
230	245
230	246
230	247
230	248
230	249
230	250
230	251
230	252
230	253
230	254
230	255
230	256
230	257
230	258
230	259
230	260
230	261
230	262
230	263
230	264
230	265
230	266
230	267
230	268
230	269
230	270
230	271
230	272
230	273
230	274
230	275
230	276
230	277
230	278
232	279
232	280
237	283
237	284
237	286
237	287
237	288
237	289
271	2947
271	2948
282	281
284	285
291	290
291	292
291	293
291	294
291	295
291	296
291	297
291	298
291	299
291	300
291	301
291	302
291	303
291	304
291	305
291	306
291	307
291	308
291	309
311	310
311	375
311	407
311	466
311	492
311	641
311	651
311	656
311	2329
311	2496
311	364
311	2974
311	3005
311	3007
311	3119
311	3207
311	3656
311	3749
311	3849
311	3851
311	3006
311	4078
311	4079
311	4080
311	4081
311	4082
311	4083
311	4084
311	4085
311	4086
311	4087
311	4088
311	4089
311	4090
311	4091
311	4092
311	4093
311	4094
311	4095
311	4096
311	315
311	4129
315	314
315	321
314	316
314	317
317	318
317	322
318	319
318	325
321	320
321	317
321	326
323	322
322	319
324	323
324	325
324	326
324	373
324	374
324	375
324	376
324	378
324	379
324	380
324	381
324	382
324	393
324	394
324	401
324	402
324	406
324	407
324	408
324	409
324	410
324	413
324	414
324	430
324	602
324	603
324	633
324	680
324	711
324	712
324	713
324	723
324	724
324	1650
324	1829
324	1907
324	2239
324	2249
324	2293
324	2329
324	386
324	387
324	2422
324	2244
324	3117
324	3147
324	3757
324	3802
324	3827
324	3828
324	3844
324	3848
324	3853
324	3863
324	3864
324	3865
324	3907
324	3941
324	3974
327	326
327	566
327	1763
327	2125
327	3218
327	3777
327	317
327	4073
327	4074
327	4075
327	4076
327	4077
326	318
329	328
329	330
332	331
332	1912
332	2755
332	2758
332	2759
332	3321
332	3598
332	3616
334	333
334	336
334	340
333	336
333	340
335	334
335	1905
335	1917
335	1918
335	1920
335	1919
335	1916
335	2416
335	2421
335	3042
336	337
336	338
336	339
340	341
343	342
343	358
345	344
345	350
346	345
346	354
346	355
346	360
347	345
347	351
347	354
347	355
349	348
353	352
353	359
353	1289
353	2436
357	356
362	361
362	436
362	624
362	1903
362	1911
362	2488
362	2491
362	2568
362	363
362	3139
362	3834
362	3006
362	4104
362	4111
361	363
361	364
366	365
368	367
368	2745
368	4140
370	369
370	371
370	372
370	930
370	1723
370	1726
370	1735
370	1736
370	1749
370	1789
370	1790
370	1809
370	1810
370	1826
370	1827
370	1828
370	1830
370	3546
370	3994
370	4108
370	4110
376	377
382	383
382	384
382	385
382	388
382	389
382	390
382	391
385	386
385	387
393	392
393	677
393	2330
393	2422
393	3034
393	3827
393	3952
394	395
394	398
395	396
395	397
398	399
398	400
402	403
402	404
402	405
408	318
410	411
410	412
415	416
418	417
418	416
420	419
420	852
420	976
420	1143
420	1662
420	2212
420	3043
420	3462
420	3465
420	3472
420	3638
420	3971
422	421
422	1663
422	2213
422	3463
422	3470
422	3477
422	3641
424	423
424	873
424	872
424	876
424	877
424	878
424	879
424	880
424	881
424	882
424	883
424	884
424	896
424	898
424	902
424	1092
424	1094
424	1096
424	1100
424	1102
424	1103
424	1106
424	1144
424	1145
424	1224
424	1238
424	1664
424	2214
424	2365
424	2366
424	2367
424	2374
424	2379
424	2381
424	2384
424	2388
424	2391
424	2392
424	2393
424	2398
424	2399
424	2406
424	2411
424	2415
424	3008
424	3464
424	3471
424	3478
424	3642
426	425
426	433
426	434
427	428
430	429
430	2428
430	2430
432	431
436	435
436	439
436	444
437	435
437	831
439	438
439	442
439	443
439	445
440	441
447	446
447	448
447	449
447	455
447	456
451	450
452	450
452	453
452	454
458	457
458	2957
457	459
457	460
457	461
463	462
465	464
465	467
465	468
465	469
465	470
465	471
465	472
465	473
465	474
465	489
465	476
465	477
465	478
465	479
465	480
465	481
465	482
465	483
465	484
465	485
466	465
466	475
475	476
475	477
475	478
475	479
475	480
475	481
475	482
475	483
475	484
475	485
487	486
487	830
487	885
488	486
490	491
492	493
492	494
496	495
496	3039
496	3707
495	497
495	501
497	498
497	499
497	500
503	502
503	504
505	506
508	507
510	509
511	512
511	513
515	514
515	523
516	515
516	517
516	518
516	519
516	520
516	521
516	522
516	2260
516	2261
516	2282
516	2284
516	2285
516	3035
516	3539
516	3937
516	315
522	523
525	524
526	525
526	529
528	527
528	530
534	533
536	535
538	537
539	540
542	541
542	544
542	545
542	547
542	574
542	577
542	578
542	579
543	542
543	541
543	544
543	545
547	546
547	560
547	562
547	563
547	564
547	565
547	571
547	573
546	548
546	550
546	551
546	552
546	553
546	554
546	555
546	556
546	557
546	558
546	559
548	549
560	561
566	567
566	568
571	570
571	572
574	575
574	576
582	581
583	582
583	604
583	621
583	634
583	716
583	729
585	584
585	591
585	593
585	594
585	597
585	714
584	587
586	585
586	606
586	612
586	618
586	622
586	641
586	672
586	678
586	681
586	928
586	2955
586	3743
586	3759
586	3767
586	3771
586	3774
586	2985
586	1184
586	3779
586	3788
586	3804
586	3814
586	3816
586	3819
586	3821
586	3824
586	3832
586	3851
586	3914
586	3918
586	3925
586	3929
586	3932
586	2986
586	1186
586	1187
586	1188
586	3936
586	2993
589	588
591	590
593	592
593	595
593	596
598	599
598	600
606	605
606	607
606	608
606	609
606	610
606	727
612	611
612	615
612	616
611	613
611	614
618	617
618	619
624	623
624	721
623	625
625	626
627	628
627	629
627	630
632	631
632	719
632	726
637	636
637	3746
638	637
640	639
641	640
641	642
641	645
644	643
645	644
645	715
647	646
649	648
649	1161
649	1160
649	1727
649	732
649	1757
649	1881
649	3449
649	3451
649	3713
651	650
653	652
653	2327
653	2343
653	2344
654	653
654	652
654	2345
654	2347
656	655
656	659
658	657
658	670
661	660
662	661
662	2757
662	2978
662	2980
662	2983
663	662
663	2987
664	663
664	928
664	2756
664	2990
664	3525
664	3706
664	3775
665	664
665	688
665	1844
665	1866
665	1917
665	1918
665	1920
665	1919
665	1916
665	2953
665	2999
665	3013
665	3015
665	3016
665	3017
665	3018
665	3720
665	4208
666	661
668	667
669	668
672	671
672	1183
672	1184
672	1185
672	1186
673	672
673	1146
673	1169
673	1170
673	1175
673	1182
673	1189
673	1190
673	1191
673	1192
673	1193
674	673
674	1200
675	674
675	676
675	1147
675	1149
675	1152
675	1154
675	1755
675	1217
675	2148
675	1182
675	3004
675	1190
676	672
676	3003
680	679
680	3753
680	3901
681	682
682	683
682	684
682	685
687	686
688	687
688	3775
690	689
690	708
690	715
690	727
690	728
690	699
689	692
691	690
691	694
691	700
691	709
691	710
694	693
694	695
694	696
694	697
694	698
694	699
699	692
699	1872
702	701
704	703
706	705
706	707
718	717
718	725
721	720
721	722
731	732
732	733
732	734
732	735
737	736
736	739
736	740
738	736
738	1692
740	741
740	771
740	775
740	776
740	777
741	742
741	743
741	744
741	745
741	762
741	763
745	746
745	749
745	750
745	751
746	747
746	748
751	752
751	753
751	754
751	755
751	756
751	757
751	761
757	758
757	759
757	760
763	764
763	765
763	766
763	767
767	768
767	769
767	770
771	772
771	773
771	774
779	778
779	780
782	783
785	784
785	886
785	888
785	890
784	788
784	789
786	784
787	786
787	887
787	889
787	891
787	4168
787	4181
791	790
793	792
793	805
793	806
793	807
793	808
793	815
793	818
793	822
793	823
793	826
793	827
793	828
793	829
793	832
793	833
793	837
793	839
793	840
792	794
792	796
792	797
792	800
792	801
792	802
792	803
792	804
794	795
797	798
797	799
810	809
810	812
809	811
812	813
812	814
817	816
818	819
821	820
825	824
831	830
831	885
831	4164
835	834
836	834
842	841
843	842
843	845
843	849
843	4169
843	4170
843	4171
843	4172
843	4175
843	4176
843	4177
843	4182
843	4183
845	844
847	846
847	851
848	847
849	848
849	4173
850	846
852	853
852	854
856	855
858	857
859	858
859	4163
862	861
862	863
862	865
862	866
862	867
862	868
863	864
870	869
873	872
873	877
873	878
873	879
873	880
873	881
873	882
873	883
873	884
875	874
887	886
889	888
891	890
893	892
895	894
897	896
899	898
901	900
905	904
906	905
906	913
907	906
908	907
908	917
909	908
909	922
909	926
909	992
910	909
910	954
910	967
911	910
911	1001
911	1006
912	911
912	963
912	964
915	914
916	915
916	918
917	916
920	919
921	920
921	993
922	921
922	924
924	923
926	925
928	927
928	1845
928	2989
928	2992
928	2994
928	2995
928	2996
928	2997
930	929
930	931
933	932
933	983
933	1846
933	1861
933	1867
933	2328
933	2591
933	3695
933	3721
933	3724
933	3781
933	3945
935	934
935	936
935	937
935	938
940	939
940	989
941	939
943	942
945	944
944	946
944	947
949	948
949	950
952	951
951	955
953	952
953	956
953	957
954	953
954	958
954	959
954	960
954	961
954	962
966	965
966	968
966	2731
966	3152
966	3959
968	969
971	970
971	972
971	973
971	975
974	973
974	975
978	977
980	979
980	981
980	982
980	1946
980	1953
985	984
985	988
987	986
991	990
996	995
996	997
996	998
1000	999
1001	1002
1001	1003
1001	1004
1001	1005
1009	1008
1009	2315
1009	2317
1009	2318
1009	2319
1009	2320
1009	2321
1009	2322
1009	2323
1009	2429
1011	1010
1011	1012
1011	1013
1014	1013
1016	1015
1019	1018
1019	1024
1019	1028
1019	1029
1019	3328
1019	3329
1019	3331
1019	3337
1019	3338
1019	3339
1019	3340
1019	3341
1019	3342
1019	3343
1019	3344
1019	3345
1019	3346
1019	3347
1019	3349
1019	3352
1019	3353
1019	3356
1019	3357
1019	3358
1019	3359
1019	3360
1019	3361
1019	3362
1019	3363
1019	3364
1019	3365
1019	3366
1019	3369
1019	3374
1019	3375
1019	3377
1019	3380
1019	3387
1019	3388
1019	3391
1019	3392
1019	3394
1019	3395
1019	3397
1019	3399
1019	3400
1019	3402
1019	3403
1019	3404
1019	3405
1019	3406
1019	3409
1019	3410
1019	3415
1019	3417
1019	3418
1019	3423
1019	3424
1019	3425
1019	3426
1019	3428
1019	3429
1019	3430
1019	3431
1019	3437
1019	3441
1019	3442
1019	3443
1019	3444
1019	3445
1019	3446
1020	1019
1020	1023
1020	1026
1020	1108
1020	1116
1020	3325
1020	3332
1020	3334
1020	3336
1020	3348
1020	3354
1020	3376
1020	3378
1020	3382
1020	3389
1020	3390
1020	3396
1020	3398
1020	3407
1020	3408
1020	3413
1020	3419
1020	3420
1020	3422
1021	1020
1021	3330
1021	3401
1021	3434
1023	1022
1023	1027
1023	1058
1023	1114
1023	1117
1023	1120
1026	1025
1026	1030
1026	1031
1026	1033
1026	1113
1026	1119
1026	1121
1026	3335
1026	3350
1026	3351
1026	3355
1026	3367
1026	3368
1026	3393
1026	3411
1026	3412
1026	3414
1026	3416
1026	3421
1026	3427
1026	3432
1026	3438
1026	3439
1026	3440
1033	1032
1033	1034
1033	1035
1033	1036
1033	1037
1033	1038
1033	1039
1033	1040
1033	1041
1033	1042
1033	1043
1033	1044
1033	1045
1033	1046
1033	1047
1033	1048
1033	1049
1033	1050
1033	1051
1033	1052
1033	1053
1033	1054
1033	1055
1033	1056
1033	1057
1060	1059
1060	1068
1060	1069
1060	1070
1060	1071
1060	1072
1060	1073
1060	1074
1060	1075
1060	1076
1060	1077
1060	1078
1060	1079
1060	1080
1060	1081
1060	1082
1060	1083
1060	1084
1060	1085
1060	1086
1060	1087
1060	1088
1060	1089
1060	1090
1060	1091
1061	1062
1061	1063
1061	1064
1061	1065
1061	1066
1061	1067
1093	1092
1095	1094
1098	1097
1098	1099
1108	1107
1108	1109
1108	1110
1108	1111
1108	1112
1108	1118
1116	1115
1123	1122
1123	1129
1124	1123
1124	1128
1124	1132
1125	1124
1125	1141
1126	1125
1126	3578
1126	3588
1128	1127
1128	1130
1132	1131
1132	1134
1132	1135
1132	1137
1132	1139
1134	1133
1134	1136
1134	1138
1134	1140
1141	1142
1146	1147
1146	1148
1146	1156
1148	1149
1148	1151
1148	1152
1148	1154
1149	1150
1152	1153
1154	1155
1156	1157
1159	1158
1159	1639
1161	1160
1161	2616
1161	2766
1163	1162
1163	1216
1163	1758
1163	2814
1163	3001
1162	1164
1164	1165
1167	1166
1166	1168
1170	1171
1170	1172
1172	1173
1172	1174
1175	1176
1175	1180
1175	1181
1176	1177
1176	1179
1177	1178
1186	1187
1186	1188
1195	1194
1195	1196
1198	1197
1200	1199
1200	1217
1200	1218
1200	1219
1200	1220
1200	1221
1199	1201
1203	1202
1205	1204
1205	1760
1204	1207
1206	1205
1206	1759
1206	2016
1206	3699
1209	1208
1209	1211
1209	1212
1209	1213
1209	1214
1209	1215
1210	1209
1210	1211
1224	1225
1224	1230
1224	1231
1225	1226
1225	1227
1225	1228
1225	1229
1230	1236
1230	1237
1231	1232
1231	1233
1233	1234
1233	1235
1240	1239
1240	1242
1240	1246
1240	1249
1240	1250
1240	1251
1240	1282
1240	1283
1240	1284
1240	1285
1240	1286
1241	1240
1241	1244
1241	1294
1241	1299
1244	1243
1244	1245
1244	1247
1244	1248
1253	1252
1253	1263
1253	1270
1253	1272
1253	1273
1254	1253
1254	1256
1256	1255
1256	1268
1256	1269
1256	1271
1256	1274
1256	1277
1258	1257
1259	1258
1259	1265
1261	1260
1262	1261
1262	1267
1265	1264
1267	1266
1275	1262
1275	1276
1275	1254
1275	1281
1276	1278
1276	1279
1276	1280
1288	1287
1289	1288
1291	1290
1291	1293
1292	1291
1294	1295
1294	1296
1294	1297
1294	1298
1299	1300
1299	1301
1299	1302
1299	1303
1299	1304
1299	1305
1299	1306
1299	1307
1299	1308
1299	1309
1299	1310
1299	1311
1299	1312
1299	1313
1315	1314
1315	1317
1315	1318
1315	1321
1315	1322
1315	1323
1316	1315
1316	1320
1316	1381
1316	1326
1320	1319
1325	1324
1325	1327
1325	1330
1325	1331
1325	1333
1326	1325
1326	1329
1326	1378
1326	1383
1326	1384
1326	1385
1326	1386
1326	1387
1326	1388
1326	1389
1326	1395
1326	1396
1326	1397
1329	1328
1329	1332
1335	1334
1335	1349
1336	1335
1336	1338
1336	1366
1336	1369
1338	1337
1338	1347
1338	1348
1338	1350
1340	1339
1341	1340
1341	1346
1341	1360
1341	1362
1343	1342
1344	1343
1344	1353
1344	1364
1344	1374
1346	1345
1352	1351
1353	1352
1353	1355
1353	1356
1353	1358
1355	1354
1356	1357
1358	1359
1360	1361
1362	1363
1364	1365
1366	1367
1366	1368
1369	1370
1369	1371
1369	1372
1369	1373
1376	1375
1376	1377
1378	1379
1378	1380
1381	1382
1389	1390
1389	1391
1389	1392
1389	1393
1389	1394
1399	1398
1399	1403
1399	1407
1398	1400
1398	1401
1398	1402
1403	1404
1403	1405
1407	1406
1407	1408
1407	1409
1407	1410
1412	1411
1412	1416
1412	1420
1411	1413
1411	1414
1411	1415
1416	1417
1416	1418
1420	1419
1420	1421
1420	1422
1420	1423
1425	1424
1425	1439
1425	1506
1425	1508
1425	1510
1425	1512
1425	1513
1425	1516
1427	1426
1427	1431
1427	1432
1427	1433
1427	1434
1428	1427
1428	1436
1428	1440
1428	1446
1430	1429
1436	1435
1436	1437
1438	1428
1438	1451
1438	1473
1438	1492
1438	1498
1438	1501
1438	1503
1438	1504
1438	1505
1438	1507
1438	1509
1438	1511
1438	1514
1438	1515
1440	1441
1440	1442
1440	1443
1440	1444
1440	1445
1446	1447
1446	1448
1446	1449
1446	1450
1451	1452
1451	1460
1451	1468
1451	1470
1452	1453
1452	1454
1452	1459
1454	1455
1454	1456
1454	1457
1454	1458
1460	1461
1460	1462
1460	1466
1462	1463
1462	1464
1462	1465
1468	1467
1468	1471
1470	1469
1470	1472
1473	1474
1473	1479
1473	1484
1473	1489
1474	1475
1474	1476
1474	1477
1474	1478
1479	1480
1479	1481
1479	1482
1484	1483
1484	1485
1484	1486
1484	1487
1489	1488
1489	1490
1489	1491
1492	1493
1492	1496
1495	1494
1495	1497
1498	1499
1498	1500
1503	1502
1518	1517
1520	1519
1522	1521
1522	1523
1522	1524
1522	1526
1521	1525
1521	1527
1521	1528
1530	1529
1530	1533
1530	1532
1529	1531
1529	1533
1531	1532
1533	1534
1534	1535
1534	1536
1537	1533
1538	1534
1538	1531
1538	1535
1538	1542
1538	1563
1538	1540
1538	1541
1538	1544
1538	1545
1538	1546
1538	1564
1538	1554
1538	1573
1538	1576
1539	1540
1539	1541
1539	1542
1539	1544
1539	1545
1539	1546
1542	1543
1550	1549
1550	1551
1552	1553
1552	1555
1553	1554
1557	1556
1557	1558
1559	1531
1559	1576
1561	1560
1562	1542
1562	1563
1562	1540
1562	1541
1562	1544
1562	1545
1562	1546
1567	1566
1567	1568
1568	1569
1568	1570
1568	1571
1573	1572
1575	1574
1578	1577
1578	1582
1577	1580
1577	1581
1579	1578
1584	1583
1584	1595
1585	1584
1585	1596
1586	1585
1588	1587
1588	1603
1588	1636
1589	1588
1591	1590
1591	1619
1592	1591
1594	1593
1594	1624
1598	1597
1598	1634
1599	1598
1599	1602
1599	1635
1600	1599
1601	1598
1605	1604
1605	1608
1605	1609
1605	1610
1605	1617
1605	1618
1606	1605
1608	1607
1608	1611
1608	1612
1608	1613
1608	1614
1608	1615
1608	1616
1619	1620
1619	1621
1619	1622
1624	1623
1624	1625
1625	1626
1625	1627
1626	1628
1626	1631
1627	1629
1627	1630
1633	1632
1638	1637
1638	1647
1638	1652
1641	1640
1641	1643
1641	1642
1640	1642
1640	1643
1645	1644
1645	1647
1645	1656
1646	1644
1646	1661
1648	1645
1648	1657
1648	1660
1648	3972
1648	3991
1648	3993
1648	3995
1648	3977
1648	3978
1648	3979
1648	3980
1648	3981
1649	1648
1649	1794
1649	1800
1649	1807
1649	1817
1649	2022
1649	2182
1649	2183
1649	2010
1649	3993
1649	4185
1649	4221
1649	4222
1649	4223
1649	4224
1649	4225
1649	4226
1649	4227
1649	4228
1649	3981
1650	1649
1650	2130
1650	3976
1652	1651
1653	1654
1653	1655
1659	1658
1660	1659
1660	2020
1660	2021
1660	2025
1660	2030
1660	2037
1660	2014
1660	3982
1660	3983
1660	3984
1660	3985
1660	3986
1660	3987
1660	3988
1660	3989
1660	3990
1660	3992
1666	1665
1666	1667
1668	1667
1670	1669
1670	1671
1670	1672
1670	1676
1675	1674
1677	1678
1679	1680
1679	1681
1679	1682
1683	1684
1686	1685
1685	1687
1685	1690
1687	1688
1687	1689
1691	740
1691	1693
1691	1699
1691	1779
1691	1781
1691	1797
1691	1805
1692	1691
1692	1778
1692	1788
1693	741
1693	1694
1693	1695
1693	1698
1693	1707
1693	1711
1693	1719
1694	742
1695	745
1695	1696
1695	1701
1695	1708
1696	751
1696	1697
1696	1702
1696	1704
1696	1710
1696	1716
1696	1718
1696	1737
1697	752
1698	763
1698	1700
1698	1706
1698	1709
1698	1713
1699	1698
1699	1700
1699	1795
1699	775
1700	764
1701	746
1701	1705
1701	1712
1701	1740
1702	757
1702	1703
1702	1715
1702	1717
1703	758
1704	753
1705	749
1706	765
1707	743
1708	750
1709	766
1710	754
1711	744
1712	747
1713	767
1713	1714
1713	1738
1713	1739
1714	768
1715	759
1716	755
1717	760
1718	756
1719	762
1721	1720
1722	1721
1722	2003
1722	2004
1722	2005
1722	4189
1725	1724
1727	732
1727	1734
1727	1791
1728	1727
1729	1727
1730	1727
1730	2028
1730	2202
1731	1727
1731	2029
1731	2203
1732	1727
1732	732
1732	2800
1732	2801
1732	2803
1732	2804
1732	3708
1732	3782
1732	3883
1732	3946
1733	733
1734	1733
1734	734
1737	761
1738	769
1739	770
1740	748
1742	1741
1742	1743
1742	1744
1746	1745
1748	1747
1748	2496
1748	2518
1748	2549
1751	1750
1753	1752
1753	1756
1753	1764
1753	1765
1753	1775
1754	1753
1754	1755
1754	1757
1754	1778
1754	1813
1755	1752
1757	1756
1757	1791
1762	1761
1765	1766
1765	1767
1767	1768
1767	1772
1767	1773
1767	1774
1768	1769
1768	1770
1768	1771
1777	1776
1778	1765
1778	1779
1778	1787
1779	1767
1779	1780
1779	1795
1779	1796
1779	1804
1780	1768
1780	1782
1780	1784
1780	1811
1781	1780
1781	1783
1781	1785
1781	1812
1781	771
1782	1769
1783	1782
1783	772
1784	1770
1785	1784
1785	773
1787	1766
1788	1787
1788	739
1791	1764
1793	1792
1793	1798
1793	1801
1793	1802
1793	1803
1793	2287
1793	3155
1793	4206
1794	1792
1794	2009
1794	2020
1794	2034
1795	1772
1796	1774
1797	1796
1797	777
1800	1799
1800	2025
1804	1773
1805	1804
1805	776
1807	1806
1807	2030
1809	1808
1809	2032
1811	1771
1812	1811
1812	774
1813	1775
1814	1813
1814	2036
1815	1814
1817	1816
1817	2013
1817	2015
1817	2037
1820	1819
1820	3292
1820	3293
1820	3295
1820	3296
1820	3297
1820	3300
1820	3301
1820	3302
1820	3303
1821	1820
1821	3223
1821	3230
1821	3267
1821	3290
1821	3304
1822	1821
1822	3209
1822	3220
1822	3307
1822	3308
1823	1822
1831	289
1831	245
1833	1832
1833	1841
1833	1842
1833	1843
1834	1833
1834	1836
1834	1839
1836	1835
1836	1840
1838	1837
1839	1838
1845	1844
1845	1866
1848	1847
1849	1848
1849	1869
1849	1870
1849	2976
1849	2977
1851	1850
1851	1873
1851	1884
1853	1852
1855	1854
1855	1858
1857	1856
1857	1859
1857	1860
1863	1862
1863	1874
1865	1864
1869	1868
1870	1868
1870	1871
1876	1875
1878	1877
1878	3947
1878	3954
1878	3831
1883	1882
1883	1885
1883	1887
1885	1886
1890	1891
1890	1898
1891	1892
1891	1893
1891	1894
1891	1895
1891	1897
1895	1896
1901	1900
1901	3012
1902	1901
1904	1903
1904	3006
1906	1905
1906	3160
1907	1906
1907	2294
1907	3158
1907	3159
1907	3620
1907	3621
1908	1905
1910	1909
1910	2292
1910	2487
1910	3148
1910	3592
1910	3599
1910	3603
1911	1910
1911	2293
1911	2488
1911	2496
1911	3149
1911	3505
1911	3593
1915	1914
1916	1915
1916	1921
1916	1922
1916	1923
1917	1916
1918	1916
1919	1916
1920	1919
1925	1924
1925	1929
1925	1928
1925	1957
1925	1951
1925	1974
1925	1926
1925	1927
1925	1958
1925	1982
1925	1988
1925	1992
1925	1993
1924	1926
1924	1927
1929	1928
1929	1947
1930	1929
1930	1957
1930	1951
1930	1958
1932	1931
1932	1938
1932	1945
1932	1974
1933	1932
1933	1935
1934	1931
1934	1945
1935	1934
1935	1939
1937	1936
1937	1995
1939	1938
1939	1974
1940	1939
1941	1943
1941	1944
1942	1941
1949	1948
1948	1951
1950	1948
1950	1953
1951	1952
1951	1953
1953	1954
1954	1955
1955	1956
1957	1958
1958	1959
1958	1962
1958	1963
1958	1971
1958	1972
1959	1960
1959	1961
1963	1964
1963	1967
1963	1969
1964	1965
1964	1966
1967	1968
1969	1970
1973	1953
1973	3625
1974	1975
1977	1976
1978	1958
1978	1979
1978	1980
1978	1966
1979	1963
1979	1972
1980	1972
1981	1980
1984	1983
1984	1954
1986	1943
1986	1989
1986	1990
1986	1991
1986	1944
1986	4187
1987	1943
1987	1944
1987	4187
1994	1993
1997	1996
1997	2000
1998	1997
1999	1996
1999	2026
1999	2255
2002	2001
2006	771
2008	2007
2008	2033
2010	2009
2010	2027
2010	2034
2010	2182
2010	2183
2010	3973
2010	3975
2010	3977
2010	3978
2010	3979
2010	3980
2010	3981
2010	1660
2012	2011
2012	2019
2014	2013
2014	2015
2018	2017
2019	2018
2022	2021
2032	2031
2035	2036
2047	2048
2050	2049
2054	2053
2054	2055
2097	2102
2104	2103
2104	2105
2104	2124
2107	2106
2107	2108
2107	2144
2110	2109
2110	2113
2110	2119
2111	2110
2111	2117
2113	2112
2113	2118
2114	2112
2114	2122
2115	2112
2115	2123
2117	2116
2121	2120
2121	2141
2123	2122
2123	2130
2127	2126
2129	2128
2129	2190
2132	2131
2133	2132
2133	2157
2133	2176
2135	2134
2135	2136
2135	2137
2139	2138
2139	2142
2140	2139
2140	2143
2143	2142
2143	2145
2147	2146
2147	2168
2147	2170
2147	2171
2147	2172
2147	2177
2147	2178
2147	2186
2147	4190
2148	1175
2148	2149
2148	2158
2149	1176
2150	2149
2150	2158
2152	2151
2152	2160
2152	2169
2152	2162
2152	2163
2152	2187
2154	2155
2154	2156
2158	1177
2158	1180
2160	2159
2159	2161
2159	2166
2159	2167
2161	2162
2161	2163
2161	2164
2161	2165
2175	2174
2180	2179
2180	2181
2185	2184
2185	2188
2185	2189
2192	2191
2194	2193
2196	2195
2198	2197
2198	4000
2198	4001
2198	4002
2198	4003
2199	2200
2199	2201
2205	2204
2205	2206
2205	2207
2205	2208
2205	2211
2210	2209
2216	2215
2216	2217
2218	2217
2219	2218
2219	3458
2219	3483
2222	2221
2223	2222
2223	2224
2223	2225
2223	2226
2229	2228
2229	2232
2229	2233
2229	2235
2229	2279
2229	2281
2231	2230
2231	2234
2231	2280
2231	4101
2231	4102
2231	4103
2237	2236
2237	2244
2236	2239
2236	2240
2236	2241
2238	2236
2239	2245
2239	2246
2241	2242
2241	2243
2248	2247
2248	2250
2248	2251
2248	2252
2264	2263
2263	2265
2263	2266
2266	2267
2269	2268
2268	2270
2270	2271
2271	2272
2274	2273
2274	4072
2273	2275
2273	2276
2273	2277
2273	2278
2282	2283
2289	2288
2289	2290
2292	2291
2292	2511
2292	3094
2292	3095
2292	3096
2292	3104
2292	3105
2293	2292
2296	2295
2296	2297
2296	2298
2300	2299
2300	2301
2300	2306
2303	2302
2303	2304
2305	2304
2305	3615
2305	4213
2308	2307
2308	2309
2308	2311
2308	2313
2308	2314
2311	2310
2311	2312
2316	2315
2316	2319
2316	2321
2316	2322
2316	2323
2325	2324
2326	2325
2330	386
2330	387
2332	2331
2332	2333
2332	2334
2337	2338
2337	2339
2337	4196
2337	4197
2337	4198
2337	4199
2341	2340
2341	2342
2347	2346
2349	2348
2353	2352
2355	2356
2355	2357
2355	2358
2355	2359
2361	2360
2361	3735
2361	3737
2361	3738
2369	2368
2369	2376
2369	2382
2369	2385
2369	2389
2369	2395
2369	2403
2369	2412
2371	2370
2371	2377
2371	2386
2371	2394
2371	2396
2371	2404
2371	2413
2373	2372
2373	2378
2373	2380
2373	2383
2373	2387
2373	2390
2373	2397
2373	2405
2373	2407
2373	2410
2373	2414
2375	2374
2375	2379
2375	2381
2375	2384
2375	2388
2375	2391
2375	2392
2375	2393
2375	2398
2375	2399
2375	2406
2375	2408
2375	2411
2375	2415
2401	2400
2401	2402
2409	2408
2418	2417
2418	2469
2418	2470
2420	2419
2420	2423
2425	2424
2425	2443
2425	2444
2425	2465
2428	2427
2432	2431
2434	2433
2434	2435
2434	2437
2434	2438
2434	2439
2441	2440
2443	2442
2443	2445
2443	2451
2450	2449
2450	2456
2451	2452
2451	2453
2451	2454
2457	2458
2457	2459
2457	2460
2461	2462
2461	2464
2462	2463
2467	2466
2472	2471
2479	2478
2479	2494
2481	2480
2481	2482
2484	2483
2484	2657
2484	2658
2484	2730
2486	2485
2487	2486
2487	2862
2487	2872
2487	2892
2487	2899
2488	2487
2489	2488
2489	2755
2489	363
2489	2759
2489	4104
2489	4106
2489	4107
2489	4111
2489	4112
2491	2490
2491	2517
2493	2492
2493	2652
2494	2495
2501	2500
2501	2522
2501	2523
2501	2764
2501	2765
2501	2828
2501	2857
2501	2916
2501	2917
2501	2922
2501	2924
2501	2925
2501	2930
2501	2931
2501	2932
2503	2502
2502	2504
2502	2505
2505	2506
2505	2507
2509	2508
2509	3063
2509	3064
2509	3065
2509	3066
2509	3067
2509	3068
2509	3069
2509	3070
2509	3071
2510	2509
2510	3048
2510	3049
2510	3053
2510	3054
2510	3057
2510	3058
2510	3059
2510	3072
2511	2510
2511	2762
2511	3074
2511	3083
2511	3084
2511	3085
2511	3086
2511	3089
2511	3090
2511	3091
2511	3092
2511	3093
2512	2513
2512	2514
2514	2515
2514	2516
2519	2520
2519	2521
2528	2527
2528	2532
2528	2533
2528	2536
2528	2541
2528	2542
2528	2543
2529	2528
2529	2567
2530	2529
2530	2531
2530	2568
2531	2528
2533	2534
2533	2535
2536	2537
2536	2538
2536	2539
2536	2540
2543	2544
2546	2545
2547	2546
2547	2548
2547	2550
2552	2551
2552	2554
2552	2555
2552	2556
2552	2564
2553	2552
2558	2557
2558	2582
2558	2583
2558	2585
2558	2586
2557	2559
2557	2560
2557	2561
2557	2562
2557	2563
2566	2565
2566	2569
2566	2576
2566	2577
2566	2578
2566	2579
2566	2580
2567	2566
2567	2572
2567	2574
2568	2567
2571	2570
2571	2573
2572	2571
2572	2581
2574	2575
2583	2584
2588	2587
2590	2589
2593	2592
2593	2594
2593	2595
2593	2596
2593	2597
2599	2598
2603	2602
2603	2608
2602	2604
2602	2605
2602	2606
2602	2607
2610	2609
2610	3320
2612	2611
2612	2613
2612	2614
2618	2617
2620	2619
2620	2624
2620	2625
2620	2626
2620	2627
2620	2628
2620	2629
2620	2630
2620	2631
2621	2620
2621	2660
2622	2621
2622	2634
2622	2655
2622	2679
2622	2732
2622	2752
2622	2753
2623	2621
2633	2632
2633	2677
2633	2707
2634	2636
2634	2637
2634	2638
2634	2639
2634	2640
2634	2641
2634	2642
2634	2643
2634	2644
2635	2634
2635	2679
2646	2645
2646	2738
2647	2646
2649	2648
2649	2740
2651	2650
2652	2651
2654	2653
2654	2705
2654	2729
2655	2654
2655	2693
2656	2655
2660	2659
2660	2662
2660	2663
2660	2665
2660	2667
2660	2669
2660	2671
2660	2673
2660	2675
2660	2706
2659	2661
2663	2664
2665	2666
2667	2668
2669	2670
2671	2672
2673	2674
2675	2676
2679	2678
2679	2689
2679	2708
2679	2736
2678	2680
2678	2681
2678	2682
2678	2683
2678	2684
2678	2685
2678	2686
2678	2687
2689	2688
2689	2717
2691	2690
2691	2718
2693	2692
2693	2719
2692	2695
2692	2696
2692	2697
2692	2698
2692	2699
2692	2700
2692	2701
2692	2702
2692	2703
2694	2693
2704	2699
2708	2709
2708	2710
2708	2711
2708	2712
2708	2713
2708	2714
2708	2715
2708	2716
2719	2720
2719	2721
2719	2722
2719	2723
2719	2724
2719	2725
2719	2726
2719	2727
2719	2728
2733	2732
2734	2733
2734	2763
2738	2737
2740	2739
2742	2741
2742	3527
2742	3528
2742	3529
2743	2742
2744	2743
2747	2746
2747	2748
2747	2749
2747	2754
2751	2750
2757	2756
2757	2953
2757	2984
2757	2985
2757	2986
2761	2760
2768	2769
2768	2770
2768	2771
2773	2772
2773	2774
2776	2775
2776	2785
2776	2793
2775	2777
2775	2778
2775	2779
2775	2780
2783	2782
2788	2789
2788	2790
2797	2798
2802	2801
2820	2819
2820	2822
2820	3310
2820	3311
2820	3312
2820	3313
2820	3314
2820	3315
2821	2820
2821	3309
2821	4212
2824	2823
2824	3221
2824	3316
2824	3319
2826	2825
2826	2827
2845	2844
2857	2856
2857	2858
2858	2859
2860	2861
2862	2863
2862	2864
2862	2865
2862	2866
2862	2867
2862	2868
2862	2869
2862	2870
2862	2871
2872	2873
2872	2876
2872	2877
2872	2878
2872	2879
2872	2880
2872	2889
2872	2890
2872	2891
2873	2874
2873	2875
2880	2881
2880	2884
2880	2885
2880	2886
2880	2887
2880	2888
2881	2882
2881	2883
2892	2893
2892	2894
2892	2895
2892	2896
2892	2897
2892	2898
2899	2900
2899	2901
2903	2902
2903	2905
2903	2906
2903	2908
2904	2903
2906	2907
2910	2909
2910	2914
2912	2911
2912	2914
2914	2913
2914	2915
2920	2919
2920	2921
2924	2923
2927	2926
2927	2929
2928	2927
2928	2933
2933	2934
2933	2935
2937	2936
2950	2949
2952	2951
2955	2954
2955	3776
2955	3933
2955	3934
2957	2956
2957	2958
2957	2959
2961	2960
2962	2961
2962	2973
2962	2971
2962	2966
2964	2963
2964	2971
2964	2970
2963	2966
2965	2964
2965	2962
2968	2967
2968	2969
2971	2970
2971	2966
2973	2972
2978	2979
2980	2981
2980	2982
2989	2988
2989	2991
2990	2988
2990	2991
2992	2993
2999	2998
2998	3000
3004	3003
3010	3009
3010	3011
3010	3631
3010	4186
3013	3014
3020	3019
3020	3023
3020	3024
3020	3025
3020	3028
3020	3029
3019	3022
3021	3020
3021	3032
3021	3033
3025	3026
3025	3027
3032	3031
3033	3024
3037	3036
3040	3039
3042	3041
3042	3153
3045	3044
3045	3046
3045	3047
3049	3050
3049	3051
3049	3052
3054	3055
3054	3056
3059	3060
3059	3061
3059	3062
3074	3073
3074	3076
3074	3077
3074	3081
3074	3082
3073	3075
3077	3078
3077	3079
3077	3080
3086	3087
3086	3088
3086	3110
3086	3111
3086	3112
3089	3108
3089	3118
3092	3114
3092	3115
3096	3097
3096	3098
3096	3099
3096	3100
3096	3101
3096	3102
3096	3103
3107	3106
3107	3109
3107	3113
3107	4209
3117	3116
3133	3132
3133	3135
3133	3138
3134	3133
3134	4211
3137	3136
3137	4210
3142	3141
3144	3143
3146	3145
3146	3447
3148	3150
3149	3148
3155	3154
3155	3156
3155	3157
3155	3526
3155	3671
3162	3161
3162	3169
3162	3170
3162	3171
3162	3172
3162	3173
3162	3174
3162	3175
3162	3176
3162	3177
3162	3178
3162	3179
3162	3180
3161	3163
3163	3164
3163	3165
3165	3166
3167	3168
3182	3181
3181	3183
3181	3184
3181	3185
3181	3186
3181	3187
3181	3188
3181	3189
3181	3190
3181	3191
3181	3192
3181	3195
3181	3198
3181	3199
3181	3200
3181	3201
3181	3202
3192	3193
3192	3194
3195	3196
3195	3197
3207	3206
3209	3208
3209	3210
3209	3211
3209	3212
3209	3213
3209	3214
3209	3215
3209	3216
3209	3217
3209	3218
3209	3219
3223	3222
3223	3237
3223	3238
3223	3239
3223	3240
3223	3241
3223	3242
3223	3243
3223	3244
3223	3245
3223	3246
3223	3247
3223	3249
3223	3250
3223	3252
3223	3253
3223	3254
3223	3255
3223	3256
3223	3257
3223	3258
3223	3259
3223	3260
3223	3261
3223	3262
3223	3263
3223	3264
3223	3265
3223	3266
3222	3224
3222	3225
3222	3226
3222	3227
3222	3228
3222	3229
3230	3231
3230	3232
3230	3233
3230	3234
3230	3235
3235	3236
3247	3248
3250	3251
3267	3268
3267	3269
3267	3270
3267	3271
3267	3272
3267	3273
3267	3274
3267	3275
3267	3276
3267	3277
3267	3278
3267	3279
3267	3280
3267	3281
3267	3282
3267	3283
3267	3284
3267	3285
3267	3286
3267	3287
3267	3288
3267	3289
3290	3291
3293	3294
3297	3298
3297	3299
3304	3305
3304	3306
3316	3317
3319	3318
3323	3322
3323	3324
3327	3326
3334	3333
3334	3370
3334	3372
3334	3373
3334	3381
3334	3385
3334	3386
3372	3371
3380	3379
3382	3383
3385	3384
3433	3434
3436	3435
3436	3437
3436	3448
3451	3450
3451	3452
3451	3453
3453	3454
3456	3455
3458	3457
3458	3466
3458	3473
3457	3460
3459	3457
3459	3461
3459	3460
3466	3468
3467	3466
3467	3469
3467	3468
3473	3475
3474	3473
3474	3476
3474	3475
3480	3479
3480	3486
3482	3481
3482	3485
3482	3487
3483	3484
3489	3488
3489	3490
3489	3691
3492	3491
3494	3493
3496	3495
3498	3497
3498	3502
3497	3499
3497	3500
3500	3501
3502	3501
3502	3686
3502	3689
3504	3503
3504	3506
3504	3507
3505	3504
3505	3509
3505	3510
3505	3512
3505	3516
3505	3517
3505	3519
3509	3508
3509	3518
3512	3511
3512	3513
3515	3514
3516	3515
3521	3520
3521	3522
3521	3530
3521	3672
3524	3523
3525	2995
3532	3531
3532	3535
3534	3533
3535	3536
3535	3537
3539	3538
3539	3540
3539	3541
3543	3542
3543	3544
3543	3545
3549	3548
3548	3550
3548	3551
3548	3554
3548	3566
3551	3552
3551	3553
3554	3555
3554	3556
3554	3557
3554	3558
3554	3559
3554	3560
3554	3561
3554	3562
3554	3563
3554	3564
3554	3565
3566	3567
3566	3568
3573	3572
3573	3575
3573	3579
3576	3577
3581	3580
3582	3581
3582	3584
3584	3583
3584	3585
3586	3587
3593	3592
3593	3603
3597	3596
3602	3601
3603	3602
3605	3604
3607	3606
3607	3611
3607	3612
3607	3613
3607	3614
3608	3607
3610	3609
3610	3624
3618	3617
3620	3619
3619	3622
3621	3619
3621	3623
3628	3627
3628	3630
3629	3627
3633	3632
3635	3634
3634	3636
3634	3637
3640	3639
3640	3484
3644	3643
3644	3645
3644	3647
3644	3650
3647	3646
3646	3648
3648	3649
3654	3653
3654	3655
3654	3659
3654	3662
3654	3663
3657	3656
3657	3658
3661	3660
3667	3666
3667	3669
3668	3667
3668	3670
3674	3673
3674	3678
3674	3679
3674	3680
3674	3681
3674	3682
3674	3683
3674	3684
3674	3685
3674	3686
3674	3687
3674	3688
3674	3689
3674	3690
3673	3675
3673	3676
3673	3677
3692	3693
3697	3696
3697	4214
3699	3700
3700	3701
3703	3702
3703	3704
3706	498
3706	499
3706	500
3707	3706
3707	3708
3711	3710
3723	3722
3726	3725
3726	3728
3725	3727
3725	3728
3725	3731
3728	3729
3728	3730
3733	3732
3733	3734
3736	3735
3736	3737
3736	3738
3736	3739
3736	3740
3736	3741
3736	3742
3744	3745
3747	3746
3749	3748
3749	3898
3749	493
3749	494
3751	3750
3751	3899
3754	3753
3757	3756
3757	3904
3759	3758
3759	3761
3759	3762
3761	3760
3762	3763
3765	3764
3767	3766
3767	3769
3769	3768
3771	3770
3771	3773
3770	3772
3775	2985
3779	3778
3779	3780
3785	3784
3786	3785
3786	3818
3786	3845
3786	3852
3786	3956
3788	3787
3788	3791
3788	3793
3788	3794
3788	3797
3788	3947
3787	3789
3791	3790
3793	3792
3793	3795
3793	3796
3798	3799
3798	3800
3804	3803
3804	3807
3804	3808
3803	3805
3803	3806
3810	3809
3810	3811
3810	3812
3814	3813
3814	3815
3821	3820
3821	3822
3824	3823
3824	3826
3824	3829
3824	3954
3826	3825
3826	3830
3826	3831
3834	3833
3834	3859
3833	3835
3835	3836
3835	3837
3838	3839
3838	3840
3838	3841
3843	3842
3843	3857
3843	3868
3848	3847
3847	399
3847	400
3850	3849
3850	3879
3851	3850
3851	3866
3851	3876
3851	3877
3855	3854
3855	3861
3855	3867
3857	3856
3857	3862
3859	3858
3859	3860
3870	3869
3870	3888
3870	3948
3870	3949
3872	3871
3874	3873
3876	3875
3879	3878
3881	3880
3885	3884
3885	3889
3885	3950
3885	3951
3887	3886
3891	3890
3892	3890
3893	3890
3895	3894
3896	3895
3897	3894
3902	3901
3906	3905
3906	3912
3906	3913
3909	3908
3909	3910
3909	3911
3916	3915
3918	3917
3918	3920
3918	3921
3918	3922
3920	3919
3920	3923
3925	3924
3925	3927
3927	3926
3929	3928
3929	3931
3928	3930
3936	3935
3936	3938
3940	3939
3940	3942
3940	3943
3940	3944
3956	3955
3958	3957
3961	3960
3961	3968
3960	3962
3960	3963
3960	3964
3960	3965
3960	3966
3960	3967
3970	3969
3974	3973
3974	4220
3974	1649
3976	3975
3976	4221
3976	4222
3976	4223
3976	4224
3976	4225
3976	4226
3976	4227
3976	4228
3976	1648
3976	3981
3982	1658
3995	3982
3995	3983
3995	3984
3995	3985
3995	3986
3995	3987
3995	3988
3995	3989
3995	3990
3997	3996
3997	3998
3997	3999
4005	4004
4006	4004
4008	4009
4012	4011
4014	4013
4014	4015
4016	4017
4018	4019
4018	4020
4018	4021
4018	4022
4018	4023
4018	4024
4018	4025
4018	4026
4018	4027
4018	4028
4018	4029
4018	4030
4018	4031
4018	4032
4033	4034
4033	4035
4033	4036
4033	4037
4033	4038
4033	4039
4033	4040
4033	4041
4033	4042
4033	4043
4033	4044
4033	4045
4033	4046
4033	4047
4033	4048
4033	4049
4050	4051
4050	4052
4053	4054
4053	4055
4059	4060
4061	4062
4061	4063
4061	4064
4072	2275
4072	2276
4072	2277
4072	2278
4073	567
4073	568
4082	642
4082	640
4082	645
4083	650
4084	655
4084	659
4092	3206
4095	3866
4095	3877
4095	3876
4095	3850
4097	4098
4099	4100
4105	4047
4109	4108
4109	4110
4113	4114
4115	4116
4115	4114
4115	4117
4115	4118
4119	4120
4121	4117
4121	4118
4122	4116
4122	4114
4122	4117
4122	4118
4123	4120
4124	4116
4124	4114
4124	4117
4124	4118
4124	4125
4127	4128
4129	465
4130	4131
4130	4132
4130	4133
4134	4135
4134	4136
4134	4137
4134	4138
4134	4139
4141	4142
4141	4143
4144	4079
4144	4145
4144	4146
4144	4147
4144	4148
4144	4149
4144	4150
4144	515
4144	4151
4144	4152
4144	4153
4144	4154
4144	4155
4144	4156
4144	4157
4144	4158
4153	2283
4157	3538
4157	3540
4157	3541
4159	4160
4159	4161
4159	4162
4166	4165
4166	4167
4175	4174
4175	4178
4175	4184
4180	4179
4188	4187
4191	4192
4191	4193
4194	4195
4205	2434
4215	4216
4215	4217
4215	4218
4215	4219
4222	1792
4222	2009
4222	2020
4222	2034
4223	2021
4224	1799
4224	2025
4225	1806
4225	2030
4226	1816
4226	2013
4226	2015
4226	2037
