1	0
1	15
1	16
1	17
1	18
2	1
2	8
2	11
2	14
2	19
2	20
2	21
2	22
2	23
2	24
2	25
2	26
2	27
2	28
2	29
2	30
2	43
2	44
2	45
2	46
2	47
2	48
3	2
3	122
3	136
3	143
3	144
3	145
3	146
4	3
5	4
6	5
7	6
8	9
8	10
11	12
11	13
13	49
13	50
30	31
30	32
30	33
30	34
30	35
30	36
30	37
30	38
30	39
30	40
30	41
30	42
43	4115
43	4118
43	4119
43	4120
44	4123
44	4127
44	4128
44	4129
44	4130
44	4131
44	4132
44	4133
52	51
52	55
52	58
52	61
52	67
52	68
52	69
52	70
52	71
52	72
52	73
52	74
52	75
52	76
52	77
52	121
52	151
52	152
52	153
52	154
52	155
52	156
52	157
52	158
52	159
52	160
52	161
52	162
53	52
54	53
55	56
55	57
58	59
61	60
61	63
61	64
61	65
61	66
63	62
79	78
79	3221
79	3226
79	3270
79	3271
79	3272
81	80
81	3181
81	3182
81	3183
81	3184
83	82
83	3189
83	3819
83	3968
85	84
85	1829
85	2607
85	3185
85	3210
85	3816
85	3965
87	86
87	2504
87	2505
87	2506
87	2531
87	2532
87	2533
87	2742
87	2892
87	2893
87	2894
87	2895
87	2896
87	2897
87	2898
87	2899
87	2900
87	2901
87	2902
87	2903
87	2904
87	2905
87	2906
87	2909
87	2910
87	2911
87	2912
87	2913
87	2914
87	2915
87	2916
87	2917
87	2918
87	3002
87	3003
87	3004
87	3005
87	3006
87	3007
87	3008
88	87
88	3000
88	3001
90	89
90	1830
90	3186
90	3187
90	3188
91	90
91	2608
91	3203
92	91
93	91
93	321
93	324
93	325
93	333
93	335
93	339
93	375
93	380
93	410
93	430
93	516
93	585
93	606
93	612
93	618
93	622
93	627
93	632
93	633
93	641
93	665
93	681
93	684
93	1858
93	1868
93	2255
93	2288
93	2299
93	2300
93	2335
93	2763
93	3017
93	2250
93	3176
93	3175
93	3208
93	3565
93	3592
93	3691
93	3809
93	3821
93	3823
93	3832
93	3836
93	3839
93	3840
93	3844
93	3855
93	3871
93	3877
93	3881
93	3883
93	3886
93	3888
93	3891
93	3899
93	3911
93	3918
93	3979
93	3983
93	3990
93	3994
93	3997
93	3047
93	1190
93	1191
93	1192
93	4001
93	4006
93	4018
93	314
93	4208
95	94
95	99
97	96
97	102
97	1065
97	1066
97	3637
97	3641
97	3642
97	3644
97	3657
98	97
98	1131
98	3650
98	3654
98	3658
98	3659
98	3662
98	3663
99	98
99	1839
99	1884
101	100
102	101
102	3668
104	103
104	1012
104	2292
104	2295
104	2356
104	2366
104	2368
104	2369
104	2370
104	2371
105	104
105	1297
105	2253
105	2254
105	2257
105	2258
105	2268
105	2342
105	2355
105	2360
105	2361
105	2366
105	2367
105	2428
105	2455
105	2468
105	3971
105	4265
105	4266
105	4267
105	4268
105	4269
107	106
108	107
108	1680
108	1993
108	2028
110	109
110	2259
110	2262
110	2264
110	2481
110	2482
110	2483
112	111
112	2226
112	2233
112	2260
112	2263
112	2265
112	2475
112	2480
112	2484
114	113
115	114
115	1684
115	1688
115	2003
115	2029
115	2341
117	116
119	118
119	2205
119	2357
119	2453
119	2454
119	2464
120	119
120	2433
120	2472
124	123
124	312
124	531
124	620
124	1791
124	2462
124	3089
124	3764
124	3775
124	3781
124	3884
126	125
126	163
126	164
126	165
126	166
126	167
126	168
126	169
126	170
126	171
126	172
126	173
126	178
126	179
126	1227
126	1946
126	2028
126	2029
126	2031
126	2033
126	2034
126	2037
126	2043
126	4069
126	4072
128	127
128	1856
128	1881
128	1888
128	1893
128	1894
128	1895
128	1904
129	128
129	1021
129	2754
129	3732
129	3784
130	129
130	290
130	569
130	580
130	583
130	705
130	734
130	786
130	1228
130	1678
130	1682
130	1747
130	1885
130	1918
130	2044
130	2045
130	2046
130	2047
130	2048
130	2049
130	2050
130	2051
130	2056
130	2057
130	2134
130	2159
130	2179
130	2425
130	2817
130	2828
130	2839
130	2844
130	2846
130	2847
130	2849
130	2850
130	2851
130	2854
130	2855
130	2857
130	2858
130	2859
130	2860
130	2862
130	2868
130	2869
130	2870
130	2871
130	2872
130	2873
130	2874
130	2875
130	2876
130	2878
130	2879
130	2880
130	2881
130	3062
130	3778
130	3780
130	3782
130	3783
130	3785
130	3850
130	3853
130	4078
131	130
131	147
131	180
131	311
131	312
131	440
131	490
131	532
131	539
131	601
131	635
131	785
131	842
131	875
131	907
131	996
131	1022
131	1106
131	1109
131	1110
131	1566
131	1990
131	2622
131	2830
131	3037
131	3097
131	3180
131	3703
131	3771
131	3868
131	3913
132	133
135	134
135	1539
135	1544
135	1552
135	1553
135	1536
135	1547
135	1568
135	1545
135	1546
135	1549
135	1550
135	1551
135	1569
135	1570
135	1559
135	1560
135	1578
136	137
136	138
136	139
136	140
136	141
136	142
147	148
150	149
174	175
177	176
182	181
184	183
186	185
186	2061
186	2062
186	2063
186	2064
186	2065
186	2066
186	2067
186	2068
186	2069
186	2070
186	2071
186	2072
186	2073
186	2074
186	2075
186	2076
186	2077
186	2078
186	2079
186	2080
186	2081
186	2082
186	2083
186	2084
186	2085
186	2086
186	2087
186	2088
186	2089
186	2090
186	2091
186	2092
186	2093
186	2094
186	2095
186	2096
186	2097
186	2098
186	2099
186	2100
186	2101
186	2102
186	2103
186	2104
186	2105
186	2106
187	186
189	188
189	190
189	191
189	192
189	193
189	194
189	195
189	196
198	197
198	199
198	211
198	2974
198	3557
198	3698
198	3733
198	3758
198	3760
200	199
200	201
200	203
200	205
200	207
202	201
202	2617
202	2616
202	2887
202	2972
202	2975
202	3694
204	203
206	205
206	1823
206	2508
206	2973
206	2981
206	2991
206	3179
206	3190
206	3199
206	3719
206	4272
208	207
208	2815
208	2908
208	3615
208	3638
208	3639
208	3720
210	209
210	212
210	213
210	214
210	4189
216	215
216	839
216	864
216	902
216	1908
216	2381
216	2386
216	2388
216	2391
216	2395
216	2398
216	2399
216	2400
216	2405
216	2406
216	2413
216	2415
216	2418
216	2422
215	219
215	223
215	225
215	227
215	228
217	215
218	215
220	219
220	223
220	225
220	227
221	219
221	223
221	225
221	227
221	228
222	219
222	223
222	225
222	227
224	223
226	225
226	227
230	229
230	231
230	232
230	236
230	282
230	285
230	284
230	238
230	239
230	240
230	241
230	287
230	244
230	245
230	246
230	250
230	259
230	262
230	263
230	266
230	264
230	265
230	267
230	268
230	269
230	270
230	271
230	274
230	275
230	277
229	231
229	232
229	233
229	234
229	235
229	236
229	237
229	238
229	239
229	240
229	241
229	242
229	243
229	244
229	245
229	246
229	247
229	248
229	249
229	250
229	251
229	252
229	253
229	254
229	255
229	256
229	257
229	258
229	259
229	260
229	261
229	262
229	263
229	264
229	265
229	266
229	267
229	268
229	269
229	270
229	271
229	272
229	273
229	274
229	275
229	276
229	277
231	278
231	279
236	282
236	283
236	285
236	286
236	287
236	288
270	3009
270	3010
281	280
283	284
290	289
290	291
290	292
290	293
290	294
290	295
290	296
290	297
290	298
290	299
290	300
290	301
290	302
290	303
290	304
290	305
290	306
290	307
290	308
310	309
310	374
310	407
310	466
310	492
310	641
310	651
310	657
310	2335
310	2503
310	363
310	2829
310	3036
310	3064
310	3066
310	3178
310	3274
310	3724
310	3813
310	3916
310	3918
310	3065
310	4140
310	4141
310	4142
310	4143
310	4144
310	4145
310	4146
310	4147
310	4148
310	4149
310	4150
310	4151
310	4152
310	4153
310	4154
310	4155
310	4156
310	4157
310	4158
310	4159
310	314
310	4192
314	313
314	320
313	315
313	316
316	317
316	321
317	318
317	324
320	319
320	316
320	325
322	321
321	318
323	322
323	324
323	325
323	372
323	373
323	374
323	375
323	377
323	378
323	379
323	380
323	381
323	392
323	393
323	400
323	401
323	406
323	407
323	408
323	409
323	410
323	413
323	414
323	430
323	602
323	603
323	633
323	683
323	715
323	716
323	717
323	727
323	728
323	1655
323	1834
323	1912
323	2245
323	2255
323	2299
323	2335
323	385
323	386
323	2429
323	2250
323	3176
323	3206
323	3821
323	3840
323	3869
323	3894
323	3895
323	3911
323	3915
323	3920
323	3930
323	3931
323	3932
323	3972
323	4006
323	4036
326	325
326	566
326	1768
326	2130
326	3285
326	3842
326	316
326	4135
326	4136
326	4137
326	4138
326	4139
325	317
328	327
328	329
331	330
331	1917
331	2762
331	2765
331	2766
331	3388
331	3666
331	3684
333	332
333	335
333	339
332	335
332	339
334	333
334	1910
334	1922
334	1923
334	1925
334	1924
334	1921
334	2423
334	2428
334	3101
335	336
335	337
335	338
339	340
342	341
342	357
344	343
344	349
345	344
345	353
345	354
345	359
346	344
346	350
346	353
346	354
348	347
352	351
352	358
352	1294
352	2443
356	355
361	360
361	436
361	624
361	1908
361	1916
361	2495
361	2498
361	2575
361	362
361	3198
361	3901
361	3065
361	4167
361	4174
360	362
360	363
365	364
367	366
367	2752
367	4204
369	368
369	370
369	371
369	925
369	1728
369	1731
369	1740
369	1741
369	1754
369	1794
369	1795
369	1814
369	1815
369	1831
369	1832
369	1833
369	1835
369	3614
369	4056
369	4171
369	4173
375	376
381	382
381	383
381	384
381	387
381	388
381	389
381	390
384	385
384	386
392	391
392	680
392	2336
392	2429
392	3093
392	3894
392	4017
393	394
393	397
394	395
394	396
397	398
397	399
401	402
401	403
401	404
401	405
408	317
410	411
410	412
415	416
418	417
418	416
420	419
420	856
420	973
420	1148
420	1667
420	2218
420	3102
420	3530
420	3533
420	3540
420	3706
422	421
422	1668
422	2219
422	3531
422	3538
422	3545
422	3709
424	423
424	877
424	876
424	880
424	881
424	882
424	883
424	884
424	885
424	886
424	887
424	888
424	900
424	902
424	906
424	1097
424	1099
424	1101
424	1105
424	1107
424	1108
424	1111
424	1149
424	1150
424	1229
424	1243
424	1669
424	2220
424	2372
424	2373
424	2374
424	2381
424	2386
424	2388
424	2391
424	2395
424	2398
424	2399
424	2400
424	2405
424	2406
424	2413
424	2418
424	2422
424	3067
424	3532
424	3539
424	3546
424	3710
426	425
426	433
426	434
427	428
430	429
430	2435
430	2437
432	431
436	435
436	439
436	444
437	435
437	835
439	438
439	442
439	443
439	445
440	441
447	446
447	448
447	449
447	455
447	456
447	3828
451	450
451	4280
452	450
452	453
452	454
458	457
458	3019
457	459
457	460
457	461
463	462
465	464
465	467
465	468
465	469
465	470
465	471
465	472
465	473
465	474
465	489
465	476
465	477
465	478
465	479
465	480
465	481
465	482
465	483
465	484
465	485
466	465
466	475
475	476
475	477
475	478
475	479
475	480
475	481
475	482
475	483
475	484
475	485
487	486
487	834
487	889
488	486
490	491
492	493
492	494
496	495
496	3098
496	3773
495	497
495	501
497	498
497	499
497	500
503	502
503	504
505	506
508	507
510	509
511	512
511	513
515	514
515	523
516	515
516	517
516	518
516	519
516	520
516	521
516	522
516	2266
516	2267
516	2288
516	2290
516	2291
516	3094
516	3607
516	4002
516	314
522	523
525	524
526	525
526	529
528	527
528	530
534	533
536	535
538	537
539	540
542	541
542	544
542	545
542	547
542	574
542	577
542	578
542	579
543	542
543	541
543	544
543	545
547	546
547	560
547	562
547	563
547	564
547	565
547	571
547	573
546	548
546	550
546	551
546	552
546	553
546	554
546	555
546	556
546	557
546	558
546	559
548	549
560	561
566	567
566	568
571	570
571	572
574	575
574	576
582	581
583	582
583	604
583	621
583	634
583	720
583	733
585	584
585	591
585	593
585	594
585	597
585	718
584	587
586	585
586	606
586	612
586	618
586	622
586	641
586	674
586	681
586	684
586	923
586	3017
586	3809
586	3823
586	3832
586	3836
586	3839
586	3844
586	3855
586	3871
586	3881
586	3883
586	3886
586	3888
586	3891
586	3899
586	3918
586	3979
586	3983
586	3990
586	3994
586	3997
586	3047
586	1190
586	1191
586	1192
586	4001
586	3056
589	588
591	590
593	592
593	595
593	596
598	599
598	600
606	605
606	607
606	608
606	609
606	610
606	731
612	611
612	615
612	616
611	613
611	614
618	617
618	619
624	623
624	725
623	625
625	626
627	628
627	629
627	630
632	631
632	723
632	730
637	636
637	3810
638	637
640	639
641	640
641	642
641	645
644	643
645	644
645	719
647	646
649	648
649	1166
649	1165
649	1732
649	736
649	1762
649	1886
649	3517
649	3519
649	3779
651	650
650	652
654	653
654	2333
654	2349
654	2350
655	654
655	653
655	2351
655	2353
657	656
657	660
659	658
659	671
659	3845
662	661
662	672
663	662
663	2764
663	3040
663	3042
663	3045
664	663
664	3048
665	664
665	923
665	2763
665	3051
665	3593
665	3772
665	4227
666	665
666	691
666	1849
666	1871
666	1922
666	1923
666	1925
666	1924
666	1921
666	3015
666	3059
666	3072
666	3074
666	3075
666	3076
666	3077
666	3786
666	4273
667	662
669	668
670	669
670	3846
674	673
674	1188
674	1189
674	1190
673	679
675	674
675	1151
675	1174
675	1175
675	1180
675	1187
675	1193
675	1194
675	1195
675	1196
675	1197
676	675
676	1204
677	676
677	678
677	1152
677	1154
677	1157
677	1159
677	1760
677	1222
677	2154
677	1187
677	2825
677	1194
678	674
678	3063
683	682
683	3817
683	3841
683	3966
684	685
685	686
685	687
685	688
690	689
691	690
691	711
691	4227
693	692
693	712
693	719
693	731
693	732
693	702
692	695
694	693
694	697
694	703
694	713
694	714
697	696
697	698
697	699
697	700
697	701
697	702
702	695
702	1877
705	704
707	706
709	708
709	710
722	721
722	729
725	724
725	726
735	736
736	737
736	738
736	739
741	740
740	743
740	744
742	740
742	1697
744	745
744	775
744	779
744	780
744	781
745	746
745	747
745	748
745	749
745	766
745	767
749	750
749	753
749	754
749	755
750	751
750	752
755	756
755	757
755	758
755	759
755	760
755	761
755	765
761	762
761	763
761	764
767	768
767	769
767	770
767	771
771	772
771	773
771	774
775	776
775	777
775	778
783	782
783	784
786	787
789	788
789	890
789	892
789	894
788	792
788	793
790	788
791	790
791	891
791	893
791	895
791	4233
791	4246
795	794
797	796
797	809
797	810
797	811
797	812
797	819
797	822
797	826
797	827
797	830
797	831
797	832
797	833
797	836
797	837
797	841
797	843
797	844
796	798
796	800
796	801
796	804
796	805
796	806
796	807
796	808
798	799
801	802
801	803
814	813
814	816
813	815
816	817
816	818
821	820
822	823
825	824
829	828
835	834
835	889
835	4229
839	838
840	838
846	845
847	846
847	849
847	853
847	4234
847	4235
847	4236
847	4237
847	4240
847	4241
847	4242
847	4247
847	4248
849	848
851	850
851	855
852	851
853	852
853	4238
854	850
856	857
856	858
860	859
862	861
863	862
863	4228
866	865
866	867
866	869
866	870
866	871
866	872
867	868
874	873
877	876
877	881
877	882
877	883
877	884
877	885
877	886
877	887
877	888
879	878
891	890
893	892
895	894
897	896
899	898
901	900
903	902
905	904
909	908
909	913
909	914
909	918
909	921
909	992
909	993
909	994
910	909
911	910
911	950
912	910
912	949
916	915
916	991
917	916
918	917
918	989
920	919
921	920
921	995
923	922
923	1850
923	2822
923	3050
923	3053
923	3054
923	3055
923	3056
923	3057
925	924
925	926
928	927
928	980
928	1851
928	1866
928	1872
928	2334
928	2598
928	2823
928	3761
928	3787
928	3790
928	3848
928	4010
930	929
930	931
930	932
930	933
935	934
935	986
936	934
938	937
940	939
939	941
939	942
944	943
944	945
947	946
946	952
948	947
948	953
948	954
949	948
949	955
949	956
949	957
949	958
949	959
949	960
950	949
951	950
951	961
951	962
951	1003
951	1005
964	963
964	965
964	2738
964	3211
964	4024
965	966
968	967
968	969
968	970
968	972
971	970
971	972
975	974
977	976
977	978
977	979
977	1951
977	1958
982	981
982	985
984	983
988	987
989	990
998	997
998	999
998	1000
1002	1001
1003	1004
1005	1006
1005	1011
1006	1007
1006	1008
1006	1009
1006	1010
1014	1013
1014	2321
1014	2323
1014	2324
1014	2325
1014	2326
1014	2327
1014	2328
1014	2329
1014	2436
1016	1015
1016	1017
1016	1018
1019	1018
1021	1020
1024	1023
1024	1029
1024	1033
1024	1034
1024	3395
1024	3397
1024	3399
1024	3405
1024	3406
1024	3407
1024	3408
1024	3409
1024	3410
1024	3411
1024	3412
1024	3413
1024	3414
1024	3415
1024	3417
1024	3420
1024	3421
1024	3424
1024	3425
1024	3426
1024	3427
1024	3428
1024	3429
1024	3430
1024	3431
1024	3432
1024	3433
1024	3434
1024	3437
1024	3442
1024	3443
1024	3445
1024	3448
1024	3455
1024	3456
1024	3459
1024	3460
1024	3462
1024	3463
1024	3465
1024	3467
1024	3468
1024	3470
1024	3471
1024	3472
1024	3473
1024	3474
1024	3477
1024	3478
1024	3483
1024	3485
1024	3486
1024	3491
1024	3492
1024	3493
1024	3494
1024	3496
1024	3497
1024	3498
1024	3499
1024	3505
1024	3509
1024	3510
1024	3511
1024	3512
1024	3513
1024	3514
1025	1024
1025	1028
1025	1031
1025	1113
1025	1121
1025	3392
1025	3396
1025	3400
1025	3402
1025	3404
1025	3416
1025	3422
1025	3444
1025	3446
1025	3450
1025	3457
1025	3458
1025	3464
1025	3466
1025	3475
1025	3476
1025	3481
1025	3487
1025	3488
1025	3490
1026	1025
1026	3398
1026	3469
1026	3502
1028	1027
1028	1032
1028	1063
1028	1119
1028	1122
1028	1125
1031	1030
1031	1035
1031	1036
1031	1038
1031	1118
1031	1124
1031	1126
1031	3403
1031	3418
1031	3419
1031	3423
1031	3435
1031	3436
1031	3461
1031	3479
1031	3480
1031	3482
1031	3484
1031	3489
1031	3495
1031	3500
1031	3506
1031	3507
1031	3508
1038	1037
1038	1039
1038	1040
1038	1041
1038	1042
1038	1043
1038	1044
1038	1045
1038	1046
1038	1047
1038	1048
1038	1049
1038	1050
1038	1051
1038	1052
1038	1053
1038	1054
1038	1055
1038	1056
1038	1057
1038	1058
1038	1059
1038	1060
1038	1061
1038	1062
1065	1064
1065	1073
1065	1074
1065	1075
1065	1076
1065	1077
1065	1078
1065	1079
1065	1080
1065	1081
1065	1082
1065	1083
1065	1084
1065	1085
1065	1086
1065	1087
1065	1088
1065	1089
1065	1090
1065	1091
1065	1092
1065	1093
1065	1094
1065	1095
1065	1096
1066	1067
1066	1068
1066	1069
1066	1070
1066	1071
1066	1072
1098	1097
1100	1099
1103	1102
1103	1104
1113	1112
1113	1114
1113	1115
1113	1116
1113	1117
1113	1123
1121	1120
1128	1127
1128	1134
1129	1128
1129	1133
1129	1137
1130	1129
1130	1146
1131	1130
1131	3646
1131	3656
1133	1132
1133	1135
1137	1136
1137	1139
1137	1140
1137	1142
1137	1144
1139	1138
1139	1141
1139	1143
1139	1145
1146	1147
1151	1152
1151	1153
1151	1161
1153	1154
1153	1156
1153	1157
1153	1159
1154	1155
1157	1158
1159	1160
1161	1162
1164	1163
1164	1644
1166	1165
1166	2623
1168	1167
1168	1221
1168	1763
1168	2877
1168	3061
1167	1169
1169	1170
1172	1171
1171	1173
1175	1176
1175	1177
1177	1178
1177	1179
1180	1181
1180	1185
1180	1186
1181	1182
1181	1184
1182	1183
1190	1191
1190	1192
1199	1198
1199	1200
1202	1201
1204	1203
1204	1222
1204	1223
1204	1224
1204	1225
1204	1226
1203	1205
1207	1206
1209	1208
1209	1765
1208	1211
1210	1209
1210	1764
1210	2021
1210	3765
1213	1212
1213	1215
1213	1216
1213	1217
1213	1218
1213	1219
1213	1220
1214	1213
1214	1215
1229	1230
1229	1235
1229	1236
1230	1231
1230	1232
1230	1233
1230	1234
1235	1241
1235	1242
1236	1237
1236	1238
1238	1239
1238	1240
1245	1244
1245	1247
1245	1251
1245	1254
1245	1255
1245	1256
1245	1287
1245	1288
1245	1289
1245	1290
1245	1291
1246	1245
1246	1249
1246	1299
1246	1304
1249	1248
1249	1250
1249	1252
1249	1253
1258	1257
1258	1268
1258	1275
1258	1277
1258	1278
1259	1258
1259	1261
1261	1260
1261	1273
1261	1274
1261	1276
1261	1279
1261	1282
1263	1262
1264	1263
1264	1270
1266	1265
1267	1266
1267	1272
1270	1269
1272	1271
1280	1267
1280	1281
1280	1259
1280	1286
1281	1283
1281	1284
1281	1285
1293	1292
1294	1293
1296	1295
1296	1298
1297	1296
1299	1300
1299	1301
1299	1302
1299	1303
1304	1305
1304	1306
1304	1307
1304	1308
1304	1309
1304	1310
1304	1311
1304	1312
1304	1313
1304	1314
1304	1315
1304	1316
1304	1317
1304	1318
1320	1319
1320	1322
1320	1323
1320	1326
1320	1327
1320	1328
1321	1320
1321	1325
1321	1386
1321	1331
1325	1324
1330	1329
1330	1332
1330	1335
1330	1336
1330	1338
1331	1330
1331	1334
1331	1383
1331	1388
1331	1389
1331	1390
1331	1391
1331	1392
1331	1393
1331	1394
1331	1400
1331	1401
1331	1402
1334	1333
1334	1337
1340	1339
1340	1354
1341	1340
1341	1343
1341	1371
1341	1374
1343	1342
1343	1352
1343	1353
1343	1355
1345	1344
1346	1345
1346	1351
1346	1365
1346	1367
1348	1347
1349	1348
1349	1358
1349	1369
1349	1379
1351	1350
1357	1356
1358	1357
1358	1360
1358	1361
1358	1363
1360	1359
1361	1362
1363	1364
1365	1366
1367	1368
1369	1370
1371	1372
1371	1373
1374	1375
1374	1376
1374	1377
1374	1378
1381	1380
1381	1382
1383	1384
1383	1385
1386	1387
1394	1395
1394	1396
1394	1397
1394	1398
1394	1399
1404	1403
1404	1408
1404	1412
1403	1405
1403	1406
1403	1407
1408	1409
1408	1410
1412	1411
1412	1413
1412	1414
1412	1415
1417	1416
1417	1421
1417	1425
1416	1418
1416	1419
1416	1420
1421	1422
1421	1423
1425	1424
1425	1426
1425	1427
1425	1428
1430	1429
1430	1444
1430	1511
1430	1513
1430	1515
1430	1517
1430	1518
1430	1521
1432	1431
1432	1436
1432	1437
1432	1438
1432	1439
1433	1432
1433	1441
1433	1445
1433	1451
1435	1434
1441	1440
1441	1442
1443	1433
1443	1456
1443	1478
1443	1497
1443	1503
1443	1506
1443	1508
1443	1509
1443	1510
1443	1512
1443	1514
1443	1516
1443	1519
1443	1520
1445	1446
1445	1447
1445	1448
1445	1449
1445	1450
1451	1452
1451	1453
1451	1454
1451	1455
1456	1457
1456	1465
1456	1473
1456	1475
1457	1458
1457	1459
1457	1464
1459	1460
1459	1461
1459	1462
1459	1463
1465	1466
1465	1467
1465	1471
1467	1468
1467	1469
1467	1470
1473	1472
1473	1476
1475	1474
1475	1477
1478	1479
1478	1484
1478	1489
1478	1494
1479	1480
1479	1481
1479	1482
1479	1483
1484	1485
1484	1486
1484	1487
1489	1488
1489	1490
1489	1491
1489	1492
1494	1493
1494	1495
1494	1496
1497	1498
1497	1501
1500	1499
1500	1502
1503	1504
1503	1505
1508	1507
1523	1522
1525	1524
1527	1526
1527	1528
1527	1529
1527	1531
1526	1530
1526	1532
1526	1533
1535	1534
1535	1538
1535	1537
1534	1536
1534	1538
1536	1537
1538	1539
1539	1540
1539	1541
1542	1538
1543	1539
1543	1536
1543	1540
1543	1547
1543	1568
1543	1545
1543	1546
1543	1549
1543	1550
1543	1551
1543	1569
1543	1559
1543	1578
1543	1581
1544	1545
1544	1546
1544	1547
1544	1549
1544	1550
1544	1551
1547	1548
1555	1554
1555	1556
1557	1558
1557	1560
1558	1559
1562	1561
1562	1563
1564	1536
1564	1581
1566	1565
1567	1547
1567	1568
1567	1545
1567	1546
1567	1549
1567	1550
1567	1551
1572	1571
1572	1573
1573	1574
1573	1575
1573	1576
1578	1577
1580	1579
1583	1582
1583	1587
1582	1585
1582	1586
1584	1583
1589	1588
1589	1600
1590	1589
1590	1601
1591	1590
1593	1592
1593	1608
1593	1641
1594	1593
1596	1595
1596	1624
1597	1596
1599	1598
1599	1629
1603	1602
1603	1639
1604	1603
1604	1607
1604	1640
1605	1604
1606	1603
1610	1609
1610	1613
1610	1614
1610	1615
1610	1622
1610	1623
1611	1610
1613	1612
1613	1616
1613	1617
1613	1618
1613	1619
1613	1620
1613	1621
1624	1625
1624	1626
1624	1627
1629	1628
1629	1630
1630	1631
1630	1632
1631	1633
1631	1636
1632	1634
1632	1635
1638	1637
1643	1642
1643	1652
1643	1657
1646	1645
1646	1648
1646	1647
1645	1647
1645	1648
1650	1649
1650	1652
1650	1661
1651	1649
1651	1666
1653	1650
1653	1662
1653	1665
1653	4034
1653	4053
1653	4055
1653	4057
1653	4039
1653	4040
1653	4041
1653	4042
1653	4043
1654	1653
1654	1799
1654	1805
1654	1812
1654	1822
1654	2027
1654	2188
1654	2189
1654	2015
1654	4055
1654	4250
1654	4288
1654	4289
1654	4290
1654	4291
1654	4292
1654	4293
1654	4294
1654	4295
1654	4043
1655	1654
1655	2135
1655	2151
1655	4038
1657	1656
1658	1659
1658	1660
1664	1663
1665	1664
1665	2025
1665	2026
1665	2030
1665	2035
1665	2042
1665	2019
1665	4044
1665	4045
1665	4046
1665	4047
1665	4048
1665	4049
1665	4050
1665	4051
1665	4052
1665	4054
1671	1670
1671	1672
1673	1672
1675	1674
1675	1676
1675	1677
1675	1681
1680	1679
1682	1683
1684	1685
1684	1686
1684	1687
1688	1689
1691	1690
1690	1692
1690	1695
1692	1693
1692	1694
1696	744
1696	1698
1696	1704
1696	1784
1696	1786
1696	1802
1696	1810
1697	1696
1697	1783
1697	1793
1698	745
1698	1699
1698	1700
1698	1703
1698	1712
1698	1716
1698	1724
1699	746
1700	749
1700	1701
1700	1706
1700	1713
1701	755
1701	1702
1701	1707
1701	1709
1701	1715
1701	1721
1701	1723
1701	1742
1702	756
1703	767
1703	1705
1703	1711
1703	1714
1703	1718
1704	1703
1704	1705
1704	1800
1704	779
1705	768
1706	750
1706	1710
1706	1717
1706	1745
1707	761
1707	1708
1707	1720
1707	1722
1708	762
1709	757
1710	753
1711	769
1712	747
1713	754
1714	770
1715	758
1716	748
1717	751
1718	771
1718	1719
1718	1743
1718	1744
1719	772
1720	763
1721	759
1722	764
1723	760
1724	766
1726	1725
1727	1726
1727	2008
1727	2009
1727	2010
1727	4254
1730	1729
1732	736
1732	1739
1732	1796
1733	1732
1734	1732
1735	1732
1735	2033
1735	2208
1736	1732
1736	2034
1736	2209
1737	1732
1737	736
1737	2863
1737	2864
1737	2866
1737	2867
1737	3774
1737	3849
1737	4011
1738	737
1739	1738
1739	738
1742	765
1743	773
1744	774
1745	752
1747	1746
1747	1748
1747	1749
1751	1750
1753	1752
1753	2503
1753	2525
1753	2556
1756	1755
1758	1757
1758	1761
1758	1769
1758	1770
1758	1780
1759	1758
1759	1760
1759	1762
1759	1783
1759	1818
1760	1757
1762	1761
1762	1796
1767	1766
1770	1771
1770	1772
1772	1773
1772	1777
1772	1778
1772	1779
1773	1774
1773	1775
1773	1776
1782	1781
1783	1770
1783	1784
1783	1792
1784	1772
1784	1785
1784	1800
1784	1801
1784	1809
1785	1773
1785	1787
1785	1789
1785	1816
1786	1785
1786	1788
1786	1790
1786	1817
1786	775
1787	1774
1788	1787
1788	776
1789	1775
1790	1789
1790	777
1792	1771
1793	1792
1793	743
1796	1769
1798	1797
1798	1803
1798	1806
1798	1807
1798	1808
1798	2293
1798	3214
1798	4271
1799	1797
1799	2014
1799	2025
1799	2039
1800	1777
1801	1779
1802	1801
1802	781
1805	1804
1805	2030
1809	1778
1810	1809
1810	780
1812	1811
1812	2035
1814	1813
1814	2037
1816	1776
1817	1816
1817	778
1818	1780
1819	1818
1819	2041
1820	1819
1822	1821
1822	2018
1822	2020
1822	2042
1825	1824
1825	3359
1825	3360
1825	3362
1825	3363
1825	3364
1825	3367
1825	3368
1825	3369
1825	3370
1826	1825
1826	3290
1826	3297
1826	3334
1826	3357
1826	3371
1827	1826
1827	3276
1827	3287
1827	3374
1827	3375
1828	1827
1836	288
1836	244
1838	1837
1838	1846
1838	1847
1838	1848
1839	1838
1839	1841
1839	1844
1841	1840
1841	1845
1843	1842
1844	1843
1850	1849
1850	1871
1853	1852
1854	1853
1854	1874
1854	1875
1854	3038
1854	3039
1856	1855
1856	1878
1856	1889
1858	1857
1860	1859
1860	1863
1862	1861
1862	1864
1862	1865
1868	1867
1868	1879
1870	1869
1874	1873
1875	1873
1875	1876
1881	1880
1883	1882
1883	4012
1883	4019
1883	3898
1888	1887
1888	1890
1888	1892
1890	1891
1895	1896
1895	1903
1896	1897
1896	1898
1896	1899
1896	1900
1896	1902
1900	1901
1906	1905
1906	3071
1907	1906
1909	1908
1909	3065
1911	1910
1911	3219
1912	1911
1912	2300
1912	3217
1912	3218
1912	3688
1912	3689
1913	1910
1915	1914
1915	2298
1915	2494
1915	3207
1915	3660
1915	3667
1915	3671
1916	1915
1916	2299
1916	2495
1916	2503
1916	3208
1916	3573
1916	3661
1920	1919
1921	1920
1921	1926
1921	1927
1921	1928
1922	1921
1923	1921
1924	1921
1925	1924
1930	1929
1930	1934
1930	1933
1930	1962
1930	1956
1930	1979
1930	1931
1930	1932
1930	1963
1930	1987
1930	1993
1930	1997
1930	1998
1929	1931
1929	1932
1934	1933
1934	1952
1935	1934
1935	1962
1935	1956
1935	1963
1937	1936
1937	1943
1937	1950
1937	1979
1938	1937
1938	1940
1939	1936
1939	1950
1940	1939
1940	1944
1942	1941
1942	2000
1944	1943
1944	1979
1945	1944
1946	1948
1946	1949
1947	1946
1954	1953
1953	1956
1955	1953
1955	1958
1956	1957
1956	1958
1958	1959
1959	1960
1960	1961
1962	1963
1963	1964
1963	1967
1963	1968
1963	1976
1963	1977
1964	1965
1964	1966
1968	1969
1968	1972
1968	1974
1969	1970
1969	1971
1972	1973
1974	1975
1978	1958
1978	3693
1979	1980
1982	1981
1983	1963
1983	1984
1983	1985
1983	1971
1984	1968
1984	1977
1985	1977
1986	1985
1989	1988
1989	1959
1991	1948
1991	1994
1991	1995
1991	1996
1991	1949
1991	4252
1992	1948
1992	1949
1992	4252
1999	1998
2002	2001
2002	2005
2003	2002
2004	2001
2004	2031
2004	2261
2007	2006
2011	775
2013	2012
2013	2038
2015	2014
2015	2032
2015	2039
2015	2188
2015	2189
2015	4035
2015	4037
2015	4039
2015	4040
2015	4041
2015	4042
2015	4043
2015	1665
2017	2016
2017	2024
2019	2018
2019	2020
2023	2022
2024	2023
2027	2026
2037	2036
2040	2041
2052	2053
2055	2054
2059	2058
2059	2060
2102	2107
2109	2108
2109	2110
2109	2129
2112	2111
2112	2113
2112	2149
2115	2114
2115	2118
2115	2124
2116	2115
2116	2122
2118	2117
2118	2123
2119	2117
2119	2127
2120	2117
2120	2128
2122	2121
2126	2125
2126	2146
2128	2127
2128	2135
2132	2131
2134	2133
2134	2196
2137	2136
2138	2137
2138	2163
2138	2182
2140	2139
2140	2141
2140	2142
2144	2143
2144	2147
2145	2144
2145	2148
2148	2147
2148	2150
2153	2152
2153	2174
2153	2176
2153	2177
2153	2178
2153	2183
2153	2184
2153	2192
2153	4255
2154	1180
2154	2155
2154	2164
2155	1181
2156	2155
2156	2164
2158	2157
2158	2166
2158	2175
2158	2168
2158	2169
2158	2193
2160	2161
2160	2162
2164	1182
2164	1185
2166	2165
2165	2167
2165	2172
2165	2173
2167	2168
2167	2169
2167	2170
2167	2171
2181	2180
2186	2185
2186	2187
2191	2190
2191	2194
2191	2195
2198	2197
2200	2199
2202	2201
2204	2203
2204	4062
2204	4063
2204	4064
2204	4065
2205	2206
2205	2207
2211	2210
2211	2212
2211	2213
2211	2214
2211	2217
2216	2215
2222	2221
2222	2223
2224	2223
2225	2224
2225	3526
2225	3551
2228	2227
2229	2228
2229	2230
2229	2231
2229	2232
2235	2234
2235	2238
2235	2239
2235	2241
2235	2285
2235	2287
2237	2236
2237	2240
2237	2286
2237	4164
2237	4165
2237	4166
2243	2242
2243	2250
2242	2245
2242	2246
2242	2247
2244	2242
2245	2251
2245	2252
2247	2248
2247	2249
2254	2253
2254	2256
2254	2257
2254	2258
2270	2269
2269	2271
2269	2272
2272	2273
2275	2274
2274	2276
2276	2277
2277	2278
2280	2279
2280	4134
2279	2281
2279	2282
2279	2283
2279	2284
2288	2289
2295	2294
2295	2296
2298	2297
2298	2518
2298	3153
2298	3154
2298	3155
2298	3163
2298	3164
2299	2298
2302	2301
2302	2303
2302	2304
2306	2305
2306	2307
2306	2312
2309	2308
2309	2310
2311	2310
2311	3683
2311	4278
2314	2313
2314	2315
2314	2317
2314	2319
2314	2320
2317	2316
2317	2318
2322	2321
2322	2325
2322	2327
2322	2328
2322	2329
2331	2330
2332	2331
2336	385
2336	386
2338	2337
2338	2339
2338	2340
2343	2344
2343	2345
2343	4261
2343	4262
2343	4263
2343	4264
2347	2346
2347	2348
2353	2352
2355	2354
2359	2358
2361	2362
2361	2363
2361	2364
2361	2365
2367	2366
2367	3801
2367	3803
2367	3804
2376	2375
2376	2383
2376	2389
2376	2392
2376	2396
2376	2402
2376	2410
2376	2419
2378	2377
2378	2384
2378	2393
2378	2401
2378	2403
2378	2411
2378	2420
2380	2379
2380	2385
2380	2387
2380	2390
2380	2394
2380	2397
2380	2404
2380	2412
2380	2414
2380	2417
2380	2421
2382	2381
2382	2386
2382	2388
2382	2391
2382	2395
2382	2398
2382	2399
2382	2400
2382	2405
2382	2406
2382	2413
2382	2415
2382	2418
2382	2422
2408	2407
2408	2409
2416	2415
2425	2424
2425	2476
2425	2477
2427	2426
2427	2430
2432	2431
2432	2450
2432	2451
2432	2472
2435	2434
2439	2438
2441	2440
2441	2442
2441	2444
2441	2445
2441	2446
2448	2447
2450	2449
2450	2452
2450	2458
2457	2456
2457	2463
2458	2459
2458	2460
2458	2461
2464	2465
2464	2466
2464	2467
2468	2469
2468	2471
2469	2470
2474	2473
2479	2478
2486	2485
2486	2501
2488	2487
2488	2489
2491	2490
2491	2664
2491	2665
2491	2737
2493	2492
2494	2493
2494	2925
2494	2935
2494	2955
2494	2962
2495	2494
2496	2495
2496	2762
2496	362
2496	2766
2496	4167
2496	4169
2496	4170
2496	4174
2496	4175
2498	2497
2498	2524
2500	2499
2500	2659
2501	2502
2508	2507
2508	2529
2508	2530
2508	2771
2508	2772
2508	2891
2508	2920
2508	2979
2508	2980
2508	2985
2508	2987
2508	2988
2508	2993
2508	2994
2508	2995
2510	2509
2509	2511
2509	2512
2512	2513
2512	2514
2516	2515
2516	3122
2516	3123
2516	3124
2516	3125
2516	3126
2516	3127
2516	3128
2516	3129
2516	3130
2517	2516
2517	3107
2517	3108
2517	3112
2517	3113
2517	3116
2517	3117
2517	3118
2517	3131
2518	2517
2518	2769
2518	3133
2518	3142
2518	3143
2518	3144
2518	3145
2518	3148
2518	3149
2518	3150
2518	3151
2518	3152
2519	2520
2519	2521
2521	2522
2521	2523
2526	2527
2526	2528
2535	2534
2535	2539
2535	2540
2535	2543
2535	2548
2535	2549
2535	2550
2536	2535
2536	2574
2537	2536
2537	2538
2537	2575
2538	2535
2540	2541
2540	2542
2543	2544
2543	2545
2543	2546
2543	2547
2550	2551
2553	2552
2554	2553
2554	2555
2554	2557
2559	2558
2559	2561
2559	2562
2559	2563
2559	2571
2560	2559
2565	2564
2565	2589
2565	2590
2565	2592
2565	2593
2564	2566
2564	2567
2564	2568
2564	2569
2564	2570
2573	2572
2573	2576
2573	2583
2573	2584
2573	2585
2573	2586
2573	2587
2574	2573
2574	2579
2574	2581
2575	2574
2578	2577
2578	2580
2579	2578
2579	2588
2581	2582
2590	2591
2595	2594
2597	2596
2600	2599
2600	2601
2600	2602
2600	2603
2600	2604
2606	2605
2610	2609
2610	2615
2609	2611
2609	2612
2609	2613
2609	2614
2617	2616
2617	3387
2619	2618
2619	2620
2619	2621
2625	2624
2627	2626
2627	2631
2627	2632
2627	2633
2627	2634
2627	2635
2627	2636
2627	2637
2627	2638
2628	2627
2628	2667
2629	2628
2629	2641
2629	2662
2629	2686
2629	2739
2629	2759
2629	2760
2630	2628
2640	2639
2640	2684
2640	2714
2641	2643
2641	2644
2641	2645
2641	2646
2641	2647
2641	2648
2641	2649
2641	2650
2641	2651
2642	2641
2642	2686
2653	2652
2653	2745
2654	2653
2656	2655
2656	2747
2658	2657
2659	2658
2661	2660
2661	2712
2661	2736
2662	2661
2662	2700
2663	2662
2667	2666
2667	2669
2667	2670
2667	2672
2667	2674
2667	2676
2667	2678
2667	2680
2667	2682
2667	2713
2666	2668
2670	2671
2672	2673
2674	2675
2676	2677
2678	2679
2680	2681
2682	2683
2686	2685
2686	2696
2686	2715
2686	2743
2685	2687
2685	2688
2685	2689
2685	2690
2685	2691
2685	2692
2685	2693
2685	2694
2696	2695
2696	2724
2698	2697
2698	2725
2700	2699
2700	2726
2699	2702
2699	2703
2699	2704
2699	2705
2699	2706
2699	2707
2699	2708
2699	2709
2699	2710
2701	2700
2711	2706
2715	2716
2715	2717
2715	2718
2715	2719
2715	2720
2715	2721
2715	2722
2715	2723
2726	2727
2726	2728
2726	2729
2726	2730
2726	2731
2726	2732
2726	2733
2726	2734
2726	2735
2740	2739
2741	2740
2741	2770
2745	2744
2747	2746
2749	2748
2749	3595
2749	3596
2749	3597
2750	2749
2751	2750
2754	2753
2754	2755
2754	2756
2754	2761
2758	2757
2764	2763
2764	3015
2764	3046
2764	3047
2768	2767
2774	2773
2774	2783
2773	2776
2773	2777
2775	2774
2775	2779
2775	2780
2775	2781
2775	2782
2775	2784
2775	2790
2775	2795
2775	2808
2775	2809
2775	2810
2775	2814
2779	2778
2784	2785
2784	2786
2784	2787
2784	2788
2784	2789
2790	2791
2790	2792
2790	2793
2790	2794
2795	2796
2795	2797
2795	2798
2795	2799
2795	2800
2795	2801
2795	2802
2795	2803
2803	2804
2803	2805
2803	2806
2803	2807
2812	2811
2812	3734
2812	3735
2813	2812
2813	3736
2817	2816
2817	2821
2819	2818
2819	2820
2825	2824
2825	3063
2827	2826
2831	2832
2831	2833
2831	2834
2836	2835
2836	2837
2839	2838
2839	2848
2839	2856
2838	2840
2838	2841
2838	2842
2838	2843
2846	2845
2851	2852
2851	2853
2860	2861
2865	2864
2883	2882
2883	2885
2883	3377
2883	3378
2883	3379
2883	3380
2883	3381
2883	3382
2884	2883
2884	3376
2884	4277
2887	2886
2887	3288
2887	3383
2887	3386
2889	2888
2889	2890
2908	2907
2920	2919
2920	2921
2921	2922
2923	2924
2925	2926
2925	2927
2925	2928
2925	2929
2925	2930
2925	2931
2925	2932
2925	2933
2925	2934
2935	2936
2935	2939
2935	2940
2935	2941
2935	2942
2935	2943
2935	2952
2935	2953
2935	2954
2936	2937
2936	2938
2943	2944
2943	2947
2943	2948
2943	2949
2943	2950
2943	2951
2944	2945
2944	2946
2955	2956
2955	2957
2955	2958
2955	2959
2955	2960
2955	2961
2962	2963
2962	2964
2966	2965
2966	2968
2966	2969
2966	2971
2967	2966
2969	2970
2973	2972
2973	2977
2975	2974
2975	2977
2977	2976
2977	2978
2983	2982
2983	2984
2987	2986
2990	2989
2990	2992
2991	2990
2991	2996
2996	2997
2996	2998
3000	2999
3012	3011
3014	3013
3017	3016
3017	3998
3017	3999
3019	3018
3019	3020
3019	3021
3023	3022
3024	3023
3024	3035
3024	3033
3024	3028
3026	3025
3026	3033
3026	3032
3025	3028
3027	3026
3027	3024
3030	3029
3030	3031
3033	3032
3033	3028
3035	3034
3040	3041
3042	3043
3042	3044
3050	3049
3050	3052
3051	3049
3051	3052
3059	3058
3058	3060
3069	3068
3069	3070
3069	3699
3069	4251
3072	3073
3079	3078
3079	3082
3079	3083
3079	3084
3079	3087
3079	3088
3078	3081
3080	3079
3080	3091
3080	3092
3084	3085
3084	3086
3091	3090
3092	3083
3096	3095
3099	3098
3101	3100
3101	3212
3104	3103
3104	3105
3104	3106
3108	3109
3108	3110
3108	3111
3113	3114
3113	3115
3118	3119
3118	3120
3118	3121
3133	3132
3133	3135
3133	3136
3133	3140
3133	3141
3132	3134
3136	3137
3136	3138
3136	3139
3145	3146
3145	3147
3145	3169
3145	3170
3145	3171
3148	3167
3148	3177
3151	3173
3151	3174
3155	3156
3155	3157
3155	3158
3155	3159
3155	3160
3155	3161
3155	3162
3166	3165
3166	3168
3166	3172
3166	4274
3176	3175
3192	3191
3192	3194
3192	3197
3193	3192
3193	4276
3196	3195
3196	4275
3201	3200
3203	3202
3205	3204
3205	3515
3207	3209
3208	3207
3214	3213
3214	3215
3214	3216
3214	3594
3214	3737
3221	3220
3221	3228
3221	3229
3221	3230
3221	3231
3221	3232
3221	3233
3221	3234
3221	3235
3221	3236
3221	3237
3221	3238
3221	3239
3221	3240
3221	3241
3221	3242
3221	3243
3220	3222
3222	3223
3222	3224
3224	3225
3226	3227
3245	3244
3244	3246
3244	3247
3244	3248
3244	3249
3244	3250
3244	3251
3244	3252
3244	3253
3244	3254
3244	3255
3244	3258
3244	3259
3244	3260
3244	3263
3244	3264
3244	3265
3244	3266
3244	3267
3244	3268
3244	3269
3255	3256
3255	3257
3260	3261
3260	3262
3274	3273
3276	3275
3276	3277
3276	3278
3276	3279
3276	3280
3276	3281
3276	3282
3276	3283
3276	3284
3276	3285
3276	3286
3290	3289
3290	3304
3290	3305
3290	3306
3290	3307
3290	3308
3290	3309
3290	3310
3290	3311
3290	3312
3290	3313
3290	3314
3290	3316
3290	3317
3290	3319
3290	3320
3290	3321
3290	3322
3290	3323
3290	3324
3290	3325
3290	3326
3290	3327
3290	3328
3290	3329
3290	3330
3290	3331
3290	3332
3290	3333
3289	3291
3289	3292
3289	3293
3289	3294
3289	3295
3289	3296
3297	3298
3297	3299
3297	3300
3297	3301
3297	3302
3302	3303
3314	3315
3317	3318
3334	3335
3334	3336
3334	3337
3334	3338
3334	3339
3334	3340
3334	3341
3334	3342
3334	3343
3334	3344
3334	3345
3334	3346
3334	3347
3334	3348
3334	3349
3334	3350
3334	3351
3334	3352
3334	3353
3334	3354
3334	3355
3334	3356
3357	3358
3360	3361
3364	3365
3364	3366
3371	3372
3371	3373
3383	3384
3386	3385
3390	3389
3390	3391
3394	3393
3402	3401
3402	3438
3402	3440
3402	3441
3402	3449
3402	3453
3402	3454
3440	3439
3448	3447
3450	3451
3453	3452
3501	3502
3504	3503
3504	3505
3504	3516
3519	3518
3519	3520
3519	3521
3521	3522
3524	3523
3526	3525
3526	3534
3526	3541
3525	3528
3527	3525
3527	3529
3527	3528
3534	3536
3535	3534
3535	3537
3535	3536
3541	3543
3542	3541
3542	3544
3542	3543
3548	3547
3548	3554
3550	3549
3550	3553
3550	3555
3551	3552
3557	3556
3557	3558
3557	3757
3560	3559
3562	3561
3564	3563
3566	3565
3566	3570
3565	3567
3565	3568
3568	3569
3570	3569
3570	3752
3570	3755
3572	3571
3572	3574
3572	3575
3573	3572
3573	3577
3573	3578
3573	3580
3573	3584
3573	3585
3573	3587
3577	3576
3577	3586
3580	3579
3580	3581
3583	3582
3584	3583
3589	3588
3589	3590
3589	3598
3589	3738
3592	3591
3593	3054
3600	3599
3600	3603
3602	3601
3603	3604
3603	3605
3607	3606
3607	3608
3607	3609
3611	3610
3611	3612
3611	3613
3617	3616
3616	3618
3616	3619
3616	3622
3616	3634
3619	3620
3619	3621
3622	3623
3622	3624
3622	3625
3622	3626
3622	3627
3622	3628
3622	3629
3622	3630
3622	3631
3622	3632
3622	3633
3634	3635
3634	3636
3641	3640
3641	3643
3641	3647
3644	3645
3649	3648
3650	3649
3650	3652
3652	3651
3652	3653
3654	3655
3661	3660
3661	3671
3665	3664
3670	3669
3671	3670
3673	3672
3675	3674
3675	3679
3675	3680
3675	3681
3675	3682
3676	3675
3678	3677
3678	3692
3686	3685
3688	3687
3687	3690
3689	3687
3689	3691
3696	3695
3696	3698
3697	3695
3701	3700
3703	3702
3702	3704
3702	3705
3708	3707
3708	3552
3712	3711
3712	3713
3712	3715
3712	3718
3715	3714
3714	3716
3716	3717
3722	3721
3722	3723
3722	3727
3722	3730
3722	3731
3725	3724
3725	3726
3729	3728
3740	3739
3740	3744
3740	3745
3740	3746
3740	3747
3740	3748
3740	3749
3740	3750
3740	3751
3740	3752
3740	3753
3740	3754
3740	3755
3740	3756
3739	3741
3739	3742
3739	3743
3758	3759
3763	3762
3763	4279
3765	3766
3766	3767
3769	3768
3769	3770
3772	498
3772	499
3772	500
3773	3772
3773	3774
3777	3776
3789	3788
3792	3791
3792	3794
3791	3793
3791	3794
3791	3797
3794	3795
3794	3796
3799	3798
3799	3800
3802	3801
3802	3803
3802	3804
3802	3805
3802	3806
3802	3807
3802	3808
3811	3810
3813	3812
3813	3963
3813	493
3813	494
3815	3814
3815	3964
3818	3817
3821	3820
3821	3969
3823	3822
3823	3825
3823	3826
3825	3824
3826	3827
3830	3829
3832	3831
3832	3834
3834	3833
3836	3835
3836	3838
3835	3837
3844	3843
3844	3847
3852	3851
3853	3852
3853	3885
3853	3912
3853	3919
3853	4021
3855	3854
3855	3858
3855	3860
3855	3861
3855	3864
3855	4012
3854	3856
3858	3857
3860	3859
3860	3862
3860	3863
3865	3866
3865	3867
3871	3870
3871	3874
3871	3875
3870	3872
3870	3873
3877	3876
3877	3878
3877	3879
3881	3880
3881	3882
3888	3887
3888	3889
3891	3890
3891	3893
3891	3896
3891	4019
3893	3892
3893	3897
3893	3898
3901	3900
3901	3926
3900	3902
3902	3903
3902	3904
3905	3906
3905	3907
3905	3908
3910	3909
3910	3924
3910	3935
3915	3914
3914	398
3914	399
3917	3916
3917	3946
3918	3917
3918	3933
3918	3943
3918	3944
3922	3921
3922	3928
3922	3934
3924	3923
3924	3929
3926	3925
3926	3927
3937	3936
3937	3953
3937	4013
3937	4014
3939	3938
3941	3940
3943	3942
3946	3945
3948	3947
3950	3949
3950	3954
3950	4015
3950	4016
3952	3951
3956	3955
3957	3955
3958	3955
3960	3959
3961	3960
3962	3959
3967	3966
3971	3970
3971	3977
3971	3978
3974	3973
3974	3975
3974	3976
3981	3980
3983	3982
3983	3985
3983	3986
3983	3987
3985	3984
3985	3988
3990	3989
3990	3992
3992	3991
3994	3993
3994	3996
3993	3995
4001	4000
4001	4003
4005	4004
4005	4007
4005	4008
4005	4009
4021	4020
4023	4022
4026	4025
4026	4033
4025	4027
4025	4028
4025	4029
4025	4030
4025	4031
4025	4032
4036	4035
4036	4286
4036	4287
4036	1654
4038	4037
4038	4288
4038	4289
4038	4290
4038	4291
4038	4292
4038	4293
4038	4294
4038	4295
4038	1653
4038	4043
4044	1663
4057	4044
4057	4045
4057	4046
4057	4047
4057	4048
4057	4049
4057	4050
4057	4051
4057	4052
4059	4058
4059	4060
4059	4061
4067	4066
4068	4066
4070	4071
4074	4073
4076	4075
4076	4077
4078	4079
4080	4081
4080	4082
4080	4083
4080	4084
4080	4085
4080	4086
4080	4087
4080	4088
4080	4089
4080	4090
4080	4091
4080	4092
4080	4093
4080	4094
4095	4096
4095	4097
4095	4098
4095	4099
4095	4100
4095	4101
4095	4102
4095	4103
4095	4104
4095	4105
4095	4106
4095	4107
4095	4108
4095	4109
4095	4110
4095	4111
4112	4113
4112	4114
4115	4116
4115	4117
4121	4122
4123	4124
4123	4125
4123	4126
4134	2281
4134	2282
4134	2283
4134	2284
4135	567
4135	568
4144	642
4144	640
4144	645
4145	650
4146	656
4146	660
4155	3273
4158	3933
4158	3944
4158	3943
4158	3917
4160	4161
4162	4163
4168	4109
4172	4171
4172	4173
4176	4177
4178	4179
4178	4177
4178	4180
4178	4181
4182	4183
4184	4180
4184	4181
4185	4179
4185	4177
4185	4180
4185	4181
4186	4183
4187	4179
4187	4177
4187	4180
4187	4181
4187	4188
4190	4191
4192	465
4193	4194
4193	4195
4193	4196
4197	4198
4197	4199
4197	4200
4197	4201
4197	4202
4197	4203
4205	4206
4205	4207
4208	4141
4208	4209
4208	4210
4208	4211
4208	4212
4208	4213
4208	4214
4208	515
4208	4215
4208	4216
4208	4217
4208	4218
4208	4219
4208	4220
4208	4221
4208	4222
4217	2289
4221	3606
4221	3608
4221	3609
4223	4224
4223	4225
4223	4226
4231	4230
4231	4232
4240	4239
4240	4243
4240	4249
4245	4244
4253	4252
4256	4257
4256	4258
4259	4260
4270	2441
4281	4282
4281	4283
4281	4284
4281	4285
4289	1797
4289	2014
4289	2025
4289	2039
4290	2026
4291	1804
4291	2030
4292	1811
4292	2035
4293	1821
4293	2018
4293	2020
4293	2042
