1	0
1	15
1	16
1	17
1	18
2	1
2	8
2	11
2	14
2	19
2	20
2	21
2	22
2	23
2	24
2	25
2	26
2	27
2	28
2	29
2	30
2	43
2	44
2	45
2	46
2	47
2	48
3	2
3	122
3	136
3	143
3	144
3	145
3	146
4	3
5	4
6	5
7	6
8	9
8	10
11	12
11	13
13	49
13	50
30	31
30	32
30	33
30	34
30	35
30	36
30	37
30	38
30	39
30	40
30	41
30	42
43	4115
43	4118
43	4119
43	4120
44	4123
44	4127
44	4128
44	4129
44	4130
44	4131
44	4132
44	4133
52	51
52	55
52	58
52	61
52	67
52	68
52	69
52	70
52	71
52	72
52	73
52	74
52	75
52	76
52	77
52	121
52	151
52	152
52	153
52	154
52	155
52	156
52	157
52	158
52	159
52	160
52	161
52	162
53	52
54	53
55	56
55	57
58	59
61	60
61	63
61	64
61	65
61	66
63	62
79	78
79	3221
79	3268
79	3269
79	3270
79	3271
81	80
81	3181
81	3182
81	3183
81	3184
83	82
83	3189
83	3818
83	3968
85	84
85	1828
85	2605
85	3185
85	3210
85	3815
85	3965
87	86
87	2502
87	2503
87	2504
87	2529
87	2530
87	2531
87	2740
87	2892
87	2893
87	2894
87	2895
87	2896
87	2897
87	2898
87	2899
87	2900
87	2901
87	2902
87	2903
87	2904
87	2905
87	2906
87	2909
87	2910
87	2911
87	2912
87	2913
87	2914
87	2915
87	2916
87	2917
87	2918
87	3002
87	3003
87	3004
87	3005
87	3006
87	3007
87	3008
88	87
88	3000
88	3001
90	89
90	1829
90	3186
90	3187
90	3188
91	90
91	2606
91	3203
92	91
93	91
93	321
93	324
93	325
93	333
93	335
93	339
93	373
93	378
93	408
93	428
93	514
93	583
93	604
93	610
93	616
93	620
93	625
93	630
93	631
93	639
93	663
93	679
93	682
93	1857
93	1867
93	2254
93	2287
93	2298
93	2299
93	2334
93	2761
93	3017
93	2249
93	3176
93	3175
93	3208
93	3564
93	3591
93	3690
93	3808
93	3820
93	3822
93	3832
93	3836
93	3839
93	3840
93	3844
93	3855
93	3871
93	3877
93	3881
93	3883
93	3886
93	3888
93	3891
93	3899
93	3911
93	3918
93	3979
93	3983
93	3990
93	3994
93	3997
93	3047
93	1189
93	1190
93	1191
93	4001
93	4006
93	4018
93	314
93	4210
95	94
95	99
97	96
97	102
97	1064
97	1065
97	3636
97	3640
97	3641
97	3643
97	3656
98	97
98	1130
98	3649
98	3653
98	3657
98	3658
98	3661
98	3662
99	98
99	1838
99	1883
101	100
102	101
102	3667
104	103
104	1011
104	2291
104	2294
104	2355
104	2365
104	2367
104	2368
104	2369
104	2370
105	104
105	1296
105	2252
105	2253
105	2256
105	2257
105	2267
105	2341
105	2354
105	2359
105	2360
105	2365
105	2366
105	2427
105	2454
105	2466
105	3971
105	4267
105	4268
105	4269
105	4270
105	4271
107	106
108	107
108	1679
108	1992
108	2027
110	109
110	2258
110	2261
110	2263
110	2479
110	2480
110	2481
112	111
112	2225
112	2232
112	2259
112	2262
112	2264
112	2473
112	2478
112	2482
114	113
115	114
115	1683
115	1687
115	2002
115	2028
115	2340
117	116
119	118
119	2204
119	2356
119	2452
119	2453
119	2462
120	119
120	2432
120	2470
124	123
124	312
124	529
124	618
124	1790
124	3089
124	3763
124	3774
124	3780
124	3884
126	125
126	163
126	164
126	165
126	166
126	167
126	168
126	169
126	170
126	171
126	172
126	173
126	178
126	179
126	1226
126	1945
126	2027
126	2028
126	2030
126	2032
126	2033
126	2036
126	2042
126	4069
126	4072
128	127
128	1855
128	1880
128	1887
128	1892
128	1893
128	1894
128	1903
129	128
129	1020
129	2752
129	3731
129	3783
130	129
130	290
130	567
130	578
130	581
130	703
130	732
130	784
130	1227
130	1677
130	1681
130	1746
130	1884
130	1917
130	2043
130	2044
130	2045
130	2046
130	2047
130	2048
130	2049
130	2050
130	2055
130	2056
130	2133
130	2158
130	2178
130	2424
130	2817
130	2828
130	2839
130	2844
130	2846
130	2847
130	2849
130	2850
130	2851
130	2854
130	2855
130	2857
130	2858
130	2859
130	2860
130	2862
130	2868
130	2869
130	2870
130	2871
130	2872
130	2873
130	2874
130	2875
130	2876
130	2878
130	2879
130	2880
130	2881
130	3062
130	3777
130	3779
130	3781
130	3782
130	3784
130	3850
130	3853
130	4078
131	130
131	147
131	180
131	311
131	312
131	438
131	488
131	530
131	537
131	599
131	633
131	783
131	841
131	874
131	906
131	995
131	1021
131	1105
131	1108
131	1109
131	1565
131	1989
131	2620
131	2830
131	3037
131	3097
131	3180
131	3702
131	3770
131	3868
131	3913
132	133
135	134
135	1538
135	1543
135	1551
135	1552
135	1535
135	1546
135	1567
135	1544
135	1545
135	1548
135	1549
135	1550
135	1568
135	1569
135	1558
135	1559
135	1577
136	137
136	138
136	139
136	140
136	141
136	142
147	148
150	149
174	175
177	176
182	181
184	183
186	185
186	2060
186	2061
186	2062
186	2063
186	2064
186	2065
186	2066
186	2067
186	2068
186	2069
186	2070
186	2071
186	2072
186	2073
186	2074
186	2075
186	2076
186	2077
186	2078
186	2079
186	2080
186	2081
186	2082
186	2083
186	2084
186	2085
186	2086
186	2087
186	2088
186	2089
186	2090
186	2091
186	2092
186	2093
186	2094
186	2095
186	2096
186	2097
186	2098
186	2099
186	2100
186	2101
186	2102
186	2103
186	2104
186	2105
187	186
189	188
189	190
189	191
189	192
189	193
189	194
189	195
189	196
198	197
198	199
198	211
198	2974
198	3556
198	3697
198	3732
198	3757
198	3759
200	199
200	201
200	203
200	205
200	207
202	201
202	2615
202	2614
202	2887
202	2972
202	2975
202	3693
204	203
206	205
206	1822
206	2506
206	2973
206	2981
206	2991
206	3179
206	3190
206	3199
206	3718
206	4274
208	207
208	2815
208	2908
208	3614
208	3637
208	3638
208	3719
210	209
210	212
210	213
210	214
210	4189
210	4190
216	215
216	838
216	863
216	901
216	1907
216	2380
216	2385
216	2387
216	2390
216	2394
216	2397
216	2398
216	2399
216	2404
216	2405
216	2412
216	2414
216	2417
216	2421
215	219
215	223
215	225
215	227
215	228
217	215
218	215
220	219
220	223
220	225
220	227
221	219
221	223
221	225
221	227
221	228
222	219
222	223
222	225
222	227
224	223
226	225
226	227
230	229
230	231
230	232
230	236
230	282
230	285
230	284
230	238
230	239
230	240
230	241
230	287
230	244
230	245
230	246
230	250
230	259
230	262
230	263
230	266
230	264
230	265
230	267
230	268
230	269
230	270
230	271
230	274
230	275
230	277
229	231
229	232
229	233
229	234
229	235
229	236
229	237
229	238
229	239
229	240
229	241
229	242
229	243
229	244
229	245
229	246
229	247
229	248
229	249
229	250
229	251
229	252
229	253
229	254
229	255
229	256
229	257
229	258
229	259
229	260
229	261
229	262
229	263
229	264
229	265
229	266
229	267
229	268
229	269
229	270
229	271
229	272
229	273
229	274
229	275
229	276
229	277
231	278
231	279
236	282
236	283
236	285
236	286
236	287
236	288
270	3009
270	3010
281	280
283	284
290	289
290	291
290	292
290	293
290	294
290	295
290	296
290	297
290	298
290	299
290	300
290	301
290	302
290	303
290	304
290	305
290	306
290	307
290	308
310	309
310	372
310	405
310	464
310	490
310	639
310	649
310	655
310	2334
310	2501
310	363
310	2829
310	3036
310	3064
310	3066
310	3178
310	3273
310	3723
310	3812
310	3916
310	3918
310	3065
310	4140
310	4141
310	4142
310	4143
310	4144
310	4145
310	4146
310	4147
310	4148
310	4149
310	4150
310	4151
310	4152
310	4153
310	4154
310	4155
310	4156
310	4157
310	4158
310	4159
310	314
310	4194
314	313
314	320
313	315
313	316
316	317
316	321
317	318
317	324
320	319
320	316
320	325
322	321
321	318
323	322
323	324
323	325
323	370
323	371
323	372
323	373
323	375
323	376
323	377
323	378
323	379
323	390
323	391
323	398
323	399
323	404
323	405
323	406
323	407
323	408
323	411
323	412
323	428
323	600
323	601
323	631
323	681
323	713
323	714
323	715
323	725
323	726
323	1654
323	1833
323	1911
323	2244
323	2254
323	2298
323	2334
323	383
323	384
323	2428
323	2249
323	3176
323	3206
323	3820
323	3840
323	3869
323	3894
323	3895
323	3911
323	3915
323	3920
323	3930
323	3931
323	3932
323	3972
323	4006
323	4036
326	325
326	564
326	1767
326	2129
326	3284
326	3842
326	316
326	4135
326	4136
326	4137
326	4138
326	4139
325	317
328	327
328	329
331	330
331	1916
331	2760
331	2763
331	2764
331	3387
331	3665
331	3683
333	332
333	335
333	339
332	335
332	339
334	333
334	1909
334	1921
334	1922
334	1924
334	1923
334	1920
334	2422
334	2427
334	3101
335	336
335	337
335	338
339	340
342	341
342	357
344	343
344	349
345	344
345	353
345	354
345	359
346	344
346	350
346	353
346	354
348	347
352	351
352	358
352	1293
352	2442
356	355
361	360
361	434
361	622
361	1907
361	1915
361	2493
361	2496
361	2573
361	362
361	3198
361	3901
361	3065
361	4167
361	4174
360	362
360	363
365	364
365	2750
365	4206
367	366
367	368
367	369
367	924
367	1727
367	1730
367	1739
367	1740
367	1753
367	1793
367	1794
367	1813
367	1814
367	1830
367	1831
367	1832
367	1834
367	3613
367	4056
367	4171
367	4173
373	374
379	380
379	381
379	382
379	385
379	386
379	387
379	388
382	383
382	384
390	389
390	678
390	2335
390	2428
390	3093
390	3894
390	4017
391	392
391	395
392	393
392	394
395	396
395	397
399	400
399	401
399	402
399	403
406	317
408	409
408	410
413	414
416	415
416	414
418	417
418	855
418	972
418	1147
418	1666
418	2217
418	3102
418	3529
418	3532
418	3539
418	3705
420	419
420	1667
420	2218
420	3530
420	3537
420	3544
420	3708
422	421
422	876
422	875
422	879
422	880
422	881
422	882
422	883
422	884
422	885
422	886
422	887
422	899
422	901
422	905
422	1096
422	1098
422	1100
422	1104
422	1106
422	1107
422	1110
422	1148
422	1149
422	1228
422	1242
422	1668
422	2219
422	2371
422	2372
422	2373
422	2380
422	2385
422	2387
422	2390
422	2394
422	2397
422	2398
422	2399
422	2404
422	2405
422	2412
422	2417
422	2421
422	3067
422	3531
422	3538
422	3545
422	3709
424	423
424	431
424	432
425	426
428	427
428	2434
428	2436
430	429
434	433
434	437
434	442
435	433
435	834
437	436
437	440
437	441
437	443
438	439
445	444
445	446
445	447
445	453
445	454
445	3828
449	448
449	4282
450	448
450	451
450	452
456	455
456	3019
455	457
455	458
455	459
461	460
463	462
463	465
463	466
463	467
463	468
463	469
463	470
463	471
463	472
463	487
463	474
463	475
463	476
463	477
463	478
463	479
463	480
463	481
463	482
463	483
464	463
464	473
473	474
473	475
473	476
473	477
473	478
473	479
473	480
473	481
473	482
473	483
485	484
485	833
485	888
486	484
488	489
490	491
490	492
494	493
494	3098
494	3772
493	495
493	499
495	496
495	497
495	498
501	500
501	502
503	504
506	505
508	507
509	510
509	511
513	512
513	521
514	513
514	515
514	516
514	517
514	518
514	519
514	520
514	2265
514	2266
514	2287
514	2289
514	2290
514	3094
514	3606
514	4002
514	314
520	521
523	522
524	523
524	527
526	525
526	528
532	531
534	533
536	535
537	538
540	539
540	542
540	543
540	545
540	572
540	575
540	576
540	577
541	540
541	539
541	542
541	543
545	544
545	558
545	560
545	561
545	562
545	563
545	569
545	571
544	546
544	548
544	549
544	550
544	551
544	552
544	553
544	554
544	555
544	556
544	557
546	547
558	559
564	565
564	566
569	568
569	570
572	573
572	574
580	579
581	580
581	602
581	619
581	632
581	718
581	731
583	582
583	589
583	591
583	592
583	595
583	716
582	585
584	583
584	604
584	610
584	616
584	620
584	639
584	672
584	679
584	682
584	922
584	3017
584	3808
584	3822
584	3832
584	3836
584	3839
584	3844
584	3855
584	3871
584	3881
584	3883
584	3886
584	3888
584	3891
584	3899
584	3918
584	3979
584	3983
584	3990
584	3994
584	3997
584	3047
584	1189
584	1190
584	1191
584	4001
584	3056
587	586
589	588
591	590
591	593
591	594
596	597
596	598
604	603
604	605
604	606
604	607
604	608
604	729
610	609
610	613
610	614
609	611
609	612
616	615
616	617
622	621
622	723
621	623
623	624
625	626
625	627
625	628
630	629
630	721
630	728
635	634
635	3809
636	635
638	637
639	638
639	640
639	643
642	641
643	642
643	717
645	644
647	646
647	1165
647	1164
647	1731
647	734
647	1761
647	1885
647	3516
647	3518
647	3778
649	648
648	650
652	651
652	2332
652	2348
652	2349
653	652
653	651
653	2350
653	2352
655	654
655	658
657	656
657	669
657	3845
660	659
660	670
661	660
661	2762
661	3040
661	3042
661	3045
662	661
662	3048
663	662
663	922
663	2761
663	3051
663	3592
663	3771
663	4229
664	663
664	689
664	1848
664	1870
664	1921
664	1922
664	1924
664	1923
664	1920
664	3015
664	3059
664	3072
664	3074
664	3075
664	3076
664	3077
664	3785
664	4275
665	660
667	666
668	667
668	3846
672	671
672	1187
672	1188
672	1189
671	677
673	672
673	1150
673	1173
673	1174
673	1179
673	1186
673	1192
673	1193
673	1194
673	1195
673	1196
674	673
674	1203
675	674
675	676
675	1151
675	1153
675	1156
675	1158
675	1759
675	1221
675	2153
675	1186
675	2825
675	1193
676	672
676	3063
681	680
681	3816
681	3841
681	3966
682	683
683	684
683	685
683	686
688	687
689	688
689	709
689	4229
691	690
691	710
691	717
691	729
691	730
691	700
690	693
692	691
692	695
692	701
692	711
692	712
695	694
695	696
695	697
695	698
695	699
695	700
700	693
700	1876
703	702
705	704
707	706
707	708
720	719
720	727
723	722
723	724
733	734
734	735
734	736
734	737
739	738
738	741
738	742
740	738
740	1696
742	743
742	773
742	777
742	778
742	779
743	744
743	745
743	746
743	747
743	764
743	765
747	748
747	751
747	752
747	753
748	749
748	750
753	754
753	755
753	756
753	757
753	758
753	759
753	763
759	760
759	761
759	762
765	766
765	767
765	768
765	769
769	770
769	771
769	772
773	774
773	775
773	776
781	780
781	782
784	785
787	786
787	889
787	891
787	893
786	790
786	791
788	786
789	788
789	890
789	892
789	894
789	4235
789	4248
793	792
795	794
795	808
795	809
795	810
795	811
795	818
795	821
795	825
795	826
795	829
795	830
795	831
795	832
795	835
795	836
795	840
795	842
795	843
794	796
794	799
794	800
794	803
794	804
794	805
794	806
794	807
796	797
796	798
800	801
800	802
813	812
813	815
812	814
815	816
815	817
820	819
821	822
824	823
828	827
834	833
834	888
834	4231
838	837
839	837
845	844
846	845
846	848
846	852
846	4236
846	4237
846	4238
846	4239
846	4242
846	4243
846	4244
846	4249
846	4250
848	847
850	849
850	854
851	850
852	851
852	4240
853	849
855	856
855	857
859	858
861	860
862	861
862	4230
865	864
865	866
865	868
865	869
865	870
865	871
866	867
873	872
876	875
876	880
876	881
876	882
876	883
876	884
876	885
876	886
876	887
878	877
890	889
892	891
894	893
896	895
898	897
900	899
902	901
904	903
908	907
908	912
908	913
908	917
908	920
908	991
908	992
908	993
909	908
910	909
910	949
911	909
911	948
915	914
915	990
916	915
917	916
917	988
919	918
920	919
920	994
922	921
922	1849
922	2822
922	3050
922	3053
922	3054
922	3055
922	3056
922	3057
924	923
924	925
927	926
927	979
927	1850
927	1865
927	1871
927	2333
927	2596
927	2823
927	3760
927	3786
927	3789
927	3848
927	4010
929	928
929	930
929	931
929	932
934	933
934	985
935	933
937	936
939	938
938	940
938	941
943	942
943	944
946	945
945	951
947	946
947	952
947	953
948	947
948	954
948	955
948	956
948	957
948	958
948	959
949	948
950	949
950	960
950	961
950	1002
950	1004
963	962
963	964
963	2736
963	3211
963	4024
964	965
967	966
967	968
967	969
967	971
970	969
970	971
974	973
976	975
976	977
976	978
976	1950
976	1957
981	980
981	984
983	982
987	986
988	989
997	996
997	998
997	999
1001	1000
1002	1003
1004	1005
1004	1010
1005	1006
1005	1007
1005	1008
1005	1009
1013	1012
1013	2320
1013	2322
1013	2323
1013	2324
1013	2325
1013	2326
1013	2327
1013	2328
1013	2435
1015	1014
1015	1016
1015	1017
1018	1017
1020	1019
1023	1022
1023	1028
1023	1032
1023	1033
1023	3394
1023	3396
1023	3398
1023	3404
1023	3405
1023	3406
1023	3407
1023	3408
1023	3409
1023	3410
1023	3411
1023	3412
1023	3413
1023	3414
1023	3416
1023	3419
1023	3420
1023	3423
1023	3424
1023	3425
1023	3426
1023	3427
1023	3428
1023	3429
1023	3430
1023	3431
1023	3432
1023	3433
1023	3436
1023	3441
1023	3442
1023	3444
1023	3447
1023	3454
1023	3455
1023	3458
1023	3459
1023	3461
1023	3462
1023	3464
1023	3466
1023	3467
1023	3469
1023	3470
1023	3471
1023	3472
1023	3473
1023	3476
1023	3477
1023	3482
1023	3484
1023	3485
1023	3490
1023	3491
1023	3492
1023	3493
1023	3495
1023	3496
1023	3497
1023	3498
1023	3504
1023	3508
1023	3509
1023	3510
1023	3511
1023	3512
1023	3513
1024	1023
1024	1027
1024	1030
1024	1112
1024	1120
1024	3391
1024	3395
1024	3399
1024	3401
1024	3403
1024	3415
1024	3421
1024	3443
1024	3445
1024	3449
1024	3456
1024	3457
1024	3463
1024	3465
1024	3474
1024	3475
1024	3480
1024	3486
1024	3487
1024	3489
1025	1024
1025	3397
1025	3468
1025	3501
1027	1026
1027	1031
1027	1062
1027	1118
1027	1121
1027	1124
1030	1029
1030	1034
1030	1035
1030	1037
1030	1117
1030	1123
1030	1125
1030	3402
1030	3417
1030	3418
1030	3422
1030	3434
1030	3435
1030	3460
1030	3478
1030	3479
1030	3481
1030	3483
1030	3488
1030	3494
1030	3499
1030	3505
1030	3506
1030	3507
1037	1036
1037	1038
1037	1039
1037	1040
1037	1041
1037	1042
1037	1043
1037	1044
1037	1045
1037	1046
1037	1047
1037	1048
1037	1049
1037	1050
1037	1051
1037	1052
1037	1053
1037	1054
1037	1055
1037	1056
1037	1057
1037	1058
1037	1059
1037	1060
1037	1061
1064	1063
1064	1072
1064	1073
1064	1074
1064	1075
1064	1076
1064	1077
1064	1078
1064	1079
1064	1080
1064	1081
1064	1082
1064	1083
1064	1084
1064	1085
1064	1086
1064	1087
1064	1088
1064	1089
1064	1090
1064	1091
1064	1092
1064	1093
1064	1094
1064	1095
1065	1066
1065	1067
1065	1068
1065	1069
1065	1070
1065	1071
1097	1096
1099	1098
1102	1101
1102	1103
1112	1111
1112	1113
1112	1114
1112	1115
1112	1116
1112	1122
1120	1119
1127	1126
1127	1133
1128	1127
1128	1132
1128	1136
1129	1128
1129	1145
1130	1129
1130	3645
1130	3655
1132	1131
1132	1134
1136	1135
1136	1138
1136	1139
1136	1141
1136	1143
1138	1137
1138	1140
1138	1142
1138	1144
1145	1146
1150	1151
1150	1152
1150	1160
1152	1153
1152	1155
1152	1156
1152	1158
1153	1154
1156	1157
1158	1159
1160	1161
1163	1162
1163	1643
1165	1164
1165	2621
1167	1166
1167	1220
1167	1762
1167	2877
1167	3061
1166	1168
1168	1169
1171	1170
1170	1172
1174	1175
1174	1176
1176	1177
1176	1178
1179	1180
1179	1184
1179	1185
1180	1181
1180	1183
1181	1182
1189	1190
1189	1191
1198	1197
1198	1199
1201	1200
1203	1202
1203	1221
1203	1222
1203	1223
1203	1224
1203	1225
1202	1204
1206	1205
1208	1207
1208	1764
1207	1210
1209	1208
1209	1763
1209	2020
1209	3764
1212	1211
1212	1214
1212	1215
1212	1216
1212	1217
1212	1218
1212	1219
1213	1212
1213	1214
1228	1229
1228	1234
1228	1235
1229	1230
1229	1231
1229	1232
1229	1233
1234	1240
1234	1241
1235	1236
1235	1237
1237	1238
1237	1239
1244	1243
1244	1246
1244	1250
1244	1253
1244	1254
1244	1255
1244	1286
1244	1287
1244	1288
1244	1289
1244	1290
1245	1244
1245	1248
1245	1298
1245	1303
1248	1247
1248	1249
1248	1251
1248	1252
1257	1256
1257	1267
1257	1274
1257	1276
1257	1277
1258	1257
1258	1260
1260	1259
1260	1272
1260	1273
1260	1275
1260	1278
1260	1281
1262	1261
1263	1262
1263	1269
1265	1264
1266	1265
1266	1271
1269	1268
1271	1270
1279	1266
1279	1280
1279	1258
1279	1285
1280	1282
1280	1283
1280	1284
1292	1291
1293	1292
1295	1294
1295	1297
1296	1295
1298	1299
1298	1300
1298	1301
1298	1302
1303	1304
1303	1305
1303	1306
1303	1307
1303	1308
1303	1309
1303	1310
1303	1311
1303	1312
1303	1313
1303	1314
1303	1315
1303	1316
1303	1317
1319	1318
1319	1321
1319	1322
1319	1325
1319	1326
1319	1327
1320	1319
1320	1324
1320	1385
1320	1330
1324	1323
1329	1328
1329	1331
1329	1334
1329	1335
1329	1337
1330	1329
1330	1333
1330	1382
1330	1387
1330	1388
1330	1389
1330	1390
1330	1391
1330	1392
1330	1393
1330	1399
1330	1400
1330	1401
1333	1332
1333	1336
1339	1338
1339	1353
1340	1339
1340	1342
1340	1370
1340	1373
1342	1341
1342	1351
1342	1352
1342	1354
1344	1343
1345	1344
1345	1350
1345	1364
1345	1366
1347	1346
1348	1347
1348	1357
1348	1368
1348	1378
1350	1349
1356	1355
1357	1356
1357	1359
1357	1360
1357	1362
1359	1358
1360	1361
1362	1363
1364	1365
1366	1367
1368	1369
1370	1371
1370	1372
1373	1374
1373	1375
1373	1376
1373	1377
1380	1379
1380	1381
1382	1383
1382	1384
1385	1386
1393	1394
1393	1395
1393	1396
1393	1397
1393	1398
1403	1402
1403	1407
1403	1411
1402	1404
1402	1405
1402	1406
1407	1408
1407	1409
1411	1410
1411	1412
1411	1413
1411	1414
1416	1415
1416	1420
1416	1424
1415	1417
1415	1418
1415	1419
1420	1421
1420	1422
1424	1423
1424	1425
1424	1426
1424	1427
1429	1428
1429	1443
1429	1510
1429	1512
1429	1514
1429	1516
1429	1517
1429	1520
1431	1430
1431	1435
1431	1436
1431	1437
1431	1438
1432	1431
1432	1440
1432	1444
1432	1450
1434	1433
1440	1439
1440	1441
1442	1432
1442	1455
1442	1477
1442	1496
1442	1502
1442	1505
1442	1507
1442	1508
1442	1509
1442	1511
1442	1513
1442	1515
1442	1518
1442	1519
1444	1445
1444	1446
1444	1447
1444	1448
1444	1449
1450	1451
1450	1452
1450	1453
1450	1454
1455	1456
1455	1464
1455	1472
1455	1474
1456	1457
1456	1458
1456	1463
1458	1459
1458	1460
1458	1461
1458	1462
1464	1465
1464	1466
1464	1470
1466	1467
1466	1468
1466	1469
1472	1471
1472	1475
1474	1473
1474	1476
1477	1478
1477	1483
1477	1488
1477	1493
1478	1479
1478	1480
1478	1481
1478	1482
1483	1484
1483	1485
1483	1486
1488	1487
1488	1489
1488	1490
1488	1491
1493	1492
1493	1494
1493	1495
1496	1497
1496	1500
1499	1498
1499	1501
1502	1503
1502	1504
1507	1506
1522	1521
1524	1523
1526	1525
1526	1527
1526	1528
1526	1530
1525	1529
1525	1531
1525	1532
1534	1533
1534	1537
1534	1536
1533	1535
1533	1537
1535	1536
1537	1538
1538	1539
1538	1540
1541	1537
1542	1538
1542	1535
1542	1539
1542	1546
1542	1567
1542	1544
1542	1545
1542	1548
1542	1549
1542	1550
1542	1568
1542	1558
1542	1577
1542	1580
1543	1544
1543	1545
1543	1546
1543	1548
1543	1549
1543	1550
1546	1547
1554	1553
1554	1555
1556	1557
1556	1559
1557	1558
1561	1560
1561	1562
1563	1535
1563	1580
1565	1564
1566	1546
1566	1567
1566	1544
1566	1545
1566	1548
1566	1549
1566	1550
1571	1570
1571	1572
1572	1573
1572	1574
1572	1575
1577	1576
1579	1578
1582	1581
1582	1586
1581	1584
1581	1585
1583	1582
1588	1587
1588	1599
1589	1588
1589	1600
1590	1589
1592	1591
1592	1607
1592	1640
1593	1592
1595	1594
1595	1623
1596	1595
1598	1597
1598	1628
1602	1601
1602	1638
1603	1602
1603	1606
1603	1639
1604	1603
1605	1602
1609	1608
1609	1612
1609	1613
1609	1614
1609	1621
1609	1622
1610	1609
1612	1611
1612	1615
1612	1616
1612	1617
1612	1618
1612	1619
1612	1620
1623	1624
1623	1625
1623	1626
1628	1627
1628	1629
1629	1630
1629	1631
1630	1632
1630	1635
1631	1633
1631	1634
1637	1636
1642	1641
1642	1651
1642	1656
1645	1644
1645	1647
1645	1646
1644	1646
1644	1647
1649	1648
1649	1651
1649	1660
1650	1648
1650	1665
1652	1649
1652	1661
1652	1664
1652	4034
1652	4053
1652	4055
1652	4057
1652	4039
1652	4040
1652	4041
1652	4042
1652	4043
1653	1652
1653	1798
1653	1804
1653	1811
1653	1821
1653	2026
1653	2187
1653	2188
1653	2014
1653	4055
1653	4252
1653	4290
1653	4291
1653	4292
1653	4293
1653	4294
1653	4295
1653	4296
1653	4297
1653	4043
1654	1653
1654	2134
1654	2150
1654	4038
1656	1655
1657	1658
1657	1659
1663	1662
1664	1663
1664	2024
1664	2025
1664	2029
1664	2034
1664	2041
1664	2018
1664	4044
1664	4045
1664	4046
1664	4047
1664	4048
1664	4049
1664	4050
1664	4051
1664	4052
1664	4054
1670	1669
1670	1671
1672	1671
1674	1673
1674	1675
1674	1676
1674	1680
1679	1678
1681	1682
1683	1684
1683	1685
1683	1686
1687	1688
1690	1689
1689	1691
1689	1694
1691	1692
1691	1693
1695	742
1695	1697
1695	1703
1695	1783
1695	1785
1695	1801
1695	1809
1696	1695
1696	1782
1696	1792
1697	743
1697	1698
1697	1699
1697	1702
1697	1711
1697	1715
1697	1723
1698	744
1699	747
1699	1700
1699	1705
1699	1712
1700	753
1700	1701
1700	1706
1700	1708
1700	1714
1700	1720
1700	1722
1700	1741
1701	754
1702	765
1702	1704
1702	1710
1702	1713
1702	1717
1703	1702
1703	1704
1703	1799
1703	777
1704	766
1705	748
1705	1709
1705	1716
1705	1744
1706	759
1706	1707
1706	1719
1706	1721
1707	760
1708	755
1709	751
1710	767
1711	745
1712	752
1713	768
1714	756
1715	746
1716	749
1717	769
1717	1718
1717	1742
1717	1743
1718	770
1719	761
1720	757
1721	762
1722	758
1723	764
1725	1724
1726	1725
1726	2007
1726	2008
1726	2009
1726	4256
1729	1728
1731	734
1731	1738
1731	1795
1732	1731
1733	1731
1734	1731
1734	2032
1734	2207
1735	1731
1735	2033
1735	2208
1736	1731
1736	734
1736	2863
1736	2864
1736	2866
1736	2867
1736	3773
1736	3849
1736	4011
1737	735
1738	1737
1738	736
1741	763
1742	771
1743	772
1744	750
1746	1745
1746	1747
1746	1748
1750	1749
1752	1751
1752	2501
1752	2523
1752	2554
1755	1754
1757	1756
1757	1760
1757	1768
1757	1769
1757	1779
1758	1757
1758	1759
1758	1761
1758	1782
1758	1817
1759	1756
1761	1760
1761	1795
1766	1765
1769	1770
1769	1771
1771	1772
1771	1776
1771	1777
1771	1778
1772	1773
1772	1774
1772	1775
1781	1780
1782	1769
1782	1783
1782	1791
1783	1771
1783	1784
1783	1799
1783	1800
1783	1808
1784	1772
1784	1786
1784	1788
1784	1815
1785	1784
1785	1787
1785	1789
1785	1816
1785	773
1786	1773
1787	1786
1787	774
1788	1774
1789	1788
1789	775
1791	1770
1792	1791
1792	741
1795	1768
1797	1796
1797	1802
1797	1805
1797	1806
1797	1807
1797	2292
1797	3214
1797	4273
1798	1796
1798	2013
1798	2024
1798	2038
1799	1776
1800	1778
1801	1800
1801	779
1804	1803
1804	2029
1808	1777
1809	1808
1809	778
1811	1810
1811	2034
1813	1812
1813	2036
1815	1775
1816	1815
1816	776
1817	1779
1818	1817
1818	2040
1819	1818
1821	1820
1821	2017
1821	2019
1821	2041
1824	1823
1824	3358
1824	3359
1824	3361
1824	3362
1824	3363
1824	3366
1824	3367
1824	3368
1824	3369
1825	1824
1825	3289
1825	3296
1825	3333
1825	3356
1825	3370
1826	1825
1826	3275
1826	3286
1826	3373
1826	3374
1827	1826
1835	288
1835	244
1837	1836
1837	1845
1837	1846
1837	1847
1838	1837
1838	1840
1838	1843
1840	1839
1840	1844
1842	1841
1843	1842
1849	1848
1849	1870
1852	1851
1853	1852
1853	1873
1853	1874
1853	3038
1853	3039
1855	1854
1855	1877
1855	1888
1857	1856
1859	1858
1859	1862
1861	1860
1861	1863
1861	1864
1867	1866
1867	1878
1869	1868
1873	1872
1874	1872
1874	1875
1880	1879
1882	1881
1882	4012
1882	4019
1882	3898
1887	1886
1887	1889
1887	1891
1889	1890
1894	1895
1894	1902
1895	1896
1895	1897
1895	1898
1895	1899
1895	1901
1899	1900
1905	1904
1905	3071
1906	1905
1908	1907
1908	3065
1910	1909
1910	3219
1911	1910
1911	2299
1911	3217
1911	3218
1911	3687
1911	3688
1912	1909
1914	1913
1914	2297
1914	2492
1914	3207
1914	3659
1914	3666
1914	3670
1915	1914
1915	2298
1915	2493
1915	2501
1915	3208
1915	3572
1915	3660
1919	1918
1920	1919
1920	1925
1920	1926
1920	1927
1921	1920
1922	1920
1923	1920
1924	1923
1929	1928
1929	1933
1929	1932
1929	1961
1929	1955
1929	1978
1929	1930
1929	1931
1929	1962
1929	1986
1929	1992
1929	1996
1929	1997
1928	1930
1928	1931
1933	1932
1933	1951
1934	1933
1934	1961
1934	1955
1934	1962
1936	1935
1936	1942
1936	1949
1936	1978
1937	1936
1937	1939
1938	1935
1938	1949
1939	1938
1939	1943
1941	1940
1941	1999
1943	1942
1943	1978
1944	1943
1945	1947
1945	1948
1946	1945
1953	1952
1952	1955
1954	1952
1954	1957
1955	1956
1955	1957
1957	1958
1958	1959
1959	1960
1961	1962
1962	1963
1962	1966
1962	1967
1962	1975
1962	1976
1963	1964
1963	1965
1967	1968
1967	1971
1967	1973
1968	1969
1968	1970
1971	1972
1973	1974
1977	1957
1977	3692
1978	1979
1981	1980
1982	1962
1982	1983
1982	1984
1982	1970
1983	1967
1983	1976
1984	1976
1985	1984
1988	1987
1988	1958
1990	1947
1990	1993
1990	1994
1990	1995
1990	1948
1990	4254
1991	1947
1991	1948
1991	4254
1998	1997
2001	2000
2001	2004
2002	2001
2003	2000
2003	2030
2003	2260
2006	2005
2010	773
2012	2011
2012	2037
2014	2013
2014	2031
2014	2038
2014	2187
2014	2188
2014	4035
2014	4037
2014	4039
2014	4040
2014	4041
2014	4042
2014	4043
2014	1664
2016	2015
2016	2023
2018	2017
2018	2019
2022	2021
2023	2022
2026	2025
2036	2035
2039	2040
2051	2052
2054	2053
2058	2057
2058	2059
2101	2106
2108	2107
2108	2109
2108	2128
2111	2110
2111	2112
2111	2148
2114	2113
2114	2117
2114	2123
2115	2114
2115	2121
2117	2116
2117	2122
2118	2116
2118	2126
2119	2116
2119	2127
2121	2120
2125	2124
2125	2145
2127	2126
2127	2134
2131	2130
2133	2132
2133	2195
2136	2135
2137	2136
2137	2162
2137	2181
2139	2138
2139	2140
2139	2141
2143	2142
2143	2146
2144	2143
2144	2147
2147	2146
2147	2149
2152	2151
2152	2173
2152	2175
2152	2176
2152	2177
2152	2182
2152	2183
2152	2191
2152	4257
2153	1179
2153	2154
2153	2163
2154	1180
2155	2154
2155	2163
2157	2156
2157	2165
2157	2174
2157	2167
2157	2168
2157	2192
2159	2160
2159	2161
2163	1181
2163	1184
2165	2164
2164	2166
2164	2171
2164	2172
2166	2167
2166	2168
2166	2169
2166	2170
2180	2179
2185	2184
2185	2186
2190	2189
2190	2193
2190	2194
2197	2196
2199	2198
2201	2200
2203	2202
2203	4062
2203	4063
2203	4064
2203	4065
2204	2205
2204	2206
2210	2209
2210	2211
2210	2212
2210	2213
2210	2216
2215	2214
2221	2220
2221	2222
2223	2222
2224	2223
2224	3525
2224	3550
2227	2226
2228	2227
2228	2229
2228	2230
2228	2231
2234	2233
2234	2237
2234	2238
2234	2240
2234	2284
2234	2286
2236	2235
2236	2239
2236	2285
2236	4164
2236	4165
2236	4166
2242	2241
2242	2249
2241	2244
2241	2245
2241	2246
2243	2241
2244	2250
2244	2251
2246	2247
2246	2248
2253	2252
2253	2255
2253	2256
2253	2257
2269	2268
2268	2270
2268	2271
2271	2272
2274	2273
2273	2275
2275	2276
2276	2277
2279	2278
2279	4134
2278	2280
2278	2281
2278	2282
2278	2283
2287	2288
2294	2293
2294	2295
2297	2296
2297	2516
2297	3153
2297	3154
2297	3155
2297	3163
2297	3164
2298	2297
2301	2300
2301	2302
2301	2303
2305	2304
2305	2306
2305	2311
2308	2307
2308	2309
2310	2309
2310	3682
2310	4280
2313	2312
2313	2314
2313	2316
2313	2318
2313	2319
2316	2315
2316	2317
2321	2320
2321	2324
2321	2326
2321	2327
2321	2328
2330	2329
2331	2330
2335	383
2335	384
2337	2336
2337	2338
2337	2339
2342	2343
2342	2344
2342	4263
2342	4264
2342	4265
2342	4266
2346	2345
2346	2347
2352	2351
2354	2353
2358	2357
2360	2361
2360	2362
2360	2363
2360	2364
2366	2365
2366	3800
2366	3802
2366	3803
2375	2374
2375	2382
2375	2388
2375	2391
2375	2395
2375	2401
2375	2409
2375	2418
2377	2376
2377	2383
2377	2392
2377	2400
2377	2402
2377	2410
2377	2419
2379	2378
2379	2384
2379	2386
2379	2389
2379	2393
2379	2396
2379	2403
2379	2411
2379	2413
2379	2416
2379	2420
2381	2380
2381	2385
2381	2387
2381	2390
2381	2394
2381	2397
2381	2398
2381	2399
2381	2404
2381	2405
2381	2412
2381	2414
2381	2417
2381	2421
2407	2406
2407	2408
2415	2414
2424	2423
2424	2474
2424	2475
2426	2425
2426	2429
2431	2430
2431	2449
2431	2450
2431	2470
2434	2433
2438	2437
2440	2439
2440	2441
2440	2443
2440	2444
2440	2445
2447	2446
2449	2448
2449	2451
2449	2457
2456	2455
2456	2461
2457	2458
2457	2459
2457	2460
2462	2463
2462	2464
2462	2465
2466	2467
2466	2469
2467	2468
2472	2471
2477	2476
2484	2483
2484	2499
2486	2485
2486	2487
2489	2488
2489	2662
2489	2663
2489	2735
2491	2490
2492	2491
2492	2925
2492	2935
2492	2955
2492	2962
2493	2492
2494	2493
2494	2760
2494	362
2494	2764
2494	4167
2494	4169
2494	4170
2494	4174
2494	4175
2496	2495
2496	2522
2498	2497
2498	2657
2499	2500
2506	2505
2506	2527
2506	2528
2506	2769
2506	2770
2506	2891
2506	2920
2506	2979
2506	2980
2506	2985
2506	2987
2506	2988
2506	2993
2506	2994
2506	2995
2508	2507
2507	2509
2507	2510
2510	2511
2510	2512
2514	2513
2514	3122
2514	3123
2514	3124
2514	3125
2514	3126
2514	3127
2514	3128
2514	3129
2514	3130
2515	2514
2515	3107
2515	3108
2515	3112
2515	3113
2515	3116
2515	3117
2515	3118
2515	3131
2516	2515
2516	2767
2516	3133
2516	3142
2516	3143
2516	3144
2516	3145
2516	3148
2516	3149
2516	3150
2516	3151
2516	3152
2517	2518
2517	2519
2519	2520
2519	2521
2524	2525
2524	2526
2533	2532
2533	2537
2533	2538
2533	2541
2533	2546
2533	2547
2533	2548
2534	2533
2534	2572
2535	2534
2535	2536
2535	2573
2536	2533
2538	2539
2538	2540
2541	2542
2541	2543
2541	2544
2541	2545
2548	2549
2551	2550
2552	2551
2552	2553
2552	2555
2557	2556
2557	2559
2557	2560
2557	2561
2557	2569
2558	2557
2563	2562
2563	2587
2563	2588
2563	2590
2563	2591
2562	2564
2562	2565
2562	2566
2562	2567
2562	2568
2571	2570
2571	2574
2571	2581
2571	2582
2571	2583
2571	2584
2571	2585
2572	2571
2572	2577
2572	2579
2573	2572
2576	2575
2576	2578
2577	2576
2577	2586
2579	2580
2588	2589
2593	2592
2595	2594
2598	2597
2598	2599
2598	2600
2598	2601
2598	2602
2604	2603
2608	2607
2608	2613
2607	2609
2607	2610
2607	2611
2607	2612
2615	2614
2615	3386
2617	2616
2617	2618
2617	2619
2623	2622
2625	2624
2625	2629
2625	2630
2625	2631
2625	2632
2625	2633
2625	2634
2625	2635
2625	2636
2626	2625
2626	2665
2627	2626
2627	2639
2627	2660
2627	2684
2627	2737
2627	2757
2627	2758
2628	2626
2638	2637
2638	2682
2638	2712
2639	2641
2639	2642
2639	2643
2639	2644
2639	2645
2639	2646
2639	2647
2639	2648
2639	2649
2640	2639
2640	2684
2651	2650
2651	2743
2652	2651
2654	2653
2654	2745
2656	2655
2657	2656
2659	2658
2659	2710
2659	2734
2660	2659
2660	2698
2661	2660
2665	2664
2665	2667
2665	2668
2665	2670
2665	2672
2665	2674
2665	2676
2665	2678
2665	2680
2665	2711
2664	2666
2668	2669
2670	2671
2672	2673
2674	2675
2676	2677
2678	2679
2680	2681
2684	2683
2684	2694
2684	2713
2684	2741
2683	2685
2683	2686
2683	2687
2683	2688
2683	2689
2683	2690
2683	2691
2683	2692
2694	2693
2694	2722
2696	2695
2696	2723
2698	2697
2698	2724
2697	2700
2697	2701
2697	2702
2697	2703
2697	2704
2697	2705
2697	2706
2697	2707
2697	2708
2699	2698
2709	2704
2713	2714
2713	2715
2713	2716
2713	2717
2713	2718
2713	2719
2713	2720
2713	2721
2724	2725
2724	2726
2724	2727
2724	2728
2724	2729
2724	2730
2724	2731
2724	2732
2724	2733
2738	2737
2739	2738
2739	2768
2743	2742
2745	2744
2747	2746
2747	3594
2747	3595
2747	3596
2748	2747
2749	2748
2752	2751
2752	2753
2752	2754
2752	2759
2756	2755
2762	2761
2762	3015
2762	3046
2762	3047
2766	2765
2772	2771
2772	2781
2771	2774
2771	2775
2773	2772
2773	2777
2773	2778
2773	2779
2773	2780
2773	2783
2773	2790
2773	2795
2773	2808
2773	2809
2773	2810
2773	2814
2777	2776
2783	2782
2783	2786
2782	2784
2782	2785
2786	2787
2786	2788
2786	2789
2790	2791
2790	2792
2790	2793
2790	2794
2795	2796
2795	2797
2795	2798
2795	2799
2795	2800
2795	2801
2795	2802
2795	2803
2803	2804
2803	2805
2803	2806
2803	2807
2812	2811
2812	3733
2812	3734
2813	2812
2813	3735
2817	2816
2817	2821
2819	2818
2819	2820
2825	2824
2825	3063
2827	2826
2831	2832
2831	2833
2831	2834
2836	2835
2836	2837
2839	2838
2839	2848
2839	2856
2838	2840
2838	2841
2838	2842
2838	2843
2846	2845
2851	2852
2851	2853
2860	2861
2865	2864
2883	2882
2883	2885
2883	3376
2883	3377
2883	3378
2883	3379
2883	3380
2883	3381
2884	2883
2884	3375
2884	4279
2887	2886
2887	3287
2887	3382
2887	3385
2889	2888
2889	2890
2908	2907
2920	2919
2920	2921
2921	2922
2923	2924
2925	2926
2925	2927
2925	2928
2925	2929
2925	2930
2925	2931
2925	2932
2925	2933
2925	2934
2935	2936
2935	2939
2935	2940
2935	2941
2935	2942
2935	2943
2935	2952
2935	2953
2935	2954
2936	2937
2936	2938
2943	2944
2943	2947
2943	2948
2943	2949
2943	2950
2943	2951
2944	2945
2944	2946
2955	2956
2955	2957
2955	2958
2955	2959
2955	2960
2955	2961
2962	2963
2962	2964
2966	2965
2966	2968
2966	2969
2966	2971
2967	2966
2969	2970
2973	2972
2973	2977
2975	2974
2975	2977
2977	2976
2977	2978
2983	2982
2983	2984
2987	2986
2990	2989
2990	2992
2991	2990
2991	2996
2996	2997
2996	2998
3000	2999
3012	3011
3014	3013
3017	3016
3017	3998
3017	3999
3019	3018
3019	3020
3019	3021
3023	3022
3024	3023
3024	3035
3024	3033
3024	3028
3026	3025
3026	3033
3026	3032
3025	3028
3027	3026
3027	3024
3030	3029
3030	3031
3033	3032
3033	3028
3035	3034
3040	3041
3042	3043
3042	3044
3050	3049
3050	3052
3051	3049
3051	3052
3059	3058
3058	3060
3069	3068
3069	3070
3069	3698
3069	4253
3072	3073
3079	3078
3079	3082
3079	3083
3079	3084
3079	3087
3079	3088
3078	3081
3080	3079
3080	3091
3080	3092
3084	3085
3084	3086
3091	3090
3092	3083
3096	3095
3099	3098
3101	3100
3101	3212
3104	3103
3104	3105
3104	3106
3108	3109
3108	3110
3108	3111
3113	3114
3113	3115
3118	3119
3118	3120
3118	3121
3133	3132
3133	3135
3133	3136
3133	3140
3133	3141
3132	3134
3136	3137
3136	3138
3136	3139
3145	3146
3145	3147
3145	3169
3145	3170
3145	3171
3148	3167
3148	3177
3151	3173
3151	3174
3155	3156
3155	3157
3155	3158
3155	3159
3155	3160
3155	3161
3155	3162
3166	3165
3166	3168
3166	3172
3166	4276
3176	3175
3192	3191
3192	3194
3192	3197
3193	3192
3193	4278
3196	3195
3196	4277
3201	3200
3203	3202
3205	3204
3205	3514
3207	3209
3208	3207
3214	3213
3214	3215
3214	3216
3214	3593
3214	3736
3221	3220
3221	3226
3221	3227
3221	3228
3221	3229
3221	3230
3221	3231
3221	3232
3221	3233
3221	3234
3221	3235
3221	3236
3221	3237
3221	3238
3221	3239
3221	3240
3221	3241
3220	3222
3222	3223
3222	3224
3224	3225
3243	3242
3242	3244
3242	3245
3242	3246
3242	3247
3242	3248
3242	3249
3242	3250
3242	3251
3242	3252
3242	3253
3242	3256
3242	3257
3242	3258
3242	3261
3242	3262
3242	3263
3242	3264
3242	3265
3242	3266
3242	3267
3253	3254
3253	3255
3258	3259
3258	3260
3273	3272
3275	3274
3275	3276
3275	3277
3275	3278
3275	3279
3275	3280
3275	3281
3275	3282
3275	3283
3275	3284
3275	3285
3289	3288
3289	3303
3289	3304
3289	3305
3289	3306
3289	3307
3289	3308
3289	3309
3289	3310
3289	3311
3289	3312
3289	3313
3289	3315
3289	3316
3289	3318
3289	3319
3289	3320
3289	3321
3289	3322
3289	3323
3289	3324
3289	3325
3289	3326
3289	3327
3289	3328
3289	3329
3289	3330
3289	3331
3289	3332
3288	3290
3288	3291
3288	3292
3288	3293
3288	3294
3288	3295
3296	3297
3296	3298
3296	3299
3296	3300
3296	3301
3301	3302
3313	3314
3316	3317
3333	3334
3333	3335
3333	3336
3333	3337
3333	3338
3333	3339
3333	3340
3333	3341
3333	3342
3333	3343
3333	3344
3333	3345
3333	3346
3333	3347
3333	3348
3333	3349
3333	3350
3333	3351
3333	3352
3333	3353
3333	3354
3333	3355
3356	3357
3359	3360
3363	3364
3363	3365
3370	3371
3370	3372
3382	3383
3385	3384
3389	3388
3389	3390
3393	3392
3401	3400
3401	3437
3401	3439
3401	3440
3401	3448
3401	3452
3401	3453
3439	3438
3447	3446
3449	3450
3452	3451
3500	3501
3503	3502
3503	3504
3503	3515
3518	3517
3518	3519
3518	3520
3520	3521
3523	3522
3525	3524
3525	3533
3525	3540
3524	3527
3526	3524
3526	3528
3526	3527
3533	3535
3534	3533
3534	3536
3534	3535
3540	3542
3541	3540
3541	3543
3541	3542
3547	3546
3547	3553
3549	3548
3549	3552
3549	3554
3550	3551
3556	3555
3556	3557
3556	3756
3559	3558
3561	3560
3563	3562
3565	3564
3565	3569
3564	3566
3564	3567
3567	3568
3569	3568
3569	3751
3569	3754
3571	3570
3571	3573
3571	3574
3572	3571
3572	3576
3572	3577
3572	3579
3572	3583
3572	3584
3572	3586
3576	3575
3576	3585
3579	3578
3579	3580
3582	3581
3583	3582
3588	3587
3588	3589
3588	3597
3588	3737
3591	3590
3592	3054
3599	3598
3599	3602
3601	3600
3602	3603
3602	3604
3606	3605
3606	3607
3606	3608
3610	3609
3610	3611
3610	3612
3616	3615
3615	3617
3615	3618
3615	3621
3615	3633
3618	3619
3618	3620
3621	3622
3621	3623
3621	3624
3621	3625
3621	3626
3621	3627
3621	3628
3621	3629
3621	3630
3621	3631
3621	3632
3633	3634
3633	3635
3640	3639
3640	3642
3640	3646
3643	3644
3648	3647
3649	3648
3649	3651
3651	3650
3651	3652
3653	3654
3660	3659
3660	3670
3664	3663
3669	3668
3670	3669
3672	3671
3674	3673
3674	3678
3674	3679
3674	3680
3674	3681
3675	3674
3677	3676
3677	3691
3685	3684
3687	3686
3686	3689
3688	3686
3688	3690
3695	3694
3695	3697
3696	3694
3700	3699
3702	3701
3701	3703
3701	3704
3707	3706
3707	3551
3711	3710
3711	3712
3711	3714
3711	3717
3714	3713
3713	3715
3715	3716
3721	3720
3721	3722
3721	3726
3721	3729
3721	3730
3724	3723
3724	3725
3728	3727
3739	3738
3739	3743
3739	3744
3739	3745
3739	3746
3739	3747
3739	3748
3739	3749
3739	3750
3739	3751
3739	3752
3739	3753
3739	3754
3739	3755
3738	3740
3738	3741
3738	3742
3757	3758
3762	3761
3762	4281
3764	3765
3765	3766
3768	3767
3768	3769
3771	496
3771	497
3771	498
3772	3771
3772	3773
3776	3775
3788	3787
3791	3790
3791	3793
3790	3792
3790	3793
3790	3796
3793	3794
3793	3795
3798	3797
3798	3799
3801	3800
3801	3802
3801	3803
3801	3804
3801	3805
3801	3806
3801	3807
3810	3809
3812	3811
3812	3963
3812	491
3812	492
3814	3813
3814	3964
3817	3816
3820	3819
3820	3969
3822	3821
3822	3825
3822	3826
3823	3821
3825	3824
3826	3827
3830	3829
3832	3831
3832	3834
3834	3833
3836	3835
3836	3838
3835	3837
3844	3843
3844	3847
3852	3851
3853	3852
3853	3885
3853	3912
3853	3919
3853	4021
3855	3854
3855	3858
3855	3860
3855	3861
3855	3864
3855	4012
3854	3856
3858	3857
3860	3859
3860	3862
3860	3863
3865	3866
3865	3867
3871	3870
3871	3874
3871	3875
3870	3872
3870	3873
3877	3876
3877	3878
3877	3879
3881	3880
3881	3882
3888	3887
3888	3889
3891	3890
3891	3893
3891	3896
3891	4019
3893	3892
3893	3897
3893	3898
3901	3900
3901	3926
3900	3902
3902	3903
3902	3904
3905	3906
3905	3907
3905	3908
3910	3909
3910	3924
3910	3935
3915	3914
3914	396
3914	397
3917	3916
3917	3946
3918	3917
3918	3933
3918	3943
3918	3944
3922	3921
3922	3928
3922	3934
3924	3923
3924	3929
3926	3925
3926	3927
3937	3936
3937	3953
3937	4013
3937	4014
3939	3938
3941	3940
3943	3942
3946	3945
3948	3947
3950	3949
3950	3954
3950	4015
3950	4016
3952	3951
3956	3955
3957	3955
3958	3955
3960	3959
3961	3960
3962	3959
3967	3966
3971	3970
3971	3977
3971	3978
3974	3973
3974	3975
3974	3976
3981	3980
3983	3982
3983	3985
3983	3986
3983	3987
3985	3984
3985	3988
3990	3989
3990	3992
3992	3991
3994	3993
3994	3996
3993	3995
4001	4000
4001	4003
4005	4004
4005	4007
4005	4008
4005	4009
4021	4020
4023	4022
4026	4025
4026	4033
4025	4027
4025	4028
4025	4029
4025	4030
4025	4031
4025	4032
4036	4035
4036	4288
4036	4289
4036	1653
4038	4037
4038	4290
4038	4291
4038	4292
4038	4293
4038	4294
4038	4295
4038	4296
4038	4297
4038	1652
4038	4043
4044	1662
4057	4044
4057	4045
4057	4046
4057	4047
4057	4048
4057	4049
4057	4050
4057	4051
4057	4052
4059	4058
4059	4060
4059	4061
4067	4066
4068	4066
4070	4071
4074	4073
4076	4075
4076	4077
4078	4079
4080	4081
4080	4082
4080	4083
4080	4084
4080	4085
4080	4086
4080	4087
4080	4088
4080	4089
4080	4090
4080	4091
4080	4092
4080	4093
4080	4094
4095	4096
4095	4097
4095	4098
4095	4099
4095	4100
4095	4101
4095	4102
4095	4103
4095	4104
4095	4105
4095	4106
4095	4107
4095	4108
4095	4109
4095	4110
4095	4111
4112	4113
4112	4114
4115	4116
4115	4117
4121	4122
4123	4124
4123	4125
4123	4126
4134	2280
4134	2281
4134	2282
4134	2283
4135	565
4135	566
4144	640
4144	638
4144	643
4145	648
4146	654
4146	658
4155	3272
4158	3933
4158	3944
4158	3943
4158	3917
4160	4161
4162	4163
4168	4109
4172	4171
4172	4173
4176	4177
4178	4179
4178	4177
4178	4180
4178	4181
4182	4183
4184	4180
4184	4181
4185	4179
4185	4177
4185	4180
4185	4181
4186	4183
4187	4179
4187	4177
4187	4180
4187	4181
4187	4188
4191	404
4192	4193
4194	463
4195	4196
4195	4197
4195	4198
4199	4200
4199	4201
4199	4202
4199	4203
4199	4204
4199	4205
4207	4208
4207	4209
4210	4141
4210	4211
4210	4212
4210	4213
4210	4214
4210	4215
4210	4216
4210	513
4210	4217
4210	4218
4210	4219
4210	4220
4210	4221
4210	4222
4210	4223
4210	4224
4219	2288
4223	3605
4223	3607
4223	3608
4225	4226
4225	4227
4225	4228
4233	4232
4233	4234
4242	4241
4242	4245
4242	4251
4247	4246
4255	4254
4258	4259
4258	4260
4261	4262
4272	2440
4283	4284
4283	4285
4283	4286
4283	4287
4291	1796
4291	2013
4291	2024
4291	2038
4292	2025
4293	1803
4293	2029
4294	1810
4294	2034
4295	1820
4295	2017
4295	2019
4295	2041
