1	0
1	15
1	16
1	17
1	18
2	1
2	8
2	11
2	14
2	19
2	20
2	21
2	22
2	23
2	24
2	25
2	26
2	27
2	28
2	29
2	30
2	43
2	44
2	45
2	46
2	47
2	48
3	2
3	134
3	141
3	142
3	143
3	144
4	3
5	4
6	5
7	6
8	9
8	10
11	12
11	13
13	49
13	50
30	31
30	32
30	33
30	34
30	35
30	36
30	37
30	38
30	39
30	40
30	41
30	42
43	4143
43	4146
43	4147
43	4148
44	4151
44	4155
44	4156
44	4157
44	4158
44	4159
44	4160
44	4161
52	51
52	55
52	58
52	61
52	67
52	68
52	69
52	70
52	71
52	72
52	73
52	74
52	75
52	76
52	77
52	149
52	150
52	151
52	152
52	153
52	154
52	155
52	156
52	157
52	158
52	159
52	160
53	52
54	53
55	56
55	57
58	59
61	60
61	63
61	64
61	65
61	66
63	62
79	78
79	3235
79	3282
79	3283
79	3284
79	3285
81	80
81	3194
81	3195
81	3196
81	3197
83	82
83	3202
83	3203
83	3848
83	3997
85	84
85	1846
85	2625
85	3198
85	3224
85	3845
85	3994
87	86
87	2522
87	2523
87	2524
87	2549
87	2550
87	2551
87	2760
87	2904
87	2905
87	2906
87	2907
87	2908
87	2909
87	2910
87	2911
87	2912
87	2913
87	2914
87	2915
87	2916
87	2917
87	2918
87	2921
87	2922
87	2923
87	2924
87	2925
87	2926
87	2927
87	2928
87	2929
87	2930
87	3014
87	3015
87	3016
87	3017
87	3018
87	3019
87	3020
88	87
88	3012
88	3013
90	89
90	1847
90	3199
90	3200
90	3201
91	90
91	2626
91	3217
92	91
93	91
93	318
93	321
93	322
93	330
93	332
93	336
93	370
93	375
93	404
93	424
93	510
93	604
93	625
93	631
93	637
93	641
93	646
93	651
93	652
93	660
93	682
93	697
93	700
93	1875
93	1885
93	2272
93	2305
93	2316
93	2317
93	2351
93	2781
93	3029
93	2267
93	3189
93	3188
93	3222
93	3594
93	3621
93	3720
93	3838
93	3850
93	3852
93	3862
93	3866
93	3869
93	3870
93	3873
93	3884
93	3900
93	3906
93	3910
93	3912
93	3915
93	3917
93	3920
93	3928
93	3940
93	3947
93	4008
93	4012
93	4019
93	4023
93	4026
93	3059
93	1207
93	1208
93	1209
93	4030
93	4035
93	4047
93	311
93	4238
95	94
95	99
97	96
97	102
97	1082
97	1083
97	3666
97	3670
97	3671
97	3673
97	3686
98	97
98	1148
98	3679
98	3683
98	3687
98	3688
98	3691
98	3692
99	98
99	1856
99	1901
101	100
102	101
102	3697
104	103
104	1029
104	2309
104	2312
104	2373
104	2385
104	2387
104	2388
104	2389
104	2390
105	104
105	554
105	555
105	1314
105	2270
105	2271
105	2274
105	2275
105	2285
105	2358
105	2372
105	2377
105	2379
105	2380
105	2385
105	2386
105	2447
105	2474
105	2486
105	4000
105	4295
105	4296
105	4297
105	4298
105	4299
107	106
108	107
108	1697
108	2010
108	2045
110	109
110	2276
110	2279
110	2281
110	2499
110	2500
110	2501
112	111
112	2243
112	2250
112	2277
112	2280
112	2282
112	2493
112	2498
112	2502
114	113
115	114
115	1701
115	1705
115	2020
115	2046
115	2357
117	116
119	118
119	2222
119	2374
119	2472
119	2473
119	2482
120	119
120	2452
120	2490
122	121
122	309
122	524
122	639
122	1808
122	3100
122	3793
122	3804
122	3810
122	3913
124	123
124	161
124	162
124	163
124	164
124	165
124	166
124	167
124	168
124	169
124	170
124	171
124	176
124	177
124	1244
124	1963
124	2045
124	2046
124	2048
124	2050
124	2051
124	2054
124	2060
124	4097
124	4100
126	125
126	1873
126	1898
126	1905
126	1910
126	1911
126	1912
126	1921
127	126
127	1038
127	2772
127	3761
127	3813
128	127
128	288
128	556
128	588
128	599
128	602
128	721
128	750
128	802
128	1245
128	1246
128	1695
128	1699
128	1764
128	1902
128	1935
128	2061
128	2062
128	2063
128	2064
128	2065
128	2066
128	2067
128	2068
128	2073
128	2074
128	2151
128	2176
128	2196
128	2444
128	2837
128	2848
128	2851
128	2856
128	2858
128	2859
128	2861
128	2862
128	2863
128	2866
128	2867
128	2869
128	2870
128	2871
128	2872
128	2874
128	2880
128	2881
128	2882
128	2883
128	2884
128	2885
128	2886
128	2887
128	2888
128	2890
128	2891
128	2892
128	2893
128	3074
128	3807
128	3809
128	3811
128	3812
128	3814
128	3879
128	3882
128	4106
129	128
129	145
129	178
129	308
129	309
129	434
129	484
129	525
129	532
129	620
129	654
129	801
129	859
129	892
129	924
129	1013
129	1039
129	1123
129	1126
129	1127
129	1583
129	2007
129	2640
129	3049
129	3108
129	3193
129	3732
129	3800
129	3897
129	3942
130	131
133	132
133	1556
133	1561
133	1569
133	1570
133	1553
133	1564
133	1585
133	1562
133	1563
133	1566
133	1567
133	1568
133	1586
133	1587
133	1576
133	1577
133	1595
134	135
134	136
134	137
134	138
134	139
134	140
145	146
148	147
172	173
175	174
180	179
182	181
184	183
184	2078
184	2079
184	2080
184	2081
184	2082
184	2083
184	2084
184	2085
184	2086
184	2087
184	2088
184	2089
184	2090
184	2091
184	2092
184	2093
184	2094
184	2095
184	2096
184	2097
184	2098
184	2099
184	2100
184	2101
184	2102
184	2103
184	2104
184	2105
184	2106
184	2107
184	2108
184	2109
184	2110
184	2111
184	2112
184	2113
184	2114
184	2115
184	2116
184	2117
184	2118
184	2119
184	2120
184	2121
184	2122
184	2123
185	184
187	186
187	188
187	189
187	190
187	191
187	192
187	193
187	194
196	195
196	197
196	209
196	2986
196	3586
196	3727
196	3762
196	3787
196	3789
198	197
198	199
198	201
198	203
198	205
200	199
200	2635
200	2634
200	2899
200	2984
200	2987
200	3723
202	201
204	203
204	1840
204	2526
204	2985
204	2993
204	3003
204	3192
204	3204
204	3213
204	3748
204	4302
206	205
206	2835
206	2920
206	3644
206	3667
206	3668
206	3749
208	207
208	210
208	211
208	212
208	4217
208	4218
214	213
214	856
214	881
214	919
214	1925
214	2400
214	2405
214	2407
214	2410
214	2414
214	2417
214	2418
214	2419
214	2424
214	2425
214	2432
214	2434
214	2437
214	2441
213	217
213	221
213	223
213	225
213	226
215	213
216	213
218	217
218	221
218	223
218	225
219	217
219	221
219	223
219	225
219	226
220	217
220	221
220	223
220	225
222	221
224	223
224	225
228	227
228	229
228	230
228	234
228	280
228	283
228	282
228	236
228	237
228	238
228	239
228	285
228	242
228	243
228	244
228	248
228	257
228	260
228	261
228	264
228	262
228	263
228	265
228	266
228	267
228	268
228	269
228	272
228	273
228	275
227	229
227	230
227	231
227	232
227	233
227	234
227	235
227	236
227	237
227	238
227	239
227	240
227	241
227	242
227	243
227	244
227	245
227	246
227	247
227	248
227	249
227	250
227	251
227	252
227	253
227	254
227	255
227	256
227	257
227	258
227	259
227	260
227	261
227	262
227	263
227	264
227	265
227	266
227	267
227	268
227	269
227	270
227	271
227	272
227	273
227	274
227	275
229	276
229	277
234	280
234	281
234	283
234	284
234	285
234	286
268	3021
268	3022
279	278
281	282
288	287
288	289
288	290
288	291
288	292
288	293
288	294
288	295
288	296
288	297
288	298
288	299
288	300
288	301
288	302
288	303
288	304
288	305
307	306
307	369
307	401
307	460
307	486
307	660
307	670
307	674
307	2351
307	2521
307	360
307	2849
307	3048
307	3076
307	3078
307	3191
307	3287
307	3753
307	3842
307	3945
307	3947
307	3077
307	4168
307	4169
307	4170
307	4171
307	4172
307	4173
307	4174
307	4175
307	4176
307	4177
307	4178
307	4179
307	4180
307	4181
307	4182
307	4183
307	4184
307	4185
307	4186
307	4187
307	311
307	4222
311	310
311	317
310	312
310	313
313	314
313	318
314	315
314	321
317	316
317	313
317	322
319	318
318	315
320	319
320	321
320	322
320	367
320	368
320	369
320	370
320	372
320	373
320	374
320	375
320	376
320	387
320	388
320	395
320	396
320	400
320	401
320	402
320	403
320	404
320	407
320	408
320	424
320	621
320	622
320	652
320	699
320	731
320	732
320	733
320	743
320	744
320	1672
320	1851
320	1929
320	2262
320	2272
320	2316
320	2351
320	380
320	381
320	2448
320	2267
320	3189
320	3220
320	3850
320	3870
320	3898
320	3923
320	3924
320	3940
320	3944
320	3949
320	3959
320	3960
320	3961
320	4001
320	4035
320	4064
323	322
323	585
323	1785
323	2147
323	3298
323	3871
323	313
323	4163
323	4164
323	4165
323	4166
323	4167
322	314
325	324
325	326
328	327
328	1934
328	2780
328	2783
328	2784
328	3401
328	3695
328	3713
330	329
330	332
330	336
329	332
329	336
331	330
331	1927
331	1939
331	1940
331	1942
331	1941
331	1938
331	2442
331	2447
331	3112
332	333
332	334
332	335
336	337
339	338
339	354
341	340
341	346
342	341
342	350
342	351
342	356
343	341
343	347
343	350
343	351
345	344
349	348
349	355
349	1311
349	2462
353	352
358	357
358	430
358	643
358	1925
358	1933
358	2513
358	2516
358	2593
358	359
358	3212
358	3930
358	3077
358	4195
358	4202
357	359
357	360
362	361
362	2770
362	4234
364	363
364	365
364	366
364	942
364	1745
364	1748
364	1757
364	1758
364	1771
364	1811
364	1812
364	1831
364	1832
364	1848
364	1849
364	1850
364	1852
364	3643
364	4084
364	4199
364	4201
370	371
376	377
376	378
376	379
376	382
376	383
376	384
376	385
379	380
379	381
387	386
387	696
387	2352
387	2448
387	3104
387	3923
387	4046
388	389
388	392
389	390
389	391
392	393
392	394
396	397
396	398
396	399
402	314
404	405
404	406
409	410
412	411
412	410
414	413
414	873
414	990
414	1165
414	1684
414	2235
414	3113
414	3559
414	3562
414	3569
414	3735
416	415
416	1685
416	2236
416	3560
416	3567
416	3574
416	3738
418	417
418	549
418	552
418	894
418	893
418	897
418	898
418	899
418	900
418	901
418	902
418	903
418	904
418	905
418	917
418	919
418	923
418	1114
418	1116
418	1118
418	1122
418	1124
418	1125
418	1128
418	1166
418	1167
418	1247
418	1686
418	2237
418	2391
418	2392
418	2393
418	2400
418	2405
418	2407
418	2410
418	2414
418	2417
418	2418
418	2419
418	2424
418	2425
418	2432
418	2437
418	2441
418	3561
418	3568
418	3575
418	3739
420	419
420	427
420	428
421	422
424	423
424	2454
424	2456
426	425
430	429
430	433
430	438
431	429
431	852
433	432
433	436
433	437
433	439
434	435
441	440
441	442
441	443
441	449
441	450
441	3858
445	444
445	4309
446	444
446	447
446	448
452	451
452	3031
451	453
451	454
451	455
457	456
459	458
459	461
459	462
459	463
459	464
459	465
459	466
459	467
459	468
459	483
459	470
459	471
459	472
459	473
459	474
459	475
459	476
459	477
459	478
459	479
460	459
460	469
469	470
469	471
469	472
469	473
469	474
469	475
469	476
469	477
469	478
469	479
481	480
481	851
481	906
482	480
484	485
486	487
486	488
490	489
490	3109
490	3802
489	491
489	495
491	492
491	493
491	494
497	496
497	498
499	500
502	501
504	503
505	506
505	507
509	508
509	517
510	509
510	511
510	512
510	513
510	514
510	515
510	516
510	2283
510	2284
510	2305
510	2307
510	2308
510	3105
510	3636
510	4031
510	311
516	517
519	518
519	522
521	520
521	523
527	526
529	528
531	530
532	533
535	534
535	544
535	546
536	535
536	534
536	544
537	534
539	538
540	538
542	541
542	693
542	694
542	1169
542	1171
542	1174
542	1176
542	1777
542	1239
542	2171
542	1204
542	2845
542	1211
543	541
545	544
547	546
549	548
550	548
552	551
553	551
558	557
560	559
560	562
560	563
560	564
560	566
560	593
560	596
560	597
560	598
561	560
561	559
561	562
561	563
561	564
566	565
566	579
566	581
566	582
566	583
566	584
566	590
566	592
565	567
565	569
565	570
565	571
565	572
565	573
565	574
565	575
565	576
565	577
565	578
567	568
579	580
585	586
585	587
590	589
590	591
593	594
593	595
601	600
602	601
602	623
602	640
602	653
602	736
602	749
604	603
604	610
604	612
604	613
604	616
604	734
603	606
605	604
605	625
605	631
605	637
605	641
605	660
605	691
605	697
605	700
605	940
605	3029
605	3838
605	3852
605	3862
605	3866
605	3869
605	3873
605	3884
605	3900
605	3910
605	3912
605	3915
605	3917
605	3920
605	3928
605	3947
605	4008
605	4012
605	4019
605	4023
605	4026
605	3059
605	1207
605	1208
605	1209
605	4030
605	3068
608	607
610	609
612	611
612	614
612	615
617	618
617	619
625	624
625	626
625	627
625	628
625	629
625	747
631	630
631	634
631	635
630	632
630	633
637	636
637	638
643	642
643	741
642	644
644	645
646	647
646	648
646	649
651	650
651	739
651	746
656	655
656	3839
657	656
659	658
660	659
660	661
660	664
663	662
664	663
664	735
666	665
668	667
668	1183
668	1182
668	1749
668	752
668	1779
668	1903
668	3546
668	3548
668	3808
670	669
669	672
671	670
671	2365
671	2368
671	2370
674	673
674	677
676	675
676	688
676	3874
679	678
679	689
680	679
680	2782
680	3052
680	3054
680	3057
681	680
681	3060
682	681
682	940
682	2781
682	3063
682	3622
682	3801
682	4257
683	682
683	707
683	1866
683	1888
683	1939
683	1940
683	1942
683	1941
683	1938
683	3027
683	3071
683	3083
683	3085
683	3086
683	3087
683	3088
683	3815
683	4303
684	679
686	685
687	686
687	3875
691	690
691	1205
691	1206
691	1207
690	695
692	691
692	1168
692	1191
692	1192
692	1197
692	1204
692	1210
692	1211
692	1212
692	1213
692	1214
693	692
693	1221
694	691
694	3075
699	698
699	3846
699	3995
700	701
701	702
701	703
701	704
706	705
707	706
707	727
707	4257
709	708
709	728
709	735
709	747
709	748
709	718
708	711
710	709
710	713
710	719
710	729
710	730
713	712
713	714
713	715
713	716
713	717
713	718
718	711
718	1894
721	720
723	722
725	724
725	726
738	737
738	745
741	740
741	742
751	752
752	753
752	754
752	755
757	756
756	759
756	760
758	756
758	1714
760	761
760	791
760	795
760	796
760	797
761	762
761	763
761	764
761	765
761	782
761	783
765	766
765	769
765	770
765	771
766	767
766	768
771	772
771	773
771	774
771	775
771	776
771	777
771	781
777	778
777	779
777	780
783	784
783	785
783	786
783	787
787	788
787	789
787	790
791	792
791	793
791	794
799	798
799	800
802	803
805	804
805	907
805	909
805	911
804	808
804	809
806	804
807	806
807	908
807	910
807	912
807	4263
807	4276
811	810
813	812
813	826
813	827
813	828
813	829
813	836
813	839
813	843
813	844
813	847
813	848
813	849
813	850
813	853
813	854
813	858
813	860
813	861
812	814
812	817
812	818
812	821
812	822
812	823
812	824
812	825
814	815
814	816
818	819
818	820
831	830
831	833
830	832
833	834
833	835
838	837
839	840
842	841
846	845
852	851
852	906
852	4259
856	855
857	855
863	862
864	863
864	866
864	870
864	4264
864	4265
864	4266
864	4267
864	4270
864	4271
864	4272
864	4277
864	4278
866	865
868	867
868	872
869	868
870	869
870	4268
871	867
873	874
873	875
877	876
879	878
880	879
880	4258
883	882
883	884
883	886
883	887
883	888
883	889
884	885
891	890
894	893
894	898
894	899
894	900
894	901
894	902
894	903
894	904
894	905
896	895
908	907
910	909
912	911
914	913
916	915
918	917
920	919
922	921
926	925
926	930
926	931
926	935
926	938
926	1009
926	1010
926	1011
927	926
928	927
928	967
929	927
929	966
933	932
933	1008
934	933
935	934
935	1006
937	936
938	937
938	1012
940	939
940	1867
940	2842
940	3062
940	3065
940	3066
940	3067
940	3068
940	3069
942	941
942	943
945	944
945	997
945	1868
945	1883
945	1889
945	2350
945	2616
945	2843
945	3790
945	3816
945	3819
945	3877
945	4039
947	946
947	948
947	949
947	950
952	951
952	1003
953	951
955	954
957	956
956	958
956	959
961	960
961	962
964	963
963	969
965	964
965	970
965	971
966	965
966	972
966	973
966	974
966	975
966	976
966	977
967	966
968	967
968	978
968	979
968	1020
968	1022
981	980
981	982
981	2756
981	3225
981	4051
982	983
985	984
985	986
985	987
985	989
988	987
988	989
992	991
994	993
994	995
994	996
994	1968
994	1975
999	998
999	1002
1001	1000
1005	1004
1006	1007
1015	1014
1015	1016
1015	1017
1019	1018
1020	1021
1022	1023
1022	1028
1023	1024
1023	1025
1023	1026
1023	1027
1031	1030
1031	2338
1031	2340
1031	2341
1031	2342
1031	2343
1031	2344
1031	2345
1031	2346
1031	2455
1033	1032
1033	1034
1033	1035
1036	1035
1038	1037
1041	1040
1041	1046
1041	1050
1041	1051
1041	3408
1041	3410
1041	3412
1041	3418
1041	3419
1041	3420
1041	3421
1041	3422
1041	3423
1041	3424
1041	3425
1041	3426
1041	3427
1041	3428
1041	3430
1041	3433
1041	3434
1041	3437
1041	3438
1041	3439
1041	3440
1041	3441
1041	3442
1041	3443
1041	3444
1041	3445
1041	3446
1041	3447
1041	3450
1041	3455
1041	3456
1041	3458
1041	3461
1041	3467
1041	3471
1041	3474
1041	3475
1041	3480
1041	3481
1041	3483
1041	3484
1041	3485
1041	3487
1041	3489
1041	3490
1041	3491
1041	3493
1041	3494
1041	3495
1041	3496
1041	3497
1041	3498
1041	3499
1041	3502
1041	3503
1041	3504
1041	3509
1041	3511
1041	3512
1041	3517
1041	3518
1041	3519
1041	3520
1041	3521
1041	3522
1041	3523
1041	3525
1041	3526
1041	3527
1041	3528
1041	3534
1041	3538
1041	3539
1041	3540
1041	3541
1041	3542
1041	3543
1042	1041
1042	1045
1042	1048
1042	1130
1042	1138
1042	3405
1042	3409
1042	3413
1042	3415
1042	3417
1042	3429
1042	3435
1042	3457
1042	3459
1042	3463
1042	3476
1042	3477
1042	3478
1042	3479
1042	3486
1042	3488
1042	3500
1042	3501
1042	3507
1042	3513
1042	3514
1042	3516
1043	1042
1043	3411
1043	3492
1043	3531
1045	1044
1045	1049
1045	1080
1045	1136
1045	1139
1045	1142
1045	3472
1048	1047
1048	1052
1048	1053
1048	1055
1048	1135
1048	1141
1048	1143
1048	3416
1048	3431
1048	3432
1048	3436
1048	3448
1048	3449
1048	3482
1048	3505
1048	3506
1048	3508
1048	3510
1048	3515
1048	3524
1048	3529
1048	3535
1048	3536
1048	3537
1055	1054
1055	1056
1055	1057
1055	1058
1055	1059
1055	1060
1055	1061
1055	1062
1055	1063
1055	1064
1055	1065
1055	1066
1055	1067
1055	1068
1055	1069
1055	1070
1055	1071
1055	1072
1055	1073
1055	1074
1055	1075
1055	1076
1055	1077
1055	1078
1055	1079
1082	1081
1082	1090
1082	1091
1082	1092
1082	1093
1082	1094
1082	1095
1082	1096
1082	1097
1082	1098
1082	1099
1082	1100
1082	1101
1082	1102
1082	1103
1082	1104
1082	1105
1082	1106
1082	1107
1082	1108
1082	1109
1082	1110
1082	1111
1082	1112
1082	1113
1083	1084
1083	1085
1083	1086
1083	1087
1083	1088
1083	1089
1115	1114
1117	1116
1120	1119
1120	1121
1130	1129
1130	1131
1130	1132
1130	1133
1130	1134
1130	1140
1138	1137
1145	1144
1145	1151
1146	1145
1146	1150
1146	1154
1147	1146
1147	1163
1148	1147
1148	3675
1148	3685
1150	1149
1150	1152
1154	1153
1154	1156
1154	1157
1154	1159
1154	1161
1156	1155
1156	1158
1156	1160
1156	1162
1163	1164
1168	1169
1168	1170
1168	1178
1170	1171
1170	1173
1170	1174
1170	1176
1171	1172
1174	1175
1176	1177
1178	1179
1181	1180
1181	1661
1183	1182
1183	2641
1185	1184
1185	1238
1185	1780
1185	2889
1185	3073
1184	1186
1186	1187
1189	1188
1188	1190
1192	1193
1192	1194
1194	1195
1194	1196
1197	1198
1197	1202
1197	1203
1198	1199
1198	1201
1199	1200
1207	1208
1207	1209
1216	1215
1216	1217
1219	1218
1221	1220
1221	1239
1221	1240
1221	1241
1221	1242
1221	1243
1220	1222
1224	1223
1226	1225
1226	1782
1225	1228
1227	1226
1227	1781
1227	2038
1227	3794
1230	1229
1230	1232
1230	1233
1230	1234
1230	1235
1230	1236
1230	1237
1231	1230
1231	1232
1247	1248
1247	1253
1247	1254
1248	1249
1248	1250
1248	1251
1248	1252
1253	1259
1253	1260
1254	1255
1254	1256
1256	1257
1256	1258
1262	1261
1262	1264
1262	1268
1262	1271
1262	1272
1262	1273
1262	1304
1262	1305
1262	1306
1262	1307
1262	1308
1263	1262
1263	1266
1263	1316
1263	1321
1266	1265
1266	1267
1266	1269
1266	1270
1275	1274
1275	1285
1275	1292
1275	1294
1275	1295
1276	1275
1276	1278
1278	1277
1278	1290
1278	1291
1278	1293
1278	1296
1278	1299
1280	1279
1281	1280
1281	1287
1283	1282
1284	1283
1284	1289
1287	1286
1289	1288
1297	1284
1297	1298
1297	1276
1297	1303
1298	1300
1298	1301
1298	1302
1310	1309
1311	1310
1313	1312
1313	1315
1314	1313
1316	1317
1316	1318
1316	1319
1316	1320
1321	1322
1321	1323
1321	1324
1321	1325
1321	1326
1321	1327
1321	1328
1321	1329
1321	1330
1321	1331
1321	1332
1321	1333
1321	1334
1321	1335
1337	1336
1337	1339
1337	1340
1337	1343
1337	1344
1337	1345
1338	1337
1338	1342
1338	1403
1338	1348
1342	1341
1347	1346
1347	1349
1347	1352
1347	1353
1347	1355
1348	1347
1348	1351
1348	1400
1348	1405
1348	1406
1348	1407
1348	1408
1348	1409
1348	1410
1348	1411
1348	1417
1348	1418
1348	1419
1351	1350
1351	1354
1357	1356
1357	1371
1358	1357
1358	1360
1358	1388
1358	1391
1360	1359
1360	1369
1360	1370
1360	1372
1362	1361
1363	1362
1363	1368
1363	1382
1363	1384
1365	1364
1366	1365
1366	1375
1366	1386
1366	1396
1368	1367
1374	1373
1375	1374
1375	1377
1375	1378
1375	1380
1377	1376
1378	1379
1380	1381
1382	1383
1384	1385
1386	1387
1388	1389
1388	1390
1391	1392
1391	1393
1391	1394
1391	1395
1398	1397
1398	1399
1400	1401
1400	1402
1403	1404
1411	1412
1411	1413
1411	1414
1411	1415
1411	1416
1421	1420
1421	1425
1421	1429
1420	1422
1420	1423
1420	1424
1425	1426
1425	1427
1429	1428
1429	1430
1429	1431
1429	1432
1434	1433
1434	1438
1434	1442
1433	1435
1433	1436
1433	1437
1438	1439
1438	1440
1442	1441
1442	1443
1442	1444
1442	1445
1447	1446
1447	1461
1447	1528
1447	1530
1447	1532
1447	1534
1447	1535
1447	1538
1449	1448
1449	1453
1449	1454
1449	1455
1449	1456
1450	1449
1450	1458
1450	1462
1450	1468
1452	1451
1458	1457
1458	1459
1460	1450
1460	1473
1460	1495
1460	1514
1460	1520
1460	1523
1460	1525
1460	1526
1460	1527
1460	1529
1460	1531
1460	1533
1460	1536
1460	1537
1462	1463
1462	1464
1462	1465
1462	1466
1462	1467
1468	1469
1468	1470
1468	1471
1468	1472
1473	1474
1473	1482
1473	1490
1473	1492
1474	1475
1474	1476
1474	1481
1476	1477
1476	1478
1476	1479
1476	1480
1482	1483
1482	1484
1482	1488
1484	1485
1484	1486
1484	1487
1490	1489
1490	1493
1492	1491
1492	1494
1495	1496
1495	1501
1495	1506
1495	1511
1496	1497
1496	1498
1496	1499
1496	1500
1501	1502
1501	1503
1501	1504
1506	1505
1506	1507
1506	1508
1506	1509
1511	1510
1511	1512
1511	1513
1514	1515
1514	1518
1517	1516
1517	1519
1520	1521
1520	1522
1525	1524
1540	1539
1542	1541
1544	1543
1544	1545
1544	1546
1544	1548
1543	1547
1543	1549
1543	1550
1552	1551
1552	1555
1552	1554
1551	1553
1551	1555
1553	1554
1555	1556
1556	1557
1556	1558
1559	1555
1560	1556
1560	1553
1560	1557
1560	1564
1560	1585
1560	1562
1560	1563
1560	1566
1560	1567
1560	1568
1560	1586
1560	1576
1560	1595
1560	1598
1561	1562
1561	1563
1561	1564
1561	1566
1561	1567
1561	1568
1564	1565
1572	1571
1572	1573
1574	1575
1574	1577
1575	1576
1579	1578
1579	1580
1581	1553
1581	1598
1583	1582
1584	1564
1584	1585
1584	1562
1584	1563
1584	1566
1584	1567
1584	1568
1589	1588
1589	1590
1590	1591
1590	1592
1590	1593
1595	1594
1597	1596
1600	1599
1600	1604
1599	1602
1599	1603
1601	1600
1606	1605
1606	1617
1607	1606
1607	1618
1608	1607
1610	1609
1610	1625
1610	1658
1611	1610
1613	1612
1613	1641
1614	1613
1616	1615
1616	1646
1620	1619
1620	1656
1621	1620
1621	1624
1621	1657
1622	1621
1623	1620
1627	1626
1627	1630
1627	1631
1627	1632
1627	1639
1627	1640
1628	1627
1630	1629
1630	1633
1630	1634
1630	1635
1630	1636
1630	1637
1630	1638
1641	1642
1641	1643
1641	1644
1646	1645
1646	1647
1647	1648
1647	1649
1648	1650
1648	1653
1649	1651
1649	1652
1655	1654
1660	1659
1660	1669
1660	1674
1663	1662
1663	1665
1663	1664
1662	1664
1662	1665
1667	1666
1667	1669
1667	1678
1668	1666
1668	1683
1670	1667
1670	1679
1670	1682
1670	4062
1670	4081
1670	4083
1670	4085
1670	4067
1670	4068
1670	4069
1670	4070
1670	4071
1671	1670
1671	1816
1671	1822
1671	1829
1671	1839
1671	2044
1671	2205
1671	2206
1671	2032
1671	4083
1671	4280
1671	4317
1671	4318
1671	4319
1671	4320
1671	4321
1671	4322
1671	4323
1671	4324
1671	4071
1672	1671
1672	2152
1672	2168
1672	4066
1674	1673
1675	1676
1675	1677
1681	1680
1682	1681
1682	2042
1682	2043
1682	2047
1682	2052
1682	2059
1682	2036
1682	4072
1682	4073
1682	4074
1682	4075
1682	4076
1682	4077
1682	4078
1682	4079
1682	4080
1682	4082
1688	1687
1688	1689
1690	1689
1692	1691
1692	1693
1692	1694
1692	1698
1697	1696
1699	1700
1701	1702
1701	1703
1701	1704
1705	1706
1708	1707
1707	1709
1707	1712
1709	1710
1709	1711
1713	760
1713	1715
1713	1721
1713	1801
1713	1803
1713	1819
1713	1827
1714	1713
1714	1800
1714	1810
1715	761
1715	1716
1715	1717
1715	1720
1715	1729
1715	1733
1715	1741
1716	762
1717	765
1717	1718
1717	1723
1717	1730
1718	771
1718	1719
1718	1724
1718	1726
1718	1732
1718	1738
1718	1740
1718	1759
1719	772
1720	783
1720	1722
1720	1728
1720	1731
1720	1735
1721	1720
1721	1722
1721	1817
1721	795
1722	784
1723	766
1723	1727
1723	1734
1723	1762
1724	777
1724	1725
1724	1737
1724	1739
1725	778
1726	773
1727	769
1728	785
1729	763
1730	770
1731	786
1732	774
1733	764
1734	767
1735	787
1735	1736
1735	1760
1735	1761
1736	788
1737	779
1738	775
1739	780
1740	776
1741	782
1743	1742
1744	1743
1744	2025
1744	2026
1744	2027
1744	4284
1747	1746
1749	752
1749	1756
1749	1813
1750	1749
1751	1749
1752	1749
1752	2050
1752	2225
1753	1749
1753	2051
1753	2226
1754	1749
1754	752
1754	2875
1754	2876
1754	2878
1754	2879
1754	3803
1754	3878
1754	4040
1755	753
1756	1755
1756	754
1759	781
1760	789
1761	790
1762	768
1764	1763
1764	1765
1764	1766
1768	1767
1770	1769
1770	2521
1770	2543
1770	2574
1773	1772
1775	1774
1775	1778
1775	1786
1775	1787
1775	1797
1776	1775
1776	1777
1776	1779
1776	1800
1776	1835
1777	1774
1779	1778
1779	1813
1784	1783
1787	1788
1787	1789
1789	1790
1789	1794
1789	1795
1789	1796
1790	1791
1790	1792
1790	1793
1799	1798
1800	1787
1800	1801
1800	1809
1801	1789
1801	1802
1801	1817
1801	1818
1801	1826
1802	1790
1802	1804
1802	1806
1802	1833
1803	1802
1803	1805
1803	1807
1803	1834
1803	791
1804	1791
1805	1804
1805	792
1806	1792
1807	1806
1807	793
1809	1788
1810	1809
1810	759
1813	1786
1815	1814
1815	1820
1815	1823
1815	1824
1815	1825
1815	2310
1815	3228
1815	4301
1816	1814
1816	2031
1816	2042
1816	2056
1817	1794
1818	1796
1819	1818
1819	797
1822	1821
1822	2047
1826	1795
1827	1826
1827	796
1829	1828
1829	2052
1831	1830
1831	2054
1833	1793
1834	1833
1834	794
1835	1797
1836	1835
1836	2058
1837	1836
1839	1838
1839	2035
1839	2037
1839	2059
1842	1841
1842	3372
1842	3373
1842	3375
1842	3376
1842	3377
1842	3380
1842	3381
1842	3382
1842	3383
1843	1842
1843	3303
1843	3310
1843	3347
1843	3370
1843	3384
1844	1843
1844	3289
1844	3300
1844	3387
1844	3388
1845	1844
1853	286
1853	242
1855	1854
1855	1863
1855	1864
1855	1865
1856	1855
1856	1858
1856	1861
1858	1857
1858	1862
1860	1859
1861	1860
1867	1866
1867	1888
1870	1869
1871	1870
1871	1891
1871	1892
1871	3050
1871	3051
1873	1872
1873	1895
1873	1906
1875	1874
1877	1876
1877	1880
1879	1878
1879	1881
1879	1882
1885	1884
1885	1896
1887	1886
1891	1890
1892	1890
1892	1893
1898	1897
1900	1899
1900	4041
1900	4048
1900	3927
1905	1904
1905	1907
1905	1909
1907	1908
1912	1913
1912	1920
1913	1914
1913	1915
1913	1916
1913	1917
1913	1919
1917	1918
1923	1922
1923	3082
1924	1923
1926	1925
1926	3077
1928	1927
1928	3233
1929	1928
1929	2317
1929	3231
1929	3232
1929	3717
1929	3718
1930	1927
1932	1931
1932	2315
1932	2512
1932	3221
1932	3689
1932	3696
1932	3700
1933	1932
1933	2316
1933	2513
1933	2521
1933	3222
1933	3602
1933	3690
1937	1936
1938	1937
1938	1943
1938	1944
1938	1945
1939	1938
1940	1938
1941	1938
1942	1941
1947	1946
1947	1951
1947	1950
1947	1979
1947	1973
1947	1996
1947	1948
1947	1949
1947	1980
1947	2004
1947	2010
1947	2014
1947	2015
1946	1948
1946	1949
1951	1950
1951	1969
1952	1951
1952	1979
1952	1973
1952	1980
1954	1953
1954	1960
1954	1967
1954	1996
1955	1954
1955	1957
1956	1953
1956	1967
1957	1956
1957	1961
1959	1958
1959	2017
1961	1960
1961	1996
1962	1961
1963	1965
1963	1966
1964	1963
1971	1970
1970	1973
1972	1970
1972	1975
1973	1974
1973	1975
1975	1976
1976	1977
1977	1978
1979	1980
1980	1981
1980	1984
1980	1985
1980	1993
1980	1994
1981	1982
1981	1983
1985	1986
1985	1989
1985	1991
1986	1987
1986	1988
1989	1990
1991	1992
1995	1975
1995	3722
1996	1997
1999	1998
2000	1980
2000	2001
2000	2002
2000	1988
2001	1985
2001	1994
2002	1994
2003	2002
2006	2005
2006	1976
2008	1965
2008	2011
2008	2012
2008	2013
2008	1966
2008	4282
2009	1965
2009	1966
2009	4282
2016	2015
2019	2018
2019	2022
2020	2019
2021	2018
2021	2048
2021	2278
2024	2023
2028	791
2030	2029
2030	2055
2032	2031
2032	2049
2032	2056
2032	2205
2032	2206
2032	4063
2032	4065
2032	4067
2032	4068
2032	4069
2032	4070
2032	4071
2032	1682
2034	2033
2034	2041
2036	2035
2036	2037
2040	2039
2041	2040
2044	2043
2054	2053
2057	2058
2069	2070
2072	2071
2076	2075
2076	2077
2119	2124
2126	2125
2126	2127
2126	2146
2129	2128
2129	2130
2129	2166
2132	2131
2132	2135
2132	2141
2133	2132
2133	2139
2135	2134
2135	2140
2136	2134
2136	2144
2137	2134
2137	2145
2139	2138
2143	2142
2143	2163
2145	2144
2145	2152
2149	2148
2151	2150
2151	2213
2154	2153
2155	2154
2155	2180
2155	2199
2157	2156
2157	2158
2157	2159
2161	2160
2161	2164
2162	2161
2162	2165
2165	2164
2165	2167
2170	2169
2170	2191
2170	2193
2170	2194
2170	2195
2170	2200
2170	2201
2170	2209
2170	4285
2171	1197
2171	2172
2171	2181
2172	1198
2173	2172
2173	2181
2175	2174
2175	2183
2175	2192
2175	2185
2175	2186
2175	2210
2177	2178
2177	2179
2181	1199
2181	1202
2183	2182
2182	2184
2182	2189
2182	2190
2184	2185
2184	2186
2184	2187
2184	2188
2198	2197
2203	2202
2203	2204
2208	2207
2208	2211
2208	2212
2215	2214
2217	2216
2219	2218
2221	2220
2221	4090
2221	4091
2221	4092
2221	4093
2222	2223
2222	2224
2228	2227
2228	2229
2228	2230
2228	2231
2228	2234
2233	2232
2239	2238
2239	2240
2241	2240
2242	2241
2242	3555
2242	3580
2245	2244
2246	2245
2246	2247
2246	2248
2246	2249
2252	2251
2252	2255
2252	2256
2252	2258
2252	2302
2252	2304
2254	2253
2254	2257
2254	2303
2254	4192
2254	4193
2254	4194
2260	2259
2260	2267
2259	2262
2259	2263
2259	2264
2261	2259
2262	2268
2262	2269
2264	2265
2264	2266
2271	2270
2271	2273
2271	2274
2271	2275
2287	2286
2286	2288
2286	2289
2289	2290
2292	2291
2291	2293
2293	2294
2294	2295
2297	2296
2297	4162
2296	2298
2296	2299
2296	2300
2296	2301
2305	2306
2312	2311
2312	2313
2315	2314
2315	2536
2315	3165
2315	3166
2315	3167
2315	3175
2315	3176
2316	2315
2319	2318
2319	2320
2319	2321
2323	2322
2323	2324
2323	2329
2326	2325
2326	2327
2328	2327
2328	3712
2331	2330
2331	2332
2331	2334
2331	2336
2331	2337
2334	2333
2334	2335
2339	2338
2339	2342
2339	2344
2339	2345
2339	2346
2348	2347
2349	2348
2352	380
2352	381
2354	2353
2354	2355
2354	2356
2359	2360
2359	2361
2359	4291
2359	4292
2359	4293
2359	4294
2363	2362
2363	2364
2365	2366
2365	2367
2370	2369
2372	2371
2376	2375
2379	2378
2380	2381
2380	2382
2380	2383
2380	2384
2386	2385
2386	3830
2386	3832
2386	3833
2395	2394
2395	2402
2395	2408
2395	2411
2395	2415
2395	2421
2395	2429
2395	2438
2397	2396
2397	2403
2397	2412
2397	2420
2397	2422
2397	2430
2397	2439
2399	2398
2399	2404
2399	2406
2399	2409
2399	2413
2399	2416
2399	2423
2399	2431
2399	2433
2399	2436
2399	2440
2401	2400
2401	2405
2401	2407
2401	2410
2401	2414
2401	2417
2401	2418
2401	2419
2401	2424
2401	2425
2401	2432
2401	2434
2401	2437
2401	2441
2427	2426
2427	2428
2435	2434
2444	2443
2444	2494
2444	2495
2446	2445
2446	2449
2451	2450
2451	2469
2451	2470
2451	2490
2454	2453
2458	2457
2460	2459
2460	2461
2460	2463
2460	2464
2460	2465
2467	2466
2469	2468
2469	2471
2469	2477
2476	2475
2476	2481
2477	2478
2477	2479
2477	2480
2482	2483
2482	2484
2482	2485
2486	2487
2486	2489
2487	2488
2492	2491
2497	2496
2504	2503
2504	2519
2506	2505
2506	2507
2509	2508
2509	2682
2509	2683
2509	2755
2511	2510
2512	2511
2512	2937
2512	2947
2512	2967
2512	2974
2513	2512
2514	2513
2514	2780
2514	359
2514	2784
2514	4195
2514	4197
2514	4198
2514	4202
2514	4203
2516	2515
2516	2542
2518	2517
2518	2677
2519	2520
2526	2525
2526	2547
2526	2548
2526	2789
2526	2790
2526	2903
2526	2932
2526	2991
2526	2992
2526	2997
2526	2999
2526	3000
2526	3005
2526	3006
2526	3007
2528	2527
2527	2529
2527	2530
2530	2531
2530	2532
2534	2533
2534	3134
2534	3135
2534	3136
2534	3138
2534	3139
2534	3140
2534	3141
2534	3142
2534	3143
2535	2534
2535	3118
2535	3119
2535	3120
2535	3124
2535	3125
2535	3128
2535	3129
2535	3130
2535	3144
2536	2535
2536	2787
2536	3146
2536	3155
2536	3156
2536	3157
2536	3158
2536	3160
2536	3161
2536	3162
2536	3163
2536	3164
2537	2538
2537	2539
2539	2540
2539	2541
2544	2545
2544	2546
2553	2552
2553	2557
2553	2558
2553	2561
2553	2566
2553	2567
2553	2568
2554	2553
2554	2592
2555	2554
2555	2556
2555	2593
2556	2553
2558	2559
2558	2560
2561	2562
2561	2563
2561	2564
2561	2565
2568	2569
2571	2570
2572	2571
2572	2573
2572	2575
2577	2576
2577	2579
2577	2580
2577	2581
2577	2589
2578	2577
2583	2582
2583	2607
2583	2608
2583	2610
2583	2611
2582	2584
2582	2585
2582	2586
2582	2587
2582	2588
2591	2590
2591	2594
2591	2601
2591	2602
2591	2603
2591	2604
2591	2605
2592	2591
2592	2597
2592	2599
2593	2592
2596	2595
2596	2598
2597	2596
2597	2606
2599	2600
2608	2609
2613	2612
2615	2614
2618	2617
2618	2619
2618	2620
2618	2621
2618	2622
2624	2623
2628	2627
2628	2633
2627	2629
2627	2630
2627	2631
2627	2632
2635	2634
2635	3400
2637	2636
2637	2638
2637	2639
2643	2642
2645	2644
2645	2649
2645	2650
2645	2651
2645	2652
2645	2653
2645	2654
2645	2655
2645	2656
2646	2645
2646	2685
2647	2646
2647	2659
2647	2680
2647	2704
2647	2757
2647	2777
2647	2778
2648	2646
2658	2657
2658	2702
2658	2732
2659	2661
2659	2662
2659	2663
2659	2664
2659	2665
2659	2666
2659	2667
2659	2668
2659	2669
2660	2659
2660	2704
2671	2670
2671	2763
2672	2671
2674	2673
2674	2765
2676	2675
2677	2676
2679	2678
2679	2730
2679	2754
2680	2679
2680	2718
2681	2680
2685	2684
2685	2687
2685	2688
2685	2690
2685	2692
2685	2694
2685	2696
2685	2698
2685	2700
2685	2731
2684	2686
2688	2689
2690	2691
2692	2693
2694	2695
2696	2697
2698	2699
2700	2701
2704	2703
2704	2714
2704	2733
2704	2761
2703	2705
2703	2706
2703	2707
2703	2708
2703	2709
2703	2710
2703	2711
2703	2712
2714	2713
2714	2742
2716	2715
2716	2743
2718	2717
2718	2744
2717	2720
2717	2721
2717	2722
2717	2723
2717	2724
2717	2725
2717	2726
2717	2727
2717	2728
2719	2718
2729	2724
2733	2734
2733	2735
2733	2736
2733	2737
2733	2738
2733	2739
2733	2740
2733	2741
2744	2745
2744	2746
2744	2747
2744	2748
2744	2749
2744	2750
2744	2751
2744	2752
2744	2753
2758	2757
2759	2758
2759	2788
2763	2762
2765	2764
2767	2766
2767	3624
2767	3625
2767	3626
2768	2767
2769	2768
2772	2771
2772	2773
2772	2774
2772	2779
2776	2775
2782	2781
2782	3027
2782	3058
2782	3059
2786	2785
2792	2791
2792	2801
2791	2794
2791	2795
2793	2792
2793	2797
2793	2798
2793	2799
2793	2800
2793	2803
2793	2810
2793	2815
2793	2828
2793	2829
2793	2830
2793	2834
2797	2796
2803	2802
2803	2806
2802	2804
2802	2805
2806	2807
2806	2808
2806	2809
2810	2811
2810	2812
2810	2813
2810	2814
2815	2816
2815	2817
2815	2818
2815	2819
2815	2820
2815	2821
2815	2822
2815	2823
2823	2824
2823	2825
2823	2826
2823	2827
2832	2831
2832	3763
2832	3764
2833	2832
2833	3765
2837	2836
2837	2841
2839	2838
2839	2840
2845	2844
2845	3075
2847	2846
2851	2850
2851	2860
2851	2868
2850	2852
2850	2853
2850	2854
2850	2855
2858	2857
2863	2864
2863	2865
2872	2873
2877	2876
2895	2894
2895	2897
2895	3390
2895	3391
2895	3392
2895	3393
2895	3394
2895	3395
2896	2895
2896	3389
2896	4307
2899	2898
2899	3301
2899	3396
2899	3399
2901	2900
2901	2902
2920	2919
2932	2931
2932	2933
2933	2934
2935	2936
2937	2938
2937	2939
2937	2940
2937	2941
2937	2942
2937	2943
2937	2944
2937	2945
2937	2946
2947	2948
2947	2951
2947	2952
2947	2953
2947	2954
2947	2955
2947	2964
2947	2965
2947	2966
2948	2949
2948	2950
2955	2956
2955	2959
2955	2960
2955	2961
2955	2962
2955	2963
2956	2957
2956	2958
2967	2968
2967	2969
2967	2970
2967	2971
2967	2972
2967	2973
2974	2975
2974	2976
2978	2977
2978	2980
2978	2981
2978	2983
2979	2978
2981	2982
2985	2984
2985	2989
2987	2986
2987	2989
2989	2988
2989	2990
2995	2994
2995	2996
2999	2998
3002	3001
3002	3004
3003	3002
3003	3008
3008	3009
3008	3010
3012	3011
3024	3023
3026	3025
3029	3028
3029	4027
3029	4028
3031	3030
3031	3032
3031	3033
3035	3034
3036	3035
3036	3047
3036	3045
3036	3040
3038	3037
3038	3045
3038	3044
3037	3040
3039	3038
3039	3036
3042	3041
3042	3043
3045	3044
3045	3040
3047	3046
3052	3053
3054	3055
3054	3056
3062	3061
3062	3064
3063	3061
3063	3064
3071	3070
3070	3072
3080	3079
3080	3081
3080	3728
3080	4281
3083	3084
3090	3089
3090	3093
3090	3094
3090	3095
3090	3098
3090	3099
3089	3092
3091	3090
3091	3102
3091	3103
3095	3096
3095	3097
3102	3101
3103	3094
3107	3106
3110	3109
3112	3111
3112	3226
3115	3114
3115	3116
3115	3117
3120	3121
3120	3122
3120	3123
3125	3126
3125	3127
3130	3131
3130	3132
3130	3133
3136	3137
3146	3145
3146	3148
3146	3149
3146	3153
3146	3154
3145	3147
3149	3150
3149	3151
3149	3152
3158	3159
3158	3181
3158	3182
3158	3183
3158	3184
3160	3179
3160	3190
3163	3186
3163	3187
3167	3168
3167	3169
3167	3170
3167	3171
3167	3172
3167	3173
3167	3174
3178	3177
3178	3180
3178	3185
3178	4304
3189	3188
3206	3205
3206	3208
3206	3211
3207	3206
3207	4306
3210	3209
3210	4305
3215	3214
3217	3216
3219	3218
3219	3544
3221	3223
3222	3221
3228	3227
3228	3229
3228	3230
3228	3623
3228	3766
3235	3234
3235	3240
3235	3241
3235	3242
3235	3243
3235	3244
3235	3245
3235	3246
3235	3247
3235	3248
3235	3249
3235	3250
3235	3251
3235	3252
3235	3253
3235	3254
3235	3255
3234	3236
3236	3237
3236	3238
3238	3239
3257	3256
3256	3258
3256	3259
3256	3260
3256	3261
3256	3262
3256	3263
3256	3264
3256	3265
3256	3266
3256	3267
3256	3270
3256	3271
3256	3272
3256	3275
3256	3276
3256	3277
3256	3278
3256	3279
3256	3280
3256	3281
3267	3268
3267	3269
3272	3273
3272	3274
3287	3286
3289	3288
3289	3290
3289	3291
3289	3292
3289	3293
3289	3294
3289	3295
3289	3296
3289	3297
3289	3298
3289	3299
3303	3302
3303	3317
3303	3318
3303	3319
3303	3320
3303	3321
3303	3322
3303	3323
3303	3324
3303	3325
3303	3326
3303	3327
3303	3329
3303	3330
3303	3332
3303	3333
3303	3334
3303	3335
3303	3336
3303	3337
3303	3338
3303	3339
3303	3340
3303	3341
3303	3342
3303	3343
3303	3344
3303	3345
3303	3346
3302	3304
3302	3305
3302	3306
3302	3307
3302	3308
3302	3309
3310	3311
3310	3312
3310	3313
3310	3314
3310	3315
3315	3316
3327	3328
3330	3331
3347	3348
3347	3349
3347	3350
3347	3351
3347	3352
3347	3353
3347	3354
3347	3355
3347	3356
3347	3357
3347	3358
3347	3359
3347	3360
3347	3361
3347	3362
3347	3363
3347	3364
3347	3365
3347	3366
3347	3367
3347	3368
3347	3369
3370	3371
3373	3374
3377	3378
3377	3379
3384	3385
3384	3386
3396	3397
3399	3398
3403	3402
3403	3404
3407	3406
3415	3414
3415	3451
3415	3453
3415	3454
3415	3462
3415	3466
3415	3473
3453	3452
3461	3460
3463	3464
3466	3465
3467	3468
3467	3469
3467	3470
3530	3531
3533	3532
3533	3534
3533	3545
3548	3547
3548	3549
3548	3550
3550	3551
3553	3552
3555	3554
3555	3563
3555	3570
3554	3557
3556	3554
3556	3558
3556	3557
3563	3565
3564	3563
3564	3566
3564	3565
3570	3572
3571	3570
3571	3573
3571	3572
3577	3576
3577	3583
3579	3578
3579	3582
3579	3584
3580	3581
3586	3585
3586	3587
3586	3786
3589	3588
3591	3590
3593	3592
3595	3594
3595	3599
3594	3596
3594	3597
3597	3598
3599	3598
3599	3781
3599	3784
3601	3600
3601	3603
3601	3604
3602	3601
3602	3606
3602	3607
3602	3609
3602	3613
3602	3614
3602	3616
3606	3605
3606	3615
3609	3608
3609	3610
3612	3611
3613	3612
3618	3617
3618	3619
3618	3627
3618	3767
3621	3620
3622	3066
3629	3628
3629	3632
3631	3630
3632	3633
3632	3634
3636	3635
3636	3637
3636	3638
3640	3639
3640	3641
3640	3642
3646	3645
3645	3647
3645	3648
3645	3651
3645	3663
3648	3649
3648	3650
3651	3652
3651	3653
3651	3654
3651	3655
3651	3656
3651	3657
3651	3658
3651	3659
3651	3660
3651	3661
3651	3662
3663	3664
3663	3665
3670	3669
3670	3672
3670	3676
3673	3674
3678	3677
3679	3678
3679	3681
3681	3680
3681	3682
3683	3684
3690	3689
3690	3700
3694	3693
3699	3698
3700	3699
3702	3701
3704	3703
3704	3708
3704	3709
3704	3710
3704	3711
3705	3704
3707	3706
3707	3721
3715	3714
3717	3716
3716	3719
3718	3716
3718	3720
3725	3724
3725	3727
3726	3724
3730	3729
3732	3731
3731	3733
3731	3734
3737	3736
3737	3581
3741	3740
3741	3742
3741	3744
3741	3747
3744	3743
3743	3745
3745	3746
3751	3750
3751	3752
3751	3756
3751	3759
3751	3760
3754	3753
3754	3755
3758	3757
3769	3768
3769	3773
3769	3774
3769	3775
3769	3776
3769	3777
3769	3778
3769	3779
3769	3780
3769	3781
3769	3782
3769	3783
3769	3784
3769	3785
3768	3770
3768	3771
3768	3772
3787	3788
3792	3791
3792	4308
3794	3795
3795	3796
3798	3797
3798	3799
3801	492
3801	493
3801	494
3802	3801
3802	3803
3806	3805
3818	3817
3821	3820
3821	3823
3820	3822
3820	3823
3820	3826
3823	3824
3823	3825
3828	3827
3828	3829
3831	3830
3831	3832
3831	3833
3831	3834
3831	3835
3831	3836
3831	3837
3840	3839
3842	3841
3842	3992
3842	487
3842	488
3844	3843
3844	3993
3847	3846
3850	3849
3850	3998
3852	3851
3852	3855
3852	3856
3853	3851
3855	3854
3856	3857
3860	3859
3862	3861
3862	3864
3864	3863
3866	3865
3866	3868
3865	3867
3873	3872
3873	3876
3881	3880
3882	3881
3882	3914
3882	3941
3882	3948
3882	4061
3884	3883
3884	3887
3884	3889
3884	3890
3884	3893
3884	4041
3883	3885
3887	3886
3889	3888
3889	3891
3889	3892
3894	3895
3894	3896
3900	3899
3900	3903
3900	3904
3899	3901
3899	3902
3906	3905
3906	3907
3906	3908
3910	3909
3910	3911
3917	3916
3917	3918
3920	3919
3920	3922
3920	3925
3920	4048
3922	3921
3922	3926
3922	3927
3930	3929
3930	3955
3929	3931
3931	3932
3931	3933
3934	3935
3934	3936
3934	3937
3939	3938
3939	3953
3939	3964
3944	3943
3943	393
3943	394
3946	3945
3946	3975
3947	3946
3947	3962
3947	3972
3947	3973
3951	3950
3951	3957
3951	3963
3953	3952
3953	3958
3955	3954
3955	3956
3966	3965
3966	3982
3966	4042
3966	4043
3968	3967
3970	3969
3972	3971
3975	3974
3977	3976
3979	3978
3979	3983
3979	4044
3979	4045
3981	3980
3985	3984
3986	3984
3987	3984
3989	3988
3990	3989
3991	3988
3996	3995
4000	3999
4000	4006
4000	4007
4003	4002
4003	4004
4003	4005
4010	4009
4012	4011
4012	4014
4012	4015
4012	4016
4014	4013
4014	4017
4019	4018
4019	4021
4021	4020
4023	4022
4023	4025
4022	4024
4030	4029
4030	4032
4034	4033
4034	4036
4034	4037
4034	4038
4050	4049
4053	4052
4053	4060
4052	4054
4052	4055
4052	4056
4052	4057
4052	4058
4052	4059
4064	4063
4064	4315
4064	4316
4064	1671
4066	4065
4066	4317
4066	4318
4066	4319
4066	4320
4066	4321
4066	4322
4066	4323
4066	4324
4066	1670
4066	4071
4072	1680
4085	4072
4085	4073
4085	4074
4085	4075
4085	4076
4085	4077
4085	4078
4085	4079
4085	4080
4087	4086
4087	4088
4087	4089
4095	4094
4096	4094
4098	4099
4102	4101
4104	4103
4104	4105
4106	4107
4108	4109
4108	4110
4108	4111
4108	4112
4108	4113
4108	4114
4108	4115
4108	4116
4108	4117
4108	4118
4108	4119
4108	4120
4108	4121
4108	4122
4123	4124
4123	4125
4123	4126
4123	4127
4123	4128
4123	4129
4123	4130
4123	4131
4123	4132
4123	4133
4123	4134
4123	4135
4123	4136
4123	4137
4123	4138
4123	4139
4140	4141
4140	4142
4143	4144
4143	4145
4149	4150
4151	4152
4151	4153
4151	4154
4162	2298
4162	2299
4162	2300
4162	2301
4163	586
4163	587
4172	661
4172	659
4172	664
4173	669
4174	673
4174	677
4183	3286
4186	3962
4186	3973
4186	3972
4186	3946
4188	4189
4190	4191
4196	4137
4200	4199
4200	4201
4204	4205
4206	4207
4206	4205
4206	4208
4206	4209
4210	4211
4212	4208
4212	4209
4213	4207
4213	4205
4213	4208
4213	4209
4214	4211
4215	4207
4215	4205
4215	4208
4215	4209
4215	4216
4219	400
4220	4221
4222	459
4223	4224
4223	4225
4223	4226
4227	4228
4227	4229
4227	4230
4227	4231
4227	4232
4227	4233
4235	4236
4235	4237
4238	4169
4238	4239
4238	4240
4238	4241
4238	4242
4238	4243
4238	4244
4238	509
4238	4245
4238	4246
4238	4247
4238	4248
4238	4249
4238	4250
4238	4251
4238	4252
4247	2306
4251	3635
4251	3637
4251	3638
4253	4254
4253	4255
4253	4256
4261	4260
4261	4262
4270	4269
4270	4273
4270	4279
4275	4274
4283	4282
4286	4287
4286	4288
4289	4290
4300	2460
4310	4311
4310	4312
4310	4313
4310	4314
4318	1814
4318	2031
4318	2042
4318	2056
4319	2043
4320	1821
4320	2047
4321	1828
4321	2052
4322	1838
4322	2035
4322	2037
4322	2059
