1	0
1	15
1	16
1	17
1	18
2	1
2	8
2	11
2	14
2	19
2	20
2	21
2	22
2	23
2	24
2	25
2	26
2	27
2	28
2	29
2	30
2	43
2	44
2	45
2	46
2	47
2	48
3	2
3	134
3	141
3	142
3	143
3	144
4	3
5	4
6	5
7	6
8	9
8	10
11	12
11	13
13	49
13	50
30	31
30	32
30	33
30	34
30	35
30	36
30	37
30	38
30	39
30	40
30	41
30	42
43	4150
43	4153
43	4154
43	4155
44	4158
44	4162
44	4163
44	4164
44	4165
44	4166
44	4167
44	4168
52	51
52	55
52	58
52	61
52	67
52	68
52	69
52	70
52	71
52	72
52	73
52	74
52	75
52	76
52	77
52	149
52	150
52	151
52	152
52	153
52	154
52	155
52	156
52	157
52	158
53	52
54	53
55	56
55	57
58	59
61	60
61	63
61	64
61	65
61	66
63	62
79	78
79	3240
79	3287
79	3288
79	3289
79	3290
81	80
81	3199
81	3200
81	3201
81	3202
83	82
83	3207
83	3208
83	3854
83	4003
85	84
85	1844
85	2624
85	3203
85	3229
85	3851
85	4000
87	86
87	2521
87	2522
87	2523
87	2548
87	2549
87	2550
87	2759
87	2912
87	2913
87	2914
87	2915
87	2916
87	2917
87	2918
87	2919
87	2920
87	2921
87	2922
87	2923
87	2924
87	2925
87	2926
87	2929
87	2930
87	2931
87	2932
87	2933
87	2934
87	2935
87	2936
87	2937
87	2938
87	3019
87	3020
87	3021
87	3023
87	3024
87	3025
88	87
88	3017
88	3018
90	89
90	1845
90	3204
90	3205
90	3206
91	90
91	2625
91	3222
92	91
93	91
93	316
93	319
93	320
93	328
93	330
93	334
93	368
93	373
93	402
93	422
93	508
93	602
93	623
93	629
93	635
93	639
93	644
93	649
93	650
93	658
93	680
93	695
93	698
93	1873
93	1883
93	2270
93	2303
93	2314
93	2315
93	2350
93	2780
93	3034
93	2265
93	3194
93	3193
93	3227
93	3599
93	3626
93	3725
93	3844
93	3856
93	3858
93	3868
93	3872
93	3875
93	3876
93	3879
93	3890
93	3906
93	3912
93	3916
93	3918
93	3921
93	3923
93	3926
93	3934
93	3946
93	3953
93	4014
93	4018
93	4025
93	4029
93	4032
93	3064
93	1205
93	1206
93	1207
93	4036
93	4041
93	4053
93	309
93	4245
95	94
95	99
97	96
97	102
97	1080
97	1081
97	3670
97	3674
97	3675
97	3677
97	3690
98	97
98	1146
98	3683
98	3687
98	3691
98	3692
98	3693
98	3696
98	3697
99	98
99	1854
99	1899
101	100
102	101
102	3702
104	103
104	1027
104	2307
104	2310
104	2372
104	2384
104	2386
104	2387
104	2388
104	2389
105	104
105	552
105	553
105	1312
105	2268
105	2269
105	2272
105	2273
105	2283
105	2357
105	2371
105	2376
105	2378
105	2379
105	2384
105	2385
105	2446
105	2473
105	2485
105	4006
105	4302
105	4303
105	4304
105	4305
105	4306
107	106
108	107
108	1695
108	2008
108	2043
110	109
110	2274
110	2277
110	2279
110	2498
110	2499
110	2500
112	111
112	2241
112	2248
112	2275
112	2278
112	2280
112	2492
112	2497
112	2501
112	2797
112	2798
114	113
115	114
115	1699
115	1703
115	2018
115	2044
115	2356
117	116
119	118
119	2220
119	2373
119	2471
119	2472
119	2481
120	119
120	2451
120	2489
122	121
122	307
122	522
122	637
122	1806
122	3105
122	3799
122	3810
122	3816
122	3919
124	123
124	159
124	160
124	161
124	162
124	163
124	164
124	165
124	166
124	167
124	168
124	169
124	174
124	175
124	1242
124	1961
124	2043
124	2044
124	2046
124	2048
124	2049
124	2052
124	2058
124	4104
124	4107
126	125
126	1871
126	1896
126	1903
126	1908
126	1909
126	1910
126	1919
127	126
127	1036
127	2771
127	3766
127	3819
128	127
128	286
128	554
128	586
128	597
128	600
128	719
128	748
128	800
128	1243
128	1244
128	1693
128	1697
128	1762
128	1900
128	1933
128	2059
128	2060
128	2061
128	2062
128	2063
128	2064
128	2065
128	2066
128	2071
128	2072
128	2149
128	2174
128	2194
128	2443
128	2845
128	2856
128	2859
128	2864
128	2866
128	2867
128	2869
128	2870
128	2871
128	2874
128	2875
128	2877
128	2878
128	2879
128	2880
128	2882
128	2888
128	2889
128	2890
128	2891
128	2892
128	2893
128	2894
128	2895
128	2896
128	2898
128	2899
128	2900
128	2901
128	3079
128	3813
128	3815
128	3817
128	3818
128	3820
128	3885
128	3888
128	4113
129	128
129	145
129	176
129	306
129	307
129	432
129	482
129	523
129	530
129	618
129	652
129	799
129	857
129	890
129	922
129	1011
129	1037
129	1121
129	1124
129	1125
129	1581
129	2005
129	2639
129	3054
129	3113
129	3198
129	3737
129	3806
129	3903
129	3948
130	131
133	132
133	1554
133	1559
133	1567
133	1568
133	1551
133	1562
133	1583
133	1560
133	1561
133	1564
133	1565
133	1566
133	1584
133	1585
133	1574
133	1575
133	1593
134	135
134	136
134	137
134	138
134	139
134	140
145	146
148	147
170	171
173	172
178	177
180	179
182	181
182	2076
182	2077
182	2078
182	2079
182	2080
182	2081
182	2082
182	2083
182	2084
182	2085
182	2086
182	2087
182	2088
182	2089
182	2090
182	2091
182	2092
182	2093
182	2094
182	2095
182	2096
182	2097
182	2098
182	2099
182	2100
182	2101
182	2102
182	2103
182	2104
182	2105
182	2106
182	2107
182	2108
182	2109
182	2110
182	2111
182	2112
182	2113
182	2114
182	2115
182	2116
182	2117
182	2118
182	2119
182	2120
182	2121
183	182
185	184
185	186
185	187
185	188
185	189
185	190
185	191
185	192
194	193
194	195
194	207
194	3591
194	3732
194	3767
194	3793
194	3795
196	195
196	197
196	199
196	201
196	203
198	197
198	2634
198	2633
198	2907
198	2993
198	2997
198	3728
200	199
202	201
202	1838
202	2525
202	2994
202	3001
202	3008
202	3197
202	3209
202	3218
202	3753
202	4309
204	203
204	2843
204	2928
204	3648
204	3671
204	3672
204	3754
206	205
206	208
206	209
206	210
206	4224
206	4225
212	211
212	854
212	879
212	917
212	1923
212	2399
212	2404
212	2406
212	2409
212	2413
212	2416
212	2417
212	2418
212	2423
212	2424
212	2431
212	2433
212	2436
212	2440
211	215
211	219
211	221
211	223
211	224
213	211
214	211
216	215
216	219
216	221
216	223
217	215
217	219
217	221
217	223
217	224
218	215
218	219
218	221
218	223
220	219
222	221
222	223
226	225
226	227
226	228
226	232
226	278
226	281
226	280
226	234
226	235
226	236
226	237
226	283
226	240
226	241
226	242
226	246
226	255
226	258
226	259
226	262
226	260
226	261
226	263
226	264
226	265
226	266
226	267
226	270
226	271
226	273
225	227
225	228
225	229
225	230
225	231
225	232
225	233
225	234
225	235
225	236
225	237
225	238
225	239
225	240
225	241
225	242
225	243
225	244
225	245
225	246
225	247
225	248
225	249
225	250
225	251
225	252
225	253
225	254
225	255
225	256
225	257
225	258
225	259
225	260
225	261
225	262
225	263
225	264
225	265
225	266
225	267
225	268
225	269
225	270
225	271
225	272
225	273
227	274
227	275
232	278
232	279
232	281
232	282
232	283
232	284
266	3026
266	3027
277	276
279	280
286	285
286	287
286	288
286	289
286	290
286	291
286	292
286	293
286	294
286	295
286	296
286	297
286	298
286	299
286	300
286	301
286	302
286	303
305	304
305	367
305	399
305	458
305	484
305	658
305	668
305	672
305	2350
305	2520
305	358
305	2857
305	3053
305	3081
305	3083
305	3196
305	3292
305	3758
305	3848
305	3951
305	3953
305	3082
305	4175
305	4176
305	4177
305	4178
305	4179
305	4180
305	4181
305	4182
305	4183
305	4184
305	4185
305	4186
305	4187
305	4188
305	4189
305	4190
305	4191
305	4192
305	4193
305	4194
305	309
305	4229
309	308
309	315
308	310
308	311
311	312
311	316
312	313
312	319
315	314
315	311
315	320
317	316
316	313
318	317
318	319
318	320
318	365
318	366
318	367
318	368
318	370
318	371
318	372
318	373
318	374
318	385
318	386
318	393
318	394
318	398
318	399
318	400
318	401
318	402
318	405
318	406
318	422
318	619
318	620
318	650
318	697
318	729
318	730
318	731
318	741
318	742
318	1670
318	1849
318	1927
318	2260
318	2270
318	2314
318	2350
318	378
318	379
318	2447
318	2265
318	3194
318	3225
318	3856
318	3876
318	3904
318	3929
318	3930
318	3946
318	3950
318	3955
318	3965
318	3966
318	3967
318	4007
318	4041
318	4070
321	320
321	583
321	1783
321	2145
321	2399
321	2404
321	2406
321	2409
321	2413
321	2416
321	2417
321	2418
321	2423
321	2424
321	2431
321	2433
321	2436
321	2440
321	3303
321	3877
321	311
321	4170
321	4171
321	4172
321	4116
321	4117
321	4118
321	4119
321	4120
321	4121
321	4122
321	4123
321	4124
321	4125
321	4126
321	4127
321	4128
321	4129
321	4173
321	4174
320	312
323	322
323	324
326	325
326	1932
326	2779
326	2782
326	2783
326	3406
326	3700
326	3718
328	327
328	330
328	334
327	330
327	334
329	328
329	1925
329	1937
329	1938
329	1940
329	1939
329	1936
329	2441
329	2446
329	3117
330	331
330	332
330	333
334	335
337	336
337	352
339	338
339	344
340	339
340	348
340	349
340	354
341	339
341	345
341	348
341	349
343	342
347	346
347	353
347	1309
347	2461
351	350
356	355
356	428
356	641
356	1923
356	1931
356	2512
356	2515
356	2592
356	357
356	3217
356	3936
356	3082
356	4202
356	4209
355	357
355	358
360	359
360	2769
360	4241
362	361
362	363
362	364
362	940
362	1743
362	1746
362	1755
362	1756
362	1769
362	1809
362	1810
362	1829
362	1830
362	1846
362	1847
362	1848
362	1850
362	3647
362	4090
362	4206
362	4208
368	369
374	375
374	376
374	377
374	380
374	381
374	382
374	383
377	378
377	379
385	384
385	694
385	2351
385	2447
385	3109
385	3929
385	4052
386	387
386	390
387	388
387	389
390	391
390	392
394	395
394	396
394	397
400	312
402	403
402	404
407	408
410	409
410	408
412	411
412	871
412	988
412	1163
412	1682
412	2233
412	2790
412	3118
412	3564
412	3567
412	3574
412	3740
414	413
414	1683
414	2234
414	2795
414	3565
414	3572
414	3579
414	3743
416	415
416	547
416	550
416	892
416	891
416	895
416	896
416	897
416	898
416	899
416	900
416	901
416	902
416	903
416	915
416	917
416	921
416	1112
416	1114
416	1116
416	1120
416	1122
416	1123
416	1126
416	1164
416	1165
416	1245
416	1684
416	2235
416	2390
416	2391
416	2392
416	2399
416	2404
416	2406
416	2409
416	2413
416	2416
416	2417
416	2418
416	2423
416	2424
416	2431
416	2436
416	2440
416	2796
416	3566
416	3573
416	3580
416	3744
418	417
418	425
418	426
419	420
422	421
422	2454
422	2455
424	423
428	427
428	431
428	436
429	427
429	850
431	430
431	434
431	435
431	437
432	433
439	438
439	440
439	441
439	447
439	448
439	3864
443	442
443	4316
444	442
444	445
444	446
450	449
450	3036
449	451
449	452
449	453
455	454
457	456
457	459
457	460
457	461
457	462
457	463
457	464
457	465
457	466
457	481
457	468
457	469
457	470
457	471
457	472
457	473
457	474
457	475
457	476
457	477
458	457
458	467
467	468
467	469
467	470
467	471
467	472
467	473
467	474
467	475
467	476
467	477
479	478
479	849
479	904
480	478
482	483
484	485
484	486
488	487
488	3114
488	3808
487	489
487	493
489	490
489	491
489	492
495	494
495	496
497	498
500	499
502	501
503	504
503	505
507	506
507	515
508	507
508	509
508	510
508	511
508	512
508	513
508	514
508	2281
508	2282
508	2303
508	2305
508	2306
508	3110
508	3640
508	4037
508	309
514	515
517	516
517	520
519	518
519	521
525	524
527	526
529	528
530	531
533	532
533	542
533	544
534	533
534	532
534	542
535	532
537	536
538	536
540	539
540	691
540	692
540	1167
540	1169
540	1172
540	1174
540	1775
540	1237
540	2169
540	1202
540	2853
540	1209
541	539
543	542
545	544
547	546
548	546
550	549
551	549
556	555
558	557
558	560
558	561
558	562
558	564
558	591
558	594
558	595
558	596
559	558
559	557
559	560
559	561
559	562
564	563
564	577
564	579
564	580
564	581
564	582
564	588
564	590
563	565
563	567
563	568
563	569
563	570
563	571
563	572
563	573
563	574
563	575
563	576
565	566
577	578
583	584
583	585
588	587
588	589
591	592
591	593
599	598
600	599
600	621
600	638
600	651
600	734
600	747
602	601
602	608
602	610
602	611
602	614
602	732
601	604
603	602
603	623
603	629
603	635
603	639
603	658
603	689
603	695
603	698
603	938
603	3034
603	3844
603	3858
603	3868
603	3872
603	3875
603	3879
603	3890
603	3906
603	3916
603	3918
603	3921
603	3923
603	3926
603	3934
603	3953
603	4014
603	4018
603	4025
603	4029
603	4032
603	3064
603	1205
603	1206
603	1207
603	4036
603	3073
606	605
608	607
610	609
610	612
610	613
615	616
615	617
623	622
623	624
623	625
623	626
623	627
623	745
629	628
629	632
629	633
628	630
628	631
635	634
635	636
641	640
641	739
640	642
642	643
644	645
644	646
644	647
649	648
649	737
649	744
654	653
654	3845
655	654
657	656
658	657
658	659
658	662
661	660
662	661
662	733
664	663
666	665
666	1181
666	1180
666	1747
666	750
666	1777
666	1901
666	3551
666	3553
666	3814
668	667
667	670
669	668
669	2364
669	2367
669	2369
672	671
672	675
674	673
674	686
674	3880
677	676
677	687
678	677
678	2781
678	3057
678	3059
678	3062
679	678
679	3065
680	679
680	938
680	2780
680	3068
680	3627
680	3807
680	4264
681	680
681	705
681	1864
681	1886
681	1937
681	1938
681	1940
681	1939
681	1936
681	3032
681	3076
681	3088
681	3090
681	3091
681	3092
681	3093
681	3821
681	4310
682	677
684	683
685	684
685	3881
689	688
689	1203
689	1204
689	1205
688	693
690	689
690	1166
690	1189
690	1190
690	1195
690	1202
690	1208
690	1209
690	1210
690	1211
690	1212
691	690
691	1219
692	689
692	3080
697	696
697	3852
697	4001
698	699
699	700
699	701
699	702
704	703
705	704
705	725
705	4264
707	706
707	726
707	733
707	745
707	746
707	716
706	709
708	707
708	711
708	717
708	727
708	728
711	710
711	712
711	713
711	714
711	715
711	716
716	709
716	1892
719	718
721	720
723	722
723	724
736	735
736	743
739	738
739	740
749	750
750	751
750	752
750	753
755	754
754	757
754	758
756	754
756	1712
758	759
758	789
758	793
758	794
758	795
759	760
759	761
759	762
759	763
759	780
759	781
763	764
763	767
763	768
763	769
764	765
764	766
769	770
769	771
769	772
769	773
769	774
769	775
769	779
775	776
775	777
775	778
781	782
781	783
781	784
781	785
785	786
785	787
785	788
789	790
789	791
789	792
797	796
797	798
800	801
803	802
803	905
803	907
803	909
802	806
802	807
804	802
805	804
805	906
805	908
805	910
805	4270
805	4283
809	808
811	810
811	824
811	825
811	826
811	827
811	834
811	837
811	841
811	842
811	845
811	846
811	847
811	848
811	851
811	852
811	856
811	858
811	859
810	812
810	815
810	816
810	819
810	820
810	821
810	822
810	823
812	813
812	814
816	817
816	818
829	828
829	831
828	830
831	832
831	833
836	835
837	838
840	839
844	843
850	849
850	904
850	4266
854	853
855	853
861	860
862	861
862	864
862	868
862	4271
862	4272
862	4273
862	4274
862	4277
862	4278
862	4279
862	4284
862	4285
864	863
866	865
866	870
867	866
868	867
868	4275
869	865
871	872
871	873
875	874
877	876
878	877
878	4265
881	880
881	882
881	884
881	885
881	886
881	887
882	883
889	888
892	891
892	896
892	897
892	898
892	899
892	900
892	901
892	902
892	903
894	893
906	905
908	907
910	909
912	911
914	913
916	915
918	917
920	919
924	923
924	928
924	929
924	933
924	936
924	1007
924	1008
924	1009
925	924
926	925
926	965
927	925
927	964
931	930
931	1006
932	931
933	932
933	1004
935	934
936	935
936	1010
938	937
938	1865
938	2850
938	3067
938	3070
938	3071
938	3072
938	3073
938	3074
940	939
940	941
943	942
943	995
943	1866
943	1881
943	1887
943	2349
943	2615
943	2851
943	3796
943	3822
943	3825
943	3883
943	4045
945	944
945	946
945	947
945	948
950	949
950	1001
951	949
953	952
955	954
954	956
954	957
959	958
959	960
962	961
961	967
963	962
963	968
963	969
964	963
964	970
964	971
964	972
964	973
964	974
964	975
965	964
966	965
966	976
966	977
966	1018
966	1020
979	978
979	980
979	2755
979	3230
979	4057
980	981
983	982
983	984
983	985
983	987
986	985
986	987
990	989
992	991
992	993
992	994
992	1966
992	1973
997	996
997	1000
999	998
1003	1002
1004	1005
1013	1012
1013	1014
1013	1015
1017	1016
1018	1019
1020	1021
1020	1026
1021	1022
1021	1023
1021	1024
1021	1025
1029	1028
1029	2336
1029	2338
1029	2339
1029	2340
1029	2341
1029	2342
1029	2343
1029	2344
1029	2345
1029	2452
1031	1030
1031	1032
1031	1033
1034	1033
1036	1035
1039	1038
1039	1044
1039	1048
1039	1049
1039	3413
1039	3415
1039	3417
1039	3423
1039	3424
1039	3425
1039	3426
1039	3427
1039	3428
1039	3429
1039	3430
1039	3431
1039	3432
1039	3433
1039	3435
1039	3438
1039	3439
1039	3442
1039	3443
1039	3444
1039	3445
1039	3446
1039	3447
1039	3448
1039	3449
1039	3450
1039	3451
1039	3452
1039	3455
1039	3460
1039	3461
1039	3463
1039	3466
1039	3472
1039	3476
1039	3479
1039	3480
1039	3485
1039	3486
1039	3488
1039	3489
1039	3490
1039	3492
1039	3494
1039	3495
1039	3496
1039	3498
1039	3499
1039	3500
1039	3501
1039	3502
1039	3503
1039	3504
1039	3507
1039	3508
1039	3509
1039	3514
1039	3516
1039	3517
1039	3522
1039	3523
1039	3524
1039	3525
1039	3526
1039	3527
1039	3528
1039	3530
1039	3531
1039	3532
1039	3533
1039	3539
1039	3543
1039	3544
1039	3545
1039	3546
1039	3547
1039	3548
1040	1039
1040	1043
1040	1046
1040	1128
1040	1136
1040	3410
1040	3414
1040	3418
1040	3420
1040	3422
1040	3434
1040	3440
1040	3462
1040	3464
1040	3468
1040	3481
1040	3482
1040	3483
1040	3484
1040	3491
1040	3493
1040	3505
1040	3506
1040	3512
1040	3518
1040	3519
1040	3521
1041	1040
1041	3416
1041	3497
1041	3536
1043	1042
1043	1047
1043	1078
1043	1134
1043	1137
1043	1140
1043	3477
1046	1045
1046	1050
1046	1051
1046	1053
1046	1133
1046	1139
1046	1141
1046	3421
1046	3436
1046	3437
1046	3441
1046	3453
1046	3454
1046	3487
1046	3510
1046	3511
1046	3513
1046	3515
1046	3520
1046	3529
1046	3534
1046	3540
1046	3541
1046	3542
1053	1052
1053	1054
1053	1055
1053	1056
1053	1057
1053	1058
1053	1059
1053	1060
1053	1061
1053	1062
1053	1063
1053	1064
1053	1065
1053	1066
1053	1067
1053	1068
1053	1069
1053	1070
1053	1071
1053	1072
1053	1073
1053	1074
1053	1075
1053	1076
1053	1077
1080	1079
1080	1088
1080	1089
1080	1090
1080	1091
1080	1092
1080	1093
1080	1094
1080	1095
1080	1096
1080	1097
1080	1098
1080	1099
1080	1100
1080	1101
1080	1102
1080	1103
1080	1104
1080	1105
1080	1106
1080	1107
1080	1108
1080	1109
1080	1110
1080	1111
1081	1082
1081	1083
1081	1084
1081	1085
1081	1086
1081	1087
1113	1112
1115	1114
1118	1117
1118	1119
1128	1127
1128	1129
1128	1130
1128	1131
1128	1132
1128	1138
1136	1135
1143	1142
1143	1149
1144	1143
1144	1148
1144	1152
1145	1144
1145	1161
1146	1145
1146	3679
1146	3689
1148	1147
1148	1150
1152	1151
1152	1154
1152	1155
1152	1157
1152	1159
1154	1153
1154	1156
1154	1158
1154	1160
1161	1162
1166	1167
1166	1168
1166	1176
1168	1169
1168	1171
1168	1172
1168	1174
1169	1170
1172	1173
1174	1175
1176	1177
1179	1178
1179	1659
1181	1180
1181	2640
1183	1182
1183	1236
1183	1778
1183	2897
1183	3078
1182	1184
1184	1185
1187	1186
1186	1188
1190	1191
1190	1192
1192	1193
1192	1194
1195	1196
1195	1200
1195	1201
1196	1197
1196	1199
1197	1198
1205	1206
1205	1207
1214	1213
1214	1215
1217	1216
1219	1218
1219	1237
1219	1238
1219	1239
1219	1240
1219	1241
1218	1220
1222	1221
1224	1223
1224	1780
1223	1226
1225	1224
1225	1779
1225	2036
1225	3800
1228	1227
1228	1230
1228	1231
1228	1232
1228	1233
1228	1234
1228	1235
1229	1228
1229	1230
1245	1246
1245	1251
1245	1252
1246	1247
1246	1248
1246	1249
1246	1250
1251	1257
1251	1258
1252	1253
1252	1254
1254	1255
1254	1256
1260	1259
1260	1262
1260	1266
1260	1269
1260	1270
1260	1271
1260	1302
1260	1303
1260	1304
1260	1305
1260	1306
1261	1260
1261	1264
1261	1314
1261	1319
1264	1263
1264	1265
1264	1267
1264	1268
1273	1272
1273	1283
1273	1290
1273	1292
1273	1293
1274	1273
1274	1276
1276	1275
1276	1288
1276	1289
1276	1291
1276	1294
1276	1297
1278	1277
1279	1278
1279	1285
1281	1280
1282	1281
1282	1287
1285	1284
1287	1286
1295	1282
1295	1296
1295	1274
1295	1301
1296	1298
1296	1299
1296	1300
1308	1307
1309	1308
1311	1310
1311	1313
1312	1311
1314	1315
1314	1316
1314	1317
1314	1318
1319	1320
1319	1321
1319	1322
1319	1323
1319	1324
1319	1325
1319	1326
1319	1327
1319	1328
1319	1329
1319	1330
1319	1331
1319	1332
1319	1333
1335	1334
1335	1337
1335	1338
1335	1341
1335	1342
1335	1343
1336	1335
1336	1340
1336	1401
1336	1346
1340	1339
1345	1344
1345	1347
1345	1350
1345	1351
1345	1353
1346	1345
1346	1349
1346	1398
1346	1403
1346	1404
1346	1405
1346	1406
1346	1407
1346	1408
1346	1409
1346	1415
1346	1416
1346	1417
1349	1348
1349	1352
1355	1354
1355	1369
1356	1355
1356	1358
1356	1386
1356	1389
1358	1357
1358	1367
1358	1368
1358	1370
1360	1359
1361	1360
1361	1366
1361	1380
1361	1382
1363	1362
1364	1363
1364	1373
1364	1384
1364	1394
1366	1365
1372	1371
1373	1372
1373	1375
1373	1376
1373	1378
1375	1374
1376	1377
1378	1379
1380	1381
1382	1383
1384	1385
1386	1387
1386	1388
1389	1390
1389	1391
1389	1392
1389	1393
1396	1395
1396	1397
1398	1399
1398	1400
1401	1402
1409	1410
1409	1411
1409	1412
1409	1413
1409	1414
1419	1418
1419	1423
1419	1427
1418	1420
1418	1421
1418	1422
1423	1424
1423	1425
1427	1426
1427	1428
1427	1429
1427	1430
1432	1431
1432	1436
1432	1440
1431	1433
1431	1434
1431	1435
1436	1437
1436	1438
1440	1439
1440	1441
1440	1442
1440	1443
1445	1444
1445	1459
1445	1526
1445	1528
1445	1530
1445	1532
1445	1533
1445	1536
1447	1446
1447	1451
1447	1452
1447	1453
1447	1454
1448	1447
1448	1456
1448	1460
1448	1466
1450	1449
1456	1455
1456	1457
1458	1448
1458	1471
1458	1493
1458	1512
1458	1518
1458	1521
1458	1523
1458	1524
1458	1525
1458	1527
1458	1529
1458	1531
1458	1534
1458	1535
1460	1461
1460	1462
1460	1463
1460	1464
1460	1465
1466	1467
1466	1468
1466	1469
1466	1470
1471	1472
1471	1480
1471	1488
1471	1490
1472	1473
1472	1474
1472	1479
1474	1475
1474	1476
1474	1477
1474	1478
1480	1481
1480	1482
1480	1486
1482	1483
1482	1484
1482	1485
1488	1487
1488	1491
1490	1489
1490	1492
1493	1494
1493	1499
1493	1504
1493	1509
1494	1495
1494	1496
1494	1497
1494	1498
1499	1500
1499	1501
1499	1502
1504	1503
1504	1505
1504	1506
1504	1507
1509	1508
1509	1510
1509	1511
1512	1513
1512	1516
1515	1514
1515	1517
1518	1519
1518	1520
1523	1522
1538	1537
1540	1539
1542	1541
1542	1543
1542	1544
1542	1546
1541	1545
1541	1547
1541	1548
1550	1549
1550	1553
1550	1552
1549	1551
1549	1553
1551	1552
1553	1554
1554	1555
1554	1556
1557	1553
1558	1554
1558	1551
1558	1555
1558	1562
1558	1583
1558	1560
1558	1561
1558	1564
1558	1565
1558	1566
1558	1584
1558	1574
1558	1593
1558	1596
1559	1560
1559	1561
1559	1562
1559	1564
1559	1565
1559	1566
1562	1563
1570	1569
1570	1571
1572	1573
1572	1575
1573	1574
1577	1576
1577	1578
1579	1551
1579	1596
1581	1580
1582	1562
1582	1583
1582	1560
1582	1561
1582	1564
1582	1565
1582	1566
1587	1586
1587	1588
1588	1589
1588	1590
1588	1591
1593	1592
1595	1594
1598	1597
1598	1602
1597	1600
1597	1601
1599	1598
1604	1603
1604	1615
1605	1604
1605	1616
1606	1605
1608	1607
1608	1623
1608	1656
1609	1608
1611	1610
1611	1639
1612	1611
1614	1613
1614	1644
1618	1617
1618	1654
1619	1618
1619	1622
1619	1655
1620	1619
1621	1618
1625	1624
1625	1628
1625	1629
1625	1630
1625	1637
1625	1638
1626	1625
1628	1627
1628	1631
1628	1632
1628	1633
1628	1634
1628	1635
1628	1636
1639	1640
1639	1641
1639	1642
1644	1643
1644	1645
1645	1646
1645	1647
1646	1648
1646	1651
1647	1649
1647	1650
1653	1652
1658	1657
1658	1667
1658	1672
1661	1660
1661	1663
1661	1662
1660	1662
1660	1663
1665	1664
1665	1667
1665	1676
1666	1664
1666	1681
1668	1665
1668	1677
1668	1680
1668	4068
1668	4087
1668	4089
1668	4091
1668	4073
1668	4074
1668	4075
1668	4076
1668	4077
1669	1668
1669	1814
1669	1820
1669	1827
1669	1837
1669	2042
1669	2203
1669	2204
1669	2030
1669	4089
1669	4287
1669	4324
1669	4325
1669	4326
1669	4327
1669	4328
1669	4329
1669	4330
1669	4331
1669	4077
1670	1669
1670	2150
1670	2166
1670	4072
1672	1671
1673	1674
1673	1675
1679	1678
1680	1679
1680	2040
1680	2041
1680	2045
1680	2050
1680	2057
1680	2034
1680	4078
1680	4079
1680	4080
1680	4081
1680	4082
1680	4083
1680	4084
1680	4085
1680	4086
1680	4088
1686	1685
1686	1687
1688	1687
1690	1689
1690	1691
1690	1692
1690	1696
1695	1694
1697	1698
1699	1700
1699	1701
1699	1702
1703	1704
1706	1705
1705	1707
1705	1710
1707	1708
1707	1709
1711	758
1711	1713
1711	1719
1711	1799
1711	1801
1711	1817
1711	1825
1712	1711
1712	1798
1712	1808
1713	759
1713	1714
1713	1715
1713	1718
1713	1727
1713	1731
1713	1739
1714	760
1715	763
1715	1716
1715	1721
1715	1728
1716	769
1716	1717
1716	1722
1716	1724
1716	1730
1716	1736
1716	1738
1716	1757
1717	770
1718	781
1718	1720
1718	1726
1718	1729
1718	1733
1719	1718
1719	1720
1719	1815
1719	793
1720	782
1721	764
1721	1725
1721	1732
1721	1760
1722	775
1722	1723
1722	1735
1722	1737
1723	776
1724	771
1725	767
1726	783
1727	761
1728	768
1729	784
1730	772
1731	762
1732	765
1733	785
1733	1734
1733	1758
1733	1759
1734	786
1735	777
1736	773
1737	778
1738	774
1739	780
1741	1740
1742	1741
1742	2023
1742	2024
1742	2025
1742	4291
1745	1744
1747	750
1747	1754
1747	1811
1748	1747
1749	1747
1750	1747
1750	2048
1750	2223
1751	1747
1751	2049
1751	2224
1752	1747
1752	750
1752	2883
1752	2884
1752	2886
1752	2887
1752	3809
1752	3884
1752	4046
1753	751
1754	1753
1754	752
1757	779
1758	787
1759	788
1760	766
1762	1761
1762	1763
1762	1764
1766	1765
1768	1767
1768	2520
1768	2542
1768	2573
1771	1770
1773	1772
1773	1776
1773	1784
1773	1785
1773	1795
1774	1773
1774	1775
1774	1777
1774	1798
1774	1833
1775	1772
1777	1776
1777	1811
1782	1781
1785	1786
1785	1787
1787	1788
1787	1792
1787	1793
1787	1794
1788	1789
1788	1790
1788	1791
1797	1796
1798	1785
1798	1799
1798	1807
1799	1787
1799	1800
1799	1815
1799	1816
1799	1824
1800	1788
1800	1802
1800	1804
1800	1831
1801	1800
1801	1803
1801	1805
1801	1832
1801	789
1802	1789
1803	1802
1803	790
1804	1790
1805	1804
1805	791
1807	1786
1808	1807
1808	757
1811	1784
1813	1812
1813	1818
1813	1821
1813	1822
1813	1823
1813	2308
1813	3233
1813	4308
1814	1812
1814	2029
1814	2040
1814	2054
1815	1792
1816	1794
1817	1816
1817	795
1820	1819
1820	2045
1824	1793
1825	1824
1825	794
1827	1826
1827	2050
1829	1828
1829	2052
1831	1791
1832	1831
1832	792
1833	1795
1834	1833
1834	2056
1835	1834
1837	1836
1837	2033
1837	2035
1837	2057
1840	1839
1840	3377
1840	3378
1840	3380
1840	3381
1840	3382
1840	3385
1840	3386
1840	3387
1840	3388
1841	1840
1841	3308
1841	3315
1841	3352
1841	3375
1841	3389
1842	1841
1842	3294
1842	3305
1842	3392
1842	3393
1843	1842
1851	284
1851	240
1853	1852
1853	1861
1853	1862
1853	1863
1854	1853
1854	1856
1854	1859
1856	1855
1856	1860
1858	1857
1859	1858
1865	1864
1865	1886
1868	1867
1869	1868
1869	1889
1869	1890
1869	3055
1869	3056
1871	1870
1871	1893
1871	1904
1873	1872
1875	1874
1875	1878
1877	1876
1877	1879
1877	1880
1883	1882
1883	1894
1885	1884
1889	1888
1890	1888
1890	1891
1896	1895
1898	1897
1898	4047
1898	4054
1898	3933
1903	1902
1903	1905
1903	1907
1905	1906
1910	1911
1910	1918
1911	1912
1911	1913
1911	1914
1911	1915
1911	1917
1915	1916
1921	1920
1921	3087
1922	1921
1924	1923
1924	3082
1926	1925
1926	3238
1927	1926
1927	2315
1927	3236
1927	3237
1927	3722
1927	3723
1928	1925
1930	1929
1930	2313
1930	2511
1930	3226
1930	3694
1930	3701
1930	3705
1931	1930
1931	2314
1931	2512
1931	2520
1931	3227
1931	3607
1931	3695
1935	1934
1936	1935
1936	1941
1936	1942
1936	1943
1937	1936
1938	1936
1939	1936
1940	1939
1945	1944
1945	1949
1945	1948
1945	1977
1945	1971
1945	1994
1945	1946
1945	1947
1945	1978
1945	2002
1945	2008
1945	2012
1945	2013
1944	1946
1944	1947
1949	1948
1949	1967
1950	1949
1950	1977
1950	1971
1950	1978
1952	1951
1952	1958
1952	1965
1952	1994
1953	1952
1953	1955
1954	1951
1954	1965
1955	1954
1955	1959
1957	1956
1957	2015
1959	1958
1959	1994
1960	1959
1961	1963
1961	1964
1962	1961
1969	1968
1968	1971
1970	1968
1970	1973
1971	1972
1971	1973
1973	1974
1974	1975
1975	1976
1977	1978
1978	1979
1978	1982
1978	1983
1978	1991
1978	1992
1979	1980
1979	1981
1983	1984
1983	1987
1983	1989
1984	1985
1984	1986
1987	1988
1989	1990
1993	1973
1993	3727
1994	1995
1997	1996
1998	1978
1998	1999
1998	2000
1998	1986
1999	1983
1999	1992
2000	1992
2001	2000
2004	2003
2004	1974
2006	1963
2006	2009
2006	2010
2006	2011
2006	1964
2006	4289
2007	1963
2007	1964
2007	4289
2014	2013
2017	2016
2017	2020
2018	2017
2019	2016
2019	2046
2019	2276
2022	2021
2026	789
2028	2027
2028	2053
2030	2029
2030	2047
2030	2054
2030	2203
2030	2204
2030	4069
2030	4071
2030	4073
2030	4074
2030	4075
2030	4076
2030	4077
2030	1680
2032	2031
2032	2039
2034	2033
2034	2035
2038	2037
2039	2038
2042	2041
2052	2051
2055	2056
2067	2068
2070	2069
2074	2073
2074	2075
2117	2122
2124	2123
2124	2125
2124	2144
2127	2126
2127	2128
2127	2164
2130	2129
2130	2133
2130	2139
2131	2130
2131	2137
2133	2132
2133	2138
2134	2132
2134	2142
2135	2132
2135	2143
2137	2136
2141	2140
2141	2161
2143	2142
2143	2150
2147	2146
2149	2148
2149	2211
2152	2151
2153	2152
2153	2178
2153	2197
2155	2154
2155	2156
2155	2157
2159	2158
2159	2162
2160	2159
2160	2163
2163	2162
2163	2165
2168	2167
2168	2189
2168	2191
2168	2192
2168	2193
2168	2198
2168	2199
2168	2207
2168	4292
2169	1195
2169	2170
2169	2179
2170	1196
2171	2170
2171	2179
2173	2172
2173	2181
2173	2190
2173	2183
2173	2184
2173	2208
2175	2176
2175	2177
2179	1197
2179	1200
2181	2180
2180	2182
2180	2187
2180	2188
2182	2183
2182	2184
2182	2185
2182	2186
2196	2195
2201	2200
2201	2202
2206	2205
2206	2209
2206	2210
2213	2212
2215	2214
2215	4096
2217	2216
2219	2218
2219	4097
2219	4098
2219	4099
2219	4100
2220	2221
2220	2222
2226	2225
2226	2227
2226	2228
2226	2229
2226	2232
2231	2230
2237	2236
2237	2238
2239	2238
2240	2239
2240	2794
2240	3560
2240	3585
2243	2242
2244	2243
2244	2245
2244	2246
2244	2247
2250	2249
2250	2253
2250	2254
2250	2256
2250	2300
2250	2302
2252	2251
2252	2255
2252	2301
2252	4199
2252	4200
2252	4201
2258	2257
2258	2265
2257	2260
2257	2261
2257	2262
2259	2257
2260	2266
2260	2267
2262	2263
2262	2264
2269	2268
2269	2271
2269	2272
2269	2273
2285	2284
2284	2286
2284	2287
2287	2288
2290	2289
2289	2291
2291	2292
2292	2293
2295	2294
2295	4169
2294	2296
2294	2297
2294	2298
2294	2299
2303	2304
2310	2309
2310	2311
2313	2312
2313	2535
2313	3170
2313	3171
2313	3172
2313	3180
2313	3181
2314	2313
2317	2316
2317	2318
2317	2319
2321	2320
2321	2322
2321	2327
2324	2323
2324	2325
2326	2325
2326	3717
2329	2328
2329	2330
2329	2332
2329	2334
2329	2335
2332	2331
2332	2333
2337	2336
2337	2341
2337	2343
2337	2344
2337	2345
2347	2346
2348	2347
2351	378
2351	379
2353	2352
2353	2354
2353	2355
2358	2359
2358	2360
2358	4298
2358	4299
2358	4300
2358	4301
2362	2361
2362	2363
2364	2365
2364	2366
2369	2368
2371	2370
2375	2374
2378	2377
2379	2380
2379	2381
2379	2382
2379	2383
2385	2384
2385	3836
2385	3838
2385	3839
2394	2393
2394	2401
2394	2407
2394	2410
2394	2414
2394	2420
2394	2428
2394	2437
2396	2395
2396	2402
2396	2411
2396	2419
2396	2421
2396	2429
2396	2438
2398	2397
2398	2403
2398	2405
2398	2408
2398	2412
2398	2415
2398	2422
2398	2430
2398	2432
2398	2435
2398	2439
2400	2399
2400	2404
2400	2406
2400	2409
2400	2413
2400	2416
2400	2417
2400	2418
2400	2423
2400	2424
2400	2431
2400	2433
2400	2436
2400	2440
2426	2425
2426	2427
2434	2433
2443	2442
2443	2493
2443	2494
2445	2444
2445	2448
2450	2449
2450	2468
2450	2469
2450	2489
2454	2453
2457	2456
2459	2458
2459	2460
2459	2462
2459	2463
2459	2464
2466	2465
2468	2467
2468	2470
2468	2476
2475	2474
2475	2480
2476	2477
2476	2478
2476	2479
2481	2482
2481	2483
2481	2484
2485	2486
2485	2488
2486	2487
2491	2490
2496	2495
2503	2502
2503	2518
2505	2504
2505	2506
2508	2507
2508	2681
2508	2682
2508	2754
2510	2509
2511	2510
2511	2945
2511	2956
2511	2976
2511	2983
2512	2511
2513	2512
2513	2779
2513	357
2513	2783
2513	4202
2513	4204
2513	4205
2513	4209
2513	4210
2515	2514
2515	2541
2517	2516
2517	2676
2518	2519
2525	2524
2525	2546
2525	2547
2525	2788
2525	2789
2525	2911
2525	2940
2525	2999
2525	3000
2525	3002
2525	3004
2525	3005
2525	3010
2525	3011
2525	3012
2527	2526
2526	2528
2526	2529
2529	2530
2529	2531
2533	2532
2533	3140
2533	3141
2533	3142
2533	3143
2533	3144
2533	3145
2533	3146
2533	3147
2533	3148
2534	2533
2534	3123
2534	3124
2534	3125
2534	3129
2534	3130
2534	3133
2534	3134
2534	3135
2534	3149
2535	2534
2535	2786
2535	3151
2535	3160
2535	3161
2535	3162
2535	3163
2535	3165
2535	3166
2535	3167
2535	3168
2535	3169
2536	2537
2536	2538
2538	2539
2538	2540
2543	2544
2543	2545
2552	2551
2552	2556
2552	2557
2552	2560
2552	2565
2552	2566
2552	2567
2553	2552
2553	2591
2554	2553
2554	2555
2554	2592
2555	2552
2557	2558
2557	2559
2560	2561
2560	2562
2560	2563
2560	2564
2567	2568
2570	2569
2571	2570
2571	2572
2571	2574
2576	2575
2576	2578
2576	2579
2576	2580
2576	2588
2577	2576
2582	2581
2582	2606
2582	2607
2582	2609
2582	2610
2581	2583
2581	2584
2581	2585
2581	2586
2581	2587
2590	2589
2590	2593
2590	2600
2590	2601
2590	2602
2590	2603
2590	2604
2591	2590
2591	2596
2591	2598
2592	2591
2595	2594
2595	2597
2596	2595
2596	2605
2598	2599
2607	2608
2612	2611
2614	2613
2617	2616
2617	2618
2617	2619
2617	2620
2617	2621
2623	2622
2627	2626
2627	2632
2626	2628
2626	2629
2626	2630
2626	2631
2634	2633
2634	3405
2636	2635
2636	2637
2636	2638
2642	2641
2644	2643
2644	2648
2644	2649
2644	2650
2644	2651
2644	2652
2644	2653
2644	2654
2644	2655
2645	2644
2645	2684
2646	2645
2646	2658
2646	2679
2646	2703
2646	2756
2646	2776
2646	2777
2647	2645
2657	2656
2657	2701
2657	2731
2658	2660
2658	2661
2658	2662
2658	2663
2658	2664
2658	2665
2658	2666
2658	2667
2658	2668
2659	2658
2659	2703
2670	2669
2670	2762
2671	2670
2673	2672
2673	2764
2675	2674
2676	2675
2678	2677
2678	2729
2678	2753
2679	2678
2679	2717
2680	2679
2684	2683
2684	2686
2684	2687
2684	2689
2684	2691
2684	2693
2684	2695
2684	2697
2684	2699
2684	2730
2683	2685
2687	2688
2689	2690
2691	2692
2693	2694
2695	2696
2697	2698
2699	2700
2703	2702
2703	2713
2703	2732
2703	2760
2702	2704
2702	2705
2702	2706
2702	2707
2702	2708
2702	2709
2702	2710
2702	2711
2713	2712
2713	2741
2715	2714
2715	2742
2717	2716
2717	2743
2716	2719
2716	2720
2716	2721
2716	2722
2716	2723
2716	2724
2716	2725
2716	2726
2716	2727
2718	2717
2728	2723
2732	2733
2732	2734
2732	2735
2732	2736
2732	2737
2732	2738
2732	2739
2732	2740
2743	2744
2743	2745
2743	2746
2743	2747
2743	2748
2743	2749
2743	2750
2743	2751
2743	2752
2757	2756
2758	2757
2758	2787
2762	2761
2764	2763
2766	2765
2766	3628
2766	3629
2766	3630
2767	2766
2768	2767
2771	2770
2771	2772
2771	2773
2771	2778
2775	2774
2781	2780
2781	3032
2781	3063
2781	3064
2785	2784
2792	2791
2792	2793
2794	2793
2800	2799
2800	2809
2799	2802
2799	2803
2801	2800
2801	2805
2801	2806
2801	2807
2801	2808
2801	2811
2801	2818
2801	2823
2801	2836
2801	2837
2801	2838
2801	2842
2805	2804
2811	2810
2811	2814
2810	2812
2810	2813
2814	2815
2814	2816
2814	2817
2818	2819
2818	2820
2818	2821
2818	2822
2823	2824
2823	2825
2823	2826
2823	2827
2823	2828
2823	2829
2823	2830
2823	2831
2831	2832
2831	2833
2831	2834
2831	2835
2840	2839
2840	3768
2840	3769
2841	2840
2841	3770
2845	2844
2845	2849
2847	2846
2847	2848
2853	2852
2853	3080
2855	2854
2859	2858
2859	2868
2859	2876
2858	2860
2858	2861
2858	2862
2858	2863
2866	2865
2871	2872
2871	2873
2880	2881
2885	2884
2903	2902
2903	2905
2903	3395
2903	3396
2903	3397
2903	3398
2903	3399
2903	3400
2904	2903
2904	3394
2904	4314
2907	2906
2907	3306
2907	3401
2907	3404
2909	2908
2909	2910
2928	2927
2940	2939
2940	2941
2941	2942
2943	2944
2945	2946
2945	2947
2945	2948
2945	2949
2945	2950
2945	2951
2945	2952
2945	2953
2945	2954
2945	2955
2956	2957
2956	2960
2956	2961
2956	2962
2956	2963
2956	2964
2956	2973
2956	2974
2956	2975
2957	2958
2957	2959
2964	2965
2964	2968
2964	2969
2964	2970
2964	2971
2964	2972
2965	2966
2965	2967
2976	2977
2976	2978
2976	2979
2976	2980
2976	2981
2976	2982
2983	2984
2983	2985
2987	2986
2987	2989
2987	2990
2987	2992
2988	2987
2990	2991
2994	2993
2994	2996
2996	2995
2996	2998
2997	2996
3004	3003
3007	3006
3007	3009
3008	3007
3008	3013
3013	3014
3013	3015
3017	3016
3021	3022
3029	3028
3031	3030
3034	3033
3034	4033
3034	4034
3036	3035
3036	3037
3036	3038
3040	3039
3041	3040
3041	3052
3041	3050
3041	3045
3043	3042
3043	3050
3043	3049
3042	3045
3044	3043
3044	3041
3047	3046
3047	3048
3050	3049
3050	3045
3052	3051
3057	3058
3059	3060
3059	3061
3067	3066
3067	3069
3068	3066
3068	3069
3076	3075
3075	3077
3085	3084
3085	3086
3085	3733
3085	4288
3088	3089
3095	3094
3095	3098
3095	3099
3095	3100
3095	3103
3095	3104
3094	3097
3096	3095
3096	3107
3096	3108
3100	3101
3100	3102
3107	3106
3108	3099
3112	3111
3115	3114
3117	3116
3117	3231
3120	3119
3120	3121
3120	3122
3125	3126
3125	3127
3125	3128
3130	3131
3130	3132
3135	3136
3135	3137
3135	3138
3135	3139
3151	3150
3151	3153
3151	3154
3151	3158
3151	3159
3150	3152
3154	3155
3154	3156
3154	3157
3163	3164
3163	3186
3163	3187
3163	3188
3163	3189
3165	3184
3165	3195
3168	3191
3168	3192
3172	3173
3172	3174
3172	3175
3172	3176
3172	3177
3172	3178
3172	3179
3183	3182
3183	3185
3183	3190
3183	4311
3194	3193
3211	3210
3211	3213
3211	3216
3212	3211
3212	4313
3215	3214
3215	4312
3220	3219
3222	3221
3224	3223
3224	3549
3226	3228
3227	3226
3233	3232
3233	3234
3233	3235
3233	3771
3240	3239
3240	3245
3240	3246
3240	3247
3240	3248
3240	3249
3240	3250
3240	3251
3240	3252
3240	3253
3240	3254
3240	3255
3240	3256
3240	3257
3240	3258
3240	3259
3240	3260
3239	3241
3241	3242
3241	3243
3243	3244
3262	3261
3261	3263
3261	3264
3261	3265
3261	3266
3261	3267
3261	3268
3261	3269
3261	3270
3261	3271
3261	3272
3261	3275
3261	3276
3261	3277
3261	3280
3261	3281
3261	3282
3261	3283
3261	3284
3261	3285
3261	3286
3272	3273
3272	3274
3277	3278
3277	3279
3292	3291
3294	3293
3294	3295
3294	3296
3294	3297
3294	3298
3294	3299
3294	3300
3294	3301
3294	3302
3294	3303
3294	3304
3308	3307
3308	3322
3308	3323
3308	3324
3308	3325
3308	3326
3308	3327
3308	3328
3308	3329
3308	3330
3308	3331
3308	3332
3308	3334
3308	3335
3308	3337
3308	3338
3308	3339
3308	3340
3308	3341
3308	3342
3308	3343
3308	3344
3308	3345
3308	3346
3308	3347
3308	3348
3308	3349
3308	3350
3308	3351
3307	3309
3307	3310
3307	3311
3307	3312
3307	3313
3307	3314
3315	3316
3315	3317
3315	3318
3315	3319
3315	3320
3320	3321
3332	3333
3335	3336
3352	3353
3352	3354
3352	3355
3352	3356
3352	3357
3352	3358
3352	3359
3352	3360
3352	3361
3352	3362
3352	3363
3352	3364
3352	3365
3352	3366
3352	3367
3352	3368
3352	3369
3352	3370
3352	3371
3352	3372
3352	3373
3352	3374
3375	3376
3378	3379
3382	3383
3382	3384
3389	3390
3389	3391
3401	3402
3404	3403
3408	3407
3408	3409
3412	3411
3420	3419
3420	3456
3420	3458
3420	3459
3420	3467
3420	3471
3420	3478
3458	3457
3466	3465
3468	3469
3471	3470
3472	3473
3472	3474
3472	3475
3535	3536
3538	3537
3538	3539
3538	3550
3553	3552
3553	3554
3553	3555
3555	3556
3558	3557
3560	3559
3560	3568
3560	3575
3559	3562
3561	3559
3561	3563
3561	3562
3568	3570
3569	3568
3569	3571
3569	3570
3575	3577
3576	3575
3576	3578
3576	3577
3582	3581
3582	3588
3584	3583
3584	3587
3584	3589
3585	3586
3591	3590
3591	3592
3591	3792
3594	3593
3596	3595
3598	3597
3600	3599
3600	3604
3599	3601
3599	3602
3602	3603
3604	3603
3604	3787
3604	3790
3606	3605
3606	3608
3606	3609
3607	3606
3607	3611
3607	3612
3607	3614
3607	3618
3607	3619
3607	3621
3611	3610
3611	3620
3614	3613
3614	3615
3617	3616
3618	3617
3623	3622
3623	3624
3623	3631
3623	3772
3626	3625
3627	3071
3633	3632
3633	3636
3635	3634
3636	3637
3636	3638
3640	3639
3640	3641
3640	3642
3644	3643
3644	3645
3644	3646
3650	3649
3649	3651
3649	3652
3649	3655
3649	3667
3652	3653
3652	3654
3655	3656
3655	3657
3655	3658
3655	3659
3655	3660
3655	3661
3655	3662
3655	3663
3655	3664
3655	3665
3655	3666
3667	3668
3667	3669
3674	3673
3674	3676
3674	3680
3677	3678
3682	3681
3683	3682
3683	3685
3685	3684
3685	3686
3687	3688
3695	3694
3695	3705
3699	3698
3704	3703
3705	3704
3707	3706
3709	3708
3709	3713
3709	3714
3709	3715
3709	3716
3710	3709
3712	3711
3712	3726
3720	3719
3722	3721
3721	3724
3723	3721
3723	3725
3730	3729
3730	3732
3731	3729
3735	3734
3737	3736
3736	3738
3736	3739
3742	3741
3742	3586
3746	3745
3746	3747
3746	3749
3746	3752
3749	3748
3748	3750
3750	3751
3756	3755
3756	3757
3756	3761
3756	3764
3756	3765
3759	3758
3759	3760
3763	3762
3774	3773
3774	3778
3774	3779
3774	3780
3774	3781
3774	3782
3774	3783
3774	3784
3774	3785
3774	3786
3774	3787
3774	3788
3774	3789
3774	3790
3774	3791
3773	3775
3773	3776
3773	3777
3793	3794
3798	3797
3798	4315
3800	3801
3801	3802
3804	3803
3804	3805
3807	490
3807	491
3807	492
3808	3807
3808	3809
3812	3811
3824	3823
3827	3826
3827	3829
3826	3828
3826	3829
3826	3832
3829	3830
3829	3831
3834	3833
3834	3835
3837	3836
3837	3838
3837	3839
3837	3840
3837	3841
3837	3842
3837	3843
3846	3845
3848	3847
3848	3998
3848	485
3848	486
3850	3849
3850	3999
3853	3852
3856	3855
3856	4004
3858	3857
3858	3861
3858	3862
3859	3857
3861	3860
3862	3863
3866	3865
3868	3867
3868	3870
3870	3869
3872	3871
3872	3874
3871	3873
3879	3878
3879	3882
3887	3886
3888	3887
3888	3920
3888	3947
3888	3954
3888	4067
3890	3889
3890	3893
3890	3895
3890	3896
3890	3899
3890	4047
3889	3891
3893	3892
3895	3894
3895	3897
3895	3898
3900	3901
3900	3902
3906	3905
3906	3909
3906	3910
3905	3907
3905	3908
3912	3911
3912	3913
3912	3914
3916	3915
3916	3917
3923	3922
3923	3924
3926	3925
3926	3928
3926	3931
3926	4054
3928	3927
3928	3932
3928	3933
3936	3935
3936	3961
3935	3937
3937	3938
3937	3939
3940	3941
3940	3942
3940	3943
3945	3944
3945	3959
3945	3970
3950	3949
3949	391
3949	392
3952	3951
3952	3981
3953	3952
3953	3968
3953	3978
3953	3979
3957	3956
3957	3963
3957	3969
3959	3958
3959	3964
3961	3960
3961	3962
3972	3971
3972	3988
3972	4048
3972	4049
3974	3973
3976	3975
3978	3977
3981	3980
3983	3982
3985	3984
3985	3989
3985	4050
3985	4051
3987	3986
3991	3990
3992	3990
3993	3990
3995	3994
3996	3995
3997	3994
4002	4001
4006	4005
4006	4012
4006	4013
4009	4008
4009	4010
4009	4011
4016	4015
4018	4017
4018	4020
4018	4021
4018	4022
4020	4019
4020	4023
4025	4024
4025	4027
4027	4026
4029	4028
4029	4031
4028	4030
4036	4035
4036	4038
4040	4039
4040	4042
4040	4043
4040	4044
4056	4055
4059	4058
4059	4066
4058	4060
4058	4061
4058	4062
4058	4063
4058	4064
4058	4065
4070	4069
4070	4322
4070	4323
4070	1669
4072	4071
4072	4324
4072	4325
4072	4326
4072	4327
4072	4328
4072	4329
4072	4330
4072	4331
4072	1668
4072	4077
4078	1678
4091	4078
4091	4079
4091	4080
4091	4081
4091	4082
4091	4083
4091	4084
4091	4085
4091	4086
4093	4092
4093	4094
4093	4095
4102	4101
4103	4101
4105	4106
4109	4108
4111	4110
4111	4112
4113	4114
4115	4116
4115	4117
4115	4118
4115	4119
4115	4120
4115	4121
4115	4122
4115	4123
4115	4124
4115	4125
4115	4126
4115	4127
4115	4128
4115	4129
4130	4131
4130	4132
4130	4133
4130	4134
4130	4135
4130	4136
4130	4137
4130	4138
4130	4139
4130	4140
4130	4141
4130	4142
4130	4143
4130	4144
4130	4145
4130	4146
4147	4148
4147	4149
4150	4151
4150	4152
4156	4157
4158	4159
4158	4160
4158	4161
4169	2296
4169	2297
4169	2298
4169	2299
4170	584
4170	585
4179	659
4179	657
4179	662
4180	667
4181	671
4181	675
4190	3291
4193	3968
4193	3979
4193	3978
4193	3952
4195	4196
4197	4198
4203	4144
4207	4206
4207	4208
4211	4212
4213	4214
4213	4212
4213	4215
4213	4216
4217	4218
4219	4215
4219	4216
4220	4214
4220	4212
4220	4215
4220	4216
4221	4218
4222	4214
4222	4212
4222	4215
4222	4216
4222	4223
4226	398
4227	4228
4229	457
4230	4231
4230	4232
4230	4233
4234	4235
4234	4236
4234	4237
4234	4238
4234	4239
4234	4240
4242	4243
4242	4244
4245	4176
4245	4246
4245	4247
4245	4248
4245	4249
4245	4250
4245	4251
4245	507
4245	4252
4245	4253
4245	4254
4245	4255
4245	4256
4245	4257
4245	4258
4245	4259
4254	2304
4258	3639
4258	3641
4258	3642
4260	4261
4260	4262
4260	4263
4268	4267
4268	4269
4277	4276
4277	4280
4277	4286
4282	4281
4290	4289
4293	4294
4293	4295
4296	4297
4307	2459
4317	4318
4317	4319
4317	4320
4317	4321
4325	1812
4325	2029
4325	2040
4325	2054
4326	2041
4327	1819
4327	2045
4328	1826
4328	2050
4329	1836
4329	2033
4329	2035
4329	2057
