1	0
1	15
1	16
1	17
1	18
2	1
2	8
2	11
2	14
2	19
2	20
2	21
2	22
2	23
2	24
2	25
2	26
2	27
2	28
2	29
2	30
2	43
2	44
2	45
2	46
2	47
2	48
3	2
3	134
3	141
3	142
3	143
3	144
4	3
5	4
6	5
7	6
8	9
8	10
11	12
11	13
13	49
13	50
30	31
30	32
30	33
30	34
30	35
30	36
30	37
30	38
30	39
30	40
30	41
30	42
43	4152
43	4155
43	4156
43	4157
44	4160
44	4164
44	4165
44	4166
44	4167
44	4168
44	4169
44	4170
52	51
52	55
52	58
52	61
52	67
52	68
52	69
52	70
52	71
52	72
52	73
52	74
52	75
52	76
52	77
52	149
52	150
52	151
52	152
52	153
52	154
52	155
52	156
52	157
52	158
53	52
54	53
55	56
55	57
58	59
61	60
61	63
61	64
61	65
61	66
63	62
79	78
79	3224
79	3271
79	3272
79	3273
79	3274
81	80
81	3183
81	3184
81	3185
81	3186
83	82
83	3191
83	3192
83	3838
83	3988
85	84
85	1823
85	2605
85	3187
85	3213
85	3835
85	3985
87	86
87	2502
87	2503
87	2504
87	2529
87	2530
87	2531
87	2740
87	2896
87	2897
87	2898
87	2899
87	2900
87	2901
87	2902
87	2903
87	2904
87	2905
87	2906
87	2907
87	2908
87	2909
87	2910
87	2913
87	2914
87	2915
87	2916
87	2917
87	2918
87	2919
87	2920
87	2921
87	2922
87	3003
87	3004
87	3005
87	3007
87	3008
87	3009
88	87
88	3001
88	3002
90	89
90	1824
90	3188
90	3189
90	3190
91	90
91	2606
91	3206
92	91
93	91
93	316
93	319
93	320
93	328
93	330
93	334
93	368
93	373
93	402
93	422
93	508
93	602
93	623
93	629
93	635
93	639
93	644
93	649
93	650
93	658
93	680
93	695
93	698
93	1852
93	1862
93	2249
93	2283
93	2294
93	2295
93	2330
93	2761
93	3018
93	2244
93	3178
93	3177
93	3211
93	3583
93	3610
93	3709
93	3828
93	3840
93	3842
93	3852
93	3856
93	3859
93	3860
93	3863
93	3875
93	3891
93	3897
93	3901
93	3903
93	3906
93	3908
93	3911
93	3919
93	3931
93	3938
93	3999
93	4003
93	4010
93	4014
93	4017
93	3048
93	1207
93	1208
93	1209
93	4021
93	4026
93	4038
93	309
93	4247
95	94
95	99
97	96
97	102
97	1082
97	1083
97	3654
97	3658
97	3659
97	3661
97	3674
98	97
98	1148
98	3667
98	3671
98	3675
98	3676
98	3677
98	3680
98	3681
99	98
99	1833
99	1878
101	100
102	101
102	3686
104	103
104	1029
104	2287
104	2290
104	2352
104	2364
104	2366
104	2367
104	2368
105	104
105	552
105	553
105	1314
105	2247
105	2248
105	2251
105	2252
105	2262
105	2337
105	2351
105	2356
105	2358
105	2359
105	2364
105	2365
105	2425
105	2452
105	2465
105	3991
105	4304
105	4305
105	4306
105	4307
105	4308
107	106
108	107
108	1987
108	2022
108	4066
110	109
110	2253
110	2256
110	2258
110	2479
110	2480
110	2481
112	111
112	2220
112	2227
112	2254
112	2257
112	2259
112	2473
112	2478
112	2482
112	2778
114	113
115	114
115	1997
115	2023
115	2336
117	116
119	118
119	2199
119	2353
119	2450
119	2451
119	2460
119	2464
120	119
120	2430
120	2469
122	121
122	307
122	522
122	637
122	1785
122	3089
122	3783
122	3794
122	3800
122	3904
124	123
124	159
124	160
124	161
124	162
124	163
124	164
124	165
124	166
124	167
124	168
124	169
124	174
124	175
124	1244
124	1940
124	2022
124	2023
124	2025
124	2027
124	2028
124	2031
124	2037
124	4106
124	4109
126	125
126	1850
126	1875
126	1882
126	1887
126	1888
126	1889
126	1898
127	126
127	1038
127	2752
127	3750
127	3803
128	127
128	286
128	554
128	586
128	597
128	600
128	719
128	748
128	800
128	1245
128	1246
128	1741
128	1879
128	1912
128	2038
128	2039
128	2040
128	2041
128	2042
128	2043
128	2044
128	2045
128	2050
128	2051
128	2128
128	2153
128	2173
128	2263
128	2422
128	2780
128	2840
128	2843
128	2848
128	2850
128	2851
128	2853
128	2854
128	2855
128	2858
128	2859
128	2861
128	2862
128	2863
128	2864
128	2866
128	2872
128	2873
128	2874
128	2875
128	2876
128	2877
128	2878
128	2879
128	2880
128	2882
128	2883
128	2884
128	2885
128	3063
128	3797
128	3799
128	3801
128	3802
128	3804
128	3869
128	3873
128	4064
128	4068
128	4115
129	128
129	145
129	176
129	306
129	307
129	432
129	482
129	523
129	530
129	618
129	652
129	799
129	857
129	890
129	922
129	1013
129	1039
129	1123
129	1126
129	1127
129	1583
129	1984
129	2620
129	3038
129	3097
129	3182
129	3721
129	3790
129	3888
129	3933
130	131
133	132
133	1556
133	1561
133	1569
133	1570
133	1553
133	1564
133	1585
133	1562
133	1563
133	1566
133	1567
133	1568
133	1586
133	1587
133	1576
133	1577
133	1595
134	135
134	136
134	137
134	138
134	139
134	140
145	146
148	147
170	171
173	172
178	177
180	179
182	181
182	2055
182	2056
182	2057
182	2058
182	2059
182	2060
182	2061
182	2062
182	2063
182	2064
182	2065
182	2066
182	2067
182	2068
182	2069
182	2070
182	2071
182	2072
182	2073
182	2074
182	2075
182	2076
182	2077
182	2078
182	2079
182	2080
182	2081
182	2082
182	2083
182	2084
182	2085
182	2086
182	2087
182	2088
182	2089
182	2090
182	2091
182	2092
182	2093
182	2094
182	2095
182	2096
182	2097
182	2098
182	2099
182	2100
183	182
185	184
185	186
185	187
185	188
185	189
185	190
185	191
185	192
194	193
194	195
194	207
194	3575
194	3716
194	3751
194	3777
194	3779
196	195
196	197
196	199
196	201
196	203
198	197
198	2615
198	2614
198	2891
198	2977
198	2981
198	3712
200	199
202	201
202	1817
202	2506
202	2978
202	2985
202	2992
202	3181
202	3193
202	3202
202	3737
202	4311
204	203
204	2829
204	2912
204	3632
204	3655
204	3656
204	3738
206	205
206	208
206	209
206	210
206	4226
206	4227
212	211
212	854
212	879
212	917
212	1902
212	2378
212	2383
212	2385
212	2388
212	2392
212	2395
212	2396
212	2397
212	2402
212	2403
212	2410
212	2412
212	2415
212	2419
211	215
211	219
211	221
211	223
211	224
213	211
214	211
216	215
216	219
216	221
216	223
217	215
217	219
217	221
217	223
217	224
218	215
218	219
218	221
218	223
220	219
222	221
222	223
226	225
226	227
226	228
226	232
226	278
226	281
226	280
226	234
226	235
226	236
226	237
226	283
226	240
226	241
226	242
226	246
226	255
226	258
226	259
226	262
226	260
226	261
226	263
226	264
226	265
226	266
226	267
226	270
226	271
226	272
226	3870
225	227
225	228
225	229
225	230
225	231
225	232
225	233
225	234
225	235
225	236
225	237
225	238
225	239
225	240
225	241
225	242
225	243
225	244
225	245
225	246
225	247
225	248
225	249
225	250
225	251
225	252
225	253
225	254
225	255
225	256
225	257
225	258
225	259
225	260
225	261
225	262
225	263
225	264
225	265
225	266
225	267
225	268
225	269
225	270
225	271
225	272
225	273
225	3870
227	274
227	275
232	278
232	279
232	281
232	282
232	283
232	284
266	3010
266	3011
277	276
279	280
286	285
286	287
286	288
286	289
286	290
286	291
286	292
286	293
286	294
286	295
286	296
286	297
286	298
286	299
286	300
286	301
286	302
286	303
305	304
305	367
305	399
305	458
305	484
305	658
305	668
305	672
305	2330
305	2501
305	358
305	2841
305	3037
305	3065
305	3067
305	3180
305	3276
305	3742
305	3832
305	3936
305	3938
305	3066
305	4177
305	4178
305	4179
305	4180
305	4181
305	4182
305	4183
305	4184
305	4185
305	4186
305	4187
305	4188
305	4189
305	4190
305	4191
305	4192
305	4193
305	4194
305	4195
305	4196
305	309
305	4231
309	308
309	315
308	310
308	311
311	312
311	316
312	313
312	319
315	314
315	311
315	320
317	316
316	313
318	317
318	319
318	320
318	365
318	366
318	367
318	368
318	370
318	371
318	372
318	373
318	374
318	385
318	386
318	393
318	394
318	398
318	399
318	400
318	401
318	402
318	405
318	406
318	422
318	619
318	620
318	650
318	697
318	729
318	730
318	731
318	741
318	742
318	1672
318	1828
318	1906
318	2239
318	2249
318	2294
318	2330
318	378
318	379
318	2426
318	2244
318	3178
318	3209
318	3840
318	3860
318	3889
318	3914
318	3915
318	3931
318	3935
318	3940
318	3950
318	3951
318	3952
318	3992
318	4026
318	4072
321	320
321	583
321	1762
321	2124
321	2378
321	2383
321	2385
321	2388
321	2392
321	2395
321	2396
321	2397
321	2402
321	2403
321	2410
321	2412
321	2415
321	2419
321	3287
321	3861
321	311
321	4172
321	4173
321	4174
321	4118
321	4119
321	4120
321	4121
321	4122
321	4123
321	4124
321	4125
321	4126
321	4127
321	4128
321	4129
321	4130
321	4131
321	4175
321	4176
320	312
323	322
323	324
326	325
326	1911
326	2760
326	2763
326	2764
326	3390
326	3684
326	3702
328	327
328	330
328	334
327	330
327	334
329	328
329	1904
329	1916
329	1917
329	1919
329	1918
329	1915
329	2420
329	2425
329	3101
330	331
330	332
330	333
334	335
337	336
337	352
339	338
339	344
340	339
340	348
340	349
340	354
341	339
341	345
341	348
341	349
343	342
347	346
347	353
347	1311
347	2440
351	350
356	355
356	428
356	641
356	1902
356	1910
356	2493
356	2496
356	2573
356	357
356	3201
356	3921
356	3066
356	4204
356	4211
355	357
355	358
360	359
360	2750
360	4243
362	361
362	363
362	364
362	940
362	1722
362	1725
362	1734
362	1735
362	1748
362	1788
362	1789
362	1808
362	1809
362	1825
362	1826
362	1827
362	1829
362	3631
362	4092
362	4208
362	4210
368	369
374	375
374	376
374	377
374	380
374	381
374	382
374	383
377	378
377	379
385	384
385	694
385	2331
385	2426
385	3093
385	3914
385	4037
386	387
386	390
387	388
387	389
390	391
390	392
394	395
394	396
394	397
400	312
402	403
402	404
407	408
410	409
410	408
412	411
412	871
412	990
412	1165
412	2212
412	2771
412	3102
412	3548
412	3551
412	3558
412	3724
412	4053
414	413
414	2213
414	2776
414	3549
414	3556
414	3563
414	3727
414	4054
416	415
416	547
416	550
416	892
416	891
416	895
416	896
416	897
416	898
416	899
416	900
416	901
416	902
416	903
416	915
416	917
416	921
416	1114
416	1116
416	1118
416	1122
416	1124
416	1125
416	1128
416	1166
416	1167
416	1247
416	2214
416	2369
416	2370
416	2371
416	2378
416	2383
416	2385
416	2388
416	2392
416	2395
416	2396
416	2397
416	2402
416	2403
416	2410
416	2415
416	2419
416	2777
416	3550
416	3557
416	3564
416	3728
416	4055
418	417
418	425
418	426
419	420
422	421
422	2433
422	2434
424	423
428	427
428	431
428	436
429	427
429	850
431	430
431	434
431	435
431	437
432	433
439	438
439	440
439	441
439	447
439	448
439	3848
443	442
443	4318
444	442
444	445
444	446
450	449
450	3020
449	451
449	452
449	453
455	454
457	456
457	459
457	460
457	461
457	462
457	463
457	464
457	465
457	466
457	481
457	468
457	469
457	470
457	471
457	472
457	473
457	474
457	475
457	476
457	477
458	457
458	467
467	468
467	469
467	470
467	471
467	472
467	473
467	474
467	475
467	476
467	477
479	478
479	849
479	904
480	478
482	483
484	485
484	486
488	487
488	3098
488	3792
487	489
487	493
489	490
489	491
489	492
495	494
495	496
497	498
500	499
502	501
503	504
503	505
507	506
507	515
508	507
508	509
508	510
508	511
508	512
508	513
508	514
508	2260
508	2261
508	2283
508	2285
508	2286
508	3094
508	3624
508	4022
508	309
514	515
517	516
517	520
519	518
519	521
525	524
527	526
529	528
530	531
533	532
533	542
533	544
534	533
534	532
534	542
535	532
537	536
538	536
540	539
540	691
540	692
540	1169
540	1171
540	1174
540	1176
540	1754
540	1239
540	2148
540	1204
540	2837
540	1211
541	539
543	542
545	544
547	546
548	546
550	549
551	549
556	555
558	557
558	560
558	561
558	562
558	564
558	591
558	594
558	595
558	596
559	558
559	557
559	560
559	561
559	562
564	563
564	577
564	579
564	580
564	581
564	582
564	588
564	590
563	565
563	567
563	568
563	569
563	570
563	571
563	572
563	573
563	574
563	575
563	576
565	566
577	578
583	584
583	585
588	587
588	589
591	592
591	593
599	598
600	599
600	621
600	638
600	651
600	734
600	747
602	601
602	608
602	610
602	611
602	614
602	732
601	604
603	602
603	623
603	629
603	635
603	639
603	658
603	689
603	695
603	698
603	938
603	3018
603	3828
603	3842
603	3852
603	3856
603	3859
603	3863
603	3875
603	3891
603	3901
603	3903
603	3906
603	3908
603	3911
603	3919
603	3938
603	3999
603	4003
603	4010
603	4014
603	4017
603	3048
603	1207
603	1208
603	1209
603	4021
603	3057
606	605
608	607
610	609
610	612
610	613
615	616
615	617
623	622
623	624
623	625
623	626
623	627
623	745
629	628
629	632
629	633
628	630
628	631
635	634
635	636
641	640
641	739
640	642
642	643
644	645
644	646
644	647
649	648
649	737
649	744
654	653
654	3829
655	654
657	656
658	657
658	659
658	662
661	660
662	661
662	733
664	663
666	665
666	1183
666	1182
666	1726
666	750
666	1756
666	1880
666	3535
666	3537
666	3798
668	667
667	670
669	668
669	2344
669	2347
669	2349
672	671
672	675
674	673
674	686
674	3864
677	676
677	687
678	677
678	2762
678	3041
678	3043
678	3046
679	678
679	3049
680	679
680	938
680	2761
680	3052
680	3611
680	3791
680	4266
681	680
681	705
681	1843
681	1865
681	1916
681	1917
681	1919
681	1918
681	1915
681	3016
681	3060
681	3072
681	3074
681	3075
681	3076
681	3077
681	3805
681	4312
682	677
684	683
685	684
685	3865
689	688
689	1205
689	1206
689	1207
688	693
690	689
690	1168
690	1191
690	1192
690	1197
690	1204
690	1210
690	1211
690	1212
690	1213
690	1214
691	690
691	1221
692	689
692	3064
697	696
697	3836
697	3986
698	699
699	700
699	701
699	702
704	703
705	704
705	725
705	4266
707	706
707	726
707	733
707	745
707	746
707	716
706	709
708	707
708	711
708	717
708	727
708	728
711	710
711	712
711	713
711	714
711	715
711	716
716	709
716	1871
719	718
721	720
723	722
723	724
736	735
736	743
739	738
739	740
749	750
750	751
750	752
750	753
755	754
754	757
754	758
756	754
756	1691
758	759
758	789
758	793
758	794
758	795
759	760
759	761
759	762
759	763
759	780
759	781
763	764
763	767
763	768
763	769
764	765
764	766
769	770
769	771
769	772
769	773
769	774
769	775
769	779
775	776
775	777
775	778
781	782
781	783
781	784
781	785
785	786
785	787
785	788
789	790
789	791
789	792
797	796
797	798
800	801
803	802
803	905
803	907
803	909
802	806
802	807
804	802
805	804
805	906
805	908
805	910
805	4272
805	4285
809	808
811	810
811	824
811	825
811	826
811	827
811	834
811	837
811	841
811	842
811	845
811	846
811	847
811	848
811	851
811	852
811	856
811	858
811	859
810	812
810	815
810	816
810	819
810	820
810	821
810	822
810	823
812	813
812	814
816	817
816	818
829	828
829	831
828	830
831	832
831	833
836	835
837	838
840	839
844	843
850	849
850	904
850	4268
854	853
855	853
861	860
862	861
862	864
862	868
862	4273
862	4274
862	4275
862	4276
862	4279
862	4280
862	4281
862	4286
862	4287
864	863
866	865
866	870
867	866
868	867
868	4277
869	865
871	872
871	873
875	874
877	876
878	877
878	4267
881	880
881	882
881	884
881	885
881	886
881	887
882	883
889	888
892	891
892	896
892	897
892	898
892	899
892	900
892	901
892	902
892	903
894	893
906	905
908	907
910	909
912	911
914	913
916	915
918	917
920	919
924	923
924	928
924	929
924	933
924	936
924	1009
924	1010
924	1011
925	924
926	925
926	965
927	925
927	964
931	930
931	1008
932	931
933	932
933	1006
935	934
936	935
936	1012
938	937
938	1844
938	2834
938	3051
938	3054
938	3055
938	3056
938	3057
938	3058
940	939
940	941
943	942
943	997
943	1845
943	1860
943	1866
943	2329
943	2596
943	2835
943	3780
943	3806
943	3809
943	3867
943	4030
945	944
945	946
945	947
945	948
950	949
950	1003
951	949
953	952
955	954
954	956
954	957
959	958
959	960
962	961
961	967
961	968
963	962
963	969
963	970
964	963
964	971
964	972
964	973
964	974
964	975
964	976
965	964
966	965
966	977
966	978
966	995
966	1020
966	1022
980	979
980	981
980	2736
980	3214
980	4042
981	982
981	983
985	984
985	986
985	987
985	989
988	987
988	989
992	991
994	993
994	996
994	1945
994	1952
999	998
999	1002
1001	1000
1005	1004
1006	1007
1015	1014
1015	1016
1015	1017
1019	1018
1020	1021
1022	1023
1022	1028
1023	1024
1023	1025
1023	1026
1023	1027
1031	1030
1031	2316
1031	2318
1031	2319
1031	2320
1031	2321
1031	2322
1031	2323
1031	2324
1031	2325
1031	2431
1033	1032
1033	1034
1033	1035
1036	1035
1038	1037
1041	1040
1041	1046
1041	1050
1041	1051
1041	3397
1041	3399
1041	3401
1041	3407
1041	3408
1041	3409
1041	3410
1041	3411
1041	3412
1041	3413
1041	3414
1041	3415
1041	3416
1041	3417
1041	3419
1041	3422
1041	3423
1041	3426
1041	3427
1041	3428
1041	3429
1041	3430
1041	3431
1041	3432
1041	3433
1041	3434
1041	3435
1041	3436
1041	3439
1041	3444
1041	3445
1041	3447
1041	3450
1041	3456
1041	3460
1041	3463
1041	3464
1041	3469
1041	3470
1041	3472
1041	3473
1041	3474
1041	3476
1041	3478
1041	3479
1041	3480
1041	3482
1041	3483
1041	3484
1041	3485
1041	3486
1041	3487
1041	3488
1041	3491
1041	3492
1041	3493
1041	3498
1041	3500
1041	3501
1041	3506
1041	3507
1041	3508
1041	3509
1041	3510
1041	3511
1041	3512
1041	3514
1041	3515
1041	3516
1041	3517
1041	3526
1041	3527
1041	3528
1041	3529
1041	3530
1041	3531
1041	3532
1042	1041
1042	1045
1042	1048
1042	1130
1042	1138
1042	3394
1042	3398
1042	3402
1042	3404
1042	3406
1042	3418
1042	3424
1042	3446
1042	3448
1042	3452
1042	3465
1042	3466
1042	3467
1042	3468
1042	3475
1042	3477
1042	3489
1042	3490
1042	3496
1042	3502
1042	3503
1042	3505
1043	1042
1043	3400
1043	3481
1043	3520
1045	1044
1045	1049
1045	1080
1045	1136
1045	1139
1045	1142
1045	3461
1048	1047
1048	1052
1048	1053
1048	1055
1048	1135
1048	1141
1048	1143
1048	3405
1048	3420
1048	3421
1048	3425
1048	3437
1048	3438
1048	3471
1048	3494
1048	3495
1048	3497
1048	3499
1048	3504
1048	3513
1048	3518
1048	3523
1048	3524
1048	3525
1055	1054
1055	1056
1055	1057
1055	1058
1055	1059
1055	1060
1055	1061
1055	1062
1055	1063
1055	1064
1055	1065
1055	1066
1055	1067
1055	1068
1055	1069
1055	1070
1055	1071
1055	1072
1055	1073
1055	1074
1055	1075
1055	1076
1055	1077
1055	1078
1055	1079
1082	1081
1082	1090
1082	1091
1082	1092
1082	1093
1082	1094
1082	1095
1082	1096
1082	1097
1082	1098
1082	1099
1082	1100
1082	1101
1082	1102
1082	1103
1082	1104
1082	1105
1082	1106
1082	1107
1082	1108
1082	1109
1082	1110
1082	1111
1082	1112
1082	1113
1083	1084
1083	1085
1083	1086
1083	1087
1083	1088
1083	1089
1115	1114
1117	1116
1120	1119
1120	1121
1130	1129
1130	1131
1130	1132
1130	1133
1130	1134
1130	1140
1138	1137
1145	1144
1145	1151
1146	1145
1146	1150
1146	1154
1147	1146
1147	1163
1148	1147
1148	3663
1148	3673
1150	1149
1150	1152
1154	1153
1154	1156
1154	1157
1154	1159
1154	1161
1156	1155
1156	1158
1156	1160
1156	1162
1163	1164
1168	1169
1168	1170
1168	1178
1170	1171
1170	1173
1170	1174
1170	1176
1171	1172
1174	1175
1176	1177
1178	1179
1181	1180
1181	1661
1183	1182
1183	2621
1185	1184
1185	1238
1185	1757
1185	2881
1185	3062
1184	1186
1186	1187
1189	1188
1188	1190
1192	1193
1192	1194
1194	1195
1194	1196
1197	1198
1197	1202
1197	1203
1198	1199
1198	1201
1199	1200
1207	1208
1207	1209
1216	1215
1216	1217
1219	1218
1221	1220
1221	1239
1221	1240
1221	1241
1221	1242
1221	1243
1220	1222
1224	1223
1226	1225
1226	1759
1225	1228
1227	1226
1227	1758
1227	2015
1227	3784
1230	1229
1230	1232
1230	1233
1230	1234
1230	1235
1230	1236
1230	1237
1231	1230
1231	1232
1247	1248
1247	1253
1247	1254
1248	1249
1248	1250
1248	1251
1248	1252
1253	1259
1253	1260
1254	1255
1254	1256
1256	1257
1256	1258
1262	1261
1262	1264
1262	1268
1262	1271
1262	1272
1262	1273
1262	1304
1262	1305
1262	1306
1262	1307
1262	1308
1263	1262
1263	1266
1263	1316
1263	1321
1266	1265
1266	1267
1266	1269
1266	1270
1275	1274
1275	1285
1275	1292
1275	1294
1275	1295
1276	1275
1276	1278
1278	1277
1278	1290
1278	1291
1278	1293
1278	1296
1278	1299
1280	1279
1281	1280
1281	1287
1283	1282
1284	1283
1284	1289
1287	1286
1289	1288
1297	1284
1297	1298
1297	1276
1297	1303
1298	1300
1298	1301
1298	1302
1310	1309
1311	1310
1313	1312
1313	1315
1314	1313
1316	1317
1316	1318
1316	1319
1316	1320
1321	1322
1321	1323
1321	1324
1321	1325
1321	1326
1321	1327
1321	1328
1321	1329
1321	1330
1321	1331
1321	1332
1321	1333
1321	1334
1321	1335
1337	1336
1337	1339
1337	1340
1337	1343
1337	1344
1337	1345
1338	1337
1338	1342
1338	1403
1338	1348
1342	1341
1347	1346
1347	1349
1347	1352
1347	1353
1347	1355
1348	1347
1348	1351
1348	1400
1348	1405
1348	1406
1348	1407
1348	1408
1348	1409
1348	1410
1348	1411
1348	1417
1348	1418
1348	1419
1351	1350
1351	1354
1357	1356
1357	1371
1358	1357
1358	1360
1358	1388
1358	1391
1360	1359
1360	1369
1360	1370
1360	1372
1362	1361
1363	1362
1363	1368
1363	1382
1363	1384
1365	1364
1366	1365
1366	1375
1366	1386
1366	1396
1368	1367
1374	1373
1375	1374
1375	1377
1375	1378
1375	1380
1377	1376
1378	1379
1380	1381
1382	1383
1384	1385
1386	1387
1388	1389
1388	1390
1391	1392
1391	1393
1391	1394
1391	1395
1398	1397
1398	1399
1400	1401
1400	1402
1403	1404
1411	1412
1411	1413
1411	1414
1411	1415
1411	1416
1421	1420
1421	1425
1421	1429
1420	1422
1420	1423
1420	1424
1425	1426
1425	1427
1429	1428
1429	1430
1429	1431
1429	1432
1434	1433
1434	1438
1434	1442
1433	1435
1433	1436
1433	1437
1438	1439
1438	1440
1442	1441
1442	1443
1442	1444
1442	1445
1447	1446
1447	1461
1447	1528
1447	1530
1447	1532
1447	1534
1447	1535
1447	1538
1449	1448
1449	1453
1449	1454
1449	1455
1449	1456
1450	1449
1450	1458
1450	1462
1450	1468
1452	1451
1458	1457
1458	1459
1460	1450
1460	1473
1460	1495
1460	1514
1460	1520
1460	1523
1460	1525
1460	1526
1460	1527
1460	1529
1460	1531
1460	1533
1460	1536
1460	1537
1462	1463
1462	1464
1462	1465
1462	1466
1462	1467
1468	1469
1468	1470
1468	1471
1468	1472
1473	1474
1473	1482
1473	1490
1473	1492
1474	1475
1474	1476
1474	1481
1476	1477
1476	1478
1476	1479
1476	1480
1482	1483
1482	1484
1482	1488
1484	1485
1484	1486
1484	1487
1490	1489
1490	1493
1492	1491
1492	1494
1495	1496
1495	1501
1495	1506
1495	1511
1496	1497
1496	1498
1496	1499
1496	1500
1501	1502
1501	1503
1501	1504
1506	1505
1506	1507
1506	1508
1506	1509
1511	1510
1511	1512
1511	1513
1514	1515
1514	1518
1517	1516
1517	1519
1520	1521
1520	1522
1525	1524
1540	1539
1542	1541
1544	1543
1544	1545
1544	1546
1544	1548
1543	1547
1543	1549
1543	1550
1552	1551
1552	1555
1552	1554
1551	1553
1551	1555
1553	1554
1555	1556
1556	1557
1556	1558
1559	1555
1560	1556
1560	1553
1560	1557
1560	1564
1560	1585
1560	1562
1560	1563
1560	1566
1560	1567
1560	1568
1560	1586
1560	1576
1560	1595
1560	1598
1561	1562
1561	1563
1561	1564
1561	1566
1561	1567
1561	1568
1564	1565
1572	1571
1572	1573
1574	1575
1574	1577
1575	1576
1579	1578
1579	1580
1581	1553
1581	1598
1583	1582
1584	1564
1584	1585
1584	1562
1584	1563
1584	1566
1584	1567
1584	1568
1589	1588
1589	1590
1590	1591
1590	1592
1590	1593
1595	1594
1597	1596
1600	1599
1600	1604
1599	1602
1599	1603
1601	1600
1606	1605
1606	1617
1607	1606
1607	1618
1608	1607
1610	1609
1610	1625
1610	1658
1611	1610
1613	1612
1613	1641
1614	1613
1616	1615
1616	1646
1620	1619
1620	1656
1621	1620
1621	1624
1621	1657
1622	1621
1623	1620
1627	1626
1627	1630
1627	1631
1627	1632
1627	1639
1627	1640
1628	1627
1630	1629
1630	1633
1630	1634
1630	1635
1630	1636
1630	1637
1630	1638
1641	1642
1641	1643
1641	1644
1646	1645
1646	1647
1647	1648
1647	1649
1648	1650
1648	1653
1649	1651
1649	1652
1655	1654
1660	1659
1660	1669
1660	1674
1663	1662
1663	1665
1663	1664
1662	1664
1662	1665
1667	1666
1667	1669
1667	1678
1668	1666
1668	1683
1670	1667
1670	1679
1670	1682
1670	4070
1670	4089
1670	4091
1670	4093
1670	4075
1670	4076
1670	4077
1670	4078
1670	4079
1671	1670
1671	1793
1671	1799
1671	1806
1671	1816
1671	2021
1671	2182
1671	2183
1671	2009
1671	4091
1671	4289
1671	4326
1671	4327
1671	4328
1671	4329
1671	4330
1671	4331
1671	4332
1671	4333
1671	4079
1672	1671
1672	2129
1672	2145
1672	4074
1674	1673
1675	1676
1675	1677
1681	1680
1682	1681
1682	2019
1682	2020
1682	2024
1682	2029
1682	2036
1682	2013
1682	4080
1682	4081
1682	4082
1682	4083
1682	4084
1682	4085
1682	4086
1682	4087
1682	4088
1682	4090
1685	1684
1684	1686
1684	1689
1686	1687
1686	1688
1690	758
1690	1692
1690	1698
1690	1778
1690	1780
1690	1796
1690	1804
1691	1690
1691	1777
1691	1787
1692	759
1692	1693
1692	1694
1692	1697
1692	1706
1692	1710
1692	1718
1693	760
1694	763
1694	1695
1694	1700
1694	1707
1695	769
1695	1696
1695	1701
1695	1703
1695	1709
1695	1715
1695	1717
1695	1736
1696	770
1697	781
1697	1699
1697	1705
1697	1708
1697	1712
1698	1697
1698	1699
1698	1794
1698	793
1699	782
1700	764
1700	1704
1700	1711
1700	1739
1701	775
1701	1702
1701	1714
1701	1716
1702	776
1703	771
1704	767
1705	783
1706	761
1707	768
1708	784
1709	772
1710	762
1711	765
1712	785
1712	1713
1712	1737
1712	1738
1713	786
1714	777
1715	773
1716	778
1717	774
1718	780
1720	1719
1721	1720
1721	2002
1721	2003
1721	2004
1721	4293
1724	1723
1726	750
1726	1733
1726	1790
1727	1726
1728	1726
1729	1726
1729	2027
1729	2202
1730	1726
1730	2028
1730	2203
1731	1726
1731	750
1731	2867
1731	2868
1731	2870
1731	2871
1731	3793
1731	3868
1731	4031
1732	751
1733	1732
1733	752
1736	779
1737	787
1738	788
1739	766
1741	1740
1741	1742
1741	1743
1745	1744
1747	1746
1747	2501
1747	2523
1747	2554
1750	1749
1752	1751
1752	1755
1752	1763
1752	1764
1752	1774
1753	1752
1753	1754
1753	1756
1753	1777
1753	1812
1754	1751
1756	1755
1756	1790
1761	1760
1764	1765
1764	1766
1766	1767
1766	1771
1766	1772
1766	1773
1767	1768
1767	1769
1767	1770
1776	1775
1777	1764
1777	1778
1777	1786
1778	1766
1778	1779
1778	1794
1778	1795
1778	1803
1779	1767
1779	1781
1779	1783
1779	1810
1780	1779
1780	1782
1780	1784
1780	1811
1780	789
1781	1768
1782	1781
1782	790
1783	1769
1784	1783
1784	791
1786	1765
1787	1786
1787	757
1790	1763
1792	1791
1792	1797
1792	1800
1792	1801
1792	1802
1792	2288
1792	3217
1792	4310
1793	1791
1793	2008
1793	2019
1793	2033
1794	1771
1795	1773
1796	1795
1796	795
1799	1798
1799	2024
1803	1772
1804	1803
1804	794
1806	1805
1806	2029
1808	1807
1808	2031
1810	1770
1811	1810
1811	792
1812	1774
1813	1812
1813	2035
1814	1813
1816	1815
1816	2012
1816	2014
1816	2036
1819	1818
1819	3361
1819	3362
1819	3364
1819	3365
1819	3366
1819	3369
1819	3370
1819	3371
1819	3372
1820	1819
1820	3292
1820	3299
1820	3336
1820	3359
1820	3373
1821	1820
1821	3278
1821	3289
1821	3376
1821	3377
1822	1821
1830	284
1830	240
1832	1831
1832	1840
1832	1841
1832	1842
1833	1832
1833	1835
1833	1838
1835	1834
1835	1839
1837	1836
1838	1837
1844	1843
1844	1865
1847	1846
1848	1847
1848	1868
1848	1869
1848	3039
1848	3040
1850	1849
1850	1872
1850	1883
1852	1851
1854	1853
1854	1857
1856	1855
1856	1858
1856	1859
1862	1861
1862	1873
1864	1863
1868	1867
1869	1867
1869	1870
1875	1874
1877	1876
1877	4032
1877	4039
1877	3918
1882	1881
1882	1884
1882	1886
1884	1885
1889	1890
1889	1897
1890	1891
1890	1892
1890	1893
1890	1894
1890	1896
1894	1895
1900	1899
1900	3071
1901	1900
1903	1902
1903	3066
1905	1904
1905	3222
1906	1905
1906	2295
1906	3220
1906	3221
1906	3706
1906	3707
1907	1904
1909	1908
1909	2293
1909	2492
1909	3210
1909	3678
1909	3685
1909	3689
1910	1909
1910	2294
1910	2493
1910	2501
1910	3211
1910	3591
1910	3679
1914	1913
1915	1914
1915	1920
1915	1921
1915	1922
1916	1915
1917	1915
1918	1915
1919	1918
1924	1923
1924	1928
1924	1927
1924	1956
1924	1950
1924	1973
1924	1925
1924	1926
1924	1957
1924	1981
1924	1987
1924	1991
1924	1992
1923	1925
1923	1926
1928	1927
1928	1946
1929	1928
1929	1956
1929	1950
1929	1957
1931	1930
1931	1937
1931	1944
1931	1973
1932	1931
1932	1934
1933	1930
1933	1944
1934	1933
1934	1938
1936	1935
1936	1994
1938	1937
1938	1973
1939	1938
1940	1942
1940	1943
1941	1940
1948	1947
1947	1950
1949	1947
1949	1952
1950	1951
1950	1952
1952	1953
1953	1954
1954	1955
1956	1957
1957	1958
1957	1961
1957	1962
1957	1970
1957	1971
1958	1959
1958	1960
1962	1963
1962	1966
1962	1968
1963	1964
1963	1965
1966	1967
1968	1969
1972	1952
1972	3711
1973	1974
1976	1975
1977	1957
1977	1978
1977	1979
1977	1965
1978	1962
1978	1971
1979	1971
1980	1979
1983	1982
1983	1953
1985	1942
1985	1988
1985	1989
1985	1990
1985	1943
1985	4291
1986	1942
1986	1943
1986	4291
1993	1992
1996	1995
1996	1999
1997	1996
1998	1995
1998	2025
1998	2255
2001	2000
2005	789
2007	2006
2007	2032
2009	2008
2009	2026
2009	2033
2009	2182
2009	2183
2009	4071
2009	4073
2009	4075
2009	4076
2009	4077
2009	4078
2009	4079
2009	1682
2011	2010
2011	2018
2013	2012
2013	2014
2017	2016
2018	2017
2021	2020
2031	2030
2034	2035
2046	2047
2049	2048
2053	2052
2053	2054
2096	2101
2103	2102
2103	2104
2103	2123
2106	2105
2106	2107
2106	2143
2109	2108
2109	2112
2109	2118
2110	2109
2110	2116
2112	2111
2112	2117
2113	2111
2113	2121
2114	2111
2114	2122
2116	2115
2120	2119
2120	2140
2122	2121
2122	2129
2126	2125
2128	2127
2128	2190
2131	2130
2132	2131
2132	2157
2132	2176
2134	2133
2134	2135
2134	2136
2138	2137
2138	2141
2139	2138
2139	2142
2142	2141
2142	2144
2147	2146
2147	2168
2147	2170
2147	2171
2147	2172
2147	2177
2147	2178
2147	2186
2147	4294
2148	1197
2148	2149
2148	2158
2149	1198
2150	2149
2150	2158
2152	2151
2152	2160
2152	2169
2152	2162
2152	2163
2152	2187
2154	2155
2154	2156
2158	1199
2158	1202
2160	2159
2159	2161
2159	2166
2159	2167
2161	2162
2161	2163
2161	2164
2161	2165
2175	2174
2180	2179
2180	2181
2185	2184
2185	2188
2185	2189
2192	2191
2194	2193
2194	4098
2196	2195
2198	2197
2198	4099
2198	4100
2198	4101
2198	4102
2199	2200
2199	2201
2205	2204
2205	2206
2205	2207
2205	2208
2205	2211
2210	2209
2216	2215
2216	2217
2218	2217
2219	2218
2219	2775
2219	3544
2219	3569
2222	2221
2223	2222
2223	2224
2223	2225
2223	2226
2229	2228
2229	2232
2229	2233
2229	2235
2229	2280
2229	2282
2231	2230
2231	2234
2231	2281
2231	4201
2231	4202
2231	4203
2237	2236
2237	2244
2236	2239
2236	2240
2236	2241
2238	2236
2239	2245
2239	2246
2241	2242
2241	2243
2248	2247
2248	2250
2248	2251
2248	2252
2265	2264
2264	2266
2264	2267
2267	2268
2270	2269
2269	2271
2271	2272
2272	2273
2275	2274
2275	4171
2274	2276
2274	2277
2274	2278
2274	2279
2283	2284
2290	2289
2290	2291
2293	2292
2293	2516
2293	3154
2293	3155
2293	3156
2293	3164
2293	3165
2294	2293
2297	2296
2297	2298
2297	2299
2301	2300
2301	2302
2301	2307
2304	2303
2304	2305
2306	2305
2306	3701
2309	2308
2309	2310
2309	2312
2309	2314
2309	2315
2312	2311
2312	2313
2317	2316
2317	2321
2317	2323
2317	2324
2317	2325
2327	2326
2328	2327
2331	378
2331	379
2333	2332
2333	2334
2333	2335
2338	2339
2338	2340
2338	4300
2338	4301
2338	4302
2338	4303
2342	2341
2342	2343
2344	2345
2344	2346
2349	2348
2351	2350
2355	2354
2358	2357
2359	2360
2359	2361
2359	2362
2359	2363
2365	2364
2365	3820
2365	3822
2365	3823
2373	2372
2373	2380
2373	2386
2373	2389
2373	2393
2373	2399
2373	2407
2373	2416
2375	2374
2375	2381
2375	2390
2375	2398
2375	2400
2375	2408
2375	2417
2377	2376
2377	2382
2377	2384
2377	2387
2377	2391
2377	2394
2377	2401
2377	2409
2377	2411
2377	2414
2377	2418
2379	2378
2379	2383
2379	2385
2379	2388
2379	2392
2379	2395
2379	2396
2379	2397
2379	2402
2379	2403
2379	2410
2379	2412
2379	2415
2379	2419
2405	2404
2405	2406
2413	2412
2422	2421
2422	2474
2422	2475
2424	2423
2424	2427
2429	2428
2429	2447
2429	2448
2429	2469
2433	2432
2436	2435
2438	2437
2438	2439
2438	2441
2438	2442
2438	2443
2445	2444
2447	2446
2447	2449
2447	2455
2454	2453
2454	2459
2455	2456
2455	2457
2455	2458
2460	2461
2460	2462
2460	2463
2465	2466
2465	2468
2466	2467
2471	2470
2471	2472
2477	2476
2484	2483
2484	2499
2486	2485
2486	2487
2489	2488
2489	2662
2489	2663
2489	2735
2491	2490
2492	2491
2492	2929
2492	2940
2492	2960
2492	2967
2493	2492
2494	2493
2494	2760
2494	357
2494	2764
2494	4204
2494	4206
2494	4207
2494	4211
2494	4212
2496	2495
2496	2522
2498	2497
2498	2657
2499	2500
2506	2505
2506	2527
2506	2528
2506	2769
2506	2770
2506	2895
2506	2924
2506	2983
2506	2984
2506	2986
2506	2988
2506	2989
2506	2994
2506	2995
2506	2996
2508	2507
2507	2509
2507	2510
2510	2511
2510	2512
2514	2513
2514	3124
2514	3125
2514	3126
2514	3127
2514	3128
2514	3129
2514	3130
2514	3131
2514	3132
2515	2514
2515	3107
2515	3108
2515	3109
2515	3113
2515	3114
2515	3117
2515	3118
2515	3119
2515	3133
2516	2515
2516	2767
2516	3135
2516	3144
2516	3145
2516	3146
2516	3147
2516	3149
2516	3150
2516	3151
2516	3152
2516	3153
2517	2518
2517	2519
2519	2520
2519	2521
2524	2525
2524	2526
2533	2532
2533	2537
2533	2538
2533	2541
2533	2546
2533	2547
2533	2548
2534	2533
2534	2572
2535	2534
2535	2536
2535	2573
2536	2533
2538	2539
2538	2540
2541	2542
2541	2543
2541	2544
2541	2545
2548	2549
2551	2550
2552	2551
2552	2553
2552	2555
2557	2556
2557	2559
2557	2560
2557	2561
2557	2569
2558	2557
2563	2562
2563	2587
2563	2588
2563	2590
2563	2591
2562	2564
2562	2565
2562	2566
2562	2567
2562	2568
2571	2570
2571	2574
2571	2581
2571	2582
2571	2583
2571	2584
2571	2585
2572	2571
2572	2577
2572	2579
2573	2572
2576	2575
2576	2578
2577	2576
2577	2586
2579	2580
2588	2589
2593	2592
2595	2594
2598	2597
2598	2599
2598	2600
2598	2601
2598	2602
2604	2603
2608	2607
2608	2613
2607	2609
2607	2610
2607	2611
2607	2612
2615	2614
2615	3389
2617	2616
2617	2618
2617	2619
2623	2622
2625	2624
2625	2629
2625	2630
2625	2631
2625	2632
2625	2633
2625	2634
2625	2635
2625	2636
2626	2625
2626	2665
2627	2626
2627	2639
2627	2660
2627	2684
2627	2737
2627	2757
2627	2758
2628	2626
2638	2637
2638	2682
2638	2712
2639	2641
2639	2642
2639	2643
2639	2644
2639	2645
2639	2646
2639	2647
2639	2648
2639	2649
2640	2639
2640	2684
2651	2650
2651	2743
2652	2651
2654	2653
2654	2745
2656	2655
2657	2656
2659	2658
2659	2710
2659	2734
2660	2659
2660	2698
2661	2660
2665	2664
2665	2667
2665	2668
2665	2670
2665	2672
2665	2674
2665	2676
2665	2678
2665	2680
2665	2711
2664	2666
2668	2669
2670	2671
2672	2673
2674	2675
2676	2677
2678	2679
2680	2681
2684	2683
2684	2694
2684	2713
2684	2741
2683	2685
2683	2686
2683	2687
2683	2688
2683	2689
2683	2690
2683	2691
2683	2692
2694	2693
2694	2722
2696	2695
2696	2723
2698	2697
2698	2724
2697	2700
2697	2701
2697	2702
2697	2703
2697	2704
2697	2705
2697	2706
2697	2707
2697	2708
2699	2698
2709	2704
2713	2714
2713	2715
2713	2716
2713	2717
2713	2718
2713	2719
2713	2720
2713	2721
2724	2725
2724	2726
2724	2727
2724	2728
2724	2729
2724	2730
2724	2731
2724	2732
2724	2733
2738	2737
2739	2738
2739	2768
2743	2742
2745	2744
2747	2746
2747	3612
2747	3613
2747	3614
2748	2747
2749	2748
2752	2751
2752	2753
2752	2754
2752	2759
2756	2755
2762	2761
2762	3016
2762	3047
2762	3048
2766	2765
2773	2772
2773	2774
2775	2774
2780	2779
2780	2781
2780	2833
2783	2782
2785	2784
2785	2793
2784	2787
2784	2788
2786	2785
2786	2790
2786	2791
2786	2792
2786	2795
2786	2802
2786	2807
2786	2822
2786	2823
2786	2824
2786	2828
2790	2789
2795	2794
2795	2798
2794	2796
2794	2797
2798	2799
2798	2800
2798	2801
2802	2803
2802	2804
2802	2805
2802	2806
2807	2808
2807	2809
2807	2810
2807	2811
2807	2812
2807	2813
2807	2814
2807	2815
2807	2816
2807	2817
2817	2818
2817	2819
2817	2820
2817	2821
2826	2825
2826	3752
2826	3753
2827	2826
2827	3754
2831	2830
2831	2832
2837	2836
2837	3064
2839	2838
2843	2842
2843	2852
2843	2860
2842	2844
2842	2845
2842	2846
2842	2847
2850	2849
2855	2856
2855	2857
2864	2865
2869	2868
2887	2886
2887	2889
2887	3379
2887	3380
2887	3381
2887	3382
2887	3383
2887	3384
2888	2887
2888	3378
2888	4316
2891	2890
2891	3290
2891	3385
2891	3388
2893	2892
2893	2894
2912	2911
2924	2923
2924	2925
2925	2926
2927	2928
2929	2930
2929	2931
2929	2932
2929	2933
2929	2934
2929	2935
2929	2936
2929	2937
2929	2938
2929	2939
2940	2941
2940	2944
2940	2945
2940	2946
2940	2947
2940	2948
2940	2957
2940	2958
2940	2959
2941	2942
2941	2943
2948	2949
2948	2952
2948	2953
2948	2954
2948	2955
2948	2956
2949	2950
2949	2951
2960	2961
2960	2962
2960	2963
2960	2964
2960	2965
2960	2966
2967	2968
2967	2969
2971	2970
2971	2973
2971	2974
2971	2976
2972	2971
2974	2975
2978	2977
2978	2980
2980	2979
2980	2982
2981	2980
2988	2987
2991	2990
2991	2993
2992	2991
2992	2997
2997	2998
2997	2999
3001	3000
3005	3006
3013	3012
3015	3014
3018	3017
3018	4018
3018	4019
3020	3019
3020	3021
3020	3022
3024	3023
3025	3024
3025	3036
3025	3034
3025	3029
3027	3026
3027	3034
3027	3033
3026	3029
3028	3027
3028	3025
3031	3030
3031	3032
3034	3033
3034	3029
3036	3035
3041	3042
3043	3044
3043	3045
3051	3050
3051	3053
3052	3050
3052	3053
3060	3059
3059	3061
3069	3068
3069	3070
3069	3717
3069	4290
3072	3073
3079	3078
3079	3082
3079	3083
3079	3084
3079	3087
3079	3088
3078	3081
3080	3079
3080	3091
3080	3092
3084	3085
3084	3086
3091	3090
3092	3083
3096	3095
3099	3098
3101	3100
3101	3215
3104	3103
3104	3105
3104	3106
3109	3110
3109	3111
3109	3112
3114	3115
3114	3116
3119	3120
3119	3121
3119	3122
3119	3123
3135	3134
3135	3137
3135	3138
3135	3142
3135	3143
3134	3136
3138	3139
3138	3140
3138	3141
3147	3148
3147	3170
3147	3171
3147	3172
3147	3173
3149	3168
3149	3179
3152	3175
3152	3176
3156	3157
3156	3158
3156	3159
3156	3160
3156	3161
3156	3162
3156	3163
3167	3166
3167	3169
3167	3174
3167	4313
3178	3177
3195	3194
3195	3197
3195	3200
3196	3195
3196	4315
3199	3198
3199	4314
3204	3203
3206	3205
3208	3207
3208	3533
3210	3212
3211	3210
3217	3216
3217	3218
3217	3219
3217	3755
3224	3223
3224	3229
3224	3230
3224	3231
3224	3232
3224	3233
3224	3234
3224	3235
3224	3236
3224	3237
3224	3238
3224	3239
3224	3240
3224	3241
3224	3242
3224	3243
3224	3244
3223	3225
3225	3226
3225	3227
3227	3228
3246	3245
3245	3247
3245	3248
3245	3249
3245	3250
3245	3251
3245	3252
3245	3253
3245	3254
3245	3255
3245	3256
3245	3259
3245	3260
3245	3261
3245	3264
3245	3265
3245	3266
3245	3267
3245	3268
3245	3269
3245	3270
3256	3257
3256	3258
3261	3262
3261	3263
3276	3275
3278	3277
3278	3279
3278	3280
3278	3281
3278	3282
3278	3283
3278	3284
3278	3285
3278	3286
3278	3287
3278	3288
3292	3291
3292	3306
3292	3307
3292	3308
3292	3309
3292	3310
3292	3311
3292	3312
3292	3313
3292	3314
3292	3315
3292	3316
3292	3318
3292	3319
3292	3321
3292	3322
3292	3323
3292	3324
3292	3325
3292	3326
3292	3327
3292	3328
3292	3329
3292	3330
3292	3331
3292	3332
3292	3333
3292	3334
3292	3335
3291	3293
3291	3294
3291	3295
3291	3296
3291	3297
3291	3298
3299	3300
3299	3301
3299	3302
3299	3303
3299	3304
3304	3305
3316	3317
3319	3320
3336	3337
3336	3338
3336	3339
3336	3340
3336	3341
3336	3342
3336	3343
3336	3344
3336	3345
3336	3346
3336	3347
3336	3348
3336	3349
3336	3350
3336	3351
3336	3352
3336	3353
3336	3354
3336	3355
3336	3356
3336	3357
3336	3358
3359	3360
3362	3363
3366	3367
3366	3368
3373	3374
3373	3375
3385	3386
3388	3387
3392	3391
3392	3393
3396	3395
3404	3403
3404	3440
3404	3442
3404	3443
3404	3451
3404	3455
3404	3462
3442	3441
3450	3449
3452	3453
3455	3454
3456	3457
3456	3458
3456	3459
3519	3520
3522	3521
3522	3532
3522	3534
3537	3536
3537	3538
3537	3539
3539	3540
3542	3541
3544	3543
3544	3552
3544	3559
3543	3546
3545	3543
3545	3547
3545	3546
3552	3554
3553	3552
3553	3555
3553	3554
3559	3561
3560	3559
3560	3562
3560	3561
3566	3565
3566	3572
3568	3567
3568	3571
3568	3573
3569	3570
3575	3574
3575	3576
3575	3776
3578	3577
3580	3579
3582	3581
3584	3583
3584	3588
3583	3585
3583	3586
3586	3587
3588	3587
3588	3771
3588	3774
3590	3589
3590	3592
3590	3593
3591	3590
3591	3595
3591	3596
3591	3598
3591	3602
3591	3603
3591	3605
3595	3594
3595	3604
3598	3597
3598	3599
3601	3600
3602	3601
3607	3606
3607	3608
3607	3615
3607	3756
3610	3609
3611	3055
3617	3616
3617	3620
3619	3618
3620	3621
3620	3622
3624	3623
3624	3625
3624	3626
3628	3627
3628	3629
3628	3630
3634	3633
3633	3635
3633	3636
3633	3639
3633	3651
3636	3637
3636	3638
3639	3640
3639	3641
3639	3642
3639	3643
3639	3644
3639	3645
3639	3646
3639	3647
3639	3648
3639	3649
3639	3650
3651	3652
3651	3653
3658	3657
3658	3660
3658	3664
3661	3662
3666	3665
3667	3666
3667	3669
3669	3668
3669	3670
3671	3672
3679	3678
3679	3689
3683	3682
3688	3687
3689	3688
3691	3690
3693	3692
3693	3697
3693	3698
3693	3699
3693	3700
3694	3693
3696	3695
3696	3710
3704	3703
3706	3705
3705	3708
3707	3705
3707	3709
3714	3713
3714	3716
3715	3713
3719	3718
3721	3720
3720	3722
3720	3723
3726	3725
3726	3570
3730	3729
3730	3731
3730	3733
3730	3736
3733	3732
3732	3734
3734	3735
3740	3739
3740	3741
3740	3745
3740	3748
3740	3749
3743	3742
3743	3744
3747	3746
3758	3757
3758	3762
3758	3763
3758	3764
3758	3765
3758	3766
3758	3767
3758	3768
3758	3769
3758	3770
3758	3771
3758	3772
3758	3773
3758	3774
3758	3775
3757	3759
3757	3760
3757	3761
3777	3778
3782	3781
3782	4317
3784	3785
3785	3786
3788	3787
3788	3789
3791	490
3791	491
3791	492
3792	3791
3792	3793
3796	3795
3808	3807
3811	3810
3811	3813
3810	3812
3810	3813
3810	3816
3813	3814
3813	3815
3818	3817
3818	3819
3821	3820
3821	3822
3821	3823
3821	3824
3821	3825
3821	3826
3821	3827
3830	3829
3832	3831
3832	3983
3832	485
3832	486
3834	3833
3834	3984
3837	3836
3840	3839
3840	3989
3842	3841
3842	3845
3842	3846
3843	3841
3845	3844
3846	3847
3850	3849
3852	3851
3852	3854
3854	3853
3856	3855
3856	3858
3855	3857
3863	3862
3863	3866
3872	3871
3873	3872
3873	3905
3873	3932
3873	3939
3873	4052
3875	3874
3875	3878
3875	3880
3875	3881
3875	3884
3875	4032
3874	3876
3878	3877
3880	3879
3880	3882
3880	3883
3885	3886
3885	3887
3891	3890
3891	3894
3891	3895
3890	3892
3890	3893
3897	3896
3897	3898
3897	3899
3901	3900
3901	3902
3908	3907
3908	3909
3911	3910
3911	3913
3911	3916
3911	4039
3913	3912
3913	3917
3913	3918
3921	3920
3921	3946
3920	3922
3922	3923
3922	3924
3925	3926
3925	3927
3925	3928
3930	3929
3930	3944
3930	3955
3935	3934
3934	391
3934	392
3937	3936
3937	3966
3938	3937
3938	3953
3938	3963
3938	3964
3942	3941
3942	3948
3942	3954
3944	3943
3944	3949
3946	3945
3946	3947
3957	3956
3957	3973
3957	4033
3957	4034
3959	3958
3961	3960
3963	3962
3966	3965
3968	3967
3970	3969
3970	3974
3970	4035
3970	4036
3972	3971
3976	3975
3977	3975
3978	3975
3980	3979
3981	3980
3982	3979
3987	3986
3991	3990
3991	3997
3991	3998
3994	3993
3994	3995
3994	3996
4001	4000
4003	4002
4003	4005
4003	4006
4003	4007
4005	4004
4005	4008
4010	4009
4010	4012
4012	4011
4014	4013
4014	4016
4013	4015
4021	4020
4021	4023
4025	4024
4025	4027
4025	4028
4025	4029
4041	4040
4044	4043
4044	4051
4043	4045
4043	4046
4043	4047
4043	4048
4043	4049
4043	4050
4057	4056
4057	4058
4059	4058
4061	4060
4061	4062
4061	4063
4061	4067
4066	4065
4068	4069
4072	4071
4072	4324
4072	4325
4072	1671
4074	4073
4074	4326
4074	4327
4074	4328
4074	4329
4074	4330
4074	4331
4074	4332
4074	4333
4074	1670
4074	4079
4080	1680
4093	4080
4093	4081
4093	4082
4093	4083
4093	4084
4093	4085
4093	4086
4093	4087
4093	4088
4095	4094
4095	4096
4095	4097
4104	4103
4105	4103
4107	4108
4111	4110
4113	4112
4113	4114
4115	4116
4117	4118
4117	4119
4117	4120
4117	4121
4117	4122
4117	4123
4117	4124
4117	4125
4117	4126
4117	4127
4117	4128
4117	4129
4117	4130
4117	4131
4132	4133
4132	4134
4132	4135
4132	4136
4132	4137
4132	4138
4132	4139
4132	4140
4132	4141
4132	4142
4132	4143
4132	4144
4132	4145
4132	4146
4132	4147
4132	4148
4149	4150
4149	4151
4152	4153
4152	4154
4158	4159
4160	4161
4160	4162
4160	4163
4171	2276
4171	2277
4171	2278
4171	2279
4172	584
4172	585
4181	659
4181	657
4181	662
4182	667
4183	671
4183	675
4192	3275
4195	3953
4195	3964
4195	3963
4195	3937
4197	4198
4199	4200
4205	4146
4209	4208
4209	4210
4213	4214
4215	4216
4215	4214
4215	4217
4215	4218
4219	4220
4221	4217
4221	4218
4222	4216
4222	4214
4222	4217
4222	4218
4223	4220
4224	4216
4224	4214
4224	4217
4224	4218
4224	4225
4228	398
4229	4230
4231	457
4232	4233
4232	4234
4232	4235
4236	4237
4236	4238
4236	4239
4236	4240
4236	4241
4236	4242
4244	4245
4244	4246
4247	4178
4247	4248
4247	4249
4247	4250
4247	4251
4247	4252
4247	4253
4247	507
4247	4254
4247	4255
4247	4256
4247	4257
4247	4258
4247	4259
4247	4260
4247	4261
4256	2284
4260	3623
4260	3625
4260	3626
4262	4263
4262	4264
4262	4265
4270	4269
4270	4271
4279	4278
4279	4282
4279	4288
4284	4283
4292	4291
4295	4296
4295	4297
4298	4299
4309	2438
4319	4320
4319	4321
4319	4322
4319	4323
4327	1791
4327	2008
4327	2019
4327	2033
4328	2020
4329	1798
4329	2024
4330	1805
4330	2029
4331	1815
4331	2012
4331	2014
4331	2036
