1	0
1	17
1	18
1	19
2	1
2	8
2	11
2	16
2	20
2	21
2	22
2	23
2	24
2	25
2	26
2	27
2	28
2	29
2	36
2	45
2	46
2	47
2	48
3	2
3	484
3	491
3	492
3	493
3	494
4	3
5	4
6	5
7	6
8	9
8	10
11	12
11	13
13	14
13	15
29	30
29	33
29	34
29	35
30	31
30	32
36	37
36	38
36	39
36	40
36	41
36	42
36	43
36	44
37	3527
37	3528
37	3529
50	49
50	53
50	56
50	58
50	63
50	64
50	65
50	66
50	67
50	68
50	69
50	70
50	71
50	72
50	73
50	499
50	500
50	501
50	502
51	50
52	51
53	54
53	55
58	57
58	60
58	61
58	62
60	59
75	74
75	2593
75	2640
75	2641
75	2642
75	2643
77	76
77	2553
77	2554
77	2555
77	2556
79	78
79	2561
79	2562
79	3213
79	3360
81	80
81	1500
81	2557
81	2583
81	3210
81	3357
83	82
83	2256
83	2257
83	2258
83	2259
83	2260
83	2261
83	2262
83	2263
83	2264
83	2265
83	2266
83	2267
83	2268
83	2269
83	2270
83	2273
83	2274
83	2275
83	2276
83	2277
83	2278
83	2279
83	2280
83	2281
83	2282
83	2366
83	2367
83	2368
83	2370
83	2371
83	2372
84	83
84	2364
84	2365
86	85
86	1501
86	2558
86	2559
86	2560
87	86
87	2576
88	87
89	87
89	274
89	277
89	278
89	285
89	287
89	291
89	323
89	329
89	375
89	460
89	573
89	594
89	600
89	606
89	610
89	615
89	620
89	621
89	629
89	648
89	663
89	666
89	1529
89	1898
89	1935
89	1936
89	1978
89	1893
89	2548
89	2547
89	2581
89	2956
89	2974
89	2985
89	3082
89	3203
89	3215
89	3225
89	3229
89	3232
89	3233
89	3236
89	3247
89	3263
89	3269
89	3273
89	3275
89	3278
89	3280
89	3283
89	3291
89	3303
89	3310
89	3370
89	3374
89	3381
89	3385
89	3388
89	2410
89	3390
89	1171
89	1172
89	1173
89	3392
89	3397
89	3409
89	267
89	3599
91	90
91	95
93	92
93	98
93	1051
93	1052
93	3031
93	3035
93	3036
93	3038
93	3051
94	93
94	1117
94	3044
94	3048
94	3052
94	3053
94	3056
94	3057
95	94
95	1534
97	96
98	97
98	3062
100	99
100	1000
100	1928
100	1931
100	2000
100	2012
100	2014
100	2015
100	2016
101	100
101	523
101	524
101	1896
101	1897
101	1899
101	1900
101	1907
101	1980
101	1999
101	2004
101	2006
101	2007
101	2012
101	2013
101	2073
101	2100
101	2113
101	3362
101	3650
101	3651
101	3652
101	3653
101	3654
103	102
104	103
104	1643
104	1678
104	3437
106	105
106	2128
108	107
108	1869
108	1876
108	1901
108	1903
108	1904
108	2121
108	2126
108	2127
108	2129
108	2135
110	109
111	110
111	1653
111	1679
111	1979
113	112
115	114
115	1855
115	2001
115	2098
115	2099
115	2108
115	2112
116	115
116	2078
116	2117
118	117
118	265
118	474
118	608
118	1462
118	2460
118	3158
118	3169
118	3175
118	3276
120	119
120	130
120	131
120	132
120	133
120	134
120	135
120	136
120	137
120	138
120	139
120	140
120	145
120	146
120	1204
120	1596
120	1678
120	1679
120	1681
120	1683
120	1684
120	1687
120	1693
120	3479
120	3482
122	121
122	1527
122	1531
122	1538
122	1543
122	1544
122	1545
122	1554
123	122
123	966
123	3126
123	3178
124	123
124	248
124	525
124	557
124	568
124	571
124	687
124	716
124	768
124	1205
124	1206
124	1224
124	1418
124	1535
124	1568
124	1694
124	1695
124	1696
124	1697
124	1698
124	1699
124	1700
124	1701
124	1706
124	1707
124	1784
124	1809
124	1829
124	1908
124	2070
124	2137
124	2199
124	2202
124	2207
124	2209
124	2210
124	2212
124	2213
124	2214
124	2217
124	2218
124	2220
124	2221
124	2222
124	2223
124	2225
124	2231
124	2232
124	2233
124	2234
124	2235
124	2236
124	2237
124	2238
124	2239
124	2241
124	2242
124	2243
124	2244
124	2425
124	3172
124	3174
124	3176
124	3177
124	3179
124	3242
124	3245
124	3435
124	3439
124	3488
125	124
125	147
125	264
125	265
125	385
125	435
125	475
125	482
125	495
125	589
125	623
125	767
125	825
125	858
125	890
125	984
125	1008
125	1092
125	1095
125	1096
125	1261
125	1640
125	2398
125	2466
125	2552
125	3093
125	3165
125	3260
125	3305
126	127
129	128
129	1234
129	1239
129	1247
129	1248
129	1231
129	1242
129	1263
129	1240
129	1241
129	1244
129	1245
129	1246
129	1264
129	1265
129	1254
129	1255
129	1273
141	142
144	143
149	148
151	150
153	152
153	1711
153	1712
153	1713
153	1714
153	1715
153	1716
153	1717
153	1718
153	1719
153	1720
153	1721
153	1722
153	1723
153	1724
153	1725
153	1726
153	1727
153	1728
153	1729
153	1730
153	1731
153	1732
153	1733
153	1734
153	1735
153	1736
153	1737
153	1738
153	1739
153	1740
153	1741
153	1742
153	1743
153	1744
153	1745
153	1746
153	1747
153	1748
153	1749
153	1750
153	1751
153	1752
153	1753
153	1754
153	1755
153	1756
154	153
156	155
156	157
156	158
156	159
156	160
156	161
156	162
156	163
165	164
165	166
165	178
165	2948
165	3088
165	3127
165	3152
165	3154
167	166
167	168
167	170
167	172
167	174
169	168
169	2250
169	2340
169	2344
169	2764
169	3084
171	170
173	172
173	1494
173	2255
173	2341
173	2348
173	2355
173	2551
173	2563
173	2572
173	3113
173	3657
175	174
175	2186
175	2272
175	3009
175	3032
175	3033
175	3114
177	176
177	179
177	180
177	181
177	3579
177	3580
183	182
183	822
183	847
183	885
183	1558
183	2026
183	2031
183	2033
183	2036
183	2040
183	2043
183	2044
183	2045
183	2050
183	2051
183	2058
183	2060
183	2063
183	2067
182	186
182	190
182	192
182	194
182	195
184	182
185	182
187	186
187	190
187	192
187	194
188	186
188	190
188	192
188	194
188	195
189	186
189	190
189	192
189	194
191	190
193	192
193	194
197	196
197	198
197	201
197	205
197	206
197	209
197	208
197	214
197	215
197	216
197	217
197	211
197	220
197	223
197	232
197	234
197	237
197	240
197	241
197	242
197	244
196	198
196	201
196	202
196	203
196	204
196	205
196	213
196	214
196	215
196	216
196	217
196	218
196	219
196	220
196	221
196	222
196	223
196	224
196	225
196	226
196	227
196	228
196	229
196	230
196	231
196	232
196	233
196	234
196	237
196	238
196	239
196	240
196	241
196	242
196	243
196	244
198	199
198	200
205	206
205	207
205	209
205	210
205	211
205	212
207	208
234	235
234	236
246	245
248	247
248	249
248	250
248	251
248	252
248	253
248	254
248	255
248	256
248	257
248	258
248	259
248	260
248	261
263	262
263	322
263	355
263	411
263	437
263	629
263	640
263	1978
263	2200
263	2397
263	2427
263	2429
263	2550
263	2645
263	3118
263	3207
263	3308
263	3310
263	2428
263	3537
263	3538
263	3539
263	3540
263	3541
263	3542
263	3543
263	3544
263	3545
263	3546
263	3547
263	3548
263	3549
263	3550
263	3551
263	3552
263	3553
263	267
263	3584
267	266
267	273
266	268
266	269
269	270
269	274
270	271
270	277
273	272
273	269
273	278
275	274
274	271
276	275
276	277
276	278
276	320
276	321
276	322
276	323
276	325
276	326
276	327
276	328
276	329
276	330
276	341
276	342
276	349
276	350
276	354
276	355
276	356
276	357
276	358
276	359
276	375
276	590
276	591
276	621
276	665
276	697
276	698
276	699
276	709
276	710
276	1349
276	1505
276	1562
276	1888
276	1898
276	1935
276	1978
276	334
276	2074
276	2440
276	2441
276	2442
276	2443
276	2444
276	1893
276	2548
276	2579
276	3083
276	3233
276	3261
276	3286
276	3287
276	3303
276	3307
276	3312
276	3322
276	3323
276	3324
276	3363
276	3397
276	3446
279	278
279	554
279	1439
279	1780
279	2026
279	2031
279	2033
279	2036
279	2040
279	2043
279	2044
279	2045
279	2050
279	2051
279	2058
279	2060
279	2063
279	2067
279	2656
279	3234
279	269
279	3532
279	3533
279	3534
279	3491
279	3492
279	3493
279	3494
279	3495
279	3496
279	3497
279	3498
279	3499
279	3500
279	3501
279	3502
279	3503
279	3504
279	3535
279	3536
278	270
281	280
283	282
283	1567
283	2766
283	3060
283	3075
285	284
285	287
285	291
284	287
284	291
286	285
286	1560
286	1572
286	1573
286	1575
286	1574
286	1571
286	2068
286	2073
286	2470
287	288
287	289
287	290
291	292
294	293
294	309
296	295
296	301
297	296
297	305
297	306
297	311
298	296
298	302
298	305
298	306
300	299
304	303
304	310
304	2088
308	307
313	312
313	381
313	612
313	1558
313	1566
313	2291
313	2571
313	3293
313	2428
313	3559
313	3564
315	314
317	316
317	318
317	319
317	908
317	1399
317	1402
317	1411
317	1412
317	1425
317	1465
317	1466
317	1485
317	1486
317	1502
317	1503
317	1504
317	1506
317	3008
317	3465
317	3561
317	3563
323	324
330	331
330	332
330	333
330	336
330	337
330	338
330	339
333	334
333	335
341	340
341	662
341	1977
341	2074
341	2462
341	3286
341	3408
342	343
342	346
343	344
343	345
346	347
346	348
350	351
350	352
350	353
356	270
360	361
363	362
363	361
365	364
365	839
365	958
365	1134
365	1860
365	2130
365	2471
365	2923
365	2926
365	2933
365	3096
365	3424
367	366
367	1861
367	2133
367	2924
367	2931
367	2938
367	3101
367	3425
369	368
369	518
369	521
369	860
369	859
369	863
369	864
369	865
369	866
369	867
369	868
369	869
369	870
369	871
369	883
369	885
369	889
369	1083
369	1085
369	1087
369	1091
369	1093
369	1094
369	1097
369	1135
369	1136
369	1207
369	1862
369	2017
369	2018
369	2019
369	2026
369	2031
369	2033
369	2036
369	2040
369	2043
369	2044
369	2045
369	2050
369	2051
369	2058
369	2063
369	2067
369	2134
369	2925
369	2932
369	2939
369	3102
369	3426
371	370
371	378
371	379
372	373
375	374
375	2081
375	2082
377	376
381	380
381	384
381	389
382	380
382	818
384	383
384	387
384	388
384	390
385	386
392	391
392	393
392	394
392	400
392	401
392	3221
396	395
396	3663
397	395
397	398
397	399
403	402
403	2380
402	404
402	405
402	406
408	407
410	409
410	412
410	413
410	414
410	415
410	416
410	417
410	418
410	419
410	434
410	421
410	422
410	423
410	424
410	425
410	426
410	427
410	428
410	429
410	430
411	410
411	420
420	421
420	422
420	423
420	424
420	425
420	426
420	427
420	428
420	429
420	430
432	431
432	817
432	872
433	431
435	436
437	438
437	439
441	440
441	447
441	2467
441	3167
440	442
440	446
442	443
442	444
442	445
449	448
449	450
452	451
454	453
455	456
455	457
459	458
459	467
460	459
460	461
460	462
460	463
460	464
460	465
460	466
460	1905
460	1906
460	2463
460	2974
460	3001
460	3393
460	267
466	467
469	468
469	472
471	470
471	473
477	476
479	478
481	480
482	483
484	485
484	486
484	487
484	488
484	489
484	490
495	496
498	497
504	503
504	513
504	515
505	504
505	503
505	513
506	503
508	507
509	507
511	510
511	659
511	660
511	1138
511	1140
511	1143
511	1145
511	1431
511	1199
511	1804
511	2196
511	1175
512	510
514	513
516	515
518	517
519	517
521	520
522	520
527	526
529	528
529	531
529	532
529	533
529	535
529	562
529	565
529	566
529	567
530	529
530	528
530	531
530	532
530	533
535	534
535	548
535	550
535	551
535	552
535	553
535	559
535	561
534	536
534	538
534	539
534	540
534	541
534	542
534	543
534	544
534	545
534	546
534	547
536	537
548	549
554	555
554	556
559	558
559	560
562	563
562	564
570	569
571	570
571	592
571	609
571	622
571	702
571	715
573	572
573	579
573	581
573	582
573	585
573	700
572	575
574	573
574	594
574	600
574	606
574	610
574	629
574	657
574	663
574	666
574	906
574	3203
574	3215
574	3225
574	3229
574	3232
574	3236
574	3247
574	3263
574	3273
574	3275
574	3278
574	3280
574	3283
574	3291
574	3310
574	3370
574	3374
574	3381
574	3385
574	3388
574	2410
574	3390
574	1171
574	1172
574	1173
574	3392
574	2419
577	576
579	578
581	580
581	583
581	584
586	587
586	588
594	593
594	595
594	596
594	597
594	598
594	713
600	599
600	603
600	604
599	601
599	602
606	605
606	607
612	611
612	707
611	613
613	614
615	616
615	617
615	618
620	619
620	705
620	712
625	624
625	3204
626	625
628	627
629	628
629	630
629	633
632	631
633	632
633	701
635	634
637	636
637	1987
637	1988
637	1989
638	637
638	1987
638	1990
638	1994
640	639
640	643
642	641
642	651
642	3237
645	644
645	655
646	645
646	2378
646	2403
646	2405
646	2408
647	646
647	2411
648	647
648	906
648	2414
648	3166
648	3616
649	648
649	673
649	1519
649	1572
649	1573
649	1575
649	1574
649	1571
649	2377
649	2422
649	2434
649	2436
649	2437
649	2438
649	2439
649	3180
649	3658
650	645
653	652
654	653
654	3238
657	656
657	1169
657	1170
657	1171
656	661
658	657
658	1137
658	1159
658	1160
658	1162
658	1174
658	1175
658	1176
658	1177
659	658
659	1184
660	657
660	2426
665	664
665	3211
665	3358
666	667
667	668
667	669
667	670
672	671
673	672
673	693
673	3616
675	674
675	694
675	701
675	713
675	714
675	684
674	677
676	675
676	679
676	685
676	695
676	696
679	678
679	680
679	681
679	682
679	683
679	684
684	677
684	1525
687	686
689	688
691	690
691	692
704	703
704	711
707	706
707	708
717	718
718	719
718	720
718	721
723	722
722	725
722	726
724	722
724	1368
726	727
726	757
726	761
726	762
726	763
727	728
727	729
727	730
727	731
727	748
727	749
731	732
731	735
731	736
731	737
732	733
732	734
737	738
737	739
737	740
737	741
737	742
737	743
737	747
743	744
743	745
743	746
749	750
749	751
749	752
749	753
753	754
753	755
753	756
757	758
757	759
757	760
765	764
765	766
768	769
771	770
771	873
771	875
771	877
770	774
770	775
772	770
773	772
773	874
773	876
773	878
773	3622
773	3635
777	776
779	778
779	792
779	793
779	794
779	795
779	802
779	805
779	809
779	810
779	813
779	814
779	815
779	816
779	819
779	820
779	824
779	826
779	827
778	780
778	783
778	784
778	787
778	788
778	789
778	790
778	791
780	781
780	782
784	785
784	786
797	796
797	799
796	798
799	800
799	801
804	803
805	806
808	807
812	811
818	817
818	872
818	3618
822	821
823	821
829	828
830	829
830	832
830	836
830	3623
830	3624
830	3625
830	3626
830	3629
830	3630
830	3631
830	3636
830	3637
832	831
834	833
834	838
835	834
836	835
836	3627
837	833
839	840
839	841
843	842
845	844
846	845
846	3617
849	848
849	850
849	852
849	853
849	854
849	855
850	851
857	856
860	859
860	864
860	865
860	866
860	867
860	868
860	869
860	870
860	871
862	861
874	873
876	875
878	877
880	879
882	881
884	883
886	885
888	887
892	891
892	896
892	897
892	901
892	904
892	980
892	981
892	982
893	892
894	893
894	933
895	893
895	932
899	898
899	979
900	899
901	900
901	977
903	902
904	903
904	983
906	905
906	1518
906	2193
906	2413
906	2415
906	2417
906	2418
906	2419
906	2420
908	907
908	909
911	910
911	968
911	1522
911	1976
911	2194
911	3155
911	3181
911	3184
911	3240
911	3401
913	912
913	914
913	915
913	916
918	917
918	974
919	917
921	920
923	922
922	924
922	925
927	926
927	928
930	929
929	935
929	936
931	930
931	937
931	938
932	931
932	939
932	940
932	941
932	942
932	943
932	944
933	932
934	933
934	945
934	946
934	963
934	991
934	993
948	947
948	949
948	2584
948	3413
949	950
949	951
953	952
953	954
953	955
953	957
956	955
956	957
960	959
962	961
962	967
962	1601
962	1608
965	964
966	965
970	969
970	973
972	971
976	975
977	978
986	985
986	987
986	988
990	989
991	992
993	994
993	999
994	995
994	996
994	997
994	998
1002	1001
1002	1963
1002	1965
1002	1966
1002	1967
1002	1968
1002	1969
1002	1970
1002	1971
1002	1972
1002	2079
1004	1003
1004	1005
1004	1006
1007	1006
1010	1009
1010	1015
1010	1019
1010	1020
1010	2770
1010	2772
1010	2774
1010	2780
1010	2781
1010	2782
1010	2783
1010	2784
1010	2785
1010	2786
1010	2787
1010	2788
1010	2789
1010	2790
1010	2792
1010	2795
1010	2796
1010	2799
1010	2800
1010	2801
1010	2802
1010	2803
1010	2804
1010	2805
1010	2806
1010	2807
1010	2808
1010	2809
1010	2812
1010	2817
1010	2818
1010	2820
1010	2823
1010	2829
1010	2830
1010	2831
1010	2832
1010	2835
1010	2836
1010	2841
1010	2842
1010	2844
1010	2845
1010	2846
1010	2848
1010	2850
1010	2851
1010	2852
1010	2854
1010	2855
1010	2856
1010	2857
1010	2858
1010	2859
1010	2860
1010	2863
1010	2864
1010	2865
1010	2870
1010	2872
1010	2873
1010	2878
1010	2879
1010	2880
1010	2881
1010	2882
1010	2883
1010	2884
1010	2886
1010	2887
1010	2888
1010	2889
1010	2901
1010	2902
1010	2903
1010	2904
1010	2905
1010	2906
1010	2907
1011	1010
1011	1014
1011	1017
1011	1099
1011	1107
1011	2771
1011	2775
1011	2777
1011	2779
1011	2791
1011	2797
1011	2819
1011	2821
1011	2825
1011	2837
1011	2838
1011	2839
1011	2840
1011	2847
1011	2849
1011	2861
1011	2862
1011	2868
1011	2874
1011	2875
1011	2877
1011	2893
1012	1011
1012	2773
1012	2853
1012	2895
1014	1013
1014	1018
1014	1049
1014	1105
1014	1108
1014	1111
1014	2833
1017	1016
1017	1021
1017	1022
1017	1024
1017	1104
1017	1110
1017	1112
1017	2778
1017	2793
1017	2794
1017	2798
1017	2810
1017	2811
1017	2843
1017	2866
1017	2867
1017	2869
1017	2871
1017	2876
1017	2885
1017	2890
1017	2898
1017	2899
1017	2900
1024	1023
1024	1025
1024	1026
1024	1027
1024	1028
1024	1029
1024	1030
1024	1031
1024	1032
1024	1033
1024	1034
1024	1035
1024	1036
1024	1037
1024	1038
1024	1039
1024	1040
1024	1041
1024	1042
1024	1043
1024	1044
1024	1045
1024	1046
1024	1047
1024	1048
1051	1050
1051	1059
1051	1060
1051	1061
1051	1062
1051	1063
1051	1064
1051	1065
1051	1066
1051	1067
1051	1068
1051	1069
1051	1070
1051	1071
1051	1072
1051	1073
1051	1074
1051	1075
1051	1076
1051	1077
1051	1078
1051	1079
1051	1080
1051	1081
1051	1082
1052	1053
1052	1054
1052	1055
1052	1056
1052	1057
1052	1058
1084	1083
1086	1085
1089	1088
1089	1090
1099	1098
1099	1100
1099	1101
1099	1102
1099	1103
1099	1109
1107	1106
1114	1113
1114	1120
1115	1114
1115	1119
1115	1123
1116	1115
1116	1132
1117	1116
1117	3040
1117	3050
1119	1118
1119	1121
1123	1122
1123	1125
1123	1126
1123	1128
1123	1130
1125	1124
1125	1127
1125	1129
1125	1131
1132	1133
1137	1138
1137	1139
1137	1147
1139	1140
1139	1142
1139	1143
1139	1145
1140	1141
1143	1144
1145	1146
1147	1148
1150	1149
1151	1150
1151	1149
1151	1403
1151	718
1151	1433
1151	1536
1151	2911
1151	3173
1153	1152
1153	1198
1153	1434
1153	2240
1153	2424
1152	1154
1154	1155
1157	1156
1156	1158
1160	1161
1162	1163
1162	1167
1162	1168
1163	1164
1163	1166
1164	1165
1171	1172
1171	1173
1179	1178
1179	1180
1182	1181
1184	1183
1184	1199
1184	1200
1184	1201
1184	1202
1184	1203
1186	1185
1188	1187
1188	1436
1189	1188
1189	1435
1189	1671
1189	3159
1191	1190
1191	1193
1191	1194
1191	1195
1191	1196
1191	1197
1192	1191
1192	1193
1207	1208
1207	1212
1207	1213
1207	1218
1207	1219
1208	1209
1208	1210
1208	1211
1213	1214
1213	1215
1215	1216
1215	1217
1220	1221
1220	1222
1220	1223
1226	1225
1226	1227
1226	1228
1230	1229
1230	1233
1230	1232
1229	1231
1229	1233
1231	1232
1233	1234
1234	1235
1234	1236
1237	1233
1238	1234
1238	1231
1238	1235
1238	1242
1238	1263
1238	1240
1238	1241
1238	1244
1238	1245
1238	1246
1238	1264
1238	1254
1238	1273
1238	1276
1239	1240
1239	1241
1239	1242
1239	1244
1239	1245
1239	1246
1242	1243
1250	1249
1250	1251
1252	1253
1252	1255
1253	1254
1257	1256
1257	1258
1259	1231
1259	1276
1261	1260
1262	1242
1262	1263
1262	1240
1262	1241
1262	1244
1262	1245
1262	1246
1267	1266
1267	1268
1268	1269
1268	1270
1268	1271
1273	1272
1275	1274
1278	1277
1278	1282
1277	1280
1277	1281
1279	1278
1284	1283
1284	1295
1285	1284
1285	1296
1286	1285
1288	1287
1288	1303
1288	1336
1289	1288
1291	1290
1291	1319
1292	1291
1294	1293
1294	1324
1298	1297
1298	1334
1299	1298
1299	1302
1299	1335
1300	1299
1301	1298
1305	1304
1305	1308
1305	1309
1305	1310
1305	1317
1305	1318
1306	1305
1308	1307
1308	1311
1308	1312
1308	1313
1308	1314
1308	1315
1308	1316
1319	1320
1319	1321
1319	1322
1324	1323
1324	1325
1325	1326
1325	1327
1326	1328
1326	1331
1327	1329
1327	1330
1333	1332
1338	1337
1338	1346
1338	1351
1340	1339
1340	1342
1340	1341
1339	1341
1339	1342
1344	1343
1344	1346
1344	1355
1345	1343
1345	1360
1347	1344
1347	1356
1347	1359
1347	3444
1347	3462
1347	3464
1347	3466
1347	3449
1347	3450
1347	3451
1347	3452
1347	3453
1348	1347
1348	1470
1348	1476
1348	1483
1348	1493
1348	1677
1348	1838
1348	1839
1348	1665
1348	3464
1348	3639
1348	3671
1348	3672
1348	3673
1348	3674
1348	3675
1348	3676
1348	3677
1348	3678
1348	3453
1349	1348
1349	1785
1349	1801
1349	3448
1351	1350
1352	1353
1352	1354
1358	1357
1359	1358
1359	1669
1359	1675
1359	1676
1359	1680
1359	1685
1359	1692
1359	3441
1359	3454
1359	3455
1359	3456
1359	3457
1359	3458
1359	3459
1359	3460
1359	3461
1359	3463
1362	1361
1361	1363
1361	1366
1363	1364
1363	1365
1367	726
1367	1369
1367	1375
1367	1455
1367	1457
1367	1473
1367	1481
1368	1367
1368	1454
1368	1464
1369	727
1369	1370
1369	1371
1369	1374
1369	1383
1369	1387
1369	1395
1370	728
1371	731
1371	1372
1371	1377
1371	1384
1372	737
1372	1373
1372	1378
1372	1380
1372	1386
1372	1392
1372	1394
1372	1413
1373	738
1374	749
1374	1376
1374	1382
1374	1385
1374	1389
1375	1374
1375	1376
1375	1471
1375	761
1376	750
1377	732
1377	1381
1377	1388
1377	1416
1378	743
1378	1379
1378	1391
1378	1393
1379	744
1380	739
1381	735
1382	751
1383	729
1384	736
1385	752
1386	740
1387	730
1388	733
1389	753
1389	1390
1389	1414
1389	1415
1390	754
1391	745
1392	741
1393	746
1394	742
1395	748
1397	1396
1398	1397
1398	1658
1398	1659
1398	1660
1398	3643
1401	1400
1403	718
1403	1410
1403	1467
1404	1403
1405	1403
1406	1403
1406	1683
1406	1858
1407	1403
1407	1684
1407	1859
1408	1403
1408	718
1408	2226
1408	2227
1408	2229
1408	2230
1408	3168
1408	3241
1408	3402
1409	719
1410	1409
1410	720
1413	747
1414	755
1415	756
1416	734
1418	1417
1418	1419
1418	1420
1422	1421
1424	1423
1427	1426
1429	1428
1429	1432
1429	1440
1429	1441
1429	1451
1430	1429
1430	1431
1430	1433
1430	1454
1430	1489
1431	1428
1433	1432
1433	1467
1438	1437
1441	1442
1441	1443
1443	1444
1443	1448
1443	1449
1443	1450
1444	1445
1444	1446
1444	1447
1453	1452
1454	1441
1454	1455
1454	1463
1455	1443
1455	1456
1455	1471
1455	1472
1455	1480
1456	1444
1456	1458
1456	1460
1456	1487
1457	1456
1457	1459
1457	1461
1457	1488
1457	757
1458	1445
1459	1458
1459	758
1460	1446
1461	1460
1461	759
1463	1442
1464	1463
1464	725
1467	1440
1469	1468
1469	1474
1469	1477
1469	1478
1469	1479
1469	1929
1469	2587
1469	3656
1470	1468
1470	1664
1470	1675
1470	1689
1471	1448
1472	1450
1473	1472
1473	763
1476	1475
1476	1680
1480	1449
1481	1480
1481	762
1483	1482
1483	1685
1485	1484
1485	1687
1487	1447
1488	1487
1488	760
1489	1451
1490	1489
1490	1691
1491	1490
1493	1492
1493	1668
1493	1670
1493	1692
1496	1495
1496	2735
1496	2736
1496	2738
1496	2739
1496	2740
1496	2743
1496	2744
1496	2745
1496	2746
1497	1496
1497	2661
1497	2668
1497	2709
1497	2732
1497	2747
1498	1497
1498	2647
1498	2658
1498	2750
1498	2751
1498	2752
1499	1498
1507	212
1507	220
1509	1508
1509	1512
1511	1510
1511	1513
1511	1514
1516	1515
1516	1523
1515	1517
1518	1519
1521	1520
1523	1517
1523	1524
1527	1526
1527	1539
1529	1528
1531	1530
1533	1532
1533	3403
1533	3410
1533	3290
1538	1537
1538	1540
1538	1542
1540	1541
1545	1546
1545	1553
1546	1547
1546	1548
1546	1549
1546	1550
1546	1552
1550	1551
1556	1555
1556	2433
1557	1556
1559	1558
1559	2428
1561	1560
1562	1561
1562	1936
1562	2590
1562	2591
1562	3079
1562	3080
1563	1560
1565	1564
1565	1934
1565	2290
1565	2580
1565	3054
1565	3061
1565	3065
1566	1565
1566	1935
1566	2291
1566	2581
1566	3055
1570	1569
1571	1570
1571	1576
1571	1577
1571	1578
1572	1571
1573	1571
1574	1571
1575	1574
1580	1579
1580	1584
1580	1583
1580	1612
1580	1606
1580	1629
1580	1581
1580	1582
1580	1613
1580	1637
1580	1643
1580	1647
1580	1648
1579	1581
1579	1582
1584	1583
1584	1602
1585	1584
1585	1612
1585	1606
1585	1613
1587	1586
1587	1593
1587	1600
1587	1629
1588	1587
1588	1590
1589	1586
1589	1600
1590	1589
1590	1594
1592	1591
1592	1650
1594	1593
1594	1629
1595	1594
1596	1598
1596	1599
1597	1596
1604	1603
1603	1606
1605	1603
1605	1608
1606	1607
1606	1608
1608	1609
1609	1610
1610	1611
1612	1613
1613	1614
1613	1617
1613	1618
1613	1626
1613	1627
1614	1615
1614	1616
1618	1619
1618	1622
1618	1624
1619	1620
1619	1621
1622	1623
1624	1625
1628	1608
1629	1630
1632	1631
1633	1613
1633	1634
1633	1635
1633	1621
1634	1618
1634	1627
1635	1627
1636	1635
1639	1638
1639	1609
1641	1598
1641	1644
1641	1645
1641	1646
1641	1599
1641	3641
1642	1598
1642	1599
1642	3641
1649	1648
1652	1651
1652	1655
1653	1652
1654	1651
1654	1681
1654	1902
1657	1656
1661	757
1663	1662
1663	1688
1665	1664
1665	1682
1665	1689
1665	1838
1665	1839
1665	3445
1665	3447
1665	3449
1665	3450
1665	3451
1665	3452
1665	3453
1665	1359
1667	1666
1667	1674
1669	1668
1669	1670
1669	3442
1669	3443
1673	1672
1674	1673
1677	1676
1687	1686
1690	1691
1702	1703
1705	1704
1709	1708
1709	1710
1752	1757
1759	1758
1759	1760
1759	1779
1762	1761
1762	1763
1762	1799
1765	1764
1765	1768
1765	1774
1766	1765
1766	1772
1768	1767
1768	1773
1769	1767
1769	1777
1770	1767
1770	1778
1772	1771
1776	1775
1776	1796
1778	1777
1778	1785
1782	1781
1784	1783
1784	1846
1787	1786
1788	1787
1788	1813
1788	1832
1790	1789
1790	1791
1790	1792
1794	1793
1794	1797
1795	1794
1795	1798
1798	1797
1798	1800
1803	1802
1803	1824
1803	1826
1803	1827
1803	1828
1803	1833
1803	1834
1803	1842
1803	3644
1804	1162
1804	1805
1804	1814
1805	1163
1806	1805
1806	1814
1808	1807
1808	1816
1808	1825
1808	1818
1808	1819
1808	1843
1810	1811
1810	1812
1814	1164
1814	1167
1816	1815
1815	1817
1815	1822
1815	1823
1817	1818
1817	1819
1817	1820
1817	1821
1831	1830
1836	1835
1836	1837
1841	1840
1841	1844
1841	1845
1848	1847
1850	1849
1850	3471
1852	1851
1854	1853
1854	3472
1854	3473
1854	3474
1854	3475
1855	1856
1855	1857
1864	1863
1864	1865
1866	1865
1866	1867
1867	1868
1871	1870
1872	1871
1872	1873
1872	1874
1872	1875
1878	1877
1878	1879
1878	1882
1878	1883
1878	1884
1878	1924
1878	1927
1881	1880
1881	1919
1881	3530
1881	3531
1886	1885
1886	1893
1885	1888
1885	1889
1885	1890
1887	1885
1888	1894
1888	1895
1890	1891
1890	1892
1897	1896
1897	1899
1897	1900
1910	1909
1909	1911
1909	1912
1912	1913
1915	1914
1914	1916
1916	1917
1917	1918
1919	1920
1919	1921
1919	1922
1919	1923
1926	1925
1926	3558
1931	1930
1931	1932
1934	1933
1934	2477
1934	2528
1934	2529
1934	2530
1934	2538
1935	1934
1938	1937
1938	1939
1938	1940
1938	1941
1938	1942
1944	1943
1944	1945
1944	1946
1944	1947
1944	1948
1944	1949
1944	1954
1951	1950
1951	1952
1953	1952
1953	3074
1956	1955
1956	1957
1956	1959
1956	1961
1956	1962
1959	1958
1959	1960
1964	1963
1964	1968
1964	1970
1964	1971
1964	1972
1974	1973
1975	1974
1977	334
1977	335
1981	1982
1981	1983
1981	3645
1981	3646
1981	3647
1981	3648
1981	3649
1985	1984
1985	1986
1990	1991
1990	1992
1994	1993
1994	1996
1994	1997
1993	1995
1999	1998
2003	2002
2006	2005
2007	2008
2007	2009
2007	2010
2007	2011
2013	2012
2013	3195
2013	3197
2013	3198
2021	2020
2021	2028
2021	2034
2021	2037
2021	2041
2021	2047
2021	2055
2021	2064
2023	2022
2023	2029
2023	2038
2023	2046
2023	2048
2023	2056
2023	2065
2025	2024
2025	2030
2025	2032
2025	2035
2025	2039
2025	2042
2025	2049
2025	2057
2025	2059
2025	2062
2025	2066
2027	2026
2027	2031
2027	2033
2027	2036
2027	2040
2027	2043
2027	2044
2027	2045
2027	2050
2027	2051
2027	2058
2027	2060
2027	2063
2027	2067
2053	2052
2053	2054
2061	2060
2070	2069
2070	2122
2070	2123
2072	2071
2072	2075
2077	2076
2077	2095
2077	2096
2077	2117
2081	2080
2084	2083
2086	2085
2086	2087
2086	2089
2086	2090
2086	2091
2093	2092
2095	2094
2095	2097
2095	2103
2102	2101
2102	2107
2103	2104
2103	2105
2103	2106
2108	2109
2108	2110
2108	2111
2113	2114
2113	2116
2114	2115
2119	2118
2119	2120
2125	2124
2132	2131
2132	1868
2137	2136
2137	2138
2137	2192
2140	2139
2142	2141
2142	2150
2141	2144
2141	2145
2143	2142
2143	2147
2143	2148
2143	2149
2143	2152
2143	2159
2143	2164
2143	2179
2143	2180
2143	2181
2143	2185
2147	2146
2152	2151
2152	2155
2151	2153
2151	2154
2155	2156
2155	2157
2155	2158
2159	2160
2159	2161
2159	2162
2159	2163
2164	2165
2164	2166
2164	2167
2164	2168
2164	2169
2164	2170
2164	2171
2164	2172
2164	2173
2164	2174
2174	2175
2174	2176
2174	2177
2174	2178
2183	2182
2183	3128
2183	3129
2184	2183
2184	3130
2188	2187
2190	2189
2190	2191
2196	2195
2196	2426
2198	2197
2202	2201
2202	2211
2202	2219
2201	2203
2201	2204
2201	2205
2201	2206
2209	2208
2214	2215
2214	2216
2223	2224
2228	2227
2246	2245
2246	2248
2246	2754
2246	2755
2246	2756
2246	2757
2246	2758
2246	2759
2247	2246
2247	2753
2250	2249
2250	2659
2250	2760
2250	2763
2252	2251
2252	2253
2255	2254
2255	2284
2255	2346
2255	2347
2255	2349
2255	2351
2255	2352
2255	2357
2255	2358
2255	2359
2272	2271
2284	2283
2284	2285
2285	2286
2287	2288
2290	2289
2290	2302
2290	2322
2290	2329
2290	2330
2289	2293
2289	2294
2289	2295
2289	2296
2289	2297
2289	2298
2289	2299
2289	2300
2289	2301
2291	2290
2292	2291
2292	3559
2292	3564
2292	3565
2302	2303
2302	2306
2302	2307
2302	2308
2302	2309
2302	2310
2302	2319
2302	2320
2302	2321
2303	2304
2303	2305
2310	2311
2310	2314
2310	2315
2310	2316
2310	2317
2310	2318
2311	2312
2311	2313
2322	2323
2322	2324
2322	2325
2322	2326
2322	2327
2322	2328
2330	2331
2330	2332
2334	2333
2334	2336
2334	2337
2334	2339
2335	2334
2337	2338
2341	2340
2341	2343
2343	2342
2343	2345
2344	2343
2351	2350
2354	2353
2354	2356
2355	2354
2355	2360
2360	2361
2360	2362
2364	2363
2368	2369
2374	2373
2376	2375
2378	2377
2378	2409
2378	2410
2380	2379
2380	2381
2380	2382
2384	2383
2385	2384
2385	2396
2385	2394
2385	2389
2387	2386
2387	2394
2387	2393
2386	2389
2388	2387
2388	2385
2391	2390
2391	2392
2394	2393
2394	2389
2396	2395
2400	2399
2400	2401
2400	2402
2403	2404
2405	2406
2405	2407
2413	2412
2413	2416
2414	2412
2414	2416
2422	2421
2421	2423
2431	2430
2431	2432
2431	3089
2431	3640
2434	2435
2446	2445
2446	2449
2446	2450
2446	2451
2446	2452
2446	2453
2446	2454
2446	2455
2446	2458
2446	2459
2445	2448
2447	2446
2447	2461
2455	2456
2455	2457
2461	2453
2465	2464
2468	2467
2470	2469
2470	2585
2473	2472
2473	2474
2473	2475
2477	2476
2477	2507
2477	2516
2477	2517
2477	2518
2477	2519
2477	2524
2477	2525
2477	2526
2477	2527
2476	2478
2476	2479
2476	2480
2476	2484
2476	2485
2476	2488
2476	2489
2476	2490
2476	2495
2476	2505
2480	2481
2480	2482
2480	2483
2485	2486
2485	2487
2490	2491
2490	2492
2490	2493
2490	2494
2495	2496
2495	2497
2495	2498
2495	2499
2495	2500
2495	2501
2495	2502
2495	2503
2495	2504
2507	2506
2507	2509
2507	2510
2507	2514
2507	2515
2506	2508
2510	2511
2510	2512
2510	2513
2519	2520
2519	2521
2519	2522
2519	2523
2519	2543
2524	2541
2524	2549
2527	2545
2527	2546
2530	2531
2530	2532
2530	2533
2530	2534
2530	2535
2530	2536
2530	2537
2540	2539
2540	2542
2540	2544
2540	3659
2548	2547
2565	2564
2565	2567
2565	2570
2566	2565
2566	3661
2569	2568
2569	3660
2574	2573
2576	2575
2578	2577
2578	2908
2580	2582
2581	2580
2587	2586
2587	2588
2587	2589
2587	3131
2593	2592
2593	2598
2593	2599
2593	2600
2593	2601
2593	2602
2593	2603
2593	2604
2593	2605
2593	2606
2593	2607
2593	2608
2593	2609
2593	2610
2593	2611
2593	2612
2593	2613
2592	2594
2594	2595
2594	2596
2596	2597
2615	2614
2614	2616
2614	2617
2614	2618
2614	2619
2614	2620
2614	2621
2614	2622
2614	2623
2614	2624
2614	2625
2614	2628
2614	2629
2614	2630
2614	2633
2614	2634
2614	2635
2614	2636
2614	2637
2614	2638
2614	2639
2625	2626
2625	2627
2630	2631
2630	2632
2645	2644
2647	2646
2647	2648
2647	2649
2647	2650
2647	2651
2647	2652
2647	2653
2647	2654
2647	2655
2647	2656
2647	2657
2661	2660
2661	2675
2661	2676
2661	2677
2661	2678
2661	2679
2661	2680
2661	2681
2661	2682
2661	2683
2661	2684
2661	2685
2661	2687
2661	2688
2661	2690
2661	2691
2661	2692
2661	2693
2661	2694
2661	2695
2661	2696
2661	2697
2661	2698
2661	2699
2661	2700
2661	2701
2661	2702
2661	2703
2661	2704
2661	2705
2661	2706
2661	2707
2661	2708
2660	2662
2660	2663
2660	2664
2660	2665
2660	2666
2660	2667
2668	2669
2668	2670
2668	2671
2668	2672
2668	2673
2673	2674
2685	2686
2688	2689
2709	2710
2709	2711
2709	2712
2709	2713
2709	2714
2709	2715
2709	2716
2709	2717
2709	2718
2709	2719
2709	2720
2709	2721
2709	2722
2709	2723
2709	2724
2709	2725
2709	2726
2709	2727
2709	2728
2709	2729
2709	2730
2709	2731
2732	2733
2732	2734
2736	2737
2740	2741
2740	2742
2747	2748
2747	2749
2760	2761
2763	2762
2764	2765
2768	2767
2768	2769
2777	2776
2777	2813
2777	2815
2777	2816
2777	2824
2777	2828
2777	2834
2815	2814
2823	2822
2825	2826
2828	2827
2892	2891
2894	2895
2897	2896
2897	2907
2897	2909
2911	2910
2911	2912
2911	2913
2913	2914
2916	2915
2918	2917
2918	2927
2918	2934
2917	2920
2919	2918
2922	2921
2922	2920
2927	2929
2928	2927
2928	2930
2928	2929
2934	2936
2935	2934
2935	2937
2935	2936
2941	2940
2941	2945
2943	2942
2943	2944
2943	2946
2948	2947
2948	2949
2948	3151
2951	2950
2953	2952
2955	2954
2957	2956
2957	2961
2956	2958
2956	2959
2959	2960
2961	2960
2961	3146
2961	3149
2963	2962
2963	2965
2963	2966
2964	2963
2964	2968
2964	2969
2964	2971
2964	2977
2964	2978
2964	2980
2968	2967
2968	2979
2971	2970
2971	2972
2974	2973
2976	2975
2977	2976
2982	2981
2982	2983
2982	2992
2982	3132
2985	2984
2987	2986
2986	2988
2988	2989
2988	2990
2988	2991
2994	2993
2994	2997
2996	2995
2997	2998
2997	2999
3001	3000
3001	3002
3001	3003
3005	3004
3005	3006
3005	3007
3011	3010
3010	3012
3010	3013
3010	3016
3010	3028
3013	3014
3013	3015
3016	3017
3016	3018
3016	3019
3016	3020
3016	3021
3016	3022
3016	3023
3016	3024
3016	3025
3016	3026
3016	3027
3028	3029
3028	3030
3035	3034
3035	3037
3035	3041
3038	3039
3043	3042
3044	3043
3044	3046
3046	3045
3046	3047
3048	3049
3055	3054
3055	3065
3059	3058
3064	3063
3065	3064
3067	3066
3069	3068
3069	3071
3069	3072
3069	3073
3070	3069
3077	3076
3079	3078
3078	3081
3080	3078
3080	3082
3086	3085
3086	3088
3087	3085
3091	3090
3093	3092
3092	3094
3092	3095
3098	3097
3098	3099
3100	3099
3104	3103
3104	3105
3104	3107
3104	3112
3107	3106
3106	3108
3108	3109
3111	3110
3116	3115
3116	3117
3116	3121
3116	3124
3116	3125
3119	3118
3119	3120
3123	3122
3134	3133
3134	3138
3134	3139
3134	3140
3134	3141
3134	3142
3134	3143
3134	3144
3134	3145
3134	3146
3134	3147
3134	3148
3134	3149
3134	3150
3133	3135
3133	3136
3133	3137
3152	3153
3157	3156
3157	3662
3159	3160
3160	3161
3163	3162
3163	3164
3166	443
3166	444
3166	445
3167	3166
3167	3168
3171	3170
3183	3182
3186	3185
3186	3188
3185	3187
3185	3188
3185	3191
3188	3189
3188	3190
3193	3192
3193	3194
3196	3195
3196	3197
3196	3198
3196	3199
3196	3200
3196	3201
3196	3202
3205	3204
3207	3206
3207	3355
3207	438
3207	439
3209	3208
3209	3356
3212	3211
3215	3214
3215	3218
3215	3219
3216	3214
3218	3217
3219	3220
3223	3222
3225	3224
3225	3227
3227	3226
3229	3228
3229	3231
3228	3230
3236	3235
3236	3239
3244	3243
3245	3244
3245	3277
3245	3304
3245	3311
3245	3423
3247	3246
3247	3250
3247	3252
3247	3253
3247	3256
3247	3403
3246	3248
3250	3249
3252	3251
3252	3254
3252	3255
3257	3258
3257	3259
3263	3262
3263	3266
3263	3267
3262	3264
3262	3265
3269	3268
3269	3270
3269	3271
3273	3272
3273	3274
3280	3279
3280	3281
3283	3282
3283	3285
3283	3288
3283	3410
3285	3284
3285	3289
3285	3290
3293	3292
3293	3318
3292	3294
3294	3295
3294	3296
3297	3298
3297	3299
3297	3300
3302	3301
3302	3316
3302	3327
3307	3306
3306	347
3306	348
3309	3308
3309	3338
3310	3309
3310	3325
3310	3335
3310	3336
3314	3313
3314	3320
3314	3326
3316	3315
3316	3321
3318	3317
3318	3319
3329	3328
3329	3345
3329	3404
3329	3405
3331	3330
3333	3332
3335	3334
3338	3337
3340	3339
3342	3341
3342	3346
3342	3406
3342	3407
3344	3343
3348	3347
3349	3347
3350	3347
3352	3351
3353	3352
3354	3351
3359	3358
3362	3361
3362	3368
3362	3369
3365	3364
3365	3366
3365	3367
3372	3371
3374	3373
3374	3376
3374	3377
3374	3378
3376	3375
3376	3379
3381	3380
3381	3383
3383	3382
3385	3384
3385	3387
3384	3386
3390	3389
3392	3391
3392	3394
3396	3395
3396	3398
3396	3399
3396	3400
3412	3411
3415	3414
3415	3422
3414	3416
3414	3417
3414	3418
3414	3419
3414	3420
3414	3421
3428	3427
3428	3429
3430	3429
3432	3431
3432	3433
3432	3434
3432	3438
3437	3436
3439	3440
3441	3442
3441	3443
3446	3445
3446	3669
3446	3670
3446	1348
3448	3447
3448	3671
3448	3672
3448	3673
3448	3674
3448	3675
3448	3676
3448	3677
3448	3678
3448	1347
3448	3453
3454	1357
3466	3454
3466	3455
3466	3456
3466	3457
3466	3458
3466	3459
3466	3460
3466	1669
3466	3461
3468	3467
3468	3469
3468	3470
3477	3476
3478	3476
3480	3481
3484	3483
3486	3485
3486	3487
3488	3489
3490	3491
3490	3492
3490	3493
3490	3494
3490	3495
3490	3496
3490	3497
3490	3498
3490	3499
3490	3500
3490	3501
3490	3502
3490	3503
3490	3504
3505	3506
3505	3507
3505	3508
3505	3509
3505	3510
3505	3511
3505	3512
3505	3513
3505	3514
3505	3515
3505	3516
3505	3517
3505	3518
3505	3519
3505	3520
3505	3521
3522	3523
3522	3524
3525	3526
3531	1920
3531	1921
3531	1922
3531	1923
3532	555
3532	556
3541	630
3541	628
3541	633
3542	639
3542	643
3549	2644
3552	3325
3552	3336
3552	3335
3552	3309
3554	3555
3556	3557
3560	3519
3562	3561
3562	3563
3566	3567
3568	3569
3568	3567
3568	3570
3568	3571
3572	3573
3574	3570
3574	3571
3575	3569
3575	3567
3575	3570
3575	3571
3576	3573
3577	3569
3577	3567
3577	3570
3577	3571
3577	3578
3581	354
3582	3583
3584	410
3585	3586
3585	3587
3585	3588
3589	3590
3589	3591
3589	3592
3589	3593
3589	3594
3589	3595
3596	3597
3596	3598
3599	3538
3599	3600
3599	3601
3599	3602
3599	3603
3599	3604
3599	3605
3599	459
3599	3606
3599	3607
3599	3608
3599	3609
3599	3610
3599	3611
3609	3000
3609	3002
3609	3003
3610	2973
3612	3613
3612	3614
3612	3615
3620	3619
3620	3621
3629	3628
3629	3632
3629	3638
3634	3633
3642	3641
3655	2086
3664	3665
3664	3666
3664	3667
3664	3668
3672	1468
3672	1664
3672	1675
3672	1689
3673	1676
3674	1475
3674	1680
3675	1482
3675	1685
3676	1492
3676	1668
3676	1670
3676	1692
