1	0
1	5
1	12
1	17
1	24
1	26
1	25
1	43
1	47
1	49
1	55
1	61
1	62
1	70
1	73
1	75
1	85
1	86
1	93
1	94
1	98
1	128
1	129
1	131
1	141
1	143
1	198
1	275
1	303
1	324
1	328
1	343
1	361
1	433
1	473
1	475
1	480
1	496
1	497
1	578
1	583
1	588
1	594
1	628
1	633
1	653
1	651
1	661
1	666
1	682
1	679
1	706
1	765
1	799
1	810
1	829
1	905
1	920
1	934
1	952
1	967
1	985
1	1001
1	1002
1	1030
1	1062
1	1086
1	1092
1	1090
1	1095
1	1096
1	1097
1	1101
1	1102
1	1105
1	1114
1	1157
1	1161
1	1203
1	1204
1	1234
1	1258
1	1262
1	1289
1	1348
1	1356
1	1376
1	1379
1	1398
1	1400
1	1411
1	1419
1	1449
1	1456
1	1645
1	1656
1	1658
1	1662
1	1663
1	1665
1	1758
1	1828
1	1836
1	1879
1	1902
1	1927
1	1938
1	1939
1	1946
1	2007
1	2010
1	2022
1	2030
1	2035
1	2038
1	2039
1	2041
1	2046
1	2047
1	2049
1	2073
1	2163
1	2180
1	2194
1	2197
1	2213
1	2217
1	2220
1	2222
1	2223
1	2242
1	2243
1	2245
1	2258
1	2257
1	2316
1	2326
1	2339
1	2366
1	2367
1	2374
1	2376
1	2407
1	2409
1	2455
1	2584
1	2588
1	2591
1	2593
1	2594
1	2601
1	2618
1	2659
1	2662
1	2663
1	2686
1	2687
1	2689
1	2701
1	2703
1	2716
1	2746
1	2750
1	2755
1	2757
1	2762
1	2765
1	2766
1	2777
1	2778
1	2782
1	2785
1	2793
1	2794
1	2797
1	2800
1	2801
1	2805
1	2824
1	2827
1	2836
1	2839
1	2841
1	2842
1	2849
1	2859
1	2865
1	2872
1	2883
1	2889
1	2892
1	2897
1	2914
1	2915
1	2918
1	2927
1	2955
1	1738
1	3020
1	3045
1	3047
1	3048
1	3055
1	3060
1	3101
1	3141
1	3147
1	3173
1	3198
1	3218
1	3234
1	3247
1	3262
1	3277
1	3279
1	3284
1	3286
1	3288
1	3289
1	3294
1	3295
1	3297
1	3298
1	3300
1	3301
1	3302
1	3309
1	3319
0	11
0	62
0	127
0	130
0	2584
0	2810
0	2811
0	2883
0	3278
0	3279
0	3284
0	3285
0	3286
0	3288
0	3289
0	3290
0	3291
0	3293
0	3294
0	3295
0	3297
0	3305
0	3307
0	3319
2	0
2	5
2	9
2	8
2	6
2	17
2	18
2	22
2	39
2	45
2	71
2	77
2	79
2	93
2	128
2	133
2	137
2	138
2	173
2	266
2	309
2	377
2	414
2	482
2	629
2	910
2	930
2	939
2	933
2	950
2	960
2	972
2	976
2	983
2	981
2	987
2	988
2	993
2	995
2	997
2	999
2	1001
2	1003
2	1005
2	1007
2	1015
2	1028
2	1062
2	1088
2	1144
2	1145
2	1147
2	1199
2	1236
2	1312
2	1353
2	1356
2	1361
2	1392
2	1498
2	1507
2	1514
2	1518
2	1520
2	1522
2	1544
2	1545
2	1577
2	1579
2	1618
2	1632
2	1640
2	1641
2	1648
2	1652
2	1659
2	1663
2	1669
2	1673
2	1685
2	1707
2	1708
2	1709
2	1710
2	1730
2	1749
2	1759
2	1770
2	1836
2	2027
2	2034
2	2043
2	2051
2	2078
2	2096
2	2108
2	2136
2	2178
2	2183
2	2204
2	2209
2	2211
2	2214
2	2217
2	2246
2	2286
2	2298
2	2363
2	2402
2	2417
2	2446
2	2563
2	2584
2	2634
2	2687
2	2704
2	2776
2	2777
2	2778
2	2797
2	2803
2	2805
2	2814
2	2836
2	2839
2	2842
2	2918
2	3026
2	3032
2	3033
2	3046
2	3061
2	3144
2	3274
2	3278
2	3297
2	3319
3	0
3	9
3	8
3	14
3	19
3	11
3	30
3	25
3	31
3	40
3	45
3	60
3	62
3	73
3	72
3	71
3	84
3	85
3	92
3	91
3	104
3	107
3	127
3	128
3	129
3	130
3	134
3	136
3	137
3	138
3	142
3	249
3	265
3	268
3	274
3	275
3	279
3	301
3	303
3	317
3	352
3	356
3	365
3	390
3	469
3	471
3	483
3	486
3	497
3	500
3	502
3	580
3	588
3	578
3	592
3	620
3	628
3	659
3	661
3	666
3	682
3	681
3	691
3	680
3	713
3	712
3	711
3	716
3	747
3	750
3	751
3	757
3	765
3	768
3	772
3	790
3	799
3	801
3	807
3	810
3	829
3	905
3	912
3	921
3	927
3	930
3	932
3	925
3	937
3	939
3	945
3	957
3	960
3	958
3	962
3	973
3	972
3	976
3	983
3	982
3	988
3	989
3	990
3	993
3	1002
3	1016
3	1017
3	1028
3	1030
3	1031
3	1043
3	1067
3	1076
3	1079
3	1073
3	1082
3	1083
3	1102
3	1117
3	1122
3	1140
3	1147
3	1152
3	1194
3	1202
3	1204
3	1206
3	1227
3	1240
3	1239
3	1244
3	1255
3	1258
3	1259
3	1276
3	1282
3	1289
3	1336
3	1337
3	1362
3	1384
3	1388
3	1396
3	1397
3	1400
3	1401
3	1409
3	1462
3	1474
3	1475
3	1503
3	1535
3	1546
3	1567
3	1620
3	1626
3	1630
3	1636
3	1642
3	1648
3	1658
3	1663
3	1674
3	1685
3	1686
3	1703
3	1704
3	1716
3	1721
3	1733
3	1754
3	1757
3	1760
3	1781
3	1778
3	1793
3	1814
3	1815
3	1829
3	1856
3	1860
3	1879
3	1985
3	2029
3	2028
3	2027
3	2033
3	2034
3	2037
3	2043
3	2045
3	2051
3	2068
3	2072
3	2083
3	2093
3	2095
3	2099
3	2103
3	2114
3	2116
3	2117
3	2125
3	2184
3	2191
3	2197
3	2196
3	2195
3	2208
3	2214
3	2217
3	2220
3	2222
3	2223
3	2241
3	2254
3	2270
3	2277
3	2278
3	2280
3	2316
3	2326
3	2327
3	2338
3	44
3	2367
3	2366
3	2370
3	2376
3	2378
3	2379
3	2385
3	2386
3	2388
3	2396
3	2400
3	2402
3	2405
3	2417
3	2420
3	2444
3	2446
3	2456
3	2461
3	2470
3	2490
3	2501
3	2503
3	2519
3	2526
3	2533
3	2546
3	2554
3	2568
3	2574
3	2573
3	2578
3	2579
3	2585
3	2593
3	2601
3	2607
3	2617
3	2618
3	2624
3	2622
3	2634
3	2641
3	2642
3	2657
3	2658
3	2659
3	2662
3	2663
3	2665
3	2668
3	2669
3	2677
3	2683
3	2685
3	2687
3	2746
3	2745
3	2750
3	2755
3	2760
3	2776
3	2778
3	2797
3	2811
3	2836
3	2842
3	2843
3	2883
3	2889
3	2894
3	2903
3	2907
3	2908
3	2909
3	2910
3	2911
3	2912
3	2913
3	2914
3	2918
3	2942
3	2958
3	2959
3	2980
3	2982
3	2983
3	2984
3	2986
3	1738
3	3020
3	3025
3	3026
3	3028
3	3030
3	3031
3	2954
3	3032
3	3033
3	2467
3	3039
3	3040
3	3042
3	3052
3	3054
3	3060
3	3099
3	3103
3	3136
3	3155
3	3156
3	3167
3	3175
3	3194
3	3198
3	3197
3	3217
3	3230
3	3236
3	3238
3	3258
3	3261
3	3262
3	3274
3	3276
3	3287
3	3290
3	3291
3	3294
3	3297
3	3300
3	3303
3	3306
3	3307
3	3319
3	3320
4	0
4	8
4	14
4	19
4	21
4	26
4	28
4	30
4	25
4	24
4	43
4	42
4	47
4	45
4	39
4	49
4	54
4	55
4	60
4	61
4	68
4	69
4	73
4	82
4	83
4	71
4	70
4	84
4	85
4	86
4	90
4	91
4	104
4	111
4	108
4	118
4	122
4	123
4	124
4	125
4	128
4	129
4	133
4	134
4	136
4	137
4	138
4	145
4	148
4	147
4	152
4	155
4	166
4	167
4	171
4	173
4	172
4	175
4	177
4	178
4	179
4	180
4	182
4	185
4	186
4	187
4	188
4	189
4	190
4	191
4	192
4	193
4	194
4	195
4	196
4	197
4	201
4	200
4	204
4	209
4	214
4	220
4	226
4	228
4	229
4	231
4	233
4	236
4	240
4	247
4	249
4	264
4	270
4	274
4	276
4	284
4	282
4	287
4	292
4	291
4	301
4	305
4	307
4	311
4	317
4	323
4	335
4	345
4	347
4	352
4	358
4	379
4	380
4	377
4	383
4	385
4	389
4	390
4	394
4	396
4	405
4	406
4	416
4	418
4	419
4	420
4	422
4	423
4	425
4	435
4	437
4	436
4	444
4	442
4	446
4	447
4	449
4	450
4	453
4	451
4	462
4	465
4	469
4	470
4	471
4	475
4	473
4	477
4	479
4	483
4	482
4	498
4	497
4	500
4	501
4	502
4	510
4	509
4	518
4	580
4	579
4	588
4	583
4	618
4	627
4	628
4	647
4	650
4	648
4	652
4	658
4	661
4	666
4	667
4	670
4	674
4	676
4	685
4	686
4	687
4	682
4	690
4	689
4	680
4	697
4	700
4	701
4	703
4	705
4	707
4	708
4	709
4	713
4	716
4	742
4	744
4	751
4	753
4	754
4	757
4	759
4	760
4	761
4	764
4	765
4	768
4	770
4	771
4	775
4	781
4	784
4	791
4	799
4	802
4	803
4	807
4	810
4	811
4	812
4	818
4	823
4	840
4	847
4	851
4	916
4	920
4	921
4	930
4	932
4	934
4	953
4	967
4	971
4	977
4	980
4	983
4	982
4	981
4	986
4	989
4	991
4	994
4	995
4	996
4	997
4	998
4	999
4	1002
4	1001
4	1005
4	1006
4	1007
4	1009
4	1010
4	1013
4	1012
4	1014
4	1019
4	1020
4	1024
4	1031
4	1047
4	1048
4	1053
4	1052
4	1060
4	1061
4	1065
4	1066
4	1102
4	1110
4	1122
4	1127
4	1130
4	1140
4	1147
4	1152
4	1155
4	1156
4	1172
4	1197
4	1194
4	1193
4	1203
4	1210
4	1215
4	1216
4	1217
4	1218
4	1220
4	1221
4	1222
4	1229
4	1228
4	1232
4	1235
4	1240
4	1239
4	1250
4	1252
4	1277
4	1312
4	1337
4	1342
4	1344
4	1347
4	1351
4	1362
4	1363
4	1372
4	1379
4	1381
4	1399
4	1400
4	1402
4	1404
4	1406
4	1407
4	1408
4	1409
4	1410
4	1419
4	1428
4	1429
4	1430
4	1433
4	1455
4	1462
4	1461
4	1464
4	1467
4	1469
4	1468
4	1478
4	1485
4	1488
4	1503
4	1505
4	1516
4	1523
4	1526
4	1529
4	1530
4	1535
4	1539
4	1546
4	1555
4	1559
4	1569
4	1608
4	1611
4	1612
4	1614
4	1628
4	1631
4	1635
4	1645
4	1644
4	1643
4	1651
4	1648
4	1654
4	1657
4	1658
4	1663
4	1665
4	1666
4	1676
4	1677
4	1679
4	1691
4	1696
4	1697
4	1707
4	1715
4	1717
4	1718
4	1723
4	1732
4	1736
4	1739
4	1735
4	1743
4	1749
4	1760
4	1764
4	1767
4	1768
4	1769
4	1771
4	1773
4	1774
4	1775
4	1778
4	1777
4	1782
4	1783
4	1784
4	1793
4	1794
4	1795
4	1796
4	1797
4	1800
4	1801
4	1808
4	1809
4	1812
4	1813
4	1814
4	1821
4	1827
4	1829
4	1835
4	1834
4	1840
4	1839
4	1843
4	1844
4	1846
4	1849
4	1850
4	1852
4	1853
4	1854
4	1859
4	1860
4	1861
4	1862
4	1863
4	1864
4	1865
4	1866
4	1867
4	1868
4	1869
4	1870
4	1871
4	1872
4	1873
4	1874
4	1875
4	1876
4	1877
4	1879
4	1881
4	1882
4	1883
4	1884
4	1885
4	1886
4	1887
4	1888
4	1889
4	1890
4	1891
4	1892
4	1893
4	1894
4	1895
4	1896
4	1897
4	1898
4	1899
4	1901
4	1900
4	1903
4	1904
4	1905
4	1906
4	1907
4	1908
4	1909
4	1911
4	1912
4	1913
4	1914
4	1915
4	1916
4	1917
4	1918
4	1919
4	1920
4	1921
4	1922
4	1923
4	1924
4	1925
4	1926
4	1928
4	1929
4	1930
4	1931
4	1932
4	1933
4	1934
4	1935
4	1936
4	1937
4	1943
4	1986
4	1999
4	2004
4	2012
4	2013
4	2014
4	2015
4	2018
4	2019
4	2020
4	2022
4	2028
4	2033
4	2032
4	2034
4	2035
4	2036
4	2037
4	2039
4	2038
4	2042
4	2043
4	2044
4	2045
4	2047
4	2046
4	2050
4	2051
4	2052
4	2070
4	2072
4	2076
4	2081
4	2086
4	2088
4	2093
4	2092
4	2095
4	2097
4	2099
4	2101
4	2103
4	2105
4	2106
4	2110
4	2111
4	2113
4	2114
4	2116
4	2117
4	2119
4	2120
4	2122
4	2130
4	2134
4	2180
4	2187
4	2210
4	2213
4	2216
4	2217
4	2221
4	2225
4	2228
4	2226
4	2229
4	2230
4	2231
4	2234
4	2235
4	2236
4	2241
4	2243
4	2242
4	2244
4	2246
4	2249
4	2258
4	2257
4	2260
4	2262
4	2263
4	2264
4	2265
4	2267
4	2269
4	2281
4	2295
4	2297
4	2312
4	2314
4	2315
4	2318
4	2327
4	2334
4	2336
4	2338
4	2345
4	2347
4	2348
4	2349
4	2350
4	2351
4	2352
4	2353
4	2354
4	2355
4	2356
4	2357
4	2359
4	2370
4	2374
4	2377
4	2376
4	2379
4	2380
4	2382
4	2384
4	2385
4	2386
4	2394
4	2395
4	2392
4	2396
4	2398
4	2400
4	2402
4	2405
4	2416
4	2415
4	2417
4	2419
4	2420
4	2421
4	2423
4	2426
4	2425
4	2427
4	2429
4	2431
4	2432
4	2433
4	2437
4	2436
4	2442
4	2444
4	2458
4	2459
4	2462
4	2461
4	2452
4	2465
4	2470
4	2474
4	2475
4	2479
4	2482
4	2481
4	2484
4	2486
4	2485
4	2487
4	2489
4	2490
4	2492
4	2493
4	2498
4	2507
4	2509
4	2518
4	2519
4	2524
4	2525
4	2529
4	2533
4	2540
4	2544
4	2547
4	2554
4	2562
4	2561
4	2563
4	2566
4	2568
4	2570
4	2571
4	2573
4	2577
4	2581
4	2579
4	2582
4	2585
4	2588
4	2594
4	2595
4	2596
4	2597
4	2598
4	2599
4	2608
4	2610
4	2612
4	2613
4	2615
4	2616
4	2617
4	2618
4	2621
4	2626
4	2624
4	2622
4	2637
4	2634
4	2639
4	2638
4	2641
4	2642
4	2643
4	2657
4	2659
4	2661
4	2668
4	2669
4	2670
4	2685
4	2686
4	2687
4	2692
4	2702
4	2705
4	2712
4	2713
4	2714
4	2719
4	2718
4	2720
4	2721
4	2722
4	2723
4	2724
4	2726
4	2727
4	2728
4	2729
4	2730
4	2731
4	2732
4	2733
4	2734
4	2735
4	2736
4	2737
4	2738
4	2739
4	2740
4	2741
4	2742
4	2743
4	2746
4	2749
4	2755
4	2757
4	2761
4	2764
4	2767
4	2770
4	2771
4	2775
4	2776
4	2786
4	2787
4	2788
4	2789
4	2790
4	2791
4	2797
4	2804
4	2805
4	2807
4	2814
4	2816
4	2820
4	2822
4	2824
4	2823
4	2828
4	2829
4	2834
4	2841
4	2845
4	2846
4	2847
4	2848
4	2852
4	2855
4	2859
4	2866
4	2868
4	2878
4	2877
4	2879
4	2880
4	2881
4	2882
4	2888
4	2889
4	2890
4	2891
4	2892
4	2896
4	2894
4	2897
4	2898
4	2900
4	2899
4	2901
4	2902
4	2903
4	2904
4	2907
4	2909
4	2908
4	2910
4	2911
4	2912
4	2913
4	2914
4	2916
4	2917
4	2919
4	2921
4	2922
4	2926
4	2927
4	2929
4	2932
4	2933
4	2936
4	2952
4	2957
4	2961
4	2959
4	2963
4	2962
4	2979
4	2980
4	2982
4	2983
4	2984
4	2986
4	2987
4	2989
4	2990
4	2997
4	3001
4	3003
4	3011
4	3013
4	3014
4	3015
4	3022
4	3029
4	3030
4	3034
4	2467
4	3041
4	3042
4	3044
4	3046
4	3047
4	3048
4	3049
4	3054
4	3063
4	3067
4	3068
4	3070
4	3071
4	3087
4	3088
4	3093
4	3098
4	3100
4	3103
4	3106
4	3111
4	1699
4	1761
4	3123
4	3126
4	3131
4	3132
4	3133
4	3134
4	3135
4	2977
4	3142
4	3144
4	3147
4	3148
4	3150
4	3155
4	3156
4	3164
4	3169
4	3167
4	3175
4	3178
4	3179
4	3181
4	3182
4	3184
4	3185
4	3193
4	3194
4	3195
4	3198
4	3204
4	3205
4	3207
4	3208
4	3209
4	3215
4	3216
4	3219
4	3228
4	3233
4	3235
4	3236
4	3238
4	3240
4	3245
4	3247
4	3250
4	3253
4	3254
4	3257
4	3258
4	3261
4	3262
4	3263
4	3265
4	3267
4	3274
4	3275
4	3276
4	3277
4	3284
4	3285
4	3288
4	3290
4	3291
4	3293
4	3294
4	3297
4	3303
4	3302
4	3304
4	3306
4	3317
4	3319
4	3320
4	3332
4	3334
4	3335
4	3336
4	3337
4	3338
7	6
6	12
8	7
9	8
9	34
10	8
10	22
10	45
10	47
10	77
10	71
10	141
10	151
10	191
10	235
10	268
10	275
10	301
10	310
10	311
10	315
10	378
10	380
10	384
10	484
10	497
10	606
10	621
10	627
10	633
10	642
10	680
10	716
10	932
10	950
10	969
10	979
10	1001
10	1010
10	1027
10	1043
10	1061
10	1093
10	1135
10	1163
10	1192
10	1239
10	1250
10	1309
10	1312
10	1337
10	1233
10	1372
10	1385
10	1441
10	1544
10	1550
10	1551
10	1604
10	1638
10	1659
10	1749
10	1775
10	1998
10	2029
10	2057
10	2065
10	2068
10	2107
10	2169
10	2177
10	2191
10	2197
10	2201
10	2222
10	2234
10	2235
10	2236
10	2257
10	2328
10	44
10	2408
10	2424
10	2500
10	2554
10	2555
10	2602
10	2603
10	2613
10	2633
10	2657
10	507
10	2746
10	2755
10	2757
10	2759
10	2778
10	2780
10	2781
10	2797
10	2805
10	2832
10	2838
10	2849
10	2886
10	2956
10	2991
10	3108
10	3107
10	3109
10	3147
10	3161
10	3163
10	3191
10	3192
10	3218
10	3225
10	3263
10	3264
10	3267
10	3301
12	11
12	127
12	2584
12	3265
12	3267
12	3273
12	3319
12	3326
12	3327
11	23
11	35
11	36
11	129
11	130
11	131
11	132
11	133
11	136
11	137
11	2809
11	2883
11	3303
11	3312
13	12
13	19
14	12
15	14
15	20
15	21
15	24
15	55
15	61
15	62
15	70
15	84
15	85
15	86
15	90
15	91
15	2810
15	3304
15	3305
16	15
17	14
18	12
19	12
20	19
20	40
20	49
20	60
20	126
20	3274
20	3275
20	3276
20	3278
20	3279
20	3296
21	11
21	3273
22	21
22	108
22	628
22	1043
22	1079
22	1197
22	1535
22	1760
22	1832
22	1996
23	134
23	135
24	23
25	24
25	1739
25	1744
25	1750
25	2253
25	2255
25	2270
25	2560
26	25
26	28
27	26
27	71
27	83
27	97
27	112
27	127
27	130
27	141
27	142
27	144
27	143
27	220
27	228
27	234
27	272
27	284
27	294
27	296
27	298
27	295
27	299
27	300
27	301
27	303
27	305
27	326
27	333
27	335
27	381
27	382
27	384
27	387
27	390
27	414
27	415
27	425
27	444
27	454
27	451
27	471
27	473
27	475
27	477
27	480
27	479
27	482
27	496
27	497
27	568
27	620
27	641
27	645
27	649
27	653
27	651
27	661
27	682
27	691
27	680
27	697
27	751
27	760
27	765
27	784
27	790
27	799
27	802
27	821
27	829
27	899
27	905
27	913
27	915
27	916
27	921
27	918
27	936
27	939
27	942
27	945
27	950
27	951
27	958
27	961
27	963
27	973
27	1002
27	1001
27	1075
27	1073
27	1102
27	1122
27	1140
27	1161
27	1201
27	1211
27	1234
27	1255
27	1289
27	1309
27	1337
27	1348
27	1402
27	1408
27	1441
27	1440
27	1516
27	1535
27	1622
27	1623
27	1636
27	1645
27	1658
27	1665
27	1710
27	1713
27	1723
27	1732
27	1739
27	1747
27	1751
27	1770
27	1777
27	1782
27	1804
27	2022
27	2021
27	2027
27	2030
27	2032
27	2033
27	2034
27	2035
27	2036
27	2037
27	2039
27	2038
27	2041
27	2042
27	2043
27	2044
27	2045
27	2046
27	2047
27	2049
27	2050
27	2051
27	2052
27	2178
27	2191
27	2197
27	2195
27	2204
27	2209
27	2211
27	2214
27	2217
27	2220
27	2222
27	2229
27	2241
27	2243
27	2242
27	2245
27	2244
27	2246
27	2249
27	2251
27	2255
27	2272
27	2279
27	2327
27	2339
27	2340
27	2366
27	2385
27	2388
27	2392
27	2400
27	2407
27	2418
27	2432
27	2433
27	2444
27	2446
27	2448
27	2461
27	2469
27	2470
27	2474
27	2490
27	2493
27	2575
27	2578
27	2585
27	2591
27	2593
27	2596
27	2601
27	2614
27	2634
27	2637
27	2641
27	2663
27	2664
27	2682
27	2686
27	2687
27	2692
27	2746
27	2755
27	2780
27	2781
27	2805
27	2829
27	2831
27	2839
27	2842
27	2849
27	2883
27	2893
27	2894
27	2897
27	2903
27	2907
27	2908
27	2909
27	2910
27	2911
27	2912
27	2913
27	2917
27	2919
27	2918
27	2941
27	2958
27	2959
27	2976
27	2983
27	2986
27	3003
27	3004
27	3008
27	3013
27	3014
27	3024
27	3026
27	3032
27	3033
27	3042
27	3045
27	3044
27	3046
27	3047
27	3048
27	3049
27	3069
27	3076
27	3087
27	3096
27	3097
27	3101
27	3109
27	3112
27	3182
27	3185
27	3188
27	3194
27	3234
27	3280
27	3287
27	3291
27	3319
28	25
28	2253
28	2258
29	28
29	1059
29	1199
29	1236
29	1353
29	1505
29	1522
29	1612
29	1618
29	2448
29	2450
29	2562
29	2637
29	2773
29	3027
29	3035
29	3037
29	3040
29	3106
29	3109
29	2977
29	2000
30	25
30	286
30	298
30	300
30	375
30	410
30	427
30	429
30	899
30	902
30	915
30	912
30	920
30	921
30	922
30	918
30	927
30	935
30	968
30	989
30	990
30	1015
30	1016
30	1017
30	1057
30	1059
30	1192
30	1201
30	1336
30	1495
30	1503
30	1506
30	1517
30	1520
30	1519
30	1521
30	1532
30	1557
30	1721
30	1778
30	2078
30	2093
30	2096
30	2133
30	2146
30	2163
30	2165
30	2166
30	2173
30	2174
30	2288
30	2291
30	2514
30	2531
30	2713
30	2941
30	3166
30	3175
30	3204
32	31
32	33
36	128
36	138
37	36
37	3308
38	37
39	38
39	132
40	39
40	48
40	130
40	136
40	3277
40	3307
41	40
41	1575
41	1615
41	1616
41	1760
41	2774
41	3274
42	39
43	42
43	54
43	87
43	118
43	1232
43	1235
43	1382
43	1837
43	1909
43	1959
43	2592
44	42
44	54
44	87
45	39
45	45
45	588
45	1363
45	1760
46	45
46	47
46	303
46	390
46	497
46	578
46	588
46	756
46	801
46	802
46	905
46	910
46	920
46	927
46	930
46	939
46	960
46	958
46	965
46	972
46	988
46	992
46	995
46	1035
46	1061
46	1080
46	1083
46	1085
46	1122
46	1135
46	1176
46	1201
46	1203
46	1204
46	1206
46	1210
46	1215
46	1216
46	1217
46	1218
46	1220
46	1221
46	1222
46	1231
46	1239
46	1254
46	1253
46	1265
46	1266
46	1274
46	1292
46	1293
46	1297
46	1312
46	1324
46	1325
46	1329
46	1332
46	1333
46	1337
46	1344
46	1363
46	1372
46	1377
46	1383
46	1387
46	1441
46	1464
46	1663
46	1674
46	1676
46	1749
46	2010
46	2011
46	2068
46	2367
46	2376
46	2379
46	2385
46	2399
46	2400
46	2405
46	2409
46	2414
46	2415
46	2420
46	2448
46	2456
46	2461
46	2465
46	2470
46	2475
46	2490
46	2525
46	2546
46	2571
46	2575
46	2584
46	2591
46	2593
46	2597
46	2598
46	2603
46	2622
46	2634
46	2637
46	2640
46	2641
46	2658
46	2663
46	2687
46	2698
46	2701
46	2702
46	2703
46	2704
46	2705
46	2715
46	2746
46	2755
46	2797
46	2815
46	2827
46	2839
46	2846
46	2852
46	2854
46	2857
46	2859
46	2878
46	2997
46	3128
46	3136
46	3147
46	3168
46	3167
46	3177
46	3218
46	3234
46	3241
46	3262
46	3292
46	3319
47	45
47	47
48	38
48	2811
48	2883
49	48
49	3306
50	49
50	301
50	303
50	352
50	368
50	374
50	541
50	543
50	605
50	604
50	606
50	607
50	627
50	661
50	664
50	799
50	801
50	807
50	811
50	812
50	816
50	827
50	916
50	953
50	987
50	1030
50	1337
50	1383
50	1076
50	1509
50	1615
50	2520
50	2593
50	2682
50	2717
50	2740
50	2747
50	2782
50	2783
50	2784
50	2785
50	2786
50	2787
50	2788
50	2789
50	2790
50	2791
50	2792
50	2798
50	2799
50	2959
50	2992
50	3080
50	3198
51	37
51	1193
51	2104
51	2106
51	2579
52	51
52	108
52	1197
52	1193
52	1079
52	1614
52	1615
52	1996
52	2011
52	2285
52	2501
52	2503
52	2818
52	2836
52	2848
52	2855
52	2883
53	52
53	108
53	111
53	1077
53	1193
53	1643
53	1649
53	1672
53	1715
53	1757
53	2008
53	2093
53	2103
53	2214
53	2367
53	2375
53	2397
53	2404
53	2405
53	2413
53	2416
53	2423
53	2433
53	2438
53	2450
53	2488
53	2490
53	2521
53	2530
53	2574
53	2579
53	2581
53	2593
53	2607
53	2637
53	2967
53	2976
53	2981
53	2984
53	2986
53	3015
53	3030
53	3039
53	3053
53	3258
53	2000
53	2960
54	36
54	54
54	71
54	70
54	84
54	137
55	136
56	55
56	108
56	1053
56	1051
56	1176
56	1192
56	1478
56	1490
56	1491
56	1728
56	1757
56	1846
56	2073
57	56
57	111
57	646
57	1059
57	1077
57	1705
57	2084
58	57
58	56
58	71
58	1054
58	1058
58	1237
58	1236
58	1353
58	1383
58	1750
58	2426
58	3059
58	3332
59	56
59	1169
59	1232
59	1235
59	1383
59	3331
59	3332
59	3333
60	129
60	130
60	136
62	3267
63	62
63	149
63	192
63	541
63	543
63	579
63	582
63	578
63	631
63	633
63	761
63	789
63	795
63	799
63	980
63	991
63	994
63	996
63	998
63	1006
63	1009
63	1019
63	1027
63	1575
63	1624
63	1770
63	2184
63	2204
63	2209
63	2214
63	2347
63	2349
63	2350
63	2351
63	2352
63	2353
63	2354
63	2355
63	2356
63	2357
63	2718
63	2721
63	2722
63	2724
63	2727
63	2730
63	2731
63	2732
63	2738
63	2741
63	2742
63	2743
63	2755
63	2774
63	2797
63	2803
63	2886
63	3265
63	3274
63	3305
64	63
65	63
66	63
66	811
67	63
67	812
68	63
68	72
68	249
68	266
68	268
68	267
68	483
68	579
68	588
68	633
68	1001
68	1043
68	1202
68	1208
68	1400
68	1551
68	2258
68	2280
68	2331
68	2335
68	2337
68	2712
68	2746
69	63
69	579
69	1193
69	1439
69	1441
69	1444
69	2508
69	2614
70	129
70	130
70	132
70	3290
70	3291
71	70
71	108
71	1043
71	1358
71	1544
71	1575
71	1620
71	1760
71	2027
71	2073
71	2296
72	71
72	1353
72	2028
72	2125
72	2196
72	2258
72	2268
73	72
73	483
74	71
75	71
75	75
75	1043
75	1481
75	1483
75	1538
75	2029
75	2107
75	2255
76	75
76	71
76	92
76	130
76	139
76	143
76	682
76	939
76	960
76	1147
76	1148
76	1348
76	1406
76	1407
76	1408
76	1409
76	1527
76	1645
76	1644
76	1663
76	1676
76	1714
76	1718
76	1749
76	1762
76	1760
76	1773
76	1774
76	1785
76	1786
76	1788
76	1789
76	2314
76	2316
76	2376
76	2396
76	2398
76	2405
76	2413
76	2419
76	2420
76	2433
76	2528
76	2555
76	2575
76	2577
76	2588
76	2591
76	2593
76	2596
76	2601
76	2607
76	2637
76	2639
76	2638
76	2641
76	2642
76	2662
76	2663
76	2833
76	2836
76	2892
76	2903
76	2917
76	2919
76	2961
76	2963
76	2979
76	2987
76	2990
76	3008
76	3009
76	3013
76	3014
76	3017
76	3029
76	3052
76	3091
76	3124
76	3127
76	3142
76	3173
76	3186
76	3267
76	3287
77	71
77	1492
77	1501
77	1507
77	1679
78	71
79	78
80	79
80	1532
80	1533
80	1534
81	80
81	1528
81	1667
81	1725
82	71
82	1544
82	1545
82	2095
82	2282
82	2283
82	2284
82	2285
82	2286
82	2288
82	2289
82	2290
82	2291
82	2293
82	2294
82	2295
82	2296
82	2297
82	2298
83	71
84	129
85	132
85	133
86	131
87	86
87	87
87	90
87	1358
88	86
88	1675
88	1770
88	2184
88	2198
88	2206
88	2209
88	2214
88	3244
89	88
89	290
89	1077
89	1642
89	1643
89	1716
89	2392
89	2418
89	2419
89	2433
89	2446
89	2458
89	2466
89	2468
89	2469
89	2574
89	2585
89	2599
89	2607
89	2664
89	2665
89	2667
89	439
89	2671
89	2672
89	2687
89	2967
89	2976
89	2982
89	2984
89	2986
89	3024
89	3025
89	3026
89	3027
89	3028
89	3029
89	3030
89	3031
89	2954
89	3032
89	3033
89	3034
89	3035
89	3037
89	2467
89	3038
89	3039
89	3040
89	3041
89	3053
89	3167
89	3258
89	1722
90	130
90	131
90	132
90	136
90	3291
91	130
91	136
91	3267
91	3273
92	91
92	1676
92	2316
92	2601
92	3287
96	95
96	174
96	245
96	334
96	351
96	759
96	1189
96	1403
96	1578
96	1661
96	2238
96	2325
96	2389
96	2435
96	2802
96	2845
96	2905
96	3065
96	3102
96	3119
96	3145
96	3152
96	3255
96	3258
95	97
100	99
100	1740
100	2572
102	101
102	107
102	106
102	1175
102	1176
102	1734
102	1756
102	1755
102	1760
102	2011
102	2567
102	2568
104	103
104	1065
104	1066
104	1084
104	1085
104	1342
104	1470
104	1471
104	1472
104	1473
104	1474
104	1475
104	1476
104	1477
104	1481
104	1482
104	1484
104	1485
104	1486
104	1487
104	1488
104	1540
104	1541
104	1566
104	1625
104	2014
104	2513
104	2514
105	104
105	1083
105	1469
105	1535
105	1563
107	106
107	1734
107	2568
108	107
108	1176
108	1756
109	108
109	1832
110	108
110	1388
110	1624
110	1625
110	1630
110	1637
110	1639
110	1640
110	1641
110	1648
110	1652
110	1667
110	1678
110	1681
110	1685
110	1686
110	1690
110	1695
110	1703
110	1713
110	1721
110	1725
110	2111
110	2214
110	2568
110	2940
110	2951
110	3342
111	108
111	1757
111	1760
113	112
113	117
113	2165
113	2499
115	114
115	121
115	2123
115	2146
115	2147
115	2149
115	2162
116	115
116	2152
116	2155
116	2160
116	2163
116	2164
116	2935
117	116
118	117
118	2155
120	119
121	120
121	2170
126	127
130	3282
130	3322
138	3325
140	139
140	143
140	496
140	1102
140	2997
140	3012
140	3201
140	3202
141	142
144	143
144	682
144	2892
144	2893
144	2894
144	2897
144	2898
144	2907
144	2908
144	2909
144	2910
144	2911
144	2912
144	2913
144	2915
144	2918
144	2926
144	2928
146	145
146	568
146	572
146	576
146	593
146	595
146	596
146	597
146	598
146	599
146	602
146	603
146	2940
146	2951
148	147
148	150
148	155
148	157
148	156
148	160
148	164
148	166
148	167
148	168
148	169
148	170
148	171
148	1034
148	1035
148	1037
148	1038
148	1039
148	1355
148	1357
148	1360
148	1570
148	1571
148	2369
148	2932
147	150
147	155
147	157
147	158
147	159
147	163
147	165
147	167
147	168
147	169
147	170
147	1034
147	1035
147	1037
147	1038
147	1039
147	1355
147	1357
147	1360
147	1570
147	1571
147	2365
147	2368
147	2369
147	2932
150	149
150	151
151	149
154	153
157	156
157	161
157	162
157	164
157	171
161	160
162	166
173	172
173	175
173	176
173	177
173	178
173	179
173	180
173	181
173	182
173	183
173	184
173	185
173	186
173	187
173	189
173	1032
173	1033
173	1036
173	1040
173	1568
174	173
174	223
174	230
174	232
174	247
174	349
174	350
174	376
174	402
174	424
174	489
174	495
174	617
174	632
174	638
174	828
174	831
174	832
174	833
174	834
174	835
174	836
174	837
174	845
174	846
174	944
174	978
174	1000
174	1421
174	1422
174	1424
174	1425
174	1426
174	1427
174	1428
174	1431
174	1432
174	1433
174	1434
174	1435
174	1437
174	1438
174	1445
174	1446
174	1447
174	1448
174	1449
174	1450
174	1451
174	1452
174	1453
174	1454
174	1457
174	1458
174	1459
174	1460
174	2334
174	2336
174	2346
174	2358
174	2361
174	2362
174	2373
174	2502
198	197
198	201
198	270
198	986
198	2338
199	198
199	197
199	303
201	200
201	204
201	205
201	210
201	212
201	213
201	216
201	224
201	225
201	1985
200	207
200	208
200	209
200	211
200	214
200	215
200	217
200	218
200	219
202	201
203	201
203	572
203	573
203	576
203	577
203	578
203	593
203	595
203	599
203	602
203	1337
203	1997
203	2167
203	2175
204	206
221	220
221	942
221	2986
220	226
220	228
222	220
222	1749
222	1750
222	1751
222	1818
222	3146
227	226
227	2461
231	231
235	234
235	243
235	244
234	579
236	234
236	250
236	260
236	259
236	261
236	263
236	266
236	269
236	272
236	301
236	306
236	309
236	320
236	409
236	410
236	412
236	421
236	457
236	467
236	494
236	909
236	910
236	966
236	974
236	972
236	983
236	993
236	1194
236	1201
236	1079
236	1434
236	1604
236	1680
236	1996
236	2010
236	2011
236	2012
236	2109
236	2310
236	2438
236	2500
236	2505
236	2713
236	2868
236	3242
236	3279
237	236
237	291
238	234
238	2662
238	2663
239	238
239	2663
241	240
240	510
240	791
240	2662
242	240
242	512
246	241
249	248
249	284
249	973
249	1610
249	1611
249	2010
249	2011
249	2317
248	260
248	266
250	249
250	306
250	308
250	319
250	1202
250	2831
251	249
251	306
251	308
251	309
251	319
251	1202
252	251
252	794
252	2313
252	3287
253	249
253	264
253	447
253	1202
253	1735
254	249
254	271
254	976
254	983
254	993
254	1020
254	1202
255	249
255	409
255	448
255	1202
255	2441
256	249
256	306
256	307
256	317
256	320
256	580
256	977
256	1202
256	2020
257	256
258	249
258	306
258	308
258	319
258	1202
258	2436
260	259
260	261
260	262
260	263
260	269
266	265
266	267
265	578
268	267
268	1203
268	2007
271	1022
273	272
273	795
272	275
272	310
274	272
276	275
277	275
277	579
278	275
278	286
278	298
278	299
278	301
278	357
278	373
278	382
278	414
278	421
278	463
278	466
278	500
278	578
278	588
278	682
278	925
278	933
278	945
278	950
278	988
278	990
278	1015
278	1130
278	1154
278	1289
278	1233
278	1552
278	1689
278	1741
278	1762
278	1829
278	1998
278	2006
278	2017
278	2028
278	2169
278	2177
278	2469
278	2513
278	2634
278	2689
278	2706
278	2746
278	2755
278	2776
278	2797
278	2805
278	2865
278	3023
280	279
280	318
280	1024
280	2442
281	280
281	279
281	282
281	1024
281	1204
281	1206
282	279
283	282
284	283
284	457
284	466
284	1999
284	2017
285	279
285	2810
285	2984
286	313
288	287
288	451
288	465
288	469
288	1200
288	2018
288	2019
288	2681
288	2683
288	2685
289	288
289	438
289	786
289	798
289	806
289	814
289	826
289	1016
289	1017
289	2673
289	785
289	2683
289	3339
290	289
290	945
290	929
292	291
292	294
292	408
292	414
292	454
292	468
292	928
292	945
292	1003
292	1016
292	1017
292	1192
292	1200
292	1421
292	1516
293	292
294	292
296	295
297	296
297	298
297	300
298	296
298	298
301	301
302	301
302	1409
302	1410
302	2682
304	303
306	305
306	966
306	1455
306	2506
306	2706
306	2831
306	2835
308	456
308	1021
308	1207
308	2436
309	1190
312	311
312	317
311	313
314	313
316	315
316	317
319	2830
322	321
322	337
323	322
323	324
323	325
323	326
323	327
323	328
323	329
323	331
323	333
323	339
323	341
331	330
331	332
331	344
336	335
336	338
341	340
341	343
342	340
342	471
342	479
342	790
342	1102
342	1658
342	1663
342	2032
342	2033
342	2037
342	2042
342	2045
342	2050
342	2241
342	2244
342	2340
342	2492
342	2907
342	2908
342	2909
342	2910
342	2911
342	2912
342	2913
342	2997
342	3014
342	3042
342	3044
342	3103
342	3182
342	3210
342	3238
345	405
347	346
347	348
347	375
353	352
354	352
354	386
354	2634
354	3025
356	355
356	356
356	383
356	390
357	355
359	358
360	358
360	369
360	1640
362	361
361	407
363	362
363	365
363	367
363	372
364	363
364	364
364	361
364	365
366	365
366	374
366	415
367	368
370	369
371	369
371	384
371	1640
373	377
373	381
378	377
377	410
377	2713
379	377
379	381
379	414
380	377
380	381
381	377
387	386
387	1337
387	1440
387	2634
387	3258
388	387
390	393
390	440
392	391
396	395
396	397
396	398
396	399
396	400
402	401
404	403
406	453
408	408
409	449
409	1192
409	2441
411	410
411	518
411	1191
413	412
417	416
417	418
417	419
422	421
422	849
427	426
427	434
429	428
429	430
429	431
429	432
434	921
434	1166
437	436
437	573
437	577
437	592
437	594
437	600
437	624
439	438
442	441
442	458
443	442
443	441
443	458
444	442
444	452
444	464
444	467
445	444
445	459
445	470
449	448
451	450
451	451
451	459
451	460
455	454
455	459
455	460
455	463
461	451
463	462
468	467
469	468
469	796
469	797
469	805
469	813
469	825
469	2666
469	2668
469	2669
469	2682
469	2684
471	479
471	482
472	471
472	790
472	2033
472	2037
472	2045
472	2241
472	2907
472	2908
472	2909
472	2910
472	2911
472	2912
472	2913
472	2999
472	2998
472	3009
472	3010
472	3014
472	3042
474	473
474	2035
474	2038
474	2046
474	2242
474	2896
474	3048
475	473
475	475
475	482
476	475
476	2039
476	2047
476	2243
476	3047
478	477
478	2036
478	2044
478	2052
478	2249
478	3049
480	479
480	482
479	482
481	479
481	486
481	763
481	2032
481	2042
481	2050
481	2244
481	2805
481	3044
481	3130
481	3280
483	482
484	483
485	483
485	486
485	487
485	488
485	494
491	490
492	491
492	761
492	799
492	3222
493	491
493	497
493	664
493	757
493	761
493	799
493	801
493	807
493	2746
493	2745
493	2829
493	3171
493	3222
493	3225
495	504
496	497
498	497
498	502
498	801
498	2747
498	3225
497	499
497	500
497	501
497	502
502	503
506	505
506	583
505	541
505	543
505	605
505	607
507	505
507	937
507	939
507	933
507	960
507	962
507	969
507	972
507	992
509	508
509	518
509	523
509	539
509	550
509	566
510	509
510	776
510	802
510	803
510	810
511	510
511	513
511	525
511	541
511	543
511	574
511	620
511	777
511	804
511	809
511	810
511	816
511	824
511	983
511	1239
511	2744
511	2746
511	2745
511	2755
511	2803
512	511
512	792
512	816
512	824
513	509
513	515
513	519
513	524
513	540
513	551
513	567
514	509
514	508
514	518
514	517
514	516
514	523
514	522
514	530
514	529
514	533
514	535
514	537
514	539
514	544
514	546
514	548
514	550
514	552
514	555
514	554
514	558
514	560
514	562
514	564
514	566
514	608
514	610
514	612
514	614
514	810
515	508
517	516
517	530
517	533
517	548
517	560
517	564
517	608
518	517
518	527
518	535
518	544
519	518
519	520
519	528
519	545
520	517
520	521
520	531
520	534
520	549
520	561
520	565
520	609
521	516
523	522
523	537
523	546
523	555
524	523
524	526
524	538
524	547
524	556
525	524
525	526
525	541
525	543
525	592
525	802
525	810
525	816
525	824
525	2718
525	2755
525	2800
525	2949
525	2950
526	522
527	552
527	614
528	527
528	536
528	553
528	615
530	529
530	558
530	562
531	530
531	532
531	559
531	563
532	529
534	533
536	535
538	537
540	539
542	541
542	543
542	605
542	604
542	607
542	793
542	930
542	964
542	988
542	990
542	2663
542	2746
545	544
547	546
549	548
551	550
553	552
555	554
555	610
555	612
556	555
556	557
556	611
556	613
557	554
559	558
561	560
563	562
565	564
567	566
570	569
570	2947
569	578
571	570
571	772
571	773
571	774
571	794
575	574
579	578
579	580
579	789
579	794
579	824
579	2707
580	579
581	578
581	2728
581	2780
581	2805
582	581
582	789
583	578
584	583
584	795
585	584
586	585
586	583
586	793
587	583
587	973
587	976
587	984
587	993
587	997
587	999
587	1020
587	1027
588	583
588	588
589	588
590	588
590	619
591	583
591	971
591	976
591	980
591	983
591	991
591	993
591	994
591	996
591	998
591	1006
591	1009
591	1019
591	3341
601	600
601	1642
601	2664
601	2665
601	2668
601	2669
601	2683
601	2684
601	2982
601	2984
601	3024
601	3025
601	3031
601	2954
601	2467
601	3040
601	3125
601	3258
605	604
605	606
609	608
611	610
613	612
615	614
617	616
617	618
617	626
620	620
623	622
623	1059
623	1081
623	1103
625	624
625	1098
625	1250
625	1079
625	2061
625	2118
625	2301
625	2663
625	2961
625	2979
627	627
629	628
629	1400
629	2659
629	2889
630	629
630	811
630	812
630	2367
630	2618
630	2704
630	3122
634	633
634	1157
634	1793
634	1738
636	635
636	1628
636	2360
636	2939
637	636
637	640
637	641
637	1619
637	1665
637	1840
637	2203
638	637
638	1366
638	2279
638	2660
638	2885
640	639
643	642
643	1624
644	643
644	1760
644	1770
644	2214
646	645
646	1053
646	1076
646	1520
646	1757
646	2165
646	2173
647	645
647	1082
647	1158
647	1179
647	1184
647	1779
647	1783
647	1784
647	1790
647	1791
647	1812
647	1813
647	2283
647	2284
647	2289
649	648
649	652
649	651
649	676
649	680
649	691
649	700
649	703
649	704
649	713
649	761
649	765
649	768
648	651
648	703
648	704
650	648
650	676
650	704
650	706
650	708
652	651
652	670
653	652
653	676
653	680
653	713
654	653
654	660
654	662
654	712
654	731
654	751
655	654
655	659
655	713
656	651
657	651
659	658
659	661
659	666
659	700
660	658
660	666
662	661
662	700
663	662
664	760
664	3172
665	664
665	692
665	697
665	2840
669	668
672	671
671	680
673	671
673	697
675	674
675	680
675	770
676	713
678	677
678	679
679	677
680	679
680	697
681	680
681	681
681	691
681	2746
681	2879
681	2914
681	3155
682	681
683	682
683	689
684	683
684	681
684	689
685	682
685	2931
686	682
686	2892
686	2894
686	2896
686	2907
686	2908
686	2909
686	2910
686	2911
686	2912
686	2913
686	2918
686	2928
686	2931
687	682
688	687
688	2896
688	2903
689	680
689	2746
689	2892
690	689
691	680
692	680
693	692
693	760
693	3172
693	3340
694	692
694	3340
695	692
695	680
695	760
695	762
695	763
695	764
695	765
695	3172
695	3340
696	680
696	713
696	714
696	752
696	753
697	758
698	697
698	2217
700	699
700	751
702	701
706	705
710	709
712	711
712	731
712	748
711	750
711	753
713	712
713	716
713	743
713	749
713	751
714	712
714	751
715	711
715	2217
716	742
716	744
717	718
718	719
718	720
718	721
718	722
718	723
724	718
724	725
724	726
727	718
727	728
727	729
727	730
727	726
731	733
731	734
732	731
732	752
735	736
736	737
737	738
737	739
737	740
741	736
745	736
746	736
748	747
752	751
755	754
755	758
754	765
754	3173
757	756
758	757
760	761
766	765
767	765
767	827
767	1923
767	1940
767	2212
767	2312
767	2327
767	2339
767	2341
767	2491
767	2746
767	2801
767	3254
769	768
776	775
776	781
776	818
777	776
777	780
777	782
777	819
778	776
779	776
779	783
779	818
779	820
780	775
782	781
785	784
785	808
785	821
785	1016
785	1017
785	2675
785	2677
786	784
786	796
786	821
787	784
787	803
787	821
787	824
787	825
787	2793
788	787
790	799
792	791
798	797
800	799
804	803
806	805
807	2746
809	808
809	810
814	813
816	815
817	816
819	818
819	821
822	821
822	912
822	1016
822	1017
822	1685
822	1695
822	1698
822	1716
822	2204
822	2446
822	2458
822	2468
822	2469
822	2569
822	2574
822	2607
822	2665
822	2671
822	2672
822	2675
822	2981
822	3026
822	3027
822	3028
822	2954
822	3032
822	3033
822	3035
822	3038
822	3039
822	3120
823	824
826	825
830	829
839	838
839	848
839	849
841	840
843	842
843	844
851	850
851	853
851	854
851	855
851	856
851	857
851	858
851	859
851	860
851	861
851	862
851	863
851	864
851	865
851	866
851	867
851	868
851	869
851	870
851	871
851	872
851	873
851	874
851	875
851	876
851	877
851	878
851	879
851	880
851	881
851	882
851	883
851	884
851	885
851	886
851	887
851	888
851	889
851	890
851	891
851	892
851	893
851	894
851	895
851	896
851	897
851	2808
852	851
852	920
893	898
900	899
900	902
900	903
900	941
900	957
900	959
899	910
901	899
901	927
901	932
901	925
901	950
901	958
901	1017
901	2892
904	903
904	910
904	927
904	959
903	988
905	903
905	910
905	916
905	936
905	950
905	957
905	959
905	961
905	1003
906	905
906	920
906	922
907	903
907	930
907	945
907	988
907	992
908	907
908	911
909	907
909	911
909	973
909	976
909	983
909	1003
911	910
911	939
911	959
911	960
911	972
913	912
913	919
913	928
914	913
914	914
914	915
914	927
915	913
915	927
915	935
916	915
916	916
916	942
917	916
917	950
917	953
917	964
917	2483
917	2578
917	2600
917	3008
917	3013
919	918
919	970
918	945
920	919
921	919
921	918
921	951
922	919
922	928
922	927
922	925
922	935
922	946
923	918
923	925
924	918
924	926
925	918
926	925
926	927
926	918
926	945
927	925
927	941
927	945
928	927
929	928
929	970
929	2677
930	927
930	988
930	992
931	930
932	930
932	982
932	993
933	932
934	925
938	937
938	939
938	932
938	982
938	989
938	1017
938	2684
940	939
940	960
940	972
944	943
944	1026
948	947
948	949
948	952
948	1010
954	953
954	964
955	954
955	956
956	953
956	964
956	965
958	960
959	958
959	965
960	959
964	964
969	988
969	992
973	972
973	992
973	1018
972	988
972	1011
974	973
974	972
974	992
975	974
975	988
975	989
975	990
975	992
975	1018
975	1020
975	1025
979	979
982	981
982	997
982	999
982	1005
982	1010
983	982
983	995
983	1007
984	983
985	982
988	995
988	1008
989	988
989	1018
990	989
990	1020
991	991
1002	1001
1004	1003
1013	1012
1013	1014
1013	1015
1015	1016
1015	1017
1022	1023
1027	1027
1029	1028
1034	1039
1035	1034
1042	1041
1042	1063
1042	1085
1043	1041
1043	1051
1043	1063
1043	1064
1043	1070
1043	1085
1043	1176
1044	1043
1045	1044
1045	1176
1045	1201
1045	1227
1045	1276
1045	1337
1045	1392
1045	3274
1046	1041
1046	1047
1046	1048
1050	1049
1050	1257
1050	1260
1050	1333
1049	1049
1052	1051
1052	1503
1051	1072
1053	1052
1053	1489
1053	1490
1053	1491
1053	1498
1054	1051
1054	1092
1054	1131
1054	1133
1054	1250
1054	1312
1055	1054
1055	1088
1055	1089
1056	1051
1056	1250
1058	1057
1058	1080
1059	1057
1060	1059
1060	1080
1062	1061
1062	1229
1062	1255
1062	1336
1062	1392
1061	1063
1063	1341
1064	1063
1064	1226
1064	1274
1068	1067
1068	1396
1068	1397
1068	1467
1068	1536
1068	1538
1068	1551
1068	1552
1068	1564
1068	1565
1068	1741
1069	1068
1069	1543
1069	1542
1069	1544
1069	1731
1069	1752
1069	2266
1071	1070
1070	1223
1070	1272
1073	1072
1073	1502
1073	1702
1073	1707
1073	1723
1073	1724
1073	1728
1073	1729
1073	1730
1073	2166
1073	2174
1074	1073
1074	1678
1074	1680
1074	1684
1074	1690
1074	1703
1074	1704
1074	1714
1075	1074
1075	1388
1075	1668
1075	1685
1075	1687
1075	1695
1075	1698
1075	1701
1075	1713
1075	1720
1075	1721
1075	2569
1076	1075
1076	1670
1076	1673
1076	1675
1076	2178
1076	2211
1077	1076
1077	1074
1077	1073
1077	1200
1077	1668
1077	1670
1077	1673
1077	1680
1077	1685
1077	1687
1077	1704
1077	1720
1077	1725
1077	1758
1077	1760
1077	1770
1077	2209
1078	1076
1079	1075
1079	1671
1079	1732
1079	1754
1079	1996
1079	2166
1079	2174
1082	1258
1082	1259
1087	1086
1087	1095
1087	1096
1087	1097
1087	1105
1087	1110
1087	1114
1086	1115
1086	1165
1088	1087
1088	1092
1089	1087
1089	1096
1089	1097
1089	1105
1089	1114
1090	1086
1090	1145
1090	1147
1090	1392
1091	1090
1092	1091
1092	1131
1092	1133
1093	1090
1093	1145
1094	1093
1094	1132
1094	1135
1094	1147
1094	1164
1094	1170
1094	1171
1096	1108
1096	1109
1097	1106
1097	1107
1097	1111
1097	1113
1099	1098
1100	1099
1100	1101
1100	1104
1102	1101
1102	1122
1102	1140
1102	1396
1102	1397
1102	2125
1102	2191
1102	2220
1102	2222
1102	2224
1102	2227
1102	2230
1102	2261
1102	2266
1102	2268
1102	2277
1102	3006
1102	3020
1102	3050
1102	3055
1102	3060
1102	3199
1103	1132
1103	1146
1103	1147
1105	1112
1117	1116
1117	1119
1117	1120
1117	1121
1117	1124
1118	1117
1118	1227
1118	1276
1123	1122
1123	1140
1123	1141
1123	1142
1123	1143
1123	1149
1122	1125
1122	1126
1122	1127
1122	1128
1122	1129
1131	1130
1131	1137
1131	1144
1131	1145
1131	1146
1131	1147
1131	1148
1132	1130
1132	1138
1132	1139
1133	1132
1133	1153
1134	1132
1135	1130
1136	1135
1136	1165
1136	1609
1136	1736
1136	2115
1136	2202
1136	2489
1136	2573
1136	2579
1136	2580
1136	2583
1136	2597
1141	1154
1150	1149
1150	1152
1151	1149
1157	1250
1159	1158
1159	1184
1158	1257
1158	1258
1158	1259
1158	1260
1160	1159
1160	1187
1160	1188
1160	2773
1162	1161
1162	1204
1166	1165
1166	1166
1166	1173
1166	1532
1166	1695
1166	1702
1166	1830
1166	1831
1166	2283
1166	2284
1166	2940
1166	2951
1167	1165
1167	2573
1168	1165
1168	2020
1168	2565
1168	2573
1168	2862
1169	1165
1169	1171
1174	1173
1178	1177
1178	1180
1178	1184
1177	1179
1177	1181
1177	1182
1177	1183
1185	1184
1185	1856
1185	2261
1186	1185
1186	1184
1186	1833
1186	1850
1186	1856
1186	1858
1186	2224
1187	1184
1188	1184
1193	1192
1193	1201
1194	1193
1194	1613
1194	2579
1195	1194
1196	1195
1196	1603
1196	1608
1197	1196
1197	1609
1198	1194
1198	1615
1198	2520
1198	3090
1198	3092
1198	3089
1198	3219
1198	3220
1198	3345
1199	1192
1199	1493
1199	1521
1199	1680
1199	2307
1199	2308
1202	1201
1202	2006
1202	2437
1202	2507
1204	1203
1204	1213
1204	3274
1205	1204
1205	1206
1205	2758
1205	2762
1205	2765
1205	2766
1209	1208
1209	1223
1209	1224
1209	1226
1209	1249
1209	1251
1209	1253
1211	1210
1211	1215
1211	1216
1211	1217
1211	1218
1211	1220
1211	1221
1211	1222
1212	1211
1212	1262
1212	2768
1213	1212
1213	1227
1213	1239
1213	1240
1213	1255
1213	1276
1213	1337
1214	1212
1214	1227
1214	1276
1219	1218
1219	1231
1219	1265
1219	1266
1225	1224
1225	1227
1225	1270
1225	1276
1225	1310
1227	1241
1227	1242
1227	1243
1227	1244
1227	1245
1227	1246
1227	1247
1227	1248
1228	1227
1228	1252
1228	1276
1228	1312
1228	2768
1229	1228
1229	1276
1229	2768
1230	1227
1230	1251
1230	1276
1230	1346
1231	1227
1231	1276
1231	3274
1232	1231
1233	1232
1233	1235
1234	1231
1234	1369
1235	1231
1235	3290
1236	1231
1237	1236
1237	1383
1238	1227
1238	1276
1238	1338
1238	1391
1239	1227
1239	1276
1240	1239
1250	1249
1250	1344
1254	1253
1254	1300
1254	1332
1255	1254
1255	1289
1256	1255
1256	1337
1256	1391
1262	1261
1262	1263
1262	1264
1262	1265
1262	1266
1262	1267
1262	1268
1262	1269
1262	1302
1261	1301
1264	1303
1265	1304
1266	1305
1267	1306
1268	1307
1269	1308
1272	1271
1272	1311
1274	1273
1274	1312
1276	1275
1276	1282
1276	1313
1276	1384
1275	1278
1275	1279
1275	1280
1275	1283
1275	1284
1275	1285
1275	1286
1277	1276
1277	1287
1277	1312
1277	1322
1282	1281
1282	1317
1289	1288
1289	1323
1288	1292
1288	1293
1288	1294
1288	1295
1288	1296
1288	1297
1288	1298
1288	1299
1290	1289
1291	1289
1313	1314
1313	1315
1313	1316
1313	1318
1313	1319
1313	1320
1313	1321
1323	1324
1323	1325
1323	1326
1323	1327
1323	1328
1323	1329
1323	1330
1323	1331
1335	1334
1335	2648
1335	2959
1338	1337
1339	1337
1340	1337
1344	1343
1346	1345
1350	1349
1350	2515
1351	1350
1352	1351
1353	1351
1353	2027
1354	1350
1359	1358
1359	1663
1359	1760
1364	1363
1366	1365
1366	1367
1366	1368
1366	1378
1370	1369
1371	1369
1371	2195
1371	2755
1374	1373
1373	1388
1375	1373
1379	1380
1382	1383
1385	1386
1386	1387
1389	1079
1389	1632
1389	1946
1389	1996
1390	1079
1390	2564
1390	2566
1394	1393
1395	1393
1405	1404
1405	1408
1405	1410
1404	1406
1404	1407
1404	1409
1406	1406
1412	1411
1412	1414
1412	1416
1413	1412
1413	1663
1413	2716
1413	2914
1413	3008
1413	3013
1413	3173
1415	1414
1417	1416
1417	2703
1418	1416
1421	1420
1421	1436
1424	1423
1428	1429
1428	1430
1437	1456
1441	1440
1442	1441
1443	1441
1443	2614
1462	1461
1462	1546
1463	1462
1463	1847
1463	1850
1463	3343
1465	1464
1466	1464
1469	1468
1469	1560
1479	1478
1480	1479
1480	2119
1480	2124
1480	2125
1480	2268
1483	1482
1489	1493
1489	1495
1489	1513
1489	1515
1489	1521
1489	1523
1489	1528
1489	1530
1490	1492
1490	1500
1490	1501
1490	1504
1490	1506
1490	1507
1490	1509
1490	1517
1490	1519
1490	1526
1491	1494
1491	1496
1491	1508
1491	1510
1491	1512
1491	1531
1493	1530
1498	1497
1498	1525
1500	1499
1500	1511
1500	1514
1500	1518
1500	1524
1500	1527
1500	1529
1505	1504
1505	1510
1505	1517
1505	1725
1505	1845
1505	1946
1505	1975
1505	2173
1506	1724
1516	1515
1516	1702
1520	1519
1520	1557
1520	2165
1520	2166
1521	1523
1522	1521
1526	1729
1537	1536
1537	1538
1537	1540
1537	1544
1537	1564
1537	1565
1537	1566
1537	1731
1537	1752
1537	2027
1537	2252
1537	2256
1537	2258
1537	2273
1537	3038
1537	3058
1537	3060
1543	1542
1543	1555
1543	1556
1543	1559
1545	1544
1548	1547
1548	1549
1552	1553
1555	1554
1555	1561
1559	1558
1562	1562
1570	1572
1570	2364
1574	1573
1574	2775
1576	1575
1576	2774
1577	1577
1579	2861
1580	1581
1580	1582
1582	1583
1582	1584
1582	1585
1585	1586
1585	1588
1586	1587
1588	1587
1589	1590
1589	1583
1589	1591
1591	1592
1592	1593
1594	1595
1594	1598
1594	1599
1595	1596
1596	1597
1598	1582
1598	1597
1598	1592
1600	1601
1600	1602
1600	1582
1600	1587
1603	1604
1604	1605
1607	1606
1607	1605
1612	1613
1614	2104
1614	2106
1614	2109
1614	2500
1616	1615
1617	1615
1617	1626
1617	2501
1618	2294
1621	1620
1621	1622
1621	2230
1628	1627
1630	1629
1630	1631
1630	1638
1630	1652
1630	2563
1629	1655
1633	1632
1633	2311
1633	2330
1633	2345
1633	2410
1633	2813
1633	2966
1633	2975
1633	3126
1633	3143
1634	1632
1634	2367
1634	3122
1634	3319
1637	1636
1639	1638
1639	2178
1639	2211
1639	2217
1642	1641
1642	2418
1642	2638
1644	1643
1644	3164
1644	3169
1645	1644
1645	1645
1645	3052
1645	3054
1645	3236
1645	3238
1646	1645
1647	1644
1647	3173
1647	3229
1647	3232
1647	3319
1649	1648
1649	2093
1649	2576
1649	2601
1649	2834
1649	2962
1649	2965
1649	2969
1649	2978
1649	2993
1649	2994
1649	2996
1649	3128
1649	3129
1649	3130
1649	3131
1649	3132
1649	3133
1649	3177
1649	3178
1649	3179
1649	3200
1649	3201
1649	3202
1649	3204
1649	3207
1649	3233
1649	3344
1649	2000
1649	3346
1650	1648
1650	3183
1650	3201
1650	3202
1651	1648
1651	2329
1651	3182
1651	3197
1651	3231
1652	1653
1652	1654
1659	1658
1659	1663
1660	1658
1664	1663
1668	1667
1668	1725
1667	1688
1667	1700
1670	1669
1670	1671
1670	1672
1670	1674
1670	1676
1678	1677
1678	1679
1678	1696
1682	1681
1682	1684
1682	1692
1682	1708
1684	1683
1684	1693
1684	1706
1684	1709
1687	1686
1690	1689
1690	1691
1690	1710
1694	1693
1698	1697
1698	1717
1698	1718
1698	2570
1699	1697
1699	2458
1699	2967
1705	1704
1705	2165
1705	2173
1712	1711
1713	1712
1716	1715
1719	1718
1722	1721
1722	2675
1725	1726
1725	1727
1731	1732
1732	1731
1732	2565
1732	2566
1736	1735
1736	1739
1736	1748
1737	1736
1737	1745
1737	2618
1738	1736
1739	1735
1741	1742
1746	1745
1746	1747
1749	1748
1753	1752
1753	1754
1756	1755
1757	1758
1759	1759
1761	1760
1762	1760
1762	1762
1763	1762
1765	1764
1765	1767
1765	1768
1765	2066
1765	2067
1765	2107
1765	3209
1766	1765
1772	1771
1772	1773
1772	1774
1772	1785
1772	1804
1771	1786
1773	1782
1773	1789
1773	1811
1774	1777
1774	1788
1774	1793
1774	1796
1774	1800
1774	1806
1774	1807
1774	1810
1776	1775
1776	1830
1775	1783
1775	1784
1775	1787
1775	1790
1775	1791
1775	1792
1775	1794
1775	1795
1775	1797
1775	1801
1775	1805
1775	1808
1775	1809
1775	1812
1775	1813
1778	1777
1778	1782
1778	1796
1778	1800
1778	1806
1778	1807
1778	1810
1778	1811
1778	1815
1778	1816
1778	1818
1778	1819
1778	1821
1778	1822
1778	1824
1778	1826
1778	1828
1778	1834
1778	1950
1778	1960
1779	1778
1779	1830
1779	1831
1779	1836
1780	1778
1780	1821
1780	2595
1780	3212
1781	1778
1781	2003
1781	2219
1797	1798
1797	1799
1801	1802
1801	1803
1817	1816
1817	2596
1820	1819
1823	1822
1823	2941
1823	2953
1825	1824
1831	1830
1833	1832
1833	1854
1835	1834
1835	1860
1835	1866
1835	1867
1835	1868
1835	1869
1835	1870
1835	1871
1835	1872
1835	1873
1835	1874
1835	1883
1835	1884
1835	1885
1835	1886
1835	1888
1835	1890
1835	1894
1835	1903
1835	1904
1835	1905
1835	1906
1835	1918
1835	1921
1835	1922
1835	1926
1835	1928
1835	1935
1835	1936
1834	1897
1834	1930
1834	1931
1834	1932
1834	1933
1834	1934
1836	1835
1836	1842
1836	1843
1836	1844
1836	1845
1836	1846
1837	1836
1838	1834
1838	2962
1840	1839
1839	1841
1839	1848
1839	1852
1839	1853
1842	1849
1842	1908
1842	1927
1842	1938
1842	1939
1843	1859
1843	1863
1843	1875
1843	1876
1843	1881
1843	1882
1843	1889
1843	1891
1843	1892
1843	1893
1843	1895
1843	1896
1843	1898
1843	1911
1843	1913
1843	1914
1843	1916
1843	1917
1843	1919
1843	1920
1843	1924
1843	1929
1844	1865
1845	1861
1845	1862
1845	1864
1845	1879
1845	1901
1845	1909
1845	1915
1845	1923
1845	1925
1846	1877
1846	1899
1846	1912
1849	1902
1851	1851
1853	1943
1856	1855
1856	1857
1862	1878
1880	1879
1880	1946
1880	1948
1880	1975
1884	1887
1888	1937
1901	1900
1901	1907
1909	1975
1910	1909
1910	1940
1910	1941
1930	1961
1942	1941
1945	1944
1945	1947
1945	1949
1945	1954
1945	1957
1945	1961
1945	1962
1945	1965
1945	1970
1945	1971
1945	1972
1945	1973
1945	1974
1945	1976
1945	1977
1945	1981
1945	1984
1945	1985
1946	1945
1946	1951
1946	1953
1946	1963
1946	1967
1946	1978
1946	1983
1946	1994
1946	1995
1951	1950
1951	1959
1951	1960
1951	1966
1951	1969
1953	1952
1953	1955
1953	1956
1953	1979
1953	1980
1953	1982
1959	1958
1965	1964
1967	1968
1985	1988
1985	1990
1985	1992
1987	1986
1987	1991
1987	1997
1986	1989
1986	1991
1986	1993
1999	2001
1999	2002
2000	1999
2000	2961
2000	2962
2000	2965
2000	2979
2005	2004
2005	2015
2005	2118
2005	3021
2005	3022
2005	3023
2005	3035
2008	2007
2008	2582
2008	2594
2009	2008
2009	2367
2009	2375
2009	2397
2009	2404
2009	2405
2009	2413
2009	2416
2009	2423
2009	2438
2009	2443
2009	2450
2009	2488
2009	2490
2009	2503
2009	2521
2009	2530
2009	2579
2009	2581
2009	2593
2009	2637
2017	2016
2022	2021
2022	2022
2022	2034
2022	2035
2021	2021
2023	2022
2025	2024
2027	2026
2027	2040
2027	2048
2026	2034
2028	2027
2028	2247
2029	2028
2029	2214
2029	2217
2029	2255
2030	2026
2030	2032
2030	2034
2031	2026
2031	3043
2031	3050
2031	3051
2031	3057
2031	3058
2032	2034
2033	2032
2033	2034
2037	2042
2037	2043
2039	2038
2039	2039
2039	2043
2040	2043
2041	2040
2041	2042
2041	2043
2042	2043
2045	2050
2045	2051
2047	2046
2047	2047
2047	2051
2048	2051
2049	2048
2049	2050
2049	2051
2050	2051
2054	2053
2054	2059
2056	2055
2056	2058
2056	2060
2057	2057
2062	2061
2062	2064
2062	2301
2063	2062
2063	2229
2063	2299
2063	2302
2065	2065
2069	2068
2071	2070
2074	2073
2075	2073
2075	2607
2075	2634
2075	2824
2075	3241
2077	2076
2079	2078
2079	2294
2079	2297
2079	2307
2078	2080
2080	2090
2081	2083
2083	2082
2083	2087
2083	2100
2084	2083
2084	2086
2084	2088
2084	2090
2084	2096
2084	2097
2084	2099
2086	2085
2086	2098
2090	2089
2090	2091
2093	2092
2092	2103
2095	2094
2096	2095
2102	2101
2102	2110
2108	2108
2112	2111
2112	2113
2115	2114
2115	2116
2115	2117
2115	2119
2121	2120
2121	2123
2121	2127
2121	2129
2120	2127
2120	2129
2120	2133
2120	2136
2127	2126
2127	2140
2129	2128
2129	2130
2129	2131
2129	2134
2129	2135
2129	2137
2129	2138
2129	2141
2129	2142
2129	2143
2129	2144
2133	2132
2133	2139
2146	2145
2146	2148
2146	2159
2149	2150
2152	2151
2154	2153
2155	2154
2155	2157
2157	2156
2157	2158
2160	2161
2168	2167
2169	2169
2172	2171
2173	2172
2176	2175
2179	2178
2179	2211
2179	2687
2181	2180
2181	2193
2181	2210
2181	2213
2181	2223
2182	2181
2184	2183
2184	2216
2184	2218
2185	2184
2185	2183
2185	2746
2186	2183
2186	2957
2186	3229
2187	2186
2187	2955
2187	2956
2187	3186
2187	3191
2187	3192
2187	3193
2188	2186
2190	2189
2190	2578
2190	2851
2190	2980
2190	2996
2190	3012
2190	3267
2192	2191
2192	2195
2192	2198
2192	2222
2196	2195
2196	2210
2196	2224
2196	2227
2196	2261
2196	2266
2196	2277
2197	2196
2197	2327
2197	2332
2200	2199
2200	2333
2201	2199
2205	2204
2204	2207
2206	2205
2215	2214
2221	2220
2221	2222
2224	2225
2225	2230
2227	2226
2227	2229
2228	2226
2228	2230
2229	2230
2233	2232
2235	2235
2238	2237
2237	2239
2237	2240
2241	2244
2241	2246
2243	2242
2243	2243
2243	2246
2245	2244
2245	2246
2244	2246
2247	2246
2248	2247
2248	2250
2248	2251
2248	2255
2248	2259
2252	2254
2255	2254
2254	2258
2256	2255
2258	2257
2271	2270
2271	2272
2271	2273
2271	2276
2271	2277
2274	2273
2274	2275
2282	2287
2282	2292
2299	2300
2303	2304
2305	2306
2309	2308
2309	2310
2311	2312
2313	2314
2313	2443
2314	2316
2320	2319
2320	2321
2322	2323
2323	2324
2338	2338
2340	2340
2342	2341
2343	2341
2344	2341
2344	3212
2365	2369
2366	2365
2366	2409
2366	2584
2366	2602
2366	3304
2366	3319
2367	2366
2367	2409
2372	2371
2373	2372
2373	2411
2373	2434
2373	2457
2373	2645
2375	2374
2375	2377
2375	2381
2375	2382
2375	2385
2375	2622
2374	2379
2377	2376
2381	2380
2381	2383
2381	2384
2387	2386
2387	2388
2387	2398
2387	2407
2387	2413
2387	2418
2387	2420
2387	2637
2387	2993
2387	2997
2386	2417
2386	2420
2386	2425
2386	2461
2388	2390
2388	2393
2390	2461
2391	2390
2391	2470
2393	2392
2393	2429
2393	2461
2393	2465
2394	2393
2394	2464
2394	2472
2394	2489
2395	2392
2395	2433
2395	2585
2397	2396
2397	2398
2397	2402
2396	2399
2396	2400
2401	2400
2404	2403
2404	2407
2404	2637
2405	2403
2405	2414
2406	2405
2413	2412
2413	2414
2416	2415
2416	2417
2416	2420
2416	2422
2416	2526
2416	2641
2416	2642
2416	2962
2422	2421
2423	2423
2424	2423
2424	2519
2426	2425
2426	2462
2425	2429
2428	2427
2428	2431
2429	2432
2429	2474
2431	2430
2431	2452
2431	2473
2430	2433
2430	2447
2430	2453
2430	2468
2432	2433
2432	2466
2432	2468
2437	2436
2437	2597
2437	2598
2438	2437
2438	2579
2439	2438
2440	2438
2440	2579
2444	2448
2446	2445
2445	2447
2445	2454
2448	2447
2448	2454
2448	2463
2449	2448
2449	2486
2449	2489
2450	2449
2450	2470
2450	2482
2450	2484
2450	2526
2450	2641
2451	2448
2452	2451
2452	2453
2453	2448
2460	2459
2460	2463
2460	2464
2460	2472
2462	2461
2462	2465
2464	2463
2467	2466
2467	3052
2470	2469
2471	2470
2476	2475
2476	2478
2476	2479
2476	2480
2477	2475
2477	2480
2480	2480
2482	2481
2486	2485
2488	2487
2488	2593
2487	2489
2494	2493
2494	2516
2494	2519
2495	2493
2495	3100
2497	2496
2498	2496
2498	2498
2498	2547
2498	2554
2498	2602
2498	2616
2500	2505
2501	2503
2501	2509
2504	2503
2509	2508
2510	2509
2511	2510
2512	2508
2517	2516
2521	2520
2521	2524
2521	2525
2521	2526
2521	2528
2521	2576
2521	2641
2521	2965
2522	2520
2524	2523
2524	2527
2530	2529
2530	2532
2530	2593
2532	2531
2533	2531
2533	2597
2535	2534
2535	2536
2535	2538
2535	2549
2535	2628
2535	2629
2535	2630
2537	2536
2538	2536
2539	2538
2541	2540
2541	2547
2541	2551
2541	2554
2541	2631
2541	2632
2543	2542
2545	2544
2545	2547
2545	2554
2548	2547
2548	2554
2550	2549
2550	2553
2552	2551
2552	2553
2554	2553
2555	2558
2555	2559
2556	2557
2558	2576
2558	2962
2558	2965
2562	2561
2574	2573
2577	2576
2578	2576
2579	2576
2579	2626
2579	2634
2579	2633
2579	2962
2580	2579
2581	2580
2581	2583
2582	2579
2583	2579
2587	2586
2587	2589
2587	2590
2588	2586
2588	2589
2588	2590
2588	2593
2592	2591
2592	2992
2604	2603
2604	2611
2604	2621
2606	2605
2606	2608
2606	2609
2606	2610
2613	2622
2619	2618
2620	2618
2623	2622
2623	2641
2623	2642
2624	2622
2624	2633
2625	2624
2626	2624
2627	2624
2634	2633
2634	2646
2635	2634
2636	2634
2636	2649
2636	2650
2637	2634
2639	2638
2645	2644
2647	2646
2649	2651
2649	2652
2649	2653
2649	2654
2649	2655
2649	2656
2668	2667
2668	439
2674	2673
2676	2675
2678	2677
2679	2677
2680	2677
2689	2688
2689	2690
2689	2691
2693	2692
2693	3011
2694	2695
2696	2695
2696	2697
2699	2698
2699	2701
2699	2702
2699	2703
2700	2698
2704	2757
2708	507
2709	507
2710	507
2711	507
2719	2718
2718	2718
2724	2725
2746	2745
2746	2750
2747	2746
2748	2746
2749	2746
2752	2751
2753	2751
2753	3074
2754	2751
2754	3074
2756	2755
2759	2758
2759	2762
2759	2765
2759	2766
2763	2762
2763	2764
2763	2765
2763	2766
2768	2767
2769	2767
2773	2772
2778	2796
2778	2797
2779	2778
2795	2794
2804	2803
2804	2805
2807	2806
2809	2811
2809	2812
2810	2811
2810	2812
2814	2852
2817	2816
2819	2818
2819	2820
2821	2820
2824	2823
2824	2855
2823	2827
2825	2824
2825	2826
2825	2827
2825	2847
2825	2859
2825	2878
2830	2831
2831	2830
2834	2833
2834	3127
2834	3215
2834	3216
2836	2848
2836	2863
2838	2837
2837	2837
2842	2843
2844	2843
2843	2889
2848	2861
2848	2867
2848	2873
2850	2849
2854	2853
2854	2870
2855	2854
2855	2862
2855	2874
2856	2854
2856	2874
2856	2875
2856	3153
2856	3155
2856	3156
2856	3157
2856	3171
2856	3172
2856	3217
2856	3229
2856	3248
2856	3249
2856	3251
2856	3252
2856	3253
2858	2857
2858	2859
2860	2859
2861	2863
2861	2871
2862	2865
2862	2872
2865	2864
2865	2866
2868	2867
2870	2869
2876	2875
2878	2877
2878	2879
2878	2880
2878	2881
2885	2884
2885	2888
2888	2887
2892	2896
2892	2917
2893	2907
2893	2909
2893	2910
2893	2911
2893	2912
2893	2913
2894	2893
2894	2908
2895	2894
2895	2907
2895	2908
2895	2909
2895	2910
2895	2911
2895	2912
2895	2913
2896	2894
2898	2918
2900	2899
2900	2901
2902	2919
2902	2926
2905	2904
2907	2906
2909	2908
2916	2915
2919	2918
2921	2920
2921	2922
2922	2923
2922	2924
2922	2925
2928	2927
2930	2929
2935	2934
2936	2934
2937	2936
2938	2936
2943	2942
2942	2948
2944	2942
2945	2942
2947	2946
2947	2950
2946	2949
2948	2947
2954	2953
2954	2954
2960	2959
2960	2980
2960	2997
2960	3172
2960	3173
2961	2959
2961	2980
2961	2983
2961	2986
2963	2962
2963	2965
2964	2962
2968	2967
2968	2976
2970	2969
2970	2978
2972	2971
2972	2973
2972	2974
2973	3319
2974	3319
2977	2976
2982	2981
2983	2981
2983	2985
2985	2984
2988	2987
2988	2990
2991	2991
2995	2994
2999	2998
2999	3003
3000	2999
3000	3004
3000	3009
3000	3010
3002	3001
3005	3004
3007	3006
3008	3009
3008	3010
3016	1738
3018	3017
3018	3019
3018	3020
3036	3035
3042	3044
3042	3046
3043	3046
3045	3044
3045	3046
3044	3046
3047	3046
3047	3047
3047	3048
3052	3051
3053	3052
3053	3054
3053	3235
3053	3236
3053	3238
3056	3055
3059	3058
3059	3061
3059	3064
3059	3068
3060	3200
3062	3061
3064	3063
3064	3066
3064	3067
3064	3070
3065	3069
3066	3066
3073	3072
3073	3074
3073	3078
3073	3087
3073	3092
3073	3093
3073	3089
3075	3074
3075	3076
3075	3087
3075	3088
3075	3091
3075	3093
3077	3076
3076	3080
3079	3078
3081	3080
3081	3088
3081	3091
3082	3080
3083	3080
3083	3084
3083	3086
3085	3084
3085	3086
3089	3088
3089	3091
3089	3094
3090	3088
3090	3091
3095	3094
3102	3110
3105	3104
3108	3107
3113	3112
3113	3115
3113	3117
3114	3112
3116	3115
3118	3117
3121	3120
3138	3137
3140	3139
3147	3146
3149	3148
3151	3150
3154	3153
3154	3155
3154	3156
3154	3157
3154	3160
3154	3217
3156	3172
3159	3158
3162	3161
3162	3163
3164	3170
3165	3164
3165	3169
3165	3173
3165	3258
3167	3166
3167	3168
3169	3167
3169	3175
3175	3174
3175	3176
3180	3179
3183	3184
3184	3185
3186	3187
3186	3188
3186	3189
3186	3190
3193	3196
3193	3200
3193	3201
3193	3202
3197	3196
3197	3200
3197	3201
3197	3202
3197	3229
3198	3197
3198	3198
3198	3219
3198	3220
3203	3202
3206	3205
3208	3267
3211	3210
3211	3212
3213	3212
3215	3214
3222	3221
3222	3223
3222	3224
3225	3226
3225	3227
3229	3230
3235	3234
3237	3236
3237	3238
3237	3239
3243	3242
3243	3244
3243	3245
3246	3245
3246	3243
3250	3249
3250	3251
3250	3252
3255	3256
3255	3257
3258	3259
3258	3260
3267	3266
3267	3269
3267	3270
3267	3271
3267	3272
3268	3267
3273	3283
3273	3284
3273	3285
3273	3286
3273	3288
3273	3289
3273	3290
3273	3291
3273	3293
3273	3294
3273	3295
3273	3297
3273	3298
3274	3273
3275	3273
3276	3283
3277	3282
3279	3285
3279	3288
3281	3280
3296	3297
3299	3298
3301	3317
3303	3302
3303	3310
3303	3311
3303	3313
3303	3314
3303	3315
3303	3318
3303	3321
3303	3323
3302	3316
3302	3320
3302	3324
3304	3306
3304	3326
3304	3327
3306	3307
3307	3308
3329	3328
3329	3330
3348	3347
