1	0
1	5
1	12
1	17
1	24
1	26
1	25
1	43
1	47
1	49
1	55
1	61
1	62
1	70
1	73
1	75
1	85
1	86
1	93
1	94
1	98
1	128
1	129
1	131
1	141
1	143
1	198
1	275
1	303
1	324
1	328
1	343
1	361
1	433
1	473
1	475
1	480
1	496
1	497
1	578
1	583
1	588
1	594
1	628
1	633
1	653
1	651
1	661
1	666
1	682
1	679
1	706
1	765
1	799
1	810
1	829
1	905
1	920
1	934
1	952
1	967
1	985
1	1001
1	1002
1	1030
1	1062
1	1086
1	1092
1	1090
1	1095
1	1096
1	1097
1	1101
1	1102
1	1105
1	1114
1	1157
1	1161
1	1203
1	1204
1	1234
1	1258
1	1262
1	1289
1	1348
1	1356
1	1376
1	1379
1	1398
1	1400
1	1411
1	1419
1	1449
1	1456
1	1645
1	1656
1	1658
1	1662
1	1663
1	1665
1	1763
1	1833
1	1841
1	1884
1	1907
1	1932
1	1943
1	1944
1	1951
1	2012
1	2015
1	2027
1	2035
1	2040
1	2043
1	2044
1	2046
1	2051
1	2052
1	2054
1	2078
1	2168
1	2185
1	2199
1	2202
1	2218
1	2222
1	2225
1	2227
1	2228
1	2247
1	2248
1	2250
1	2263
1	2262
1	2321
1	2331
1	2344
1	2371
1	2372
1	2379
1	2381
1	2412
1	2414
1	2460
1	2590
1	2594
1	2597
1	2599
1	2600
1	2607
1	2624
1	2665
1	2668
1	2669
1	2692
1	2693
1	2695
1	2707
1	2709
1	2722
1	2752
1	2756
1	2761
1	2763
1	2768
1	2771
1	2772
1	2783
1	2784
1	2788
1	2791
1	2799
1	2800
1	2803
1	2806
1	2807
1	2811
1	2830
1	2833
1	2842
1	2845
1	2847
1	2848
1	2855
1	2865
1	2871
1	2878
1	2889
1	2895
1	2898
1	2903
1	2920
1	2921
1	2924
1	2933
1	2961
1	1743
1	3026
1	3051
1	3053
1	3054
1	3061
1	3066
1	3107
1	3147
1	3153
1	3179
1	3204
1	3224
1	3240
1	3253
1	3268
1	3283
1	3285
1	3290
1	3292
1	3294
1	3295
1	3300
1	3301
1	3303
1	3304
1	3306
1	3307
1	3308
1	3315
1	3325
0	11
0	62
0	127
0	130
0	2590
0	2816
0	2817
0	2889
0	3284
0	3285
0	3290
0	3291
0	3292
0	3294
0	3295
0	3296
0	3297
0	3299
0	3300
0	3301
0	3303
0	3311
0	3313
0	3325
2	0
2	5
2	9
2	8
2	6
2	17
2	18
2	22
2	39
2	45
2	71
2	77
2	79
2	93
2	128
2	133
2	137
2	138
2	173
2	266
2	309
2	377
2	414
2	482
2	629
2	910
2	930
2	939
2	933
2	950
2	960
2	972
2	976
2	983
2	981
2	987
2	988
2	993
2	995
2	997
2	999
2	1001
2	1003
2	1005
2	1007
2	1015
2	1028
2	1062
2	1088
2	1144
2	1145
2	1147
2	1199
2	1236
2	1312
2	1353
2	1356
2	1361
2	1392
2	1498
2	1507
2	1514
2	1518
2	1520
2	1522
2	1544
2	1545
2	1577
2	1579
2	1618
2	1632
2	1640
2	1641
2	1648
2	1652
2	1659
2	1663
2	1671
2	1674
2	1678
2	1690
2	1712
2	1713
2	1714
2	1715
2	1735
2	1754
2	1764
2	1775
2	1841
2	1867
2	2032
2	2039
2	2048
2	2056
2	2083
2	2101
2	2113
2	2141
2	2183
2	2188
2	2209
2	2214
2	2216
2	2219
2	2222
2	2251
2	2291
2	2303
2	2368
2	2407
2	2422
2	2451
2	2569
2	2590
2	2640
2	2693
2	2710
2	2782
2	2783
2	2784
2	2803
2	2809
2	2811
2	2820
2	2842
2	2845
2	2848
2	2924
2	3032
2	3038
2	3039
2	3052
2	3067
2	3150
2	3280
2	3284
2	3303
2	3325
3	0
3	9
3	8
3	14
3	19
3	11
3	30
3	25
3	31
3	40
3	45
3	60
3	62
3	73
3	72
3	71
3	84
3	85
3	92
3	91
3	104
3	107
3	127
3	128
3	129
3	130
3	134
3	136
3	137
3	138
3	142
3	249
3	265
3	268
3	274
3	275
3	279
3	301
3	303
3	317
3	352
3	356
3	365
3	390
3	469
3	471
3	483
3	486
3	497
3	500
3	502
3	580
3	588
3	578
3	592
3	620
3	628
3	659
3	661
3	666
3	682
3	681
3	691
3	680
3	713
3	712
3	711
3	716
3	747
3	750
3	751
3	757
3	765
3	768
3	772
3	790
3	799
3	801
3	807
3	810
3	829
3	905
3	912
3	921
3	927
3	930
3	932
3	925
3	937
3	939
3	945
3	957
3	960
3	958
3	962
3	973
3	972
3	976
3	983
3	982
3	988
3	989
3	990
3	993
3	1002
3	1016
3	1017
3	1028
3	1030
3	1031
3	1043
3	1067
3	1076
3	1079
3	1073
3	1082
3	1083
3	1102
3	1117
3	1122
3	1140
3	1147
3	1152
3	1194
3	1202
3	1204
3	1206
3	1227
3	1240
3	1239
3	1244
3	1255
3	1258
3	1259
3	1276
3	1282
3	1289
3	1336
3	1337
3	1362
3	1384
3	1388
3	1396
3	1397
3	1400
3	1401
3	1409
3	1462
3	1474
3	1475
3	1503
3	1535
3	1546
3	1567
3	1620
3	1626
3	1630
3	1636
3	1642
3	1648
3	1658
3	1663
3	1669
3	1679
3	1690
3	1691
3	1708
3	1709
3	1721
3	1726
3	1738
3	1759
3	1762
3	1765
3	1786
3	1783
3	1798
3	1819
3	1820
3	1834
3	1861
3	1865
3	1884
3	1990
3	2034
3	2033
3	2032
3	2038
3	2039
3	2042
3	2048
3	2050
3	2056
3	2073
3	2077
3	2088
3	2098
3	2100
3	2104
3	2108
3	2119
3	2121
3	2122
3	2130
3	2189
3	2196
3	2202
3	2201
3	2200
3	2213
3	2219
3	2222
3	2225
3	2227
3	2228
3	2246
3	2259
3	2275
3	2282
3	2283
3	2285
3	2321
3	2331
3	2332
3	2343
3	44
3	2372
3	2371
3	2375
3	2381
3	2383
3	2384
3	2390
3	2391
3	2393
3	2401
3	2405
3	2407
3	2410
3	2422
3	2425
3	2449
3	2451
3	2461
3	2466
3	2475
3	2495
3	2506
3	2508
3	2525
3	2532
3	2539
3	2552
3	2560
3	2574
3	2580
3	2579
3	2584
3	2585
3	2591
3	2599
3	2607
3	2613
3	2623
3	2624
3	2630
3	2628
3	2640
3	2647
3	2648
3	2663
3	2664
3	2665
3	2668
3	2669
3	2671
3	2674
3	2675
3	2683
3	2689
3	2691
3	2693
3	2752
3	2751
3	2756
3	2761
3	2766
3	2782
3	2784
3	2803
3	2817
3	2842
3	2848
3	2849
3	2889
3	2895
3	2900
3	2909
3	2913
3	2914
3	2915
3	2916
3	2917
3	2918
3	2919
3	2920
3	2924
3	2948
3	2964
3	2965
3	2986
3	2988
3	2989
3	2990
3	2992
3	1743
3	3026
3	3031
3	3032
3	3034
3	3036
3	3037
3	2960
3	3038
3	3039
3	2472
3	3045
3	3046
3	3048
3	3058
3	3060
3	3066
3	3105
3	3109
3	3142
3	3161
3	3162
3	3173
3	3181
3	3200
3	3204
3	3203
3	3223
3	3236
3	3242
3	3244
3	3264
3	3267
3	3268
3	3280
3	3282
3	3293
3	3296
3	3297
3	3300
3	3303
3	3306
3	3309
3	3312
3	3313
3	3325
3	3326
4	0
4	8
4	14
4	19
4	21
4	26
4	28
4	30
4	25
4	24
4	43
4	42
4	47
4	45
4	39
4	49
4	54
4	55
4	60
4	61
4	68
4	69
4	73
4	82
4	83
4	71
4	70
4	84
4	85
4	86
4	90
4	91
4	104
4	111
4	108
4	118
4	122
4	123
4	124
4	125
4	128
4	129
4	133
4	134
4	136
4	137
4	138
4	145
4	148
4	147
4	152
4	155
4	166
4	167
4	171
4	173
4	172
4	175
4	177
4	178
4	179
4	180
4	182
4	185
4	186
4	187
4	188
4	189
4	190
4	191
4	192
4	193
4	194
4	195
4	196
4	197
4	201
4	200
4	204
4	209
4	214
4	220
4	226
4	228
4	229
4	231
4	233
4	236
4	240
4	247
4	249
4	264
4	270
4	274
4	276
4	284
4	282
4	287
4	292
4	291
4	301
4	305
4	307
4	311
4	317
4	323
4	335
4	345
4	347
4	352
4	358
4	379
4	380
4	377
4	383
4	385
4	389
4	390
4	394
4	396
4	405
4	406
4	416
4	418
4	419
4	420
4	422
4	423
4	425
4	435
4	437
4	436
4	444
4	442
4	446
4	447
4	449
4	450
4	453
4	451
4	462
4	465
4	469
4	470
4	471
4	475
4	473
4	477
4	479
4	483
4	482
4	498
4	497
4	500
4	501
4	502
4	510
4	509
4	518
4	580
4	579
4	588
4	583
4	618
4	627
4	628
4	647
4	650
4	648
4	652
4	658
4	661
4	666
4	667
4	670
4	674
4	676
4	685
4	686
4	687
4	682
4	690
4	689
4	680
4	697
4	700
4	701
4	703
4	705
4	707
4	708
4	709
4	713
4	716
4	742
4	744
4	751
4	753
4	754
4	757
4	759
4	760
4	761
4	764
4	765
4	768
4	770
4	771
4	775
4	781
4	784
4	791
4	799
4	802
4	803
4	807
4	810
4	811
4	812
4	818
4	823
4	840
4	847
4	851
4	916
4	920
4	921
4	930
4	932
4	934
4	953
4	967
4	971
4	977
4	980
4	983
4	982
4	981
4	986
4	989
4	991
4	994
4	995
4	996
4	997
4	998
4	999
4	1002
4	1001
4	1005
4	1006
4	1007
4	1009
4	1010
4	1013
4	1012
4	1014
4	1019
4	1020
4	1024
4	1031
4	1047
4	1048
4	1053
4	1052
4	1060
4	1061
4	1065
4	1066
4	1102
4	1110
4	1122
4	1127
4	1130
4	1140
4	1147
4	1152
4	1155
4	1156
4	1172
4	1197
4	1194
4	1193
4	1203
4	1210
4	1215
4	1216
4	1217
4	1218
4	1220
4	1221
4	1222
4	1229
4	1228
4	1232
4	1235
4	1240
4	1239
4	1250
4	1252
4	1277
4	1312
4	1337
4	1342
4	1344
4	1347
4	1351
4	1362
4	1363
4	1372
4	1379
4	1381
4	1399
4	1400
4	1402
4	1404
4	1406
4	1407
4	1408
4	1409
4	1410
4	1419
4	1428
4	1429
4	1430
4	1433
4	1455
4	1462
4	1461
4	1464
4	1467
4	1469
4	1468
4	1478
4	1485
4	1488
4	1503
4	1505
4	1516
4	1523
4	1526
4	1529
4	1530
4	1535
4	1539
4	1546
4	1555
4	1559
4	1569
4	1608
4	1611
4	1612
4	1614
4	1628
4	1631
4	1635
4	1645
4	1644
4	1643
4	1651
4	1648
4	1654
4	1657
4	1658
4	1663
4	1665
4	1666
4	1667
4	1668
4	1669
4	1671
4	1681
4	1682
4	1684
4	1696
4	1701
4	1702
4	1712
4	1720
4	1722
4	1723
4	1728
4	1737
4	1741
4	1744
4	1740
4	1748
4	1754
4	1765
4	1769
4	1772
4	1773
4	1774
4	1776
4	1778
4	1779
4	1780
4	1783
4	1782
4	1787
4	1788
4	1789
4	1798
4	1799
4	1800
4	1801
4	1802
4	1805
4	1806
4	1813
4	1814
4	1817
4	1818
4	1819
4	1826
4	1832
4	1834
4	1840
4	1839
4	1845
4	1844
4	1848
4	1849
4	1851
4	1854
4	1855
4	1857
4	1858
4	1859
4	1864
4	1865
4	1866
4	1867
4	1868
4	1869
4	1870
4	1871
4	1872
4	1873
4	1874
4	1875
4	1876
4	1877
4	1878
4	1879
4	1880
4	1881
4	1882
4	1884
4	1886
4	1887
4	1888
4	1889
4	1890
4	1891
4	1892
4	1893
4	1894
4	1895
4	1896
4	1897
4	1898
4	1899
4	1900
4	1901
4	1902
4	1903
4	1904
4	1906
4	1905
4	1908
4	1909
4	1910
4	1911
4	1912
4	1913
4	1914
4	1916
4	1917
4	1918
4	1919
4	1920
4	1921
4	1922
4	1923
4	1924
4	1925
4	1926
4	1927
4	1928
4	1929
4	1930
4	1931
4	1933
4	1934
4	1935
4	1936
4	1937
4	1938
4	1939
4	1940
4	1941
4	1942
4	1948
4	1991
4	2004
4	2009
4	2017
4	2018
4	2019
4	2020
4	2023
4	2024
4	2025
4	2027
4	2033
4	2038
4	2037
4	2039
4	2040
4	2041
4	2042
4	2044
4	2043
4	2047
4	2048
4	2049
4	2050
4	2052
4	2051
4	2055
4	2056
4	2057
4	2075
4	2077
4	2081
4	2086
4	2091
4	2093
4	2098
4	2097
4	2100
4	2102
4	2104
4	2106
4	2108
4	2110
4	2111
4	2115
4	2116
4	2118
4	2119
4	2121
4	2122
4	2124
4	2125
4	2127
4	2135
4	2139
4	2185
4	2192
4	2215
4	2218
4	2221
4	2222
4	2226
4	2230
4	2233
4	2231
4	2234
4	2235
4	2236
4	2239
4	2240
4	2241
4	2246
4	2248
4	2247
4	2249
4	2251
4	2254
4	2263
4	2262
4	2265
4	2267
4	2268
4	2269
4	2270
4	2272
4	2274
4	2286
4	2300
4	2302
4	2317
4	2319
4	2320
4	2323
4	2332
4	2339
4	2341
4	2343
4	2350
4	2352
4	2353
4	2354
4	2355
4	2356
4	2357
4	2358
4	2359
4	2360
4	2361
4	2362
4	2364
4	2375
4	2379
4	2382
4	2381
4	2384
4	2385
4	2387
4	2389
4	2390
4	2391
4	2399
4	2400
4	2397
4	2401
4	2403
4	2405
4	2407
4	2410
4	2421
4	2420
4	2422
4	2424
4	2425
4	2426
4	2428
4	2431
4	2430
4	2432
4	2434
4	2436
4	2437
4	2438
4	2442
4	2441
4	2447
4	2449
4	2463
4	2464
4	2467
4	2466
4	2457
4	2470
4	2475
4	2479
4	2480
4	2484
4	2487
4	2486
4	2489
4	2491
4	2490
4	2492
4	2494
4	2495
4	2497
4	2498
4	2503
4	2512
4	2514
4	2524
4	2525
4	2530
4	2531
4	2535
4	2539
4	2546
4	2550
4	2553
4	2560
4	2568
4	2567
4	2569
4	2572
4	2574
4	2576
4	2577
4	2579
4	2583
4	2587
4	2585
4	2588
4	2591
4	2594
4	2600
4	2601
4	2602
4	2603
4	2604
4	2605
4	2614
4	2616
4	2618
4	2619
4	2621
4	2622
4	2623
4	2624
4	2627
4	2632
4	2630
4	2628
4	2643
4	2640
4	2645
4	2644
4	2647
4	2648
4	2649
4	2663
4	2665
4	2667
4	2674
4	2675
4	2676
4	2691
4	2692
4	2693
4	2698
4	2708
4	2711
4	2718
4	2719
4	2720
4	2725
4	2724
4	2726
4	2727
4	2728
4	2729
4	2730
4	2732
4	2733
4	2734
4	2735
4	2736
4	2737
4	2738
4	2739
4	2740
4	2741
4	2742
4	2743
4	2744
4	2745
4	2746
4	2747
4	2748
4	2749
4	2752
4	2755
4	2761
4	2763
4	2767
4	2770
4	2773
4	2776
4	2777
4	2781
4	2782
4	2792
4	2793
4	2794
4	2795
4	2796
4	2797
4	2803
4	2810
4	2811
4	2813
4	2820
4	2822
4	2826
4	2828
4	2830
4	2829
4	2834
4	2835
4	2840
4	2847
4	2851
4	2852
4	2853
4	2854
4	2858
4	2861
4	2865
4	2872
4	2874
4	2884
4	2883
4	2885
4	2886
4	2887
4	2888
4	2894
4	2895
4	2896
4	2897
4	2898
4	2902
4	2900
4	2903
4	2904
4	2906
4	2905
4	2907
4	2908
4	2909
4	2910
4	2913
4	2915
4	2914
4	2916
4	2917
4	2918
4	2919
4	2920
4	2922
4	2923
4	2925
4	2927
4	2928
4	2932
4	2933
4	2935
4	2938
4	2939
4	2942
4	2958
4	2963
4	2967
4	2965
4	2969
4	2968
4	2985
4	2986
4	2988
4	2989
4	2990
4	2992
4	2993
4	2995
4	2996
4	3003
4	3007
4	3009
4	3017
4	3019
4	3020
4	3021
4	3028
4	3035
4	3036
4	3040
4	2472
4	3047
4	3048
4	3050
4	3052
4	3053
4	3054
4	3055
4	3060
4	3069
4	3073
4	3074
4	3076
4	3077
4	3093
4	3094
4	3099
4	3104
4	3106
4	3109
4	3112
4	3117
4	1704
4	1766
4	3129
4	3132
4	3137
4	3138
4	3139
4	3140
4	3141
4	2983
4	3148
4	3150
4	3153
4	3154
4	3156
4	3161
4	3162
4	3170
4	3175
4	3173
4	3181
4	3184
4	3185
4	3187
4	3188
4	3190
4	3191
4	3199
4	3200
4	3201
4	3204
4	3210
4	3211
4	3213
4	3214
4	3215
4	3221
4	3222
4	3225
4	3234
4	3239
4	3241
4	3242
4	3244
4	3246
4	3251
4	3253
4	3256
4	3259
4	3260
4	3263
4	3264
4	3267
4	3268
4	3269
4	3271
4	3273
4	3280
4	3281
4	3282
4	3283
4	3290
4	3291
4	3294
4	3296
4	3297
4	3299
4	3300
4	3303
4	3309
4	3308
4	3310
4	3312
4	3323
4	3325
4	3326
4	3338
4	3340
4	3341
4	3342
4	3343
4	3344
7	6
6	12
8	7
9	8
9	34
10	8
10	22
10	45
10	47
10	77
10	71
10	141
10	151
10	191
10	235
10	268
10	275
10	301
10	310
10	311
10	315
10	378
10	380
10	384
10	484
10	497
10	606
10	621
10	627
10	633
10	642
10	680
10	716
10	932
10	950
10	969
10	979
10	1001
10	1010
10	1027
10	1043
10	1061
10	1093
10	1135
10	1163
10	1192
10	1239
10	1250
10	1309
10	1312
10	1337
10	1233
10	1372
10	1385
10	1441
10	1544
10	1550
10	1551
10	1604
10	1638
10	1659
10	1669
10	1705
10	1754
10	1780
10	1867
10	2003
10	2034
10	2062
10	2070
10	2073
10	2112
10	2174
10	2182
10	2196
10	2202
10	2206
10	2227
10	2239
10	2240
10	2241
10	2262
10	2333
10	44
10	2413
10	2429
10	2505
10	2560
10	2561
10	2608
10	2609
10	2619
10	2639
10	2663
10	507
10	2752
10	2761
10	2763
10	2765
10	2784
10	2786
10	2787
10	2803
10	2811
10	2838
10	2844
10	2855
10	2892
10	2962
10	2997
10	3114
10	3113
10	3115
10	3153
10	3167
10	3169
10	3197
10	3198
10	3224
10	3231
10	3269
10	3270
10	3273
10	3307
12	11
12	127
12	2590
12	3271
12	3273
12	3279
12	3325
12	3332
12	3333
11	23
11	35
11	36
11	129
11	130
11	131
11	132
11	133
11	136
11	137
11	2815
11	2889
11	3309
11	3318
13	12
13	19
14	12
15	14
15	20
15	21
15	24
15	55
15	61
15	62
15	70
15	84
15	85
15	86
15	90
15	91
15	2816
15	3310
15	3311
16	15
17	14
18	12
19	12
20	19
20	40
20	49
20	60
20	126
20	3280
20	3281
20	3282
20	3284
20	3285
20	3302
21	11
21	3279
22	21
22	108
22	628
22	1043
22	1079
22	1197
22	1535
22	1765
22	1837
22	2001
23	134
23	135
24	23
25	24
25	1744
25	1749
25	1755
25	2258
25	2260
25	2275
25	2566
26	25
26	28
27	26
27	71
27	83
27	97
27	112
27	127
27	130
27	141
27	142
27	144
27	143
27	220
27	228
27	234
27	272
27	284
27	294
27	296
27	298
27	295
27	299
27	300
27	301
27	303
27	305
27	326
27	333
27	335
27	381
27	382
27	384
27	387
27	390
27	414
27	415
27	425
27	444
27	454
27	451
27	471
27	473
27	475
27	477
27	480
27	479
27	482
27	496
27	497
27	568
27	620
27	641
27	645
27	649
27	653
27	651
27	661
27	682
27	691
27	680
27	697
27	751
27	760
27	765
27	784
27	790
27	799
27	802
27	821
27	829
27	899
27	905
27	913
27	915
27	916
27	921
27	918
27	936
27	939
27	942
27	945
27	950
27	951
27	958
27	961
27	963
27	973
27	1002
27	1001
27	1075
27	1073
27	1102
27	1122
27	1140
27	1161
27	1201
27	1211
27	1234
27	1255
27	1289
27	1309
27	1337
27	1348
27	1402
27	1408
27	1441
27	1440
27	1516
27	1535
27	1622
27	1623
27	1636
27	1645
27	1658
27	1665
27	1715
27	1718
27	1728
27	1737
27	1744
27	1752
27	1756
27	1775
27	1782
27	1787
27	1809
27	2027
27	2026
27	2032
27	2035
27	2037
27	2038
27	2039
27	2040
27	2041
27	2042
27	2044
27	2043
27	2046
27	2047
27	2048
27	2049
27	2050
27	2051
27	2052
27	2054
27	2055
27	2056
27	2057
27	2183
27	2196
27	2202
27	2200
27	2209
27	2214
27	2216
27	2219
27	2222
27	2225
27	2227
27	2234
27	2246
27	2248
27	2247
27	2250
27	2249
27	2251
27	2254
27	2256
27	2260
27	2277
27	2284
27	2332
27	2344
27	2345
27	2371
27	2390
27	2393
27	2397
27	2405
27	2412
27	2423
27	2437
27	2438
27	2449
27	2451
27	2453
27	2466
27	2474
27	2475
27	2479
27	2495
27	2498
27	2581
27	2584
27	2591
27	2597
27	2599
27	2602
27	2607
27	2620
27	2640
27	2643
27	2647
27	2669
27	2670
27	2688
27	2692
27	2693
27	2698
27	2752
27	2761
27	2786
27	2787
27	2811
27	2835
27	2837
27	2845
27	2848
27	2855
27	2889
27	2899
27	2900
27	2903
27	2909
27	2913
27	2914
27	2915
27	2916
27	2917
27	2918
27	2919
27	2923
27	2925
27	2924
27	2947
27	2964
27	2965
27	2982
27	2989
27	2992
27	3009
27	3010
27	3014
27	3019
27	3020
27	3030
27	3032
27	3038
27	3039
27	3048
27	3051
27	3050
27	3052
27	3053
27	3054
27	3055
27	3075
27	3082
27	3093
27	3102
27	3103
27	3107
27	3115
27	3118
27	3188
27	3191
27	3194
27	3200
27	3240
27	3286
27	3293
27	3297
27	3325
28	25
28	2258
28	2263
29	28
29	1059
29	1199
29	1236
29	1353
29	1505
29	1522
29	1612
29	1618
29	2453
29	2455
29	2568
29	2643
29	2779
29	3033
29	3041
29	3043
29	3046
29	3067
29	3112
29	3115
29	2983
29	2005
30	25
30	286
30	298
30	300
30	375
30	410
30	427
30	429
30	899
30	902
30	915
30	912
30	920
30	921
30	922
30	918
30	927
30	935
30	968
30	989
30	990
30	1015
30	1016
30	1017
30	1057
30	1059
30	1192
30	1201
30	1336
30	1495
30	1503
30	1506
30	1517
30	1520
30	1519
30	1521
30	1532
30	1557
30	1726
30	1783
30	2083
30	2098
30	2101
30	2138
30	2151
30	2168
30	2170
30	2171
30	2178
30	2179
30	2293
30	2296
30	2520
30	2537
30	2719
30	2947
30	3172
30	3181
30	3210
32	31
32	33
36	128
36	138
37	36
37	3314
38	37
39	38
39	132
40	39
40	48
40	130
40	136
40	3283
40	3313
41	40
41	1575
41	1615
41	1616
41	1765
41	2780
41	3280
42	39
43	42
43	54
43	87
43	118
43	1232
43	1235
43	1382
43	1842
43	1914
43	1964
43	2598
44	42
44	54
44	87
45	39
45	45
45	588
45	1363
45	1765
46	45
46	47
46	303
46	390
46	497
46	578
46	588
46	756
46	801
46	802
46	905
46	910
46	920
46	927
46	930
46	939
46	960
46	958
46	965
46	972
46	988
46	992
46	995
46	1035
46	1061
46	1080
46	1083
46	1085
46	1122
46	1135
46	1176
46	1201
46	1203
46	1204
46	1206
46	1210
46	1215
46	1216
46	1217
46	1218
46	1220
46	1221
46	1222
46	1231
46	1239
46	1254
46	1253
46	1265
46	1266
46	1274
46	1292
46	1293
46	1297
46	1312
46	1324
46	1325
46	1329
46	1332
46	1333
46	1337
46	1344
46	1363
46	1372
46	1377
46	1383
46	1387
46	1441
46	1464
46	1663
46	1679
46	1681
46	1754
46	2015
46	2016
46	2073
46	2372
46	2381
46	2384
46	2390
46	2404
46	2405
46	2410
46	2414
46	2419
46	2420
46	2425
46	2453
46	2461
46	2466
46	2470
46	2475
46	2480
46	2495
46	2531
46	2552
46	2577
46	2581
46	2590
46	2597
46	2599
46	2603
46	2604
46	2609
46	2628
46	2640
46	2643
46	2646
46	2647
46	2664
46	2669
46	2693
46	2704
46	2707
46	2708
46	2709
46	2710
46	2711
46	2721
46	2752
46	2761
46	2803
46	2821
46	2833
46	2845
46	2852
46	2858
46	2860
46	2863
46	2865
46	2884
46	3003
46	3134
46	3142
46	3153
46	3174
46	3173
46	3183
46	3224
46	3240
46	3247
46	3268
46	3298
46	3325
47	45
47	47
48	38
48	2817
48	2889
49	48
49	3312
50	49
50	301
50	303
50	352
50	368
50	374
50	541
50	543
50	605
50	604
50	606
50	607
50	627
50	661
50	664
50	799
50	801
50	807
50	811
50	812
50	816
50	827
50	916
50	953
50	987
50	1030
50	1337
50	1383
50	1076
50	1509
50	1615
50	2526
50	2599
50	2688
50	2723
50	2746
50	2753
50	2788
50	2789
50	2790
50	2791
50	2792
50	2793
50	2794
50	2795
50	2796
50	2797
50	2798
50	2804
50	2805
50	2965
50	2998
50	3086
50	3204
51	37
51	1193
51	2109
51	2111
51	2585
52	51
52	108
52	1197
52	1193
52	1079
52	1614
52	1615
52	2001
52	2016
52	2290
52	2506
52	2508
52	2824
52	2842
52	2854
52	2861
52	2889
53	52
53	108
53	111
53	1077
53	1193
53	1643
53	1649
53	1677
53	1720
53	1762
53	2013
53	2098
53	2108
53	2219
53	2372
53	2380
53	2402
53	2409
53	2410
53	2418
53	2421
53	2428
53	2438
53	2443
53	2455
53	2493
53	2495
53	2527
53	2536
53	2580
53	2585
53	2587
53	2599
53	2613
53	2643
53	2973
53	2982
53	2987
53	2990
53	2992
53	3021
53	3036
53	3045
53	3059
53	3264
53	2005
53	2966
54	36
54	54
54	71
54	70
54	84
54	137
55	136
56	55
56	108
56	1053
56	1051
56	1176
56	1192
56	1478
56	1490
56	1491
56	1733
56	1762
56	1851
56	2078
57	56
57	111
57	646
57	1059
57	1077
57	1710
57	2089
58	57
58	56
58	71
58	1054
58	1058
58	1237
58	1236
58	1353
58	1383
58	1755
58	2431
58	3065
58	3338
59	56
59	1169
59	1232
59	1235
59	1383
59	3337
59	3338
59	3339
60	129
60	130
60	136
62	3273
63	62
63	149
63	192
63	541
63	543
63	579
63	582
63	578
63	631
63	633
63	761
63	789
63	795
63	799
63	980
63	991
63	994
63	996
63	998
63	1006
63	1009
63	1019
63	1027
63	1575
63	1624
63	1775
63	2189
63	2209
63	2214
63	2219
63	2352
63	2354
63	2355
63	2356
63	2357
63	2358
63	2359
63	2360
63	2361
63	2362
63	2724
63	2727
63	2728
63	2730
63	2733
63	2736
63	2737
63	2738
63	2744
63	2747
63	2748
63	2749
63	2761
63	2780
63	2803
63	2809
63	2892
63	3271
63	3280
63	3311
64	63
65	63
66	63
66	811
67	63
67	812
68	63
68	72
68	249
68	266
68	268
68	267
68	483
68	579
68	588
68	633
68	1001
68	1043
68	1202
68	1208
68	1400
68	1551
68	2263
68	2285
68	2336
68	2340
68	2342
68	2718
68	2752
69	63
69	579
69	1193
69	1439
69	1441
69	1444
69	2513
69	2620
70	129
70	130
70	132
70	3296
70	3297
71	70
71	108
71	1043
71	1358
71	1544
71	1575
71	1620
71	1765
71	2032
71	2078
71	2301
72	71
72	1353
72	2033
72	2130
72	2201
72	2263
72	2273
73	72
73	483
74	71
75	71
75	75
75	1043
75	1481
75	1483
75	1538
75	2034
75	2112
75	2260
76	75
76	71
76	92
76	130
76	139
76	143
76	682
76	939
76	960
76	1147
76	1148
76	1348
76	1406
76	1407
76	1408
76	1409
76	1527
76	1645
76	1644
76	1663
76	1681
76	1719
76	1723
76	1754
76	1767
76	1765
76	1778
76	1779
76	1790
76	1791
76	1793
76	1794
76	2319
76	2321
76	2381
76	2401
76	2403
76	2410
76	2418
76	2424
76	2425
76	2438
76	2534
76	2561
76	2581
76	2583
76	2594
76	2597
76	2599
76	2602
76	2607
76	2613
76	2643
76	2645
76	2644
76	2647
76	2648
76	2668
76	2669
76	2839
76	2842
76	2898
76	2909
76	2923
76	2925
76	2967
76	2969
76	2985
76	2993
76	2996
76	3014
76	3015
76	3019
76	3020
76	3023
76	3035
76	3058
76	3097
76	3130
76	3133
76	3148
76	3179
76	3192
76	3273
76	3293
77	71
77	1492
77	1501
77	1507
77	1684
78	71
79	78
80	79
80	1532
80	1533
80	1534
81	80
81	1528
81	1672
81	1730
82	71
82	1544
82	1545
82	2100
82	2287
82	2288
82	2289
82	2290
82	2291
82	2293
82	2294
82	2295
82	2296
82	2298
82	2299
82	2300
82	2301
82	2302
82	2303
83	71
84	129
85	132
85	133
86	131
87	86
87	87
87	90
87	1358
88	86
88	1680
88	1775
88	2189
88	2203
88	2211
88	2214
88	2219
88	3250
89	88
89	290
89	1077
89	1642
89	1643
89	1721
89	2397
89	2423
89	2424
89	2438
89	2451
89	2463
89	2471
89	2473
89	2474
89	2580
89	2591
89	2605
89	2613
89	2670
89	2671
89	2673
89	439
89	2677
89	2678
89	2693
89	2973
89	2982
89	2988
89	2990
89	2992
89	3030
89	3031
89	3032
89	3033
89	3034
89	3035
89	3036
89	3037
89	2960
89	3038
89	3039
89	3040
89	3041
89	3043
89	2472
89	3044
89	3045
89	3046
89	3047
89	3059
89	3173
89	3264
89	1727
90	130
90	131
90	132
90	136
90	3297
91	130
91	136
91	3273
91	3279
92	91
92	1681
92	2321
92	2607
92	3293
96	95
96	174
96	245
96	334
96	351
96	759
96	1189
96	1403
96	1578
96	1661
96	2243
96	2330
96	2394
96	2440
96	2808
96	2851
96	2911
96	3071
96	3108
96	3125
96	3151
96	3158
96	3261
96	3264
95	97
100	99
100	1745
100	2578
102	101
102	107
102	106
102	1175
102	1176
102	1739
102	1761
102	1760
102	1765
102	2016
102	2573
102	2574
104	103
104	1065
104	1066
104	1084
104	1085
104	1342
104	1470
104	1471
104	1472
104	1473
104	1474
104	1475
104	1476
104	1477
104	1481
104	1482
104	1484
104	1485
104	1486
104	1487
104	1488
104	1540
104	1541
104	1566
104	1625
104	2019
104	2519
104	2520
105	104
105	1083
105	1469
105	1535
105	1563
107	106
107	1739
107	2574
108	107
108	1176
108	1761
109	108
109	1837
110	108
110	1388
110	1624
110	1625
110	1630
110	1637
110	1639
110	1640
110	1641
110	1648
110	1652
110	1672
110	1683
110	1686
110	1690
110	1691
110	1695
110	1700
110	1705
110	1708
110	1718
110	1726
110	1730
110	2116
110	2219
110	2574
110	2946
110	2957
110	3348
111	108
111	1762
111	1765
113	112
113	117
113	2170
113	2504
115	114
115	121
115	2128
115	2151
115	2152
115	2154
115	2167
116	115
116	2157
116	2160
116	2165
116	2168
116	2169
116	2941
117	116
118	117
118	2160
120	119
121	120
121	2175
126	127
130	3288
130	3328
138	3331
140	139
140	143
140	496
140	1102
140	3003
140	3018
140	3207
140	3208
141	142
144	143
144	682
144	2898
144	2899
144	2900
144	2903
144	2904
144	2913
144	2914
144	2915
144	2916
144	2917
144	2918
144	2919
144	2921
144	2924
144	2932
144	2934
146	145
146	568
146	572
146	576
146	593
146	595
146	596
146	597
146	598
146	599
146	602
146	603
146	2946
146	2957
148	147
148	150
148	155
148	157
148	156
148	160
148	164
148	166
148	167
148	168
148	169
148	170
148	171
148	1034
148	1035
148	1037
148	1038
148	1039
148	1355
148	1357
148	1360
148	1570
148	1571
148	2374
148	2938
147	150
147	155
147	157
147	158
147	159
147	163
147	165
147	167
147	168
147	169
147	170
147	1034
147	1035
147	1037
147	1038
147	1039
147	1355
147	1357
147	1360
147	1570
147	1571
147	2370
147	2373
147	2374
147	2938
150	149
150	151
151	149
154	153
157	156
157	161
157	162
157	164
157	171
161	160
162	166
173	172
173	175
173	176
173	177
173	178
173	179
173	180
173	181
173	182
173	183
173	184
173	185
173	186
173	187
173	189
173	1032
173	1033
173	1036
173	1040
173	1568
174	173
174	223
174	230
174	232
174	247
174	349
174	350
174	376
174	402
174	424
174	489
174	495
174	617
174	632
174	638
174	828
174	831
174	832
174	833
174	834
174	835
174	836
174	837
174	845
174	846
174	944
174	978
174	1000
174	1421
174	1422
174	1424
174	1425
174	1426
174	1427
174	1428
174	1431
174	1432
174	1433
174	1434
174	1435
174	1437
174	1438
174	1445
174	1446
174	1447
174	1448
174	1449
174	1450
174	1451
174	1452
174	1453
174	1454
174	1457
174	1458
174	1459
174	1460
174	2339
174	2341
174	2351
174	2363
174	2366
174	2367
174	2378
174	2507
198	197
198	201
198	270
198	986
198	2343
199	198
199	197
199	303
201	200
201	204
201	205
201	210
201	212
201	213
201	216
201	224
201	225
201	1990
200	207
200	208
200	209
200	211
200	214
200	215
200	217
200	218
200	219
202	201
203	201
203	572
203	573
203	576
203	577
203	578
203	593
203	595
203	599
203	602
203	1337
203	2002
203	2172
203	2180
204	206
221	220
221	942
221	2992
220	226
220	228
222	220
222	1754
222	1755
222	1756
222	1823
222	3152
227	226
227	2466
231	231
235	234
235	243
235	244
234	579
236	234
236	250
236	260
236	259
236	261
236	263
236	266
236	269
236	272
236	301
236	306
236	309
236	320
236	409
236	410
236	412
236	421
236	457
236	467
236	494
236	909
236	910
236	966
236	974
236	972
236	983
236	993
236	1194
236	1201
236	1079
236	1434
236	1604
236	1685
236	2001
236	2015
236	2016
236	2017
236	2114
236	2315
236	2443
236	2505
236	2510
236	2719
236	2874
236	3248
236	3285
237	236
237	291
238	234
238	2668
238	2669
239	238
239	2669
241	240
240	510
240	791
240	2668
242	240
242	512
246	241
249	248
249	284
249	973
249	1610
249	1611
249	2015
249	2016
249	2322
248	260
248	266
250	249
250	306
250	308
250	319
250	1202
250	2837
251	249
251	306
251	308
251	309
251	319
251	1202
252	251
252	794
252	2318
252	3293
253	249
253	264
253	447
253	1202
253	1740
254	249
254	271
254	976
254	983
254	993
254	1020
254	1202
255	249
255	409
255	448
255	1202
255	2446
256	249
256	306
256	307
256	317
256	320
256	580
256	977
256	1202
256	2025
257	256
258	249
258	306
258	308
258	319
258	1202
258	2441
260	259
260	261
260	262
260	263
260	269
266	265
266	267
265	578
268	267
268	1203
268	2012
271	1022
273	272
273	795
272	275
272	310
274	272
276	275
277	275
277	579
278	275
278	286
278	298
278	299
278	301
278	357
278	373
278	382
278	414
278	421
278	463
278	466
278	500
278	578
278	588
278	682
278	925
278	933
278	945
278	950
278	988
278	990
278	1015
278	1130
278	1154
278	1289
278	1233
278	1552
278	1694
278	1705
278	1746
278	1767
278	1834
278	2003
278	2011
278	2022
278	2033
278	2174
278	2182
278	2474
278	2519
278	2640
278	2695
278	2712
278	2752
278	2761
278	2782
278	2803
278	2811
278	2871
278	3029
280	279
280	318
280	1024
280	2447
281	280
281	279
281	282
281	1024
281	1204
281	1206
282	279
283	282
284	283
284	457
284	466
284	2004
284	2022
285	279
285	2816
285	2990
286	313
288	287
288	451
288	465
288	469
288	1200
288	2023
288	2024
288	2687
288	2689
288	2691
289	288
289	438
289	786
289	798
289	806
289	814
289	826
289	1016
289	1017
289	2679
289	785
289	2689
289	3345
290	289
290	945
290	929
292	291
292	294
292	408
292	414
292	454
292	468
292	928
292	945
292	1003
292	1016
292	1017
292	1192
292	1200
292	1421
292	1516
293	292
294	292
296	295
297	296
297	298
297	300
298	296
298	298
301	301
302	301
302	1409
302	1410
302	2688
304	303
306	305
306	966
306	1455
306	2511
306	2712
306	2837
306	2841
308	456
308	1021
308	1207
308	2441
309	1190
312	311
312	317
311	313
314	313
316	315
316	317
319	2836
322	321
322	337
323	322
323	324
323	325
323	326
323	327
323	328
323	329
323	331
323	333
323	339
323	341
331	330
331	332
331	344
336	335
336	338
341	340
341	343
342	340
342	471
342	479
342	790
342	1102
342	1658
342	1663
342	2037
342	2038
342	2042
342	2047
342	2050
342	2055
342	2246
342	2249
342	2345
342	2497
342	2913
342	2914
342	2915
342	2916
342	2917
342	2918
342	2919
342	3003
342	3020
342	3048
342	3050
342	3109
342	3188
342	3216
342	3244
345	405
347	346
347	348
347	375
353	352
354	352
354	386
354	2640
354	3031
356	355
356	356
356	383
356	390
357	355
359	358
360	358
360	369
360	1640
362	361
361	407
363	362
363	365
363	367
363	372
364	363
364	364
364	361
364	365
366	365
366	374
366	415
367	368
370	369
371	369
371	384
371	1640
373	377
373	381
378	377
377	410
377	2719
379	377
379	381
379	414
380	377
380	381
381	377
387	386
387	1337
387	1440
387	2640
387	3264
388	387
390	393
390	440
392	391
396	395
396	397
396	398
396	399
396	400
402	401
404	403
406	453
408	408
409	449
409	1192
409	2446
411	410
411	518
411	1191
413	412
417	416
417	418
417	419
422	421
422	849
427	426
427	434
429	428
429	430
429	431
429	432
434	921
434	1166
437	436
437	573
437	577
437	592
437	594
437	600
437	624
439	438
442	441
442	458
443	442
443	441
443	458
444	442
444	452
444	464
444	467
445	444
445	459
445	470
449	448
451	450
451	451
451	459
451	460
455	454
455	459
455	460
455	463
461	451
463	462
468	467
469	468
469	796
469	797
469	805
469	813
469	825
469	2672
469	2674
469	2675
469	2688
469	2690
471	479
471	482
472	471
472	790
472	2038
472	2042
472	2050
472	2246
472	2913
472	2914
472	2915
472	2916
472	2917
472	2918
472	2919
472	3005
472	3004
472	3015
472	3016
472	3020
472	3048
474	473
474	1668
474	2040
474	2043
474	2051
474	2247
474	2902
474	3054
475	473
475	475
475	482
476	475
476	2044
476	2052
476	2248
476	3053
478	477
478	2041
478	2049
478	2057
478	2254
478	3055
480	479
480	482
479	482
481	479
481	486
481	763
481	2037
481	2047
481	2055
481	2249
481	2811
481	3050
481	3136
481	3286
483	482
484	483
485	483
485	486
485	487
485	488
485	494
491	490
492	491
492	761
492	799
492	3228
493	491
493	497
493	664
493	757
493	761
493	799
493	801
493	807
493	2752
493	2751
493	2835
493	3177
493	3228
493	3231
495	504
496	497
498	497
498	502
498	801
498	2753
498	3231
497	499
497	500
497	501
497	502
502	503
506	505
506	583
505	541
505	543
505	605
505	607
507	505
507	937
507	939
507	933
507	960
507	962
507	969
507	972
507	992
509	508
509	518
509	523
509	539
509	550
509	566
510	509
510	776
510	802
510	803
510	810
511	510
511	513
511	525
511	541
511	543
511	574
511	620
511	777
511	804
511	809
511	810
511	816
511	824
511	983
511	1239
511	2750
511	2752
511	2751
511	2761
511	2809
512	511
512	792
512	816
512	824
513	509
513	515
513	519
513	524
513	540
513	551
513	567
514	509
514	508
514	518
514	517
514	516
514	523
514	522
514	530
514	529
514	533
514	535
514	537
514	539
514	544
514	546
514	548
514	550
514	552
514	555
514	554
514	558
514	560
514	562
514	564
514	566
514	608
514	610
514	612
514	614
514	810
515	508
517	516
517	530
517	533
517	548
517	560
517	564
517	608
518	517
518	527
518	535
518	544
519	518
519	520
519	528
519	545
520	517
520	521
520	531
520	534
520	549
520	561
520	565
520	609
521	516
523	522
523	537
523	546
523	555
524	523
524	526
524	538
524	547
524	556
525	524
525	526
525	541
525	543
525	592
525	802
525	810
525	816
525	824
525	2724
525	2761
525	2806
525	2955
525	2956
526	522
527	552
527	614
528	527
528	536
528	553
528	615
530	529
530	558
530	562
531	530
531	532
531	559
531	563
532	529
534	533
536	535
538	537
540	539
542	541
542	543
542	605
542	604
542	607
542	793
542	930
542	964
542	988
542	990
542	2669
542	2752
545	544
547	546
549	548
551	550
553	552
555	554
555	610
555	612
556	555
556	557
556	611
556	613
557	554
559	558
561	560
563	562
565	564
567	566
570	569
570	2953
569	578
571	570
571	772
571	773
571	774
571	794
575	574
579	578
579	580
579	789
579	794
579	824
579	2713
580	579
581	578
581	2734
581	2786
581	2811
582	581
582	789
583	578
584	583
584	795
585	584
586	585
586	583
586	793
587	583
587	973
587	976
587	984
587	993
587	997
587	999
587	1020
587	1027
588	583
588	588
589	588
590	588
590	619
591	583
591	971
591	976
591	980
591	983
591	991
591	993
591	994
591	996
591	998
591	1006
591	1009
591	1019
591	3347
601	600
601	1642
601	2670
601	2671
601	2674
601	2675
601	2689
601	2690
601	2988
601	2990
601	3030
601	3031
601	3037
601	2960
601	2472
601	3046
601	3131
601	3264
605	604
605	606
609	608
611	610
613	612
615	614
617	616
617	618
617	626
620	620
623	622
623	1059
623	1081
623	1103
625	624
625	1098
625	1250
625	1079
625	2066
625	2123
625	2306
625	2669
625	2967
625	2985
627	627
629	628
629	1400
629	2665
629	2895
630	629
630	811
630	812
630	2372
630	2624
630	2710
630	3128
634	633
634	1157
634	1798
634	1743
636	635
636	1628
636	2365
636	2945
637	636
637	640
637	641
637	1619
637	1665
637	1845
637	2208
638	637
638	1366
638	2284
638	2666
638	2891
640	639
643	642
643	1624
644	643
644	1765
644	1775
644	2219
646	645
646	1053
646	1076
646	1520
646	1762
646	2170
646	2178
647	645
647	1082
647	1158
647	1179
647	1184
647	1784
647	1788
647	1789
647	1795
647	1796
647	1817
647	1818
647	1867
647	2288
647	2289
647	2294
649	648
649	652
649	651
649	676
649	680
649	691
649	700
649	703
649	704
649	713
649	761
649	765
649	768
648	651
648	703
648	704
650	648
650	676
650	704
650	706
650	708
652	651
652	670
653	652
653	676
653	680
653	713
654	653
654	660
654	662
654	712
654	731
654	751
655	654
655	659
655	713
656	651
657	651
659	658
659	661
659	666
659	700
660	658
660	666
662	661
662	700
663	662
664	760
664	3178
665	664
665	692
665	697
665	2846
669	668
672	671
671	680
673	671
673	697
675	674
675	680
675	770
676	713
678	677
678	679
679	677
680	679
680	697
681	680
681	681
681	691
681	2752
681	2885
681	2920
681	3161
682	681
683	682
683	689
684	683
684	681
684	689
685	682
685	2937
686	682
686	2898
686	2900
686	2902
686	2913
686	2914
686	2915
686	2916
686	2917
686	2918
686	2919
686	2924
686	2934
686	2937
687	682
688	687
688	2902
688	2909
689	680
689	2752
689	2898
690	689
691	680
692	680
693	692
693	760
693	3178
693	3346
694	692
694	3346
695	692
695	680
695	760
695	762
695	763
695	764
695	765
695	3178
695	3346
696	680
696	713
696	714
696	752
696	753
697	758
698	697
698	2222
700	699
700	751
702	701
706	705
710	709
712	711
712	731
712	748
711	750
711	753
713	712
713	716
713	743
713	749
713	751
714	712
714	751
715	711
715	2222
716	742
716	744
717	718
718	719
718	720
718	721
718	722
718	723
724	718
724	725
724	726
727	718
727	728
727	729
727	730
727	726
731	733
731	734
732	731
732	752
735	736
736	737
737	738
737	739
737	740
741	736
745	736
746	736
748	747
752	751
755	754
755	758
754	765
754	3179
757	756
758	757
760	761
766	765
767	765
767	827
767	1928
767	1945
767	2217
767	2317
767	2332
767	2344
767	2346
767	2496
767	2752
767	2807
767	3260
769	768
776	775
776	781
776	818
777	776
777	780
777	782
777	819
778	776
779	776
779	783
779	818
779	820
780	775
782	781
785	784
785	808
785	821
785	1016
785	1017
785	2681
785	2683
786	784
786	796
786	821
787	784
787	803
787	821
787	824
787	825
787	2799
788	787
790	799
792	791
798	797
800	799
804	803
806	805
807	2752
809	808
809	810
814	813
816	815
817	816
819	818
819	821
822	821
822	912
822	1016
822	1017
822	1690
822	1700
822	1703
822	1721
822	2209
822	2451
822	2463
822	2473
822	2474
822	2575
822	2580
822	2613
822	2671
822	2677
822	2678
822	2681
822	2987
822	3032
822	3033
822	3034
822	2960
822	3038
822	3039
822	3041
822	3044
822	3045
822	3126
823	824
826	825
830	829
839	838
839	848
839	849
841	840
843	842
843	844
851	850
851	853
851	854
851	855
851	856
851	857
851	858
851	859
851	860
851	861
851	862
851	863
851	864
851	865
851	866
851	867
851	868
851	869
851	870
851	871
851	872
851	873
851	874
851	875
851	876
851	877
851	878
851	879
851	880
851	881
851	882
851	883
851	884
851	885
851	886
851	887
851	888
851	889
851	890
851	891
851	892
851	893
851	894
851	895
851	896
851	897
851	2814
852	851
852	920
893	898
900	899
900	902
900	903
900	941
900	957
900	959
899	910
901	899
901	927
901	932
901	925
901	950
901	958
901	1017
901	2898
904	903
904	910
904	927
904	959
903	988
905	903
905	910
905	916
905	936
905	950
905	957
905	959
905	961
905	1003
906	905
906	920
906	922
907	903
907	930
907	945
907	988
907	992
908	907
908	911
909	907
909	911
909	973
909	976
909	983
909	1003
911	910
911	939
911	959
911	960
911	972
913	912
913	919
913	928
914	913
914	914
914	915
914	927
915	913
915	927
915	935
916	915
916	916
916	942
917	916
917	950
917	953
917	964
917	2488
917	2584
917	2606
917	3014
917	3019
919	918
919	970
918	945
920	919
921	919
921	918
921	951
922	919
922	928
922	927
922	925
922	935
922	946
923	918
923	925
924	918
924	926
925	918
926	925
926	927
926	918
926	945
927	925
927	941
927	945
928	927
929	928
929	970
929	2683
930	927
930	988
930	992
931	930
932	930
932	982
932	993
933	932
934	925
938	937
938	939
938	932
938	982
938	989
938	1017
938	2690
940	939
940	960
940	972
944	943
944	1026
948	947
948	949
948	952
948	1010
954	953
954	964
955	954
955	956
956	953
956	964
956	965
958	960
959	958
959	965
960	959
964	964
969	988
969	992
973	972
973	992
973	1018
972	988
972	1011
974	973
974	972
974	992
975	974
975	988
975	989
975	990
975	992
975	1018
975	1020
975	1025
979	979
982	981
982	997
982	999
982	1005
982	1010
983	982
983	995
983	1007
984	983
985	982
988	995
988	1008
989	988
989	1018
990	989
990	1020
991	991
1002	1001
1004	1003
1013	1012
1013	1014
1013	1015
1015	1016
1015	1017
1022	1023
1027	1027
1029	1028
1034	1039
1035	1034
1042	1041
1042	1063
1042	1085
1043	1041
1043	1051
1043	1063
1043	1064
1043	1070
1043	1085
1043	1176
1044	1043
1045	1044
1045	1176
1045	1201
1045	1227
1045	1276
1045	1337
1045	1392
1045	3280
1046	1041
1046	1047
1046	1048
1050	1049
1050	1257
1050	1260
1050	1333
1049	1049
1052	1051
1052	1503
1051	1072
1053	1052
1053	1489
1053	1490
1053	1491
1053	1498
1054	1051
1054	1092
1054	1131
1054	1133
1054	1250
1054	1312
1055	1054
1055	1088
1055	1089
1056	1051
1056	1250
1058	1057
1058	1080
1059	1057
1060	1059
1060	1080
1062	1061
1062	1229
1062	1255
1062	1336
1062	1392
1061	1063
1063	1341
1064	1063
1064	1226
1064	1274
1068	1067
1068	1396
1068	1397
1068	1467
1068	1536
1068	1538
1068	1551
1068	1552
1068	1564
1068	1565
1068	1746
1069	1068
1069	1543
1069	1542
1069	1544
1069	1736
1069	1757
1069	2271
1071	1070
1070	1223
1070	1272
1073	1072
1073	1502
1073	1707
1073	1712
1073	1728
1073	1729
1073	1733
1073	1734
1073	1735
1073	2171
1073	2179
1074	1073
1074	1683
1074	1685
1074	1689
1074	1695
1074	1708
1074	1709
1074	1719
1075	1074
1075	1388
1075	1673
1075	1690
1075	1692
1075	1700
1075	1703
1075	1706
1075	1718
1075	1725
1075	1726
1075	2575
1076	1075
1076	1675
1076	1678
1076	1680
1076	2183
1076	2216
1077	1076
1077	1074
1077	1073
1077	1200
1077	1673
1077	1675
1077	1678
1077	1685
1077	1690
1077	1692
1077	1709
1077	1725
1077	1730
1077	1763
1077	1765
1077	1775
1077	2214
1078	1076
1079	1075
1079	1676
1079	1737
1079	1759
1079	2001
1079	2171
1079	2179
1082	1258
1082	1259
1087	1086
1087	1095
1087	1096
1087	1097
1087	1105
1087	1110
1087	1114
1086	1115
1086	1165
1088	1087
1088	1092
1089	1087
1089	1096
1089	1097
1089	1105
1089	1114
1090	1086
1090	1145
1090	1147
1090	1392
1091	1090
1092	1091
1092	1131
1092	1133
1093	1090
1093	1145
1094	1093
1094	1132
1094	1135
1094	1147
1094	1164
1094	1170
1094	1171
1096	1108
1096	1109
1097	1106
1097	1107
1097	1111
1097	1113
1099	1098
1100	1099
1100	1101
1100	1104
1102	1101
1102	1122
1102	1140
1102	1396
1102	1397
1102	2130
1102	2196
1102	2225
1102	2227
1102	2229
1102	2232
1102	2235
1102	2266
1102	2271
1102	2273
1102	2282
1102	3012
1102	3026
1102	3056
1102	3061
1102	3066
1102	3205
1103	1132
1103	1146
1103	1147
1105	1112
1117	1116
1117	1119
1117	1120
1117	1121
1117	1124
1118	1117
1118	1227
1118	1276
1123	1122
1123	1140
1123	1141
1123	1142
1123	1143
1123	1149
1122	1125
1122	1126
1122	1127
1122	1128
1122	1129
1131	1130
1131	1137
1131	1144
1131	1145
1131	1146
1131	1147
1131	1148
1132	1130
1132	1138
1132	1139
1133	1132
1133	1153
1134	1132
1135	1130
1136	1135
1136	1165
1136	1609
1136	1741
1136	2120
1136	2207
1136	2494
1136	2579
1136	2585
1136	2586
1136	2589
1136	2603
1141	1154
1150	1149
1150	1152
1151	1149
1157	1250
1159	1158
1159	1184
1158	1257
1158	1258
1158	1259
1158	1260
1160	1159
1160	1187
1160	1188
1160	2779
1162	1161
1162	1204
1166	1165
1166	1166
1166	1173
1166	1532
1166	1700
1166	1707
1166	1835
1166	1836
1166	2288
1166	2289
1166	2946
1166	2957
1167	1165
1167	2579
1168	1165
1168	2025
1168	2571
1168	2579
1168	2868
1169	1165
1169	1171
1174	1173
1178	1177
1178	1180
1178	1184
1177	1179
1177	1181
1177	1182
1177	1183
1185	1184
1185	1861
1185	2266
1186	1185
1186	1184
1186	1838
1186	1855
1186	1861
1186	1863
1186	2229
1187	1184
1188	1184
1193	1192
1193	1201
1194	1193
1194	1613
1194	2585
1195	1194
1196	1195
1196	1603
1196	1608
1197	1196
1197	1609
1198	1194
1198	1615
1198	2526
1198	3096
1198	3098
1198	3095
1198	3225
1198	3226
1198	3351
1199	1192
1199	1493
1199	1521
1199	1685
1199	2312
1199	2313
1202	1201
1202	2011
1202	2442
1202	2512
1204	1203
1204	1213
1204	3280
1205	1204
1205	1206
1205	2764
1205	2768
1205	2771
1205	2772
1209	1208
1209	1223
1209	1224
1209	1226
1209	1249
1209	1251
1209	1253
1211	1210
1211	1215
1211	1216
1211	1217
1211	1218
1211	1220
1211	1221
1211	1222
1212	1211
1212	1262
1212	2774
1213	1212
1213	1227
1213	1239
1213	1240
1213	1255
1213	1276
1213	1337
1214	1212
1214	1227
1214	1276
1219	1218
1219	1231
1219	1265
1219	1266
1225	1224
1225	1227
1225	1270
1225	1276
1225	1310
1227	1241
1227	1242
1227	1243
1227	1244
1227	1245
1227	1246
1227	1247
1227	1248
1228	1227
1228	1252
1228	1276
1228	1312
1228	2774
1229	1228
1229	1276
1229	2774
1230	1227
1230	1251
1230	1276
1230	1346
1231	1227
1231	1276
1231	3280
1232	1231
1233	1232
1233	1235
1234	1231
1234	1369
1235	1231
1235	3296
1236	1231
1237	1236
1237	1383
1238	1227
1238	1276
1238	1338
1238	1391
1239	1227
1239	1276
1240	1239
1250	1249
1250	1344
1254	1253
1254	1300
1254	1332
1255	1254
1255	1289
1256	1255
1256	1337
1256	1391
1262	1261
1262	1263
1262	1264
1262	1265
1262	1266
1262	1267
1262	1268
1262	1269
1262	1302
1261	1301
1264	1303
1265	1304
1266	1305
1267	1306
1268	1307
1269	1308
1272	1271
1272	1311
1274	1273
1274	1312
1276	1275
1276	1282
1276	1313
1276	1384
1275	1278
1275	1279
1275	1280
1275	1283
1275	1284
1275	1285
1275	1286
1277	1276
1277	1287
1277	1312
1277	1322
1282	1281
1282	1317
1289	1288
1289	1323
1288	1292
1288	1293
1288	1294
1288	1295
1288	1296
1288	1297
1288	1298
1288	1299
1290	1289
1291	1289
1313	1314
1313	1315
1313	1316
1313	1318
1313	1319
1313	1320
1313	1321
1323	1324
1323	1325
1323	1326
1323	1327
1323	1328
1323	1329
1323	1330
1323	1331
1335	1334
1335	2654
1335	2965
1338	1337
1339	1337
1340	1337
1344	1343
1346	1345
1350	1349
1350	2521
1351	1350
1352	1351
1353	1351
1353	2032
1354	1350
1359	1358
1359	1663
1359	1765
1364	1363
1366	1365
1366	1367
1366	1368
1366	1378
1370	1369
1371	1369
1371	2200
1371	2761
1374	1373
1373	1388
1375	1373
1379	1380
1382	1383
1385	1386
1386	1387
1389	1079
1389	1632
1389	1951
1389	2001
1390	1079
1390	2570
1390	2572
1394	1393
1395	1393
1405	1404
1405	1408
1405	1410
1404	1406
1404	1407
1404	1409
1406	1406
1412	1411
1412	1414
1412	1416
1413	1412
1413	1663
1413	2722
1413	2920
1413	3014
1413	3019
1413	3179
1415	1414
1417	1416
1417	2709
1418	1416
1421	1420
1421	1436
1424	1423
1428	1429
1428	1430
1437	1456
1441	1440
1442	1441
1443	1441
1443	2620
1462	1461
1462	1546
1463	1462
1463	1852
1463	1855
1463	3349
1465	1464
1466	1464
1469	1468
1469	1560
1479	1478
1480	1479
1480	2124
1480	2129
1480	2130
1480	2273
1483	1482
1489	1493
1489	1495
1489	1513
1489	1515
1489	1521
1489	1523
1489	1528
1489	1530
1490	1492
1490	1500
1490	1501
1490	1504
1490	1506
1490	1507
1490	1509
1490	1517
1490	1519
1490	1526
1491	1494
1491	1496
1491	1508
1491	1510
1491	1512
1491	1531
1493	1530
1498	1497
1498	1525
1500	1499
1500	1511
1500	1514
1500	1518
1500	1524
1500	1527
1500	1529
1505	1504
1505	1510
1505	1517
1505	1730
1505	1850
1505	1951
1505	1980
1505	2178
1506	1729
1516	1515
1516	1707
1520	1519
1520	1557
1520	2170
1520	2171
1521	1523
1522	1521
1526	1734
1537	1536
1537	1538
1537	1540
1537	1544
1537	1564
1537	1565
1537	1566
1537	1736
1537	1757
1537	2032
1537	2257
1537	2261
1537	2263
1537	2278
1537	3044
1537	3064
1537	3066
1543	1542
1543	1555
1543	1556
1543	1559
1545	1544
1548	1547
1548	1549
1552	1553
1555	1554
1555	1561
1559	1558
1562	1562
1570	1572
1570	2369
1574	1573
1574	2781
1576	1575
1576	2780
1577	1577
1579	2867
1580	1581
1580	1582
1582	1583
1582	1584
1582	1585
1585	1586
1585	1588
1586	1587
1588	1587
1589	1590
1589	1583
1589	1591
1591	1592
1592	1593
1594	1595
1594	1598
1594	1599
1595	1596
1596	1597
1598	1582
1598	1597
1598	1592
1600	1601
1600	1602
1600	1582
1600	1587
1603	1604
1604	1605
1607	1606
1607	1605
1612	1613
1614	2109
1614	2111
1614	2114
1614	2505
1616	1615
1617	1615
1617	1626
1617	2506
1618	2299
1621	1620
1621	1622
1621	2235
1628	1627
1630	1629
1630	1631
1630	1638
1630	1652
1630	2569
1629	1655
1633	1632
1633	2316
1633	2335
1633	2350
1633	2415
1633	2819
1633	2972
1633	2981
1633	3132
1633	3149
1634	1632
1634	2372
1634	3128
1634	3325
1637	1636
1639	1638
1639	2183
1639	2216
1639	2222
1642	1641
1642	2423
1642	2644
1644	1643
1644	3170
1644	3175
1645	1644
1645	1645
1645	3058
1645	3060
1645	3242
1645	3244
1646	1645
1647	1644
1647	3179
1647	3235
1647	3238
1647	3325
1649	1648
1649	2098
1649	2582
1649	2607
1649	2840
1649	2968
1649	2971
1649	2975
1649	2984
1649	2999
1649	3000
1649	3002
1649	3134
1649	3135
1649	3136
1649	3137
1649	3138
1649	3139
1649	3183
1649	3184
1649	3185
1649	3206
1649	3207
1649	3208
1649	3210
1649	3213
1649	3239
1649	3350
1649	2005
1649	3352
1650	1648
1650	3189
1650	3207
1650	3208
1651	1648
1651	2334
1651	3188
1651	3203
1651	3237
1652	1653
1652	1654
1659	1658
1659	1663
1660	1658
1664	1663
1670	1669
1670	1671
1670	1705
1673	1672
1673	1705
1673	1730
1672	1693
1675	1674
1675	1676
1675	1677
1675	1679
1675	1681
1683	1682
1683	1684
1683	1701
1687	1686
1687	1689
1687	1697
1687	1713
1689	1688
1689	1698
1689	1711
1689	1714
1692	1691
1695	1694
1695	1696
1695	1715
1699	1698
1703	1702
1703	1722
1703	1723
1703	2576
1704	1702
1704	2463
1704	2973
1710	1709
1710	2170
1710	2178
1717	1716
1718	1717
1721	1720
1724	1723
1727	1726
1727	2681
1730	1731
1730	1732
1736	1737
1737	1736
1737	2571
1737	2572
1741	1740
1741	1744
1741	1753
1742	1741
1742	1750
1742	2624
1743	1741
1744	1740
1746	1747
1751	1750
1751	1752
1754	1753
1758	1757
1758	1759
1761	1760
1762	1763
1764	1764
1766	1765
1767	1765
1767	1767
1768	1767
1770	1769
1770	1772
1770	1773
1770	2071
1770	2072
1770	2112
1770	3215
1771	1770
1777	1776
1777	1778
1777	1779
1777	1790
1777	1809
1776	1791
1778	1787
1778	1794
1778	1816
1779	1782
1779	1793
1779	1798
1779	1801
1779	1805
1779	1811
1779	1812
1779	1815
1781	1780
1781	1835
1780	1788
1780	1789
1780	1792
1780	1795
1780	1796
1780	1797
1780	1799
1780	1800
1780	1802
1780	1806
1780	1810
1780	1813
1780	1814
1780	1817
1780	1818
1783	1782
1783	1787
1783	1801
1783	1805
1783	1811
1783	1812
1783	1815
1783	1816
1783	1820
1783	1821
1783	1823
1783	1824
1783	1826
1783	1827
1783	1829
1783	1831
1783	1833
1783	1839
1783	1955
1783	1965
1784	1783
1784	1835
1784	1836
1784	1841
1785	1783
1785	1826
1785	2601
1785	3218
1786	1783
1786	2008
1786	2224
1802	1803
1802	1804
1806	1807
1806	1808
1822	1821
1822	2602
1825	1824
1828	1827
1828	2947
1828	2959
1830	1829
1836	1835
1838	1837
1838	1859
1840	1839
1840	1865
1840	1871
1840	1872
1840	1873
1840	1874
1840	1875
1840	1876
1840	1877
1840	1878
1840	1879
1840	1888
1840	1889
1840	1890
1840	1891
1840	1893
1840	1895
1840	1899
1840	1908
1840	1909
1840	1910
1840	1911
1840	1923
1840	1926
1840	1927
1840	1931
1840	1933
1840	1940
1840	1941
1839	1902
1839	1935
1839	1936
1839	1937
1839	1938
1839	1939
1841	1840
1841	1847
1841	1848
1841	1849
1841	1850
1841	1851
1842	1841
1843	1839
1843	2968
1845	1844
1844	1846
1844	1853
1844	1857
1844	1858
1847	1854
1847	1913
1847	1932
1847	1943
1847	1944
1848	1864
1848	1868
1848	1880
1848	1881
1848	1886
1848	1887
1848	1894
1848	1896
1848	1897
1848	1898
1848	1900
1848	1901
1848	1903
1848	1916
1848	1918
1848	1919
1848	1921
1848	1922
1848	1924
1848	1925
1848	1929
1848	1934
1849	1870
1850	1866
1850	1867
1850	1869
1850	1884
1850	1906
1850	1914
1850	1920
1850	1928
1850	1930
1851	1882
1851	1904
1851	1917
1854	1907
1856	1856
1858	1948
1861	1860
1861	1862
1867	1883
1885	1884
1885	1951
1885	1953
1885	1980
1889	1892
1893	1942
1906	1905
1906	1912
1914	1980
1915	1914
1915	1945
1915	1946
1935	1966
1947	1946
1950	1949
1950	1952
1950	1954
1950	1959
1950	1962
1950	1966
1950	1967
1950	1970
1950	1975
1950	1976
1950	1977
1950	1978
1950	1979
1950	1981
1950	1982
1950	1986
1950	1989
1950	1990
1951	1950
1951	1956
1951	1958
1951	1968
1951	1972
1951	1983
1951	1988
1951	1999
1951	2000
1956	1955
1956	1964
1956	1965
1956	1971
1956	1974
1958	1957
1958	1960
1958	1961
1958	1984
1958	1985
1958	1987
1964	1963
1970	1969
1972	1973
1990	1993
1990	1995
1990	1997
1992	1991
1992	1996
1992	2002
1991	1994
1991	1996
1991	1998
2004	2006
2004	2007
2005	2004
2005	2967
2005	2968
2005	2971
2005	2985
2010	2009
2010	2020
2010	2123
2010	3027
2010	3028
2010	3029
2010	3041
2013	2012
2013	2588
2013	2600
2014	2013
2014	2372
2014	2380
2014	2402
2014	2409
2014	2410
2014	2418
2014	2421
2014	2428
2014	2443
2014	2448
2014	2455
2014	2493
2014	2495
2014	2508
2014	2527
2014	2536
2014	2585
2014	2587
2014	2599
2014	2643
2022	2021
2027	2026
2027	2027
2027	2039
2027	2040
2026	2026
2028	2027
2030	2029
2032	2031
2032	2045
2032	2053
2031	2039
2033	2032
2033	2252
2034	2033
2034	2219
2034	2222
2034	2260
2035	2031
2035	2037
2035	2039
2036	2031
2036	3049
2036	3056
2036	3057
2036	3063
2036	3064
2037	2039
2038	2037
2038	2039
2042	2047
2042	2048
2044	2043
2044	2044
2044	2048
2045	2048
2046	2045
2046	2047
2046	2048
2047	2048
2050	2055
2050	2056
2052	2051
2052	2052
2052	2056
2053	2056
2054	2053
2054	2055
2054	2056
2055	2056
2059	2058
2059	2064
2061	2060
2061	2063
2061	2065
2062	2062
2067	2066
2067	2069
2067	2306
2068	2067
2068	2234
2068	2304
2068	2307
2070	2070
2074	2073
2076	2075
2079	2078
2080	2078
2080	2613
2080	2640
2080	2830
2080	3247
2082	2081
2084	2083
2084	2299
2084	2302
2084	2312
2083	2085
2085	2095
2086	2088
2088	2087
2088	2092
2088	2105
2089	2088
2089	2091
2089	2093
2089	2095
2089	2101
2089	2102
2089	2104
2091	2090
2091	2103
2095	2094
2095	2096
2098	2097
2097	2108
2100	2099
2101	2100
2107	2106
2107	2115
2113	2113
2117	2116
2117	2118
2120	2119
2120	2121
2120	2122
2120	2124
2126	2125
2126	2128
2126	2132
2126	2134
2125	2132
2125	2134
2125	2138
2125	2141
2132	2131
2132	2145
2134	2133
2134	2135
2134	2136
2134	2139
2134	2140
2134	2142
2134	2143
2134	2146
2134	2147
2134	2148
2134	2149
2138	2137
2138	2144
2151	2150
2151	2153
2151	2164
2154	2155
2157	2156
2159	2158
2160	2159
2160	2162
2162	2161
2162	2163
2165	2166
2173	2172
2174	2174
2177	2176
2178	2177
2181	2180
2184	2183
2184	2216
2184	2693
2186	2185
2186	2198
2186	2215
2186	2218
2186	2228
2187	2186
2189	2188
2189	2221
2189	2223
2190	2189
2190	2188
2190	2752
2191	2188
2191	2963
2191	3235
2192	2191
2192	2961
2192	2962
2192	3192
2192	3197
2192	3198
2192	3199
2193	2191
2195	2194
2195	2584
2195	2857
2195	2986
2195	3002
2195	3018
2195	3273
2197	2196
2197	2200
2197	2203
2197	2227
2201	2200
2201	2215
2201	2229
2201	2232
2201	2266
2201	2271
2201	2282
2202	2201
2202	2332
2202	2337
2205	2204
2205	2338
2206	2204
2210	2209
2209	2212
2211	2210
2220	2219
2226	2225
2226	2227
2229	2230
2230	2235
2232	2231
2232	2234
2233	2231
2233	2235
2234	2235
2238	2237
2240	2240
2243	2242
2242	2244
2242	2245
2246	2249
2246	2251
2248	2247
2248	2248
2248	2251
2250	2249
2250	2251
2249	2251
2252	2251
2253	2252
2253	2255
2253	2256
2253	2260
2253	2264
2257	2259
2260	2259
2259	2263
2261	2260
2263	2262
2276	2275
2276	2277
2276	2278
2276	2281
2276	2282
2279	2278
2279	2280
2287	2292
2287	2297
2304	2305
2308	2309
2310	2311
2314	2313
2314	2315
2316	2317
2318	2319
2318	2448
2319	2321
2325	2324
2325	2326
2327	2328
2328	2329
2343	2343
2345	2345
2347	2346
2348	2346
2349	2346
2349	3218
2370	2374
2371	2370
2371	2414
2371	2590
2371	2608
2371	3310
2371	3325
2372	2371
2372	2414
2377	2376
2378	2377
2378	2416
2378	2439
2378	2462
2378	2651
2380	2379
2380	2382
2380	2386
2380	2387
2380	2390
2380	2628
2379	2384
2382	2381
2386	2385
2386	2388
2386	2389
2392	2391
2392	2393
2392	2403
2392	2412
2392	2418
2392	2423
2392	2425
2392	2643
2392	2999
2392	3003
2391	2422
2391	2425
2391	2430
2391	2466
2393	2395
2393	2398
2395	2466
2396	2395
2396	2475
2398	2397
2398	2434
2398	2466
2398	2470
2399	2398
2399	2469
2399	2477
2399	2494
2400	2397
2400	2438
2400	2591
2402	2401
2402	2403
2402	2407
2401	2404
2401	2405
2406	2405
2409	2408
2409	2412
2409	2643
2410	2408
2410	2419
2411	2410
2418	2417
2418	2419
2421	2420
2421	2422
2421	2425
2421	2427
2421	2532
2421	2647
2421	2648
2421	2968
2427	2426
2428	2428
2429	2428
2429	2525
2431	2430
2431	2467
2430	2434
2433	2432
2433	2436
2434	2437
2434	2479
2436	2435
2436	2457
2436	2478
2435	2438
2435	2452
2435	2458
2435	2473
2437	2438
2437	2471
2437	2473
2442	2441
2442	2603
2442	2604
2443	2442
2443	2585
2444	2443
2445	2443
2445	2585
2449	2453
2451	2450
2450	2452
2450	2459
2453	2452
2453	2459
2453	2468
2454	2453
2454	2491
2454	2494
2455	2454
2455	2475
2455	2487
2455	2489
2455	2532
2455	2647
2456	2453
2457	2456
2457	2458
2458	2453
2465	2464
2465	2468
2465	2469
2465	2477
2467	2466
2467	2470
2469	2468
2472	2471
2472	3058
2475	2474
2476	2475
2481	2480
2481	2483
2481	2484
2481	2485
2482	2480
2482	2485
2485	2485
2487	2486
2491	2490
2493	2492
2493	2599
2492	2494
2499	2498
2499	2522
2499	2525
2500	2498
2500	3106
2502	2501
2503	2501
2503	2503
2503	2553
2503	2560
2503	2608
2503	2622
2505	2510
2506	2508
2506	2514
2509	2508
2514	2513
2515	2514
2516	2515
2516	2517
2517	2514
2518	2513
2523	2522
2527	2526
2527	2530
2527	2531
2527	2532
2527	2534
2527	2582
2527	2647
2527	2971
2528	2526
2530	2529
2530	2533
2536	2535
2536	2538
2536	2599
2538	2537
2539	2537
2539	2603
2541	2540
2541	2542
2541	2544
2541	2555
2541	2634
2541	2635
2541	2636
2543	2542
2544	2542
2545	2544
2547	2546
2547	2553
2547	2557
2547	2560
2547	2637
2547	2638
2549	2548
2551	2550
2551	2553
2551	2560
2554	2553
2554	2560
2556	2555
2556	2559
2558	2557
2558	2559
2560	2559
2561	2564
2561	2565
2562	2563
2564	2582
2564	2968
2564	2971
2568	2567
2580	2579
2583	2582
2584	2582
2585	2582
2585	2632
2585	2640
2585	2639
2585	2968
2586	2585
2587	2586
2587	2589
2588	2585
2589	2585
2593	2592
2593	2595
2593	2596
2594	2592
2594	2595
2594	2596
2594	2599
2598	2597
2598	2998
2610	2609
2610	2617
2610	2627
2612	2611
2612	2614
2612	2615
2612	2616
2619	2628
2625	2624
2626	2624
2629	2628
2629	2647
2629	2648
2630	2628
2630	2639
2631	2630
2632	2630
2633	2630
2640	2639
2640	2652
2641	2640
2642	2640
2642	2655
2642	2656
2643	2640
2645	2644
2651	2650
2653	2652
2655	2657
2655	2658
2655	2659
2655	2660
2655	2661
2655	2662
2674	2673
2674	439
2680	2679
2682	2681
2684	2683
2685	2683
2686	2683
2695	2694
2695	2696
2695	2697
2699	2698
2699	3017
2700	2701
2702	2701
2702	2703
2705	2704
2705	2707
2705	2708
2705	2709
2706	2704
2710	2763
2714	507
2715	507
2716	507
2717	507
2725	2724
2724	2724
2730	2731
2752	2751
2752	2756
2753	2752
2754	2752
2755	2752
2758	2757
2759	2757
2759	3080
2760	2757
2760	3080
2762	2761
2765	2764
2765	2768
2765	2771
2765	2772
2769	2768
2769	2770
2769	2771
2769	2772
2774	2773
2775	2773
2779	2778
2784	2802
2784	2803
2785	2784
2801	2800
2810	2809
2810	2811
2813	2812
2815	2817
2815	2818
2816	2817
2816	2818
2820	2858
2823	2822
2825	2824
2825	2826
2827	2826
2830	2829
2830	2861
2829	2833
2831	2830
2831	2832
2831	2833
2831	2853
2831	2865
2831	2884
2836	2837
2837	2836
2840	2839
2840	3133
2840	3221
2840	3222
2842	2854
2842	2869
2844	2843
2843	2843
2848	2849
2850	2849
2849	2895
2854	2867
2854	2873
2854	2879
2856	2855
2860	2859
2860	2876
2861	2860
2861	2868
2861	2880
2862	2860
2862	2880
2862	2881
2862	3159
2862	3161
2862	3162
2862	3163
2862	3177
2862	3178
2862	3223
2862	3235
2862	3254
2862	3255
2862	3257
2862	3258
2862	3259
2864	2863
2864	2865
2866	2865
2867	2869
2867	2877
2868	2871
2868	2878
2871	2870
2871	2872
2874	2873
2876	2875
2882	2881
2884	2883
2884	2885
2884	2886
2884	2887
2891	2890
2891	2894
2894	2893
2898	2902
2898	2923
2899	2913
2899	2915
2899	2916
2899	2917
2899	2918
2899	2919
2900	2899
2900	2914
2901	2900
2901	2913
2901	2914
2901	2915
2901	2916
2901	2917
2901	2918
2901	2919
2902	2900
2904	2924
2906	2905
2906	2907
2908	2925
2908	2932
2911	2910
2913	2912
2915	2914
2922	2921
2925	2924
2927	2926
2927	2928
2928	2929
2928	2930
2928	2931
2934	2933
2936	2935
2941	2940
2942	2940
2943	2942
2944	2942
2949	2948
2948	2954
2950	2948
2951	2948
2953	2952
2953	2956
2952	2955
2954	2953
2960	2959
2960	2960
2966	2965
2966	2986
2966	3003
2966	3178
2966	3179
2967	2965
2967	2986
2967	2989
2967	2992
2969	2968
2969	2971
2970	2968
2974	2973
2974	2982
2976	2975
2976	2984
2978	2977
2978	2979
2978	2980
2979	3325
2980	3325
2983	2982
2988	2987
2989	2987
2989	2991
2991	2990
2994	2993
2994	2996
2997	2997
3001	3000
3005	3004
3005	3009
3006	3005
3006	3010
3006	3015
3006	3016
3008	3007
3011	3010
3013	3012
3014	3015
3014	3016
3022	1743
3024	3023
3024	3025
3024	3026
3042	3041
3048	3050
3048	3052
3049	3052
3051	3050
3051	3052
3050	3052
3053	3052
3053	3053
3053	3054
3058	3057
3059	3058
3059	3060
3059	3241
3059	3242
3059	3244
3062	3061
3065	3064
3065	3067
3065	3070
3065	3074
3066	3206
3068	3067
3070	3069
3070	3072
3070	3073
3070	3076
3071	3075
3072	3072
3079	3078
3079	3080
3079	3084
3079	3093
3079	3098
3079	3099
3079	3095
3081	3080
3081	3082
3081	3093
3081	3094
3081	3097
3081	3099
3083	3082
3082	3086
3085	3084
3087	3086
3087	3094
3087	3097
3088	3086
3089	3086
3089	3090
3089	3092
3091	3090
3091	3092
3095	3094
3095	3097
3095	3100
3096	3094
3096	3097
3101	3100
3108	3116
3111	3110
3114	3113
3119	3118
3119	3121
3119	3123
3120	3118
3122	3121
3124	3123
3127	3126
3144	3143
3146	3145
3153	3152
3155	3154
3157	3156
3160	3159
3160	3161
3160	3162
3160	3163
3160	3166
3160	3223
3162	3178
3165	3164
3168	3167
3168	3169
3170	3176
3171	3170
3171	3175
3171	3179
3171	3264
3173	3172
3173	3174
3175	3173
3175	3181
3181	3180
3181	3182
3186	3185
3189	3190
3190	3191
3192	3193
3192	3194
3192	3195
3192	3196
3199	3202
3199	3206
3199	3207
3199	3208
3203	3202
3203	3206
3203	3207
3203	3208
3203	3235
3204	3203
3204	3204
3204	3225
3204	3226
3209	3208
3212	3211
3214	3273
3217	3216
3217	3218
3219	3218
3221	3220
3228	3227
3228	3229
3228	3230
3231	3232
3231	3233
3235	3236
3241	3240
3243	3242
3243	3244
3243	3245
3249	3248
3249	3250
3249	3251
3252	3251
3252	3249
3256	3255
3256	3257
3256	3258
3261	3262
3261	3263
3264	3265
3264	3266
3273	3272
3273	3275
3273	3276
3273	3277
3273	3278
3274	3273
3279	3289
3279	3290
3279	3291
3279	3292
3279	3294
3279	3295
3279	3296
3279	3297
3279	3299
3279	3300
3279	3301
3279	3303
3279	3304
3280	3279
3281	3279
3282	3289
3283	3288
3285	3291
3285	3294
3287	3286
3302	3303
3305	3304
3307	3323
3309	3308
3309	3316
3309	3317
3309	3319
3309	3320
3309	3321
3309	3324
3309	3327
3309	3329
3308	3322
3308	3326
3308	3330
3310	3312
3310	3332
3310	3333
3312	3313
3313	3314
3335	3334
3335	3336
3354	3353
