1	0
1	5
1	12
1	17
1	24
1	26
1	25
1	43
1	47
1	49
1	55
1	61
1	62
1	70
1	73
1	75
1	85
1	86
1	93
1	94
1	98
1	128
1	129
1	131
1	141
1	143
1	198
1	275
1	302
1	323
1	327
1	342
1	360
1	431
1	469
1	471
1	476
1	492
1	493
1	574
1	579
1	584
1	590
1	624
1	629
1	649
1	647
1	657
1	662
1	678
1	675
1	702
1	761
1	795
1	806
1	825
1	901
1	916
1	931
1	948
1	963
1	981
1	997
1	998
1	1026
1	1058
1	1082
1	1088
1	1086
1	1091
1	1092
1	1093
1	1097
1	1098
1	1101
1	1110
1	1153
1	1157
1	1199
1	1200
1	1230
1	1254
1	1258
1	1285
1	1344
1	1352
1	1372
1	1375
1	1394
1	1396
1	1407
1	1415
1	1445
1	1452
1	1642
1	1653
1	1655
1	1659
1	1660
1	1662
1	1759
1	1829
1	1837
1	1881
1	1904
1	1929
1	1940
1	1941
1	1948
1	2009
1	2012
1	2021
1	2029
1	2034
1	2037
1	2038
1	2040
1	2045
1	2046
1	2048
1	2072
1	2162
1	2179
1	2193
1	2196
1	2212
1	2216
1	2219
1	2221
1	2222
1	2241
1	2242
1	2244
1	2257
1	2256
1	2315
1	2325
1	2338
1	2365
1	2366
1	2373
1	2375
1	2406
1	2408
1	2453
1	2583
1	2587
1	2590
1	2592
1	2593
1	2600
1	2616
1	2657
1	2660
1	2661
1	2684
1	2685
1	2687
1	2699
1	2701
1	2714
1	2744
1	2748
1	2753
1	2755
1	2760
1	2763
1	2764
1	2775
1	2776
1	2780
1	2783
1	2791
1	2792
1	2795
1	2798
1	2799
1	2803
1	2820
1	2823
1	2829
1	2832
1	2834
1	2835
1	2842
1	2854
1	2860
1	2867
1	2878
1	2884
1	2887
1	2892
1	2909
1	2910
1	2913
1	2922
1	2950
1	1739
1	3015
1	3041
1	3043
1	3044
1	3051
1	3056
1	3097
1	3137
1	3141
1	3144
1	3170
1	3195
1	3215
1	3231
1	3258
1	3273
1	3275
1	3280
1	3282
1	3284
1	3285
1	3290
1	3291
1	3293
1	3294
1	3296
1	3297
1	3298
1	3305
1	3315
0	11
0	62
0	127
0	130
0	2583
0	2808
0	2809
0	2878
0	3274
0	3275
0	3280
0	3281
0	3282
0	3284
0	3285
0	3286
0	3287
0	3289
0	3290
0	3291
0	3293
0	3301
0	3303
0	3315
2	0
2	5
2	9
2	8
2	6
2	17
2	18
2	22
2	39
2	45
2	71
2	77
2	79
2	93
2	128
2	133
2	137
2	138
2	173
2	266
2	308
2	376
2	413
2	478
2	625
2	906
2	926
2	935
2	929
2	946
2	956
2	968
2	972
2	979
2	977
2	983
2	984
2	989
2	991
2	993
2	995
2	997
2	999
2	1001
2	1003
2	1011
2	1024
2	1058
2	1084
2	1140
2	1141
2	1143
2	1195
2	1232
2	1308
2	1349
2	1352
2	1357
2	1388
2	1496
2	1505
2	1512
2	1516
2	1518
2	1520
2	1542
2	1543
2	1575
2	1577
2	1615
2	1629
2	1637
2	1638
2	1645
2	1649
2	1656
2	1660
2	1668
2	1671
2	1675
2	1687
2	1709
2	1710
2	1711
2	1712
2	1732
2	1750
2	1760
2	1771
2	1837
2	1864
2	2026
2	2033
2	2042
2	2050
2	2077
2	2095
2	2107
2	2135
2	2177
2	2182
2	2203
2	2208
2	2210
2	2213
2	2216
2	2245
2	2285
2	2297
2	2362
2	2401
2	2444
2	2562
2	2583
2	2632
2	2685
2	2702
2	2774
2	2775
2	2776
2	2795
2	2801
2	2803
2	2829
2	2832
2	2835
2	2847
2	2913
2	3022
2	3028
2	3029
2	3042
2	3057
2	3270
2	3274
2	3293
2	3315
3	0
3	9
3	8
3	14
3	19
3	22
3	11
3	25
3	31
3	40
3	45
3	60
3	62
3	73
3	72
3	71
3	84
3	85
3	92
3	91
3	104
3	107
3	127
3	128
3	129
3	130
3	134
3	136
3	137
3	138
3	142
3	249
3	265
3	268
3	274
3	275
3	279
3	300
3	302
3	316
3	351
3	355
3	364
3	389
3	465
3	467
3	479
3	482
3	493
3	496
3	498
3	576
3	584
3	574
3	588
3	616
3	624
3	655
3	657
3	662
3	678
3	677
3	687
3	676
3	709
3	708
3	707
3	712
3	743
3	746
3	747
3	753
3	761
3	764
3	768
3	786
3	795
3	797
3	803
3	806
3	825
3	901
3	908
3	917
3	923
3	926
3	928
3	921
3	934
3	935
3	941
3	953
3	956
3	954
3	958
3	969
3	968
3	972
3	979
3	978
3	984
3	985
3	986
3	989
3	998
3	1012
3	1013
3	1024
3	1026
3	1027
3	1039
3	1063
3	1072
3	1075
3	1069
3	1078
3	1079
3	1098
3	1113
3	1118
3	1136
3	1143
3	1148
3	1190
3	1198
3	1200
3	1202
3	1223
3	1236
3	1235
3	1240
3	1251
3	1254
3	1255
3	1272
3	1278
3	1285
3	1332
3	1333
3	1358
3	1380
3	1384
3	1392
3	1393
3	1396
3	1397
3	1405
3	1458
3	1470
3	1471
3	1501
3	1533
3	1544
3	1565
3	1617
3	1623
3	1627
3	1633
3	1639
3	1645
3	1655
3	1660
3	1666
3	1676
3	1687
3	1688
3	1705
3	1706
3	1718
3	1723
3	1735
3	1755
3	1758
3	1761
3	1782
3	1779
3	1794
3	1815
3	1816
3	1830
3	1858
3	1862
3	1881
3	1987
3	2028
3	2027
3	2026
3	2032
3	2033
3	2036
3	2042
3	2044
3	2050
3	2067
3	2071
3	2082
3	2092
3	2094
3	2098
3	2102
3	2113
3	2115
3	2116
3	2124
3	2183
3	2190
3	2196
3	2195
3	2194
3	2207
3	2213
3	2216
3	2219
3	2221
3	2222
3	2240
3	2253
3	2269
3	2276
3	2277
3	2279
3	2315
3	2325
3	2326
3	2337
3	44
3	2366
3	2365
3	2369
3	2375
3	2377
3	2378
3	2384
3	2385
3	2387
3	2395
3	2399
3	2401
3	2404
3	2418
3	2442
3	2444
3	2454
3	2459
3	2468
3	2488
3	2499
3	2501
3	2518
3	2525
3	2532
3	2545
3	2553
3	2567
3	2573
3	2572
3	2577
3	2578
3	2584
3	2592
3	2600
3	2606
3	2616
3	2622
3	2620
3	2632
3	2639
3	2640
3	2655
3	2656
3	2657
3	2660
3	2661
3	2663
3	2666
3	2667
3	2675
3	2681
3	2683
3	2685
3	2744
3	2743
3	2748
3	2753
3	2758
3	2774
3	2776
3	2795
3	2809
3	2829
3	2835
3	2836
3	2878
3	2884
3	2889
3	2898
3	2902
3	2903
3	2904
3	2905
3	2906
3	2907
3	2908
3	2909
3	2913
3	2937
3	2953
3	2954
3	2975
3	2977
3	2978
3	2979
3	2981
3	1739
3	3015
3	3016
3	3021
3	3022
3	3024
3	3026
3	3027
3	2949
3	3028
3	3029
3	2465
3	3035
3	3036
3	3038
3	3048
3	3050
3	3056
3	3095
3	3099
3	3132
3	3152
3	3153
3	3164
3	3172
3	3191
3	3195
3	3194
3	3214
3	3227
3	3233
3	3235
3	3254
3	3257
3	3258
3	3270
3	3272
3	3283
3	3286
3	3287
3	3290
3	3293
3	3296
3	3299
3	3302
3	3303
3	3315
3	3316
4	0
4	8
4	14
4	19
4	22
4	21
4	26
4	28
4	30
4	25
4	24
4	43
4	42
4	47
4	45
4	39
4	49
4	54
4	55
4	60
4	61
4	68
4	69
4	73
4	82
4	83
4	71
4	70
4	84
4	85
4	86
4	90
4	91
4	104
4	111
4	108
4	118
4	122
4	123
4	124
4	125
4	128
4	129
4	133
4	134
4	136
4	137
4	138
4	145
4	148
4	147
4	152
4	155
4	166
4	167
4	171
4	173
4	172
4	175
4	177
4	178
4	179
4	180
4	182
4	185
4	186
4	187
4	188
4	189
4	190
4	191
4	192
4	193
4	194
4	195
4	196
4	197
4	201
4	200
4	204
4	209
4	214
4	220
4	226
4	228
4	229
4	231
4	233
4	236
4	240
4	247
4	249
4	264
4	270
4	274
4	276
4	284
4	282
4	287
4	292
4	291
4	300
4	304
4	306
4	310
4	316
4	322
4	334
4	344
4	346
4	351
4	357
4	378
4	379
4	376
4	382
4	384
4	388
4	389
4	393
4	395
4	404
4	405
4	415
4	417
4	418
4	419
4	421
4	422
4	433
4	435
4	434
4	440
4	441
4	442
4	447
4	445
4	452
4	455
4	457
4	460
4	462
4	465
4	466
4	467
4	471
4	469
4	473
4	475
4	479
4	478
4	494
4	493
4	496
4	497
4	498
4	506
4	505
4	514
4	576
4	575
4	584
4	579
4	614
4	623
4	624
4	643
4	646
4	644
4	648
4	654
4	657
4	662
4	663
4	666
4	670
4	672
4	681
4	682
4	683
4	678
4	686
4	685
4	676
4	693
4	696
4	697
4	699
4	701
4	703
4	704
4	705
4	709
4	712
4	738
4	740
4	747
4	749
4	750
4	753
4	755
4	756
4	757
4	760
4	761
4	764
4	766
4	767
4	771
4	777
4	780
4	787
4	795
4	798
4	799
4	803
4	806
4	807
4	808
4	814
4	819
4	836
4	843
4	847
4	912
4	916
4	917
4	926
4	928
4	931
4	949
4	963
4	967
4	973
4	976
4	979
4	978
4	977
4	982
4	985
4	987
4	990
4	991
4	992
4	993
4	994
4	995
4	998
4	997
4	1001
4	1002
4	1003
4	1005
4	1006
4	1009
4	1008
4	1010
4	1015
4	1016
4	1020
4	1027
4	1043
4	1044
4	1049
4	1048
4	1056
4	1057
4	1061
4	1062
4	1098
4	1106
4	1118
4	1123
4	1126
4	1136
4	1143
4	1148
4	1151
4	1152
4	1168
4	1193
4	1190
4	1189
4	1199
4	1206
4	1211
4	1212
4	1213
4	1214
4	1216
4	1217
4	1218
4	1225
4	1224
4	1228
4	1231
4	1236
4	1235
4	1246
4	1248
4	1273
4	1308
4	1333
4	1338
4	1340
4	1343
4	1347
4	1358
4	1359
4	1368
4	1375
4	1377
4	1395
4	1396
4	1398
4	1400
4	1402
4	1403
4	1404
4	1405
4	1406
4	1415
4	1424
4	1425
4	1426
4	1429
4	1451
4	1458
4	1457
4	1460
4	1463
4	1465
4	1464
4	1474
4	1481
4	1486
4	1501
4	1503
4	1514
4	1521
4	1524
4	1527
4	1528
4	1533
4	1537
4	1544
4	1553
4	1557
4	1567
4	1606
4	1609
4	1610
4	1612
4	1625
4	1628
4	1632
4	1642
4	1641
4	1640
4	1648
4	1645
4	1651
4	1654
4	1655
4	1660
4	1662
4	1663
4	1664
4	1665
4	1666
4	1668
4	1678
4	1679
4	1681
4	1693
4	1698
4	1699
4	1709
4	1717
4	1719
4	1720
4	1725
4	1734
4	1738
4	1740
4	1737
4	1744
4	1750
4	1761
4	1765
4	1768
4	1769
4	1770
4	1772
4	1774
4	1775
4	1776
4	1779
4	1778
4	1783
4	1784
4	1785
4	1794
4	1795
4	1796
4	1797
4	1798
4	1801
4	1802
4	1809
4	1810
4	1813
4	1814
4	1815
4	1822
4	1828
4	1830
4	1836
4	1835
4	1841
4	1840
4	1844
4	1845
4	1847
4	1850
4	1851
4	1854
4	1855
4	1856
4	1861
4	1862
4	1863
4	1864
4	1865
4	1866
4	1867
4	1868
4	1869
4	1870
4	1871
4	1872
4	1873
4	1874
4	1875
4	1876
4	1877
4	1878
4	1879
4	1881
4	1883
4	1884
4	1885
4	1886
4	1887
4	1888
4	1889
4	1890
4	1891
4	1892
4	1893
4	1894
4	1895
4	1896
4	1897
4	1898
4	1899
4	1900
4	1901
4	1903
4	1902
4	1905
4	1906
4	1907
4	1908
4	1909
4	1910
4	1911
4	1913
4	1914
4	1915
4	1916
4	1917
4	1918
4	1919
4	1920
4	1921
4	1922
4	1923
4	1924
4	1925
4	1926
4	1927
4	1928
4	1930
4	1931
4	1932
4	1933
4	1934
4	1935
4	1936
4	1937
4	1938
4	1939
4	1945
4	1988
4	2001
4	2006
4	2014
4	2015
4	2016
4	2017
4	2018
4	2019
4	2021
4	2027
4	2032
4	2031
4	2033
4	2034
4	2035
4	2036
4	2038
4	2037
4	2041
4	2042
4	2043
4	2044
4	2046
4	2045
4	2049
4	2050
4	2051
4	2069
4	2071
4	2075
4	2080
4	2085
4	2087
4	2092
4	2091
4	2094
4	2096
4	2098
4	2100
4	2102
4	2104
4	2105
4	2109
4	2110
4	2112
4	2113
4	2115
4	2116
4	2118
4	2119
4	2121
4	2129
4	2133
4	2179
4	2186
4	2209
4	2212
4	2215
4	2216
4	2220
4	2224
4	2227
4	2225
4	2228
4	2229
4	2230
4	2233
4	2234
4	2235
4	2240
4	2242
4	2241
4	2243
4	2245
4	2248
4	2257
4	2256
4	2259
4	2261
4	2262
4	2263
4	2264
4	2266
4	2268
4	2280
4	2294
4	2296
4	2311
4	2313
4	2314
4	2317
4	2326
4	2330
4	2333
4	2335
4	2337
4	2344
4	2346
4	2347
4	2348
4	2349
4	2350
4	2351
4	2352
4	2353
4	2354
4	2355
4	2356
4	2358
4	2369
4	2373
4	2376
4	2375
4	2378
4	2379
4	2381
4	2383
4	2384
4	2385
4	2393
4	2394
4	2391
4	2395
4	2397
4	2399
4	2401
4	2404
4	2415
4	2414
4	2417
4	2418
4	2419
4	2421
4	2424
4	2423
4	2425
4	2427
4	2429
4	2430
4	2431
4	2435
4	2434
4	2440
4	2442
4	2456
4	2457
4	2460
4	2459
4	2450
4	2463
4	2468
4	2472
4	2473
4	2477
4	2480
4	2479
4	2482
4	2484
4	2483
4	2485
4	2487
4	2488
4	2490
4	2491
4	2496
4	2505
4	2507
4	2517
4	2518
4	2523
4	2524
4	2528
4	2532
4	2539
4	2543
4	2546
4	2553
4	2561
4	2560
4	2562
4	2565
4	2567
4	2569
4	2570
4	2572
4	2576
4	2580
4	2578
4	2581
4	2584
4	2587
4	2593
4	2594
4	2595
4	2596
4	2597
4	2598
4	2607
4	2609
4	2611
4	2612
4	2614
4	2615
4	2616
4	2619
4	2624
4	2622
4	2620
4	2635
4	2632
4	2637
4	2636
4	2639
4	2640
4	2641
4	2655
4	2657
4	2659
4	2666
4	2667
4	2668
4	2683
4	2684
4	2685
4	2690
4	2700
4	2703
4	2710
4	2711
4	2712
4	2717
4	2716
4	2718
4	2719
4	2720
4	2721
4	2722
4	2724
4	2725
4	2726
4	2727
4	2728
4	2729
4	2730
4	2731
4	2732
4	2733
4	2734
4	2735
4	2736
4	2737
4	2738
4	2739
4	2740
4	2741
4	2744
4	2747
4	2753
4	2755
4	2759
4	2762
4	2765
4	2768
4	2769
4	2773
4	2774
4	2784
4	2785
4	2786
4	2787
4	2788
4	2789
4	2795
4	2802
4	2803
4	2805
4	2812
4	2816
4	2818
4	2820
4	2819
4	2824
4	2827
4	2826
4	2834
4	2838
4	2839
4	2840
4	2841
4	2845
4	2847
4	2846
4	2850
4	2854
4	2861
4	2863
4	2873
4	2872
4	2874
4	2875
4	2876
4	2877
4	2883
4	2884
4	2885
4	2886
4	2887
4	2891
4	2889
4	2892
4	2893
4	2895
4	2894
4	2896
4	2897
4	2898
4	2899
4	2902
4	2904
4	2903
4	2905
4	2906
4	2907
4	2908
4	2909
4	2911
4	2912
4	2914
4	2916
4	2917
4	2921
4	2922
4	2924
4	2927
4	2928
4	2931
4	2947
4	2952
4	2956
4	2954
4	2958
4	2957
4	2974
4	2975
4	2977
4	2978
4	2979
4	2981
4	2982
4	2984
4	2985
4	2992
4	2996
4	2998
4	3006
4	3008
4	3009
4	3010
4	3018
4	3025
4	3026
4	3030
4	2465
4	3037
4	3038
4	3040
4	3042
4	3043
4	3044
4	3045
4	3050
4	3059
4	3063
4	3064
4	3066
4	3067
4	3083
4	3084
4	3089
4	3094
4	3096
4	3099
4	3102
4	3107
4	1701
4	1762
4	3119
4	3122
4	3127
4	3128
4	3129
4	3130
4	3131
4	2972
4	3138
4	3141
4	3140
4	3145
4	3147
4	3152
4	3153
4	3161
4	3166
4	3164
4	3172
4	3175
4	3176
4	3178
4	3179
4	3181
4	3182
4	3190
4	3191
4	3192
4	3195
4	3201
4	3202
4	3204
4	3205
4	3206
4	3212
4	3213
4	3216
4	3225
4	3230
4	3232
4	3233
4	3235
4	3237
4	3242
4	3246
4	3249
4	3250
4	3253
4	3254
4	3257
4	3258
4	3259
4	3261
4	3263
4	3270
4	3271
4	3272
4	3273
4	3280
4	3281
4	3284
4	3286
4	3287
4	3289
4	3290
4	3293
4	3299
4	3298
4	3300
4	3302
4	3313
4	3315
4	3316
4	3328
4	3330
4	3331
4	3332
4	3333
4	3334
7	6
6	12
8	7
9	8
9	34
10	8
10	22
10	45
10	47
10	77
10	71
10	141
10	151
10	191
10	235
10	268
10	275
10	300
10	309
10	310
10	314
10	377
10	379
10	383
10	480
10	493
10	602
10	617
10	623
10	629
10	638
10	676
10	712
10	928
10	946
10	965
10	975
10	997
10	1006
10	1023
10	1039
10	1057
10	1089
10	1131
10	1159
10	1188
10	1235
10	1246
10	1305
10	1308
10	1333
10	1229
10	1368
10	1381
10	1437
10	1542
10	1548
10	1549
10	1602
10	1635
10	1656
10	1666
10	1702
10	1750
10	1776
10	1864
10	2000
10	2028
10	2056
10	2064
10	2067
10	2106
10	2168
10	2176
10	2190
10	2196
10	2200
10	2221
10	2233
10	2234
10	2235
10	2256
10	2327
10	44
10	2407
10	2422
10	2498
10	2553
10	2554
10	2601
10	2602
10	2612
10	2631
10	2655
10	503
10	2744
10	2753
10	2755
10	2757
10	2776
10	2778
10	2779
10	2795
10	2803
10	2825
10	2831
10	2842
10	2845
10	2846
10	2881
10	2951
10	2986
10	3104
10	3103
10	3105
10	3144
10	3158
10	3160
10	3188
10	3189
10	3215
10	3222
10	3259
10	3260
10	3263
10	3297
12	11
12	127
12	2583
12	3261
12	3263
12	3269
12	3315
12	3322
12	3323
11	23
11	35
11	36
11	129
11	130
11	131
11	132
11	133
11	136
11	137
11	2807
11	2878
11	3299
11	3308
13	12
13	19
14	12
15	14
15	20
15	21
15	24
15	55
15	61
15	62
15	70
15	84
15	85
15	86
15	90
15	91
15	2808
15	3300
15	3301
16	15
17	14
18	12
19	12
20	19
20	40
20	49
20	60
20	126
20	3270
20	3271
20	3272
20	3274
20	3275
20	3292
21	11
21	3269
22	21
22	108
22	624
22	1039
22	1075
22	1193
22	1533
22	1761
22	1833
22	1998
23	134
23	135
24	23
25	24
25	1740
25	1745
25	1751
25	2252
25	2254
25	2269
25	2559
26	25
26	28
27	26
27	71
27	83
27	97
27	112
27	127
27	130
27	141
27	142
27	144
27	143
27	220
27	228
27	234
27	272
27	284
27	295
27	297
27	294
27	298
27	299
27	300
27	302
27	304
27	325
27	332
27	334
27	380
27	381
27	383
27	386
27	389
27	413
27	414
27	438
27	447
27	452
27	467
27	469
27	471
27	473
27	476
27	475
27	478
27	492
27	493
27	564
27	616
27	637
27	641
27	645
27	649
27	647
27	657
27	678
27	687
27	676
27	693
27	747
27	756
27	761
27	780
27	786
27	795
27	798
27	817
27	825
27	895
27	901
27	909
27	911
27	912
27	917
27	914
27	933
27	935
27	938
27	941
27	946
27	947
27	954
27	957
27	959
27	969
27	998
27	997
27	1071
27	1069
27	1098
27	1118
27	1136
27	1157
27	1197
27	1207
27	1230
27	1251
27	1285
27	1305
27	1333
27	1344
27	1398
27	1404
27	1437
27	1436
27	1514
27	1619
27	1620
27	1633
27	1642
27	1655
27	1662
27	1712
27	1715
27	1725
27	1734
27	1740
27	1748
27	1752
27	1771
27	1778
27	1783
27	1805
27	2021
27	2020
27	2026
27	2029
27	2031
27	2032
27	2033
27	2034
27	2035
27	2036
27	2038
27	2037
27	2040
27	2041
27	2042
27	2043
27	2044
27	2045
27	2046
27	2048
27	2049
27	2050
27	2051
27	2177
27	2190
27	2196
27	2194
27	2203
27	2208
27	2210
27	2213
27	2216
27	2219
27	2221
27	2228
27	2240
27	2242
27	2241
27	2244
27	2243
27	2245
27	2248
27	2250
27	2254
27	2271
27	2278
27	2326
27	2338
27	2339
27	2365
27	2384
27	2387
27	2391
27	2399
27	2406
27	2416
27	2430
27	2431
27	2442
27	2444
27	2446
27	2459
27	2467
27	2468
27	2472
27	2488
27	2491
27	2574
27	2577
27	2584
27	2590
27	2592
27	2595
27	2600
27	2613
27	2632
27	2635
27	2639
27	2661
27	2662
27	2680
27	2684
27	2685
27	2690
27	2744
27	2753
27	2778
27	2779
27	2803
27	2832
27	2835
27	2842
27	2878
27	2888
27	2889
27	2892
27	2898
27	2902
27	2903
27	2904
27	2905
27	2906
27	2907
27	2908
27	2912
27	2914
27	2913
27	2936
27	2953
27	2954
27	2971
27	2978
27	2981
27	2998
27	2999
27	3003
27	3008
27	3009
27	3020
27	3022
27	3028
27	3029
27	3038
27	3041
27	3040
27	3042
27	3043
27	3044
27	3045
27	3065
27	3072
27	3083
27	3092
27	3093
27	3097
27	3105
27	3108
27	3179
27	3182
27	3185
27	3191
27	3231
27	3276
27	3283
27	3287
27	3315
28	25
28	2252
28	2257
29	28
29	1055
29	1195
29	1232
29	1349
29	1503
29	1520
29	1610
29	1615
29	2446
29	2448
29	2561
29	2635
29	2771
29	3023
29	3031
29	3033
29	3036
29	3057
29	3102
29	3105
29	2972
29	2002
30	25
30	286
30	297
30	299
30	374
30	409
30	425
30	427
30	895
30	898
30	911
30	908
30	916
30	917
30	918
30	914
30	923
30	932
30	964
30	985
30	986
30	1011
30	1012
30	1013
30	1053
30	1055
30	1188
30	1197
30	1332
30	1493
30	1501
30	1504
30	1515
30	1518
30	1517
30	1519
30	1530
30	1555
30	1723
30	1779
30	2077
30	2092
30	2095
30	2132
30	2145
30	2162
30	2164
30	2165
30	2172
30	2173
30	2287
30	2290
30	2513
30	2530
30	2711
30	2936
30	3163
30	3172
30	3201
32	31
32	33
36	128
36	138
37	36
37	3304
38	37
39	38
39	132
40	39
40	48
40	130
40	136
40	3273
40	3303
41	40
41	1573
41	1613
41	1761
41	2772
41	3270
42	39
43	42
43	54
43	87
43	118
43	1228
43	1231
43	1378
43	1838
43	1911
43	1961
43	2591
44	42
44	54
44	87
45	39
45	45
45	584
45	1359
45	1761
46	45
46	47
46	302
46	389
46	493
46	574
46	584
46	752
46	797
46	798
46	901
46	906
46	916
46	923
46	926
46	935
46	956
46	954
46	961
46	968
46	984
46	988
46	991
46	1031
46	1057
46	1076
46	1079
46	1081
46	1118
46	1131
46	1172
46	1197
46	1199
46	1200
46	1202
46	1206
46	1211
46	1212
46	1213
46	1214
46	1216
46	1217
46	1218
46	1227
46	1235
46	1250
46	1249
46	1261
46	1262
46	1270
46	1288
46	1289
46	1293
46	1308
46	1320
46	1321
46	1325
46	1328
46	1329
46	1333
46	1340
46	1359
46	1368
46	1373
46	1379
46	1383
46	1437
46	1460
46	1660
46	1676
46	1678
46	1750
46	2012
46	2013
46	2067
46	2366
46	2375
46	2378
46	2384
46	2398
46	2399
46	2404
46	2408
46	2413
46	2414
46	2418
46	2446
46	2454
46	2459
46	2463
46	2468
46	2473
46	2488
46	2524
46	2545
46	2570
46	2574
46	2583
46	2590
46	2592
46	2596
46	2597
46	2602
46	2620
46	2632
46	2635
46	2638
46	2639
46	2656
46	2661
46	2685
46	2696
46	2699
46	2700
46	2701
46	2702
46	2703
46	2713
46	2744
46	2753
46	2795
46	2811
46	2823
46	2832
46	2839
46	2846
46	2849
46	2852
46	2854
46	2873
46	2992
46	3124
46	3132
46	3141
46	3165
46	3164
46	3174
46	3215
46	3231
46	3238
46	3258
46	3288
46	3315
47	45
47	47
48	38
48	2809
48	2878
49	48
49	3302
50	49
50	300
50	302
50	351
50	367
50	373
50	537
50	539
50	601
50	600
50	602
50	603
50	623
50	657
50	660
50	795
50	797
50	803
50	807
50	808
50	812
50	823
50	912
50	949
50	983
50	1026
50	1333
50	1379
50	1072
50	1507
50	1613
50	2519
50	2592
50	2680
50	2715
50	2738
50	2745
50	2780
50	2781
50	2782
50	2783
50	2784
50	2785
50	2786
50	2787
50	2788
50	2789
50	2790
50	2796
50	2797
50	2954
50	2987
50	3076
50	3195
51	37
51	1189
51	2103
51	2105
51	2578
52	51
52	108
52	1193
52	1189
52	1075
52	1612
52	1613
52	1998
52	2013
52	2284
52	2499
52	2501
52	2814
52	2829
52	2841
52	2850
52	2878
53	52
53	108
53	111
53	1073
53	1189
53	1640
53	1646
53	1674
53	1717
53	1758
53	2010
53	2092
53	2102
53	2213
53	2366
53	2374
53	2396
53	2403
53	2404
53	2412
53	2415
53	2421
53	2431
53	2436
53	2448
53	2486
53	2488
53	2520
53	2529
53	2573
53	2578
53	2580
53	2592
53	2606
53	2635
53	2962
53	2971
53	2976
53	2979
53	2981
53	3010
53	3026
53	3035
53	3049
53	3254
53	2002
53	2955
54	36
54	54
54	71
54	70
54	84
54	137
55	136
56	55
56	108
56	1049
56	1047
56	1172
56	1188
56	1474
56	1488
56	1489
56	1730
56	1758
56	1847
56	2072
57	56
57	111
57	642
57	1055
57	1073
57	1707
57	2083
58	57
58	56
58	71
58	1050
58	1054
58	1233
58	1232
58	1349
58	1379
58	1751
58	2424
58	3055
58	3328
59	56
59	1165
59	1228
59	1231
59	1379
59	3327
59	3328
59	3329
60	129
60	130
60	136
62	3263
63	62
63	149
63	192
63	537
63	539
63	575
63	578
63	574
63	627
63	629
63	757
63	785
63	791
63	795
63	976
63	987
63	990
63	992
63	994
63	1002
63	1005
63	1015
63	1023
63	1573
63	1621
63	1771
63	2183
63	2203
63	2208
63	2213
63	2346
63	2348
63	2349
63	2350
63	2351
63	2352
63	2353
63	2354
63	2355
63	2356
63	2716
63	2719
63	2720
63	2722
63	2725
63	2728
63	2729
63	2730
63	2736
63	2739
63	2740
63	2741
63	2753
63	2772
63	2795
63	2801
63	2881
63	3261
63	3270
63	3301
64	63
65	63
66	63
66	807
67	63
67	808
68	63
68	72
68	249
68	266
68	268
68	267
68	479
68	575
68	584
68	629
68	997
68	1039
68	1198
68	1204
68	1396
68	1549
68	2257
68	2279
68	2334
68	2336
68	2710
68	2744
69	63
69	575
69	1189
69	1435
69	1437
69	1440
69	2506
69	2613
70	129
70	130
70	132
70	3286
70	3287
71	70
71	108
71	1039
71	1354
71	1542
71	1573
71	1617
71	1761
71	2026
71	2072
71	2295
72	71
72	1349
72	2027
72	2124
72	2195
72	2257
72	2267
73	72
73	479
74	71
75	71
75	75
75	1039
75	1477
75	1479
75	1536
75	2028
75	2106
75	2254
76	75
76	71
76	92
76	130
76	139
76	143
76	678
76	935
76	956
76	1143
76	1144
76	1344
76	1402
76	1403
76	1404
76	1405
76	1525
76	1642
76	1641
76	1660
76	1678
76	1716
76	1720
76	1750
76	1763
76	1761
76	1774
76	1775
76	1786
76	1787
76	1789
76	1790
76	2177
76	2210
76	2313
76	2315
76	2375
76	2395
76	2397
76	2404
76	2412
76	2417
76	2418
76	2431
76	2527
76	2554
76	2574
76	2576
76	2587
76	2590
76	2592
76	2595
76	2600
76	2606
76	2635
76	2637
76	2636
76	2639
76	2640
76	2660
76	2661
76	2826
76	2829
76	2887
76	2898
76	2912
76	2914
76	2956
76	2958
76	2974
76	2982
76	2985
76	3003
76	3004
76	3008
76	3009
76	3012
76	3025
76	3048
76	3087
76	3120
76	3123
76	3138
76	3170
76	3183
76	3263
76	3283
77	71
77	1490
77	1499
77	1505
77	1681
78	71
79	78
80	79
80	1530
80	1531
80	1532
81	80
81	1526
81	1669
81	1727
82	71
82	1542
82	1543
82	2094
82	2281
82	2282
82	2283
82	2284
82	2285
82	2287
82	2288
82	2289
82	2290
82	2292
82	2293
82	2294
82	2295
82	2296
82	2297
83	71
84	129
85	132
85	133
86	131
87	86
87	87
87	90
87	1354
88	86
88	1677
88	1771
88	2183
88	2197
88	2205
88	2208
88	2213
88	3241
89	88
89	290
89	1073
89	1639
89	1640
89	1718
89	2391
89	2416
89	2417
89	2431
89	2444
89	2456
89	2464
89	2466
89	2467
89	2573
89	2584
89	2598
89	2606
89	2662
89	2663
89	2665
89	437
89	2669
89	2670
89	2685
89	2962
89	2971
89	2977
89	2979
89	2981
89	3020
89	3021
89	3022
89	3023
89	3024
89	3025
89	3026
89	3027
89	2949
89	3028
89	3029
89	3030
89	3031
89	3033
89	2465
89	3034
89	3035
89	3036
89	3037
89	3049
89	3164
89	3254
89	1724
90	130
90	131
90	132
90	136
90	3287
91	130
91	136
91	3263
91	3269
92	91
92	1678
92	2315
92	2600
92	3283
96	95
96	174
96	245
96	333
96	350
96	755
96	1185
96	1399
96	1576
96	1658
96	2237
96	2324
96	2388
96	2433
96	2800
96	2838
96	2900
96	3061
96	3098
96	3115
96	3142
96	3149
96	3251
96	3254
95	97
100	99
100	1741
100	2571
102	101
102	107
102	106
102	1171
102	1172
102	1736
102	1757
102	1756
102	1761
102	2013
102	2566
102	2567
104	103
104	1061
104	1062
104	1080
104	1081
104	1338
104	1466
104	1467
104	1468
104	1469
104	1470
104	1471
104	1472
104	1473
104	1477
104	1478
104	1480
104	1481
104	1482
104	1483
104	1485
104	1486
104	1538
104	1539
104	1564
104	1622
104	2016
104	2512
104	2513
105	104
105	1079
105	1465
105	1533
105	1561
107	106
107	1736
107	2567
108	107
108	1172
108	1757
109	108
109	1833
110	108
110	1384
110	1621
110	1622
110	1627
110	1634
110	1636
110	1637
110	1638
110	1645
110	1649
110	1669
110	1680
110	1683
110	1687
110	1688
110	1692
110	1697
110	1702
110	1705
110	1715
110	1723
110	1727
110	2110
110	2213
110	2567
110	2935
110	2946
110	3338
111	108
111	1758
111	1761
113	112
113	117
113	2164
113	2497
115	114
115	121
115	2122
115	2145
115	2146
115	2148
115	2161
116	115
116	2151
116	2154
116	2159
116	2162
116	2163
116	2930
117	116
118	117
118	2154
120	119
121	120
121	2169
126	127
130	3278
130	3318
138	3321
140	139
140	143
140	492
140	1098
140	2992
140	3007
140	3198
140	3199
141	142
144	143
144	678
144	2887
144	2888
144	2889
144	2892
144	2893
144	2902
144	2903
144	2904
144	2905
144	2906
144	2907
144	2908
144	2910
144	2913
144	2921
144	2923
146	145
146	564
146	568
146	572
146	589
146	591
146	592
146	593
146	594
146	595
146	598
146	599
146	2935
146	2946
148	147
148	150
148	155
148	157
148	156
148	160
148	164
148	166
148	167
148	168
148	169
148	170
148	171
148	1030
148	1031
148	1033
148	1034
148	1035
148	1351
148	1353
148	1356
148	1568
148	1569
148	2368
148	2927
147	150
147	155
147	157
147	158
147	159
147	163
147	165
147	167
147	168
147	169
147	170
147	1030
147	1031
147	1033
147	1034
147	1035
147	1351
147	1353
147	1356
147	1568
147	1569
147	2364
147	2367
147	2368
147	2927
150	149
150	151
151	149
154	153
157	156
157	161
157	162
157	164
157	171
161	160
162	166
173	172
173	175
173	176
173	177
173	178
173	179
173	180
173	181
173	182
173	183
173	184
173	185
173	186
173	187
173	189
173	1028
173	1029
173	1032
173	1036
173	1566
174	173
174	223
174	230
174	232
174	247
174	348
174	349
174	375
174	401
174	423
174	485
174	491
174	613
174	628
174	634
174	824
174	827
174	828
174	829
174	830
174	831
174	832
174	833
174	841
174	842
174	940
174	974
174	996
174	1417
174	1418
174	1420
174	1421
174	1422
174	1423
174	1424
174	1427
174	1428
174	1429
174	1430
174	1431
174	1433
174	1434
174	1441
174	1442
174	1443
174	1444
174	1445
174	1446
174	1447
174	1448
174	1449
174	1450
174	1453
174	1454
174	1455
174	1456
174	2333
174	2335
174	2345
174	2357
174	2360
174	2361
174	2372
174	2500
198	197
198	201
198	270
198	982
198	2337
199	198
199	197
199	302
201	200
201	204
201	205
201	210
201	212
201	213
201	216
201	224
201	225
201	1987
200	207
200	208
200	209
200	211
200	214
200	215
200	217
200	218
200	219
202	201
203	201
203	568
203	569
203	572
203	573
203	574
203	589
203	591
203	595
203	598
203	1333
203	1999
203	2166
203	2174
204	206
221	220
221	938
221	2981
220	226
220	228
222	220
222	1750
222	1751
222	1752
222	1819
222	3143
227	226
227	2459
231	231
235	234
235	243
235	244
234	575
236	234
236	250
236	260
236	259
236	261
236	263
236	266
236	269
236	272
236	300
236	305
236	308
236	319
236	408
236	409
236	411
236	420
236	463
236	490
236	905
236	906
236	962
236	970
236	968
236	979
236	989
236	1190
236	1197
236	1075
236	1430
236	1602
236	1682
236	1998
236	2012
236	2013
236	2014
236	2108
236	2309
236	2436
236	2498
236	2503
236	2711
236	2863
236	3239
236	3275
237	236
237	291
238	234
238	2660
238	2661
239	238
239	2661
241	240
240	506
240	787
240	2660
242	240
242	508
246	241
249	248
249	284
249	969
249	1608
249	1609
249	2012
249	2013
249	2316
248	260
248	266
250	249
250	305
250	307
250	318
250	1198
251	249
251	305
251	307
251	308
251	318
251	1198
252	251
252	790
252	2312
252	3283
253	249
253	264
253	441
253	1198
253	1737
254	249
254	271
254	972
254	979
254	989
254	1016
254	1198
255	249
255	408
255	444
255	1198
255	2439
256	249
256	305
256	306
256	316
256	319
256	576
256	973
256	1198
256	2019
257	256
258	249
258	305
258	307
258	318
258	1198
258	2434
260	259
260	261
260	262
260	263
260	269
266	265
266	267
265	574
268	267
268	1199
268	2009
271	1018
273	272
273	791
272	275
272	309
274	272
276	275
277	275
277	575
278	275
278	286
278	297
278	298
278	300
278	356
278	372
278	381
278	413
278	420
278	456
278	496
278	574
278	584
278	678
278	921
278	929
278	941
278	946
278	984
278	986
278	1011
278	1126
278	1150
278	1285
278	1229
278	1550
278	1691
278	1702
278	1742
278	1763
278	1830
278	2000
278	2008
278	2027
278	2168
278	2176
278	2467
278	2512
278	2632
278	2687
278	2704
278	2744
278	2753
278	2774
278	2795
278	2803
278	2860
278	3019
280	279
280	317
280	1020
280	2440
281	280
281	279
281	282
281	1020
281	1200
281	1202
282	279
283	282
284	283
284	2001
285	279
285	2808
285	2979
286	312
288	287
288	452
288	460
288	465
288	1196
288	2017
288	2018
288	2679
288	2681
288	2683
289	288
289	436
289	782
289	794
289	802
289	810
289	822
289	1012
289	1013
289	2671
289	781
289	2681
289	3335
290	289
290	941
290	925
292	291
292	407
292	413
292	438
292	464
292	924
292	941
292	999
292	1012
292	1013
292	1188
292	1196
292	1417
292	1514
293	292
295	294
296	295
296	297
296	299
297	295
297	297
300	300
301	300
301	1405
301	1406
301	2680
303	302
305	304
305	962
305	1451
305	2504
305	2704
305	2828
307	443
307	1017
307	1203
307	2434
308	1186
311	310
311	316
310	312
313	312
315	314
315	316
321	320
321	336
322	321
322	323
322	324
322	325
322	326
322	327
322	328
322	330
322	332
322	338
322	340
330	329
330	331
330	343
335	334
335	337
340	339
340	342
341	339
341	467
341	475
341	786
341	1098
341	1655
341	1660
341	2031
341	2032
341	2036
341	2041
341	2044
341	2049
341	2240
341	2243
341	2339
341	2490
341	2902
341	2903
341	2904
341	2905
341	2906
341	2907
341	2908
341	2992
341	3009
341	3038
341	3040
341	3099
341	3179
341	3207
341	3235
344	404
346	345
346	347
346	374
352	351
353	351
353	385
353	2632
353	3021
355	354
355	355
355	382
355	389
356	354
358	357
359	357
359	368
359	1637
361	360
360	406
362	361
362	364
362	366
362	371
363	362
363	363
363	360
363	364
365	364
365	373
365	414
366	367
369	368
370	368
370	383
370	1637
372	376
372	380
377	376
376	409
376	2711
378	376
378	380
378	413
379	376
379	380
380	376
386	385
386	1333
386	1436
386	2632
386	3254
387	386
389	392
389	461
391	390
395	394
395	396
395	397
395	398
395	399
401	400
403	402
405	462
407	407
408	442
408	1188
408	2439
410	409
410	514
410	1187
412	411
416	415
416	417
416	418
421	420
421	845
425	424
425	432
427	426
427	428
427	429
427	430
432	917
432	1162
435	434
435	569
435	573
435	588
435	590
435	596
435	620
437	436
439	438
439	451
439	453
439	456
442	444
446	445
446	449
446	450
445	449
445	450
447	445
447	458
447	459
447	463
448	447
448	451
448	466
452	451
452	453
452	457
452	452
454	452
456	455
464	463
465	464
465	792
465	793
465	801
465	809
465	821
465	2664
465	2666
465	2667
465	2680
465	2682
467	475
467	478
468	467
468	786
468	2032
468	2036
468	2044
468	2240
468	2902
468	2903
468	2904
468	2905
468	2906
468	2907
468	2908
468	2994
468	2993
468	3004
468	3005
468	3009
468	3038
470	469
470	1665
470	2034
470	2037
470	2045
470	2241
470	2891
470	3044
471	469
471	471
471	478
472	471
472	2038
472	2046
472	2242
472	3043
474	473
474	2035
474	2043
474	2051
474	2248
474	3045
476	475
476	478
475	478
477	475
477	482
477	759
477	2031
477	2041
477	2049
477	2243
477	2803
477	3040
477	3126
477	3276
479	478
480	479
481	479
481	482
481	483
481	484
481	490
487	486
488	487
488	757
488	795
488	3219
489	487
489	493
489	660
489	753
489	757
489	795
489	797
489	803
489	2744
489	2743
489	3168
489	3219
489	3222
491	500
492	493
494	493
494	498
494	797
494	2745
494	3222
493	495
493	496
493	497
493	498
498	499
502	501
502	579
501	537
501	539
501	601
501	603
503	501
503	934
503	935
503	929
503	956
503	958
503	965
503	968
503	988
505	504
505	514
505	519
505	535
505	546
505	562
506	505
506	772
506	798
506	799
506	806
507	506
507	509
507	521
507	537
507	539
507	570
507	616
507	773
507	800
507	805
507	806
507	812
507	820
507	979
507	1235
507	2742
507	2744
507	2743
507	2753
507	2801
508	507
508	788
508	812
508	820
509	505
509	511
509	515
509	520
509	536
509	547
509	563
510	505
510	504
510	514
510	513
510	512
510	519
510	518
510	526
510	525
510	529
510	531
510	533
510	535
510	540
510	542
510	544
510	546
510	548
510	551
510	550
510	554
510	556
510	558
510	560
510	562
510	604
510	606
510	608
510	610
510	806
511	504
513	512
513	526
513	529
513	544
513	556
513	560
513	604
514	513
514	523
514	531
514	540
515	514
515	516
515	524
515	541
516	513
516	517
516	527
516	530
516	545
516	557
516	561
516	605
517	512
519	518
519	533
519	542
519	551
520	519
520	522
520	534
520	543
520	552
521	520
521	522
521	537
521	539
521	588
521	798
521	806
521	812
521	820
521	2716
521	2753
521	2798
521	2944
521	2945
522	518
523	548
523	610
524	523
524	532
524	549
524	611
526	525
526	554
526	558
527	526
527	528
527	555
527	559
528	525
530	529
532	531
534	533
536	535
538	537
538	539
538	601
538	600
538	603
538	789
538	926
538	960
538	984
538	986
538	2661
538	2744
541	540
543	542
545	544
547	546
549	548
551	550
551	606
551	608
552	551
552	553
552	607
552	609
553	550
555	554
557	556
559	558
561	560
563	562
566	565
566	2942
565	574
567	566
567	768
567	769
567	770
567	790
571	570
575	574
575	576
575	785
575	790
575	820
575	2705
576	575
577	574
577	2726
577	2778
577	2803
578	577
578	785
579	574
580	579
580	791
581	580
582	581
582	579
582	789
583	579
583	969
583	972
583	980
583	989
583	993
583	995
583	1016
583	1023
584	579
584	584
585	584
586	584
586	615
587	579
587	967
587	972
587	976
587	979
587	987
587	989
587	990
587	992
587	994
587	1002
587	1005
587	1015
587	3337
597	596
597	1639
597	2662
597	2663
597	2666
597	2667
597	2681
597	2682
597	2977
597	2979
597	3016
597	3020
597	3021
597	3027
597	2949
597	2465
597	3036
597	3121
597	3254
601	600
601	602
605	604
607	606
609	608
611	610
613	612
613	614
613	622
616	616
619	618
619	1055
619	1077
619	1099
621	620
621	1094
621	1246
621	1075
621	2117
621	2300
621	2661
621	2956
621	2974
623	623
625	624
625	1396
625	2657
625	2884
626	625
626	807
626	808
626	2366
626	2616
626	2702
626	3118
630	629
630	1153
630	1794
630	1739
632	631
632	1625
632	2359
632	2934
633	632
633	636
633	637
633	1616
633	1662
633	1841
633	2202
634	633
634	1362
634	2278
634	2658
634	2880
636	635
639	638
639	1621
640	639
640	1761
640	1771
640	2213
642	641
642	1049
642	1072
642	1518
642	1758
642	2164
642	2172
643	641
643	1078
643	1154
643	1175
643	1180
643	1780
643	1784
643	1785
643	1791
643	1792
643	1813
643	1814
643	1864
643	2282
643	2283
643	2288
645	644
645	648
645	647
645	672
645	676
645	687
645	696
645	699
645	700
645	709
645	757
645	761
645	764
644	647
644	699
644	700
646	644
646	672
646	700
646	702
646	704
648	647
648	666
649	648
649	672
649	676
649	709
650	649
650	656
650	658
650	708
650	727
650	747
651	650
651	655
651	709
652	647
653	647
655	654
655	657
655	662
655	696
656	654
656	662
658	657
658	696
659	658
660	756
660	3169
661	660
661	688
661	693
661	2833
665	664
668	667
667	676
669	667
669	693
671	670
671	676
671	766
672	709
674	673
674	675
675	673
676	675
676	693
677	676
677	677
677	687
677	2744
677	2874
677	2909
677	3152
678	677
679	678
679	685
680	679
680	677
680	685
681	678
681	2926
682	678
682	2887
682	2889
682	2891
682	2902
682	2903
682	2904
682	2905
682	2906
682	2907
682	2908
682	2913
682	2923
682	2926
683	678
684	683
684	2891
684	2898
685	676
685	2744
685	2887
686	685
687	676
688	676
689	688
689	756
689	3169
689	3336
690	688
690	3336
691	688
691	676
691	756
691	758
691	759
691	760
691	761
691	3169
691	3336
692	676
692	709
692	710
692	748
692	749
693	754
694	693
694	2216
696	695
696	747
698	697
702	701
706	705
708	707
708	727
708	744
707	746
707	749
709	708
709	712
709	739
709	745
709	747
710	708
710	747
711	707
711	2216
712	738
712	740
713	714
714	715
714	716
714	717
714	718
714	719
720	714
720	721
720	722
723	714
723	724
723	725
723	726
723	722
727	729
727	730
728	727
728	748
731	732
732	733
733	734
733	735
733	736
737	732
741	732
742	732
744	743
748	747
751	750
751	754
750	761
750	3170
753	752
754	753
756	757
762	761
763	761
763	823
763	1925
763	1942
763	2211
763	2311
763	2326
763	2338
763	2340
763	2489
763	2744
763	2799
763	3250
765	764
772	771
772	777
772	814
773	772
773	776
773	778
773	815
774	772
775	772
775	779
775	814
775	816
776	771
778	777
781	780
781	804
781	817
781	1012
781	1013
781	2673
781	2675
782	780
782	792
782	817
783	780
783	799
783	817
783	820
783	821
783	2791
784	783
786	795
788	787
794	793
796	795
800	799
802	801
803	2744
805	804
805	806
810	809
812	811
813	812
815	814
815	817
818	817
818	908
818	1012
818	1013
818	1687
818	1697
818	1700
818	1718
818	2203
818	2444
818	2456
818	2466
818	2467
818	2568
818	2573
818	2606
818	2663
818	2669
818	2670
818	2673
818	2976
818	3022
818	3023
818	3024
818	2949
818	3028
818	3029
818	3031
818	3034
818	3035
818	3116
819	820
822	821
826	825
835	834
835	844
835	845
837	836
839	838
839	840
847	846
847	849
847	850
847	851
847	852
847	853
847	854
847	855
847	856
847	857
847	858
847	859
847	860
847	861
847	862
847	863
847	864
847	865
847	866
847	867
847	868
847	869
847	870
847	871
847	872
847	873
847	874
847	875
847	876
847	877
847	878
847	879
847	880
847	881
847	882
847	883
847	884
847	885
847	886
847	887
847	888
847	889
847	890
847	891
847	892
847	893
847	2806
848	847
848	916
889	894
896	895
896	898
896	899
896	937
896	953
896	955
895	906
897	895
897	923
897	928
897	921
897	946
897	954
897	1013
897	2887
900	899
900	906
900	923
900	955
899	984
901	899
901	906
901	912
901	933
901	946
901	953
901	955
901	957
901	999
902	901
902	916
902	918
903	899
903	926
903	941
903	984
903	988
904	903
904	907
905	903
905	907
905	969
905	972
905	979
905	999
907	906
907	935
907	955
907	956
907	968
909	908
909	915
909	924
910	909
910	910
910	911
910	923
911	909
911	923
911	932
912	911
912	912
912	938
913	912
913	946
913	949
913	960
913	2481
913	2577
913	2599
913	3003
913	3008
915	914
915	966
914	941
916	915
917	915
917	914
917	947
918	915
918	924
918	923
918	921
918	932
918	942
919	914
919	921
920	914
920	922
921	914
922	921
922	923
922	914
922	941
923	921
923	937
923	941
924	923
925	924
925	966
925	2675
926	923
926	984
926	988
927	926
928	926
928	978
928	989
929	928
930	928
930	934
930	935
930	978
930	985
930	1013
930	2682
931	921
936	935
936	956
936	968
940	939
940	1022
944	943
944	945
944	948
944	1006
950	949
950	960
951	950
951	952
952	949
952	960
952	961
954	956
955	954
955	961
956	955
960	960
965	984
965	988
969	968
969	988
969	1014
968	984
968	1007
970	969
970	968
970	988
971	970
971	984
971	985
971	986
971	988
971	1014
971	1016
971	1021
975	975
978	977
978	993
978	995
978	1001
978	1006
979	978
979	991
979	1003
980	979
981	978
984	991
984	1004
985	984
985	1014
986	985
986	1016
987	987
998	997
1000	999
1009	1008
1009	1010
1009	1011
1011	1012
1011	1013
1018	1019
1023	1023
1025	1024
1030	1035
1031	1030
1038	1037
1038	1059
1038	1081
1039	1037
1039	1047
1039	1059
1039	1060
1039	1066
1039	1081
1039	1172
1040	1039
1041	1040
1041	1172
1041	1197
1041	1223
1041	1272
1041	1333
1041	1388
1041	3270
1042	1037
1042	1043
1042	1044
1046	1045
1046	1253
1046	1256
1046	1329
1045	1045
1048	1047
1048	1501
1047	1068
1049	1048
1049	1487
1049	1488
1049	1489
1049	1496
1050	1047
1050	1088
1050	1127
1050	1129
1050	1246
1050	1308
1051	1050
1051	1084
1051	1085
1052	1047
1052	1246
1054	1053
1054	1076
1055	1053
1056	1055
1056	1076
1058	1057
1058	1225
1058	1251
1058	1332
1058	1388
1057	1059
1059	1337
1060	1059
1060	1222
1060	1270
1064	1063
1064	1392
1064	1393
1064	1463
1064	1534
1064	1536
1064	1549
1064	1550
1064	1562
1064	1563
1064	1742
1065	1064
1065	1541
1065	1540
1065	1542
1065	1733
1065	1753
1065	2265
1067	1066
1066	1219
1066	1268
1069	1068
1069	1500
1069	1704
1069	1709
1069	1725
1069	1726
1069	1730
1069	1731
1069	1732
1069	2165
1069	2173
1070	1069
1070	1680
1070	1682
1070	1686
1070	1692
1070	1705
1070	1706
1070	1716
1071	1070
1071	1384
1071	1670
1071	1687
1071	1689
1071	1697
1071	1700
1071	1703
1071	1715
1071	1722
1071	1723
1071	2568
1072	1071
1072	1672
1072	1675
1072	1677
1072	2177
1072	2210
1073	1072
1073	1070
1073	1069
1073	1196
1073	1670
1073	1672
1073	1675
1073	1682
1073	1687
1073	1689
1073	1706
1073	1722
1073	1727
1073	1759
1073	1761
1073	1771
1073	2208
1074	1072
1075	1071
1075	1673
1075	1734
1075	1755
1075	1998
1075	2165
1075	2173
1078	1254
1078	1255
1083	1082
1083	1091
1083	1092
1083	1093
1083	1101
1083	1106
1083	1110
1082	1111
1082	1161
1084	1083
1084	1088
1085	1083
1085	1092
1085	1093
1085	1101
1085	1110
1086	1082
1086	1141
1086	1143
1086	1388
1087	1086
1088	1087
1088	1127
1088	1129
1089	1086
1089	1141
1090	1089
1090	1128
1090	1131
1090	1143
1090	1160
1090	1166
1090	1167
1092	1104
1092	1105
1093	1102
1093	1103
1093	1107
1093	1109
1095	1094
1096	1095
1096	1097
1096	1100
1098	1097
1098	1118
1098	1136
1098	1392
1098	1393
1098	2124
1098	2190
1098	2219
1098	2221
1098	2223
1098	2226
1098	2229
1098	2260
1098	2265
1098	2267
1098	2276
1098	3001
1098	3015
1098	3046
1098	3051
1098	3056
1098	3196
1099	1128
1099	1142
1099	1143
1101	1108
1113	1112
1113	1115
1113	1116
1113	1117
1113	1120
1114	1113
1114	1223
1114	1272
1119	1118
1119	1136
1119	1137
1119	1138
1119	1139
1119	1145
1118	1121
1118	1122
1118	1123
1118	1124
1118	1125
1127	1126
1127	1133
1127	1140
1127	1141
1127	1142
1127	1143
1127	1144
1128	1126
1128	1134
1128	1135
1129	1128
1129	1149
1130	1128
1131	1126
1132	1131
1132	1161
1132	1607
1132	1738
1132	2114
1132	2201
1132	2487
1132	2572
1132	2578
1132	2579
1132	2582
1132	2596
1137	1150
1146	1145
1146	1148
1147	1145
1153	1246
1155	1154
1155	1180
1154	1253
1154	1254
1154	1255
1154	1256
1156	1155
1156	1183
1156	1184
1156	2771
1158	1157
1158	1200
1162	1161
1162	1162
1162	1169
1162	1530
1162	1697
1162	1704
1162	1831
1162	1832
1162	2282
1162	2283
1162	2935
1162	2946
1163	1161
1163	2572
1164	1161
1164	2019
1164	2564
1164	2572
1164	2857
1165	1161
1165	1167
1170	1169
1174	1173
1174	1176
1174	1180
1173	1175
1173	1177
1173	1178
1173	1179
1181	1180
1181	1858
1181	2260
1182	1181
1182	1180
1182	1834
1182	1851
1182	1858
1182	1860
1182	2223
1183	1180
1184	1180
1189	1188
1189	1197
1190	1189
1190	1611
1190	2578
1191	1190
1192	1191
1192	1601
1192	1606
1193	1192
1193	1607
1194	1190
1194	1613
1194	2519
1194	3086
1194	3088
1194	3085
1194	3216
1194	3217
1194	3341
1195	1188
1195	1491
1195	1519
1195	1682
1195	2306
1195	2307
1198	1197
1198	2008
1198	2435
1198	2505
1200	1199
1200	1209
1200	3270
1201	1200
1201	1202
1201	2756
1201	2760
1201	2763
1201	2764
1205	1204
1205	1219
1205	1220
1205	1222
1205	1245
1205	1247
1205	1249
1207	1206
1207	1211
1207	1212
1207	1213
1207	1214
1207	1216
1207	1217
1207	1218
1208	1207
1208	1258
1208	2766
1209	1208
1209	1223
1209	1235
1209	1236
1209	1251
1209	1272
1209	1333
1210	1208
1210	1223
1210	1272
1215	1214
1215	1227
1215	1261
1215	1262
1221	1220
1221	1223
1221	1266
1221	1272
1221	1306
1223	1237
1223	1238
1223	1239
1223	1240
1223	1241
1223	1242
1223	1243
1223	1244
1224	1223
1224	1248
1224	1272
1224	1308
1224	2766
1225	1224
1225	1272
1225	2766
1226	1223
1226	1247
1226	1272
1226	1342
1227	1223
1227	1272
1227	3270
1228	1227
1229	1228
1229	1231
1230	1227
1230	1365
1231	1227
1231	3286
1232	1227
1233	1232
1233	1379
1234	1223
1234	1272
1234	1334
1234	1387
1235	1223
1235	1272
1236	1235
1246	1245
1246	1340
1250	1249
1250	1296
1250	1328
1251	1250
1251	1285
1252	1251
1252	1333
1252	1387
1258	1257
1258	1259
1258	1260
1258	1261
1258	1262
1258	1263
1258	1264
1258	1265
1258	1298
1257	1297
1260	1299
1261	1300
1262	1301
1263	1302
1264	1303
1265	1304
1268	1267
1268	1307
1270	1269
1270	1308
1272	1271
1272	1278
1272	1309
1272	1380
1271	1274
1271	1275
1271	1276
1271	1279
1271	1280
1271	1281
1271	1282
1273	1272
1273	1283
1273	1308
1273	1318
1278	1277
1278	1313
1285	1284
1285	1319
1284	1288
1284	1289
1284	1290
1284	1291
1284	1292
1284	1293
1284	1294
1284	1295
1286	1285
1287	1285
1309	1310
1309	1311
1309	1312
1309	1314
1309	1315
1309	1316
1309	1317
1319	1320
1319	1321
1319	1322
1319	1323
1319	1324
1319	1325
1319	1326
1319	1327
1331	1330
1331	2646
1331	2954
1334	1333
1335	1333
1336	1333
1340	1339
1342	1341
1346	1345
1346	2514
1347	1346
1348	1347
1349	1347
1349	2026
1350	1346
1355	1354
1355	1660
1355	1761
1360	1359
1362	1361
1362	1363
1362	1364
1362	1374
1366	1365
1367	1365
1367	2194
1367	2753
1370	1369
1369	1384
1371	1369
1375	1376
1378	1379
1381	1382
1382	1383
1385	1075
1385	1629
1385	1948
1385	1998
1386	1075
1386	2563
1386	2565
1390	1389
1391	1389
1401	1400
1401	1404
1401	1406
1400	1402
1400	1403
1400	1405
1402	1402
1408	1407
1408	1410
1408	1412
1409	1408
1409	1660
1409	2714
1409	2909
1409	3003
1409	3008
1409	3170
1411	1410
1413	1412
1413	2701
1414	1412
1417	1416
1417	1432
1420	1419
1424	1425
1424	1426
1433	1452
1437	1436
1438	1437
1439	1437
1439	2613
1458	1457
1458	1544
1459	1458
1459	1848
1459	1851
1459	1853
1459	3339
1461	1460
1462	1460
1465	1464
1465	1558
1475	1474
1476	1475
1476	2118
1476	2123
1476	2124
1476	2267
1479	1478
1484	1483
1484	1738
1484	1746
1484	2616
1487	1491
1487	1493
1487	1511
1487	1513
1487	1519
1487	1521
1487	1526
1487	1528
1488	1490
1488	1498
1488	1499
1488	1502
1488	1504
1488	1505
1488	1507
1488	1515
1488	1517
1488	1524
1489	1492
1489	1494
1489	1506
1489	1508
1489	1510
1489	1529
1491	1528
1496	1495
1496	1523
1498	1497
1498	1509
1498	1512
1498	1516
1498	1522
1498	1525
1498	1527
1503	1502
1503	1508
1503	1515
1503	1727
1503	1846
1503	1948
1503	1977
1503	2172
1504	1726
1514	1513
1514	1704
1518	1517
1518	1555
1518	2164
1518	2165
1519	1521
1520	1519
1524	1731
1535	1534
1535	1536
1535	1538
1535	1542
1535	1562
1535	1563
1535	1564
1535	1733
1535	1753
1535	2026
1535	2251
1535	2255
1535	2257
1535	2272
1535	3034
1535	3054
1535	3056
1541	1540
1541	1553
1541	1554
1541	1557
1543	1542
1546	1545
1546	1547
1550	1551
1553	1552
1553	1559
1557	1556
1560	1560
1568	1570
1568	2363
1572	1571
1572	2773
1574	1573
1574	2772
1575	1575
1577	2858
1578	1579
1578	1580
1580	1581
1580	1582
1580	1583
1583	1584
1583	1586
1584	1585
1586	1585
1587	1588
1587	1581
1587	1589
1589	1590
1590	1591
1592	1593
1592	1596
1592	1597
1593	1594
1594	1595
1596	1580
1596	1595
1596	1590
1598	1599
1598	1600
1598	1580
1598	1585
1601	1602
1602	1603
1605	1604
1605	1603
1610	1611
1612	2103
1612	2105
1612	2108
1612	2498
1614	1613
1614	1623
1614	2499
1615	2293
1618	1617
1618	1619
1618	2229
1625	1624
1627	1626
1627	1628
1627	1635
1627	1649
1627	2562
1626	1652
1630	1629
1630	2310
1630	2329
1630	2344
1630	2409
1630	2961
1630	2970
1630	3122
1630	3139
1631	1629
1631	2366
1631	3118
1631	3315
1634	1633
1636	1635
1636	2177
1636	2210
1636	2216
1639	1638
1639	2416
1639	2636
1641	1640
1641	3161
1641	3166
1642	1641
1642	1642
1642	3048
1642	3050
1642	3233
1642	3235
1643	1642
1644	1641
1644	3170
1644	3226
1644	3229
1644	3315
1646	1645
1646	2092
1646	2575
1646	2600
1646	2827
1646	2957
1646	2960
1646	2964
1646	2973
1646	2988
1646	2989
1646	2991
1646	3124
1646	3125
1646	3126
1646	3127
1646	3128
1646	3129
1646	3174
1646	3175
1646	3176
1646	3197
1646	3198
1646	3199
1646	3201
1646	3204
1646	3230
1646	3340
1646	2002
1646	3342
1647	1645
1647	3180
1647	3198
1647	3199
1648	1645
1648	2328
1648	2330
1648	3179
1648	3194
1648	3228
1649	1650
1649	1651
1656	1655
1656	1660
1657	1655
1661	1660
1667	1666
1667	1668
1667	1702
1670	1669
1670	1702
1670	1727
1669	1690
1672	1671
1672	1673
1672	1674
1672	1676
1672	1678
1680	1679
1680	1681
1680	1698
1684	1683
1684	1686
1684	1694
1684	1710
1686	1685
1686	1695
1686	1708
1686	1711
1689	1688
1692	1691
1692	1693
1692	1712
1696	1695
1700	1699
1700	1719
1700	1720
1700	2569
1701	1699
1701	2456
1701	2962
1707	1706
1707	2164
1707	2172
1714	1713
1715	1714
1718	1717
1721	1720
1724	1723
1724	2673
1727	1728
1727	1729
1733	1734
1734	1733
1734	2564
1734	2565
1738	1737
1738	1740
1738	1749
1739	1738
1740	1737
1742	1743
1747	1746
1747	1748
1750	1749
1754	1753
1754	1755
1757	1756
1758	1759
1760	1760
1762	1761
1763	1761
1763	1763
1764	1763
1766	1765
1766	1768
1766	1769
1766	2065
1766	2066
1766	2106
1766	3206
1767	1766
1773	1772
1773	1774
1773	1775
1773	1786
1773	1805
1772	1787
1774	1783
1774	1790
1774	1812
1775	1778
1775	1789
1775	1794
1775	1797
1775	1801
1775	1807
1775	1808
1775	1811
1777	1776
1777	1831
1776	1784
1776	1785
1776	1788
1776	1791
1776	1792
1776	1793
1776	1795
1776	1796
1776	1798
1776	1802
1776	1806
1776	1809
1776	1810
1776	1813
1776	1814
1779	1778
1779	1783
1779	1797
1779	1801
1779	1807
1779	1808
1779	1811
1779	1812
1779	1816
1779	1817
1779	1819
1779	1820
1779	1822
1779	1823
1779	1825
1779	1827
1779	1829
1779	1835
1779	1952
1779	1962
1780	1779
1780	1831
1780	1832
1780	1837
1781	1779
1781	1822
1781	2594
1781	3209
1782	1779
1782	2005
1782	2218
1798	1799
1798	1800
1802	1803
1802	1804
1818	1817
1818	2595
1821	1820
1824	1823
1824	2936
1824	2948
1826	1825
1832	1831
1834	1833
1834	1856
1836	1835
1836	1862
1836	1868
1836	1869
1836	1870
1836	1871
1836	1872
1836	1873
1836	1874
1836	1875
1836	1876
1836	1885
1836	1886
1836	1887
1836	1888
1836	1890
1836	1892
1836	1896
1836	1905
1836	1906
1836	1907
1836	1908
1836	1920
1836	1923
1836	1924
1836	1928
1836	1930
1836	1937
1836	1938
1835	1899
1835	1932
1835	1933
1835	1934
1835	1935
1835	1936
1837	1836
1837	1843
1837	1844
1837	1845
1837	1846
1837	1847
1838	1837
1839	1835
1839	2957
1841	1840
1840	1842
1840	1849
1840	1854
1840	1855
1843	1850
1843	1910
1843	1929
1843	1940
1843	1941
1844	1861
1844	1865
1844	1877
1844	1878
1844	1883
1844	1884
1844	1891
1844	1893
1844	1894
1844	1895
1844	1897
1844	1898
1844	1900
1844	1913
1844	1915
1844	1916
1844	1918
1844	1919
1844	1921
1844	1922
1844	1926
1844	1931
1845	1867
1846	1863
1846	1864
1846	1866
1846	1881
1846	1903
1846	1911
1846	1917
1846	1925
1846	1927
1847	1879
1847	1901
1847	1914
1850	1904
1852	1852
1855	1945
1858	1857
1858	1859
1864	1880
1882	1881
1882	1948
1882	1950
1882	1977
1886	1889
1890	1939
1903	1902
1903	1909
1911	1977
1912	1911
1912	1942
1912	1943
1932	1963
1944	1943
1947	1946
1947	1949
1947	1951
1947	1956
1947	1959
1947	1963
1947	1964
1947	1967
1947	1972
1947	1973
1947	1974
1947	1975
1947	1976
1947	1978
1947	1979
1947	1983
1947	1986
1947	1987
1948	1947
1948	1953
1948	1955
1948	1965
1948	1969
1948	1980
1948	1985
1948	1996
1948	1997
1953	1952
1953	1961
1953	1962
1953	1968
1953	1971
1955	1954
1955	1957
1955	1958
1955	1981
1955	1982
1955	1984
1961	1960
1967	1966
1969	1970
1987	1990
1987	1992
1987	1994
1989	1988
1989	1993
1989	1999
1988	1991
1988	1993
1988	1995
2001	2003
2001	2004
2002	2001
2002	2956
2002	2957
2002	2960
2002	2974
2007	2006
2007	2117
2007	3016
2007	3017
2007	3018
2007	3019
2007	3031
2010	2009
2010	2581
2010	2593
2011	2010
2011	2366
2011	2374
2011	2396
2011	2403
2011	2404
2011	2412
2011	2415
2011	2421
2011	2436
2011	2441
2011	2448
2011	2486
2011	2488
2011	2501
2011	2520
2011	2529
2011	2578
2011	2580
2011	2592
2011	2635
2021	2020
2021	2021
2021	2033
2021	2034
2020	2020
2022	2021
2024	2023
2026	2025
2026	2039
2026	2047
2025	2033
2027	2026
2027	2246
2028	2027
2028	2213
2028	2216
2028	2254
2029	2025
2029	2031
2029	2033
2030	2025
2030	3039
2030	3046
2030	3047
2030	3053
2030	3054
2031	2033
2032	2031
2032	2033
2036	2041
2036	2042
2038	2037
2038	2038
2038	2042
2039	2042
2040	2039
2040	2041
2040	2042
2041	2042
2044	2049
2044	2050
2046	2045
2046	2046
2046	2050
2047	2050
2048	2047
2048	2049
2048	2050
2049	2050
2053	2052
2053	2058
2055	2054
2055	2057
2055	2059
2056	2056
2061	2060
2061	2063
2061	2300
2062	2061
2062	2228
2062	2298
2062	2301
2064	2064
2068	2067
2070	2069
2073	2072
2074	2072
2074	2606
2074	2632
2074	2820
2074	3238
2076	2075
2078	2077
2078	2293
2078	2296
2078	2306
2077	2079
2079	2089
2080	2082
2082	2081
2082	2086
2082	2099
2083	2082
2083	2085
2083	2087
2083	2089
2083	2095
2083	2096
2083	2098
2085	2084
2085	2097
2089	2088
2089	2090
2092	2091
2091	2102
2094	2093
2095	2094
2101	2100
2101	2109
2107	2107
2111	2110
2111	2112
2114	2113
2114	2115
2114	2116
2114	2118
2120	2119
2120	2122
2120	2126
2120	2128
2119	2126
2119	2128
2119	2132
2119	2135
2126	2125
2126	2139
2128	2127
2128	2129
2128	2130
2128	2133
2128	2134
2128	2136
2128	2137
2128	2140
2128	2141
2128	2142
2128	2143
2132	2131
2132	2138
2145	2144
2145	2147
2145	2158
2148	2149
2151	2150
2153	2152
2154	2153
2154	2156
2156	2155
2156	2157
2159	2160
2167	2166
2168	2168
2171	2170
2172	2171
2175	2174
2178	2177
2178	2210
2178	2685
2180	2179
2180	2192
2180	2209
2180	2212
2180	2222
2181	2180
2183	2182
2183	2215
2183	2217
2184	2183
2184	2182
2184	2744
2185	2182
2185	2952
2185	3226
2186	2185
2186	2950
2186	2951
2186	3183
2186	3188
2186	3189
2186	3190
2187	2185
2189	2188
2189	2577
2189	2844
2189	2975
2189	2991
2189	3007
2189	3263
2191	2190
2191	2194
2191	2197
2191	2221
2195	2194
2195	2209
2195	2223
2195	2226
2195	2260
2195	2265
2195	2276
2196	2195
2196	2326
2196	2331
2199	2198
2199	2332
2200	2198
2204	2203
2203	2206
2205	2204
2214	2213
2220	2219
2220	2221
2223	2224
2224	2229
2226	2225
2226	2228
2227	2225
2227	2229
2228	2229
2232	2231
2234	2234
2237	2236
2236	2238
2236	2239
2240	2243
2240	2245
2242	2241
2242	2242
2242	2245
2244	2243
2244	2245
2243	2245
2246	2245
2247	2246
2247	2249
2247	2250
2247	2254
2247	2258
2251	2253
2254	2253
2253	2257
2255	2254
2257	2256
2270	2269
2270	2271
2270	2272
2270	2275
2270	2276
2273	2272
2273	2274
2281	2286
2281	2291
2298	2299
2302	2303
2304	2305
2308	2307
2308	2309
2310	2311
2312	2313
2312	2441
2313	2315
2319	2318
2319	2320
2321	2322
2322	2323
2337	2337
2339	2339
2341	2340
2342	2340
2343	2340
2343	3209
2364	2368
2365	2364
2365	2408
2365	2583
2365	2601
2365	3300
2365	3315
2366	2365
2371	2370
2372	2371
2372	2410
2372	2432
2372	2455
2372	2643
2374	2373
2374	2376
2374	2380
2374	2381
2374	2384
2374	2620
2373	2378
2376	2375
2380	2379
2380	2382
2380	2383
2386	2385
2386	2387
2386	2397
2386	2406
2386	2412
2386	2416
2386	2418
2386	2635
2386	2988
2386	2992
2385	2418
2385	2423
2385	2459
2387	2389
2387	2392
2389	2459
2390	2389
2390	2468
2392	2391
2392	2427
2392	2459
2392	2463
2393	2392
2393	2462
2393	2470
2393	2487
2394	2391
2394	2431
2394	2584
2396	2395
2396	2397
2396	2401
2395	2398
2395	2399
2400	2399
2403	2402
2403	2406
2403	2635
2404	2402
2404	2413
2405	2404
2412	2411
2412	2413
2415	2414
2415	2418
2415	2420
2415	2525
2415	2639
2415	2640
2415	2957
2420	2419
2421	2421
2422	2421
2422	2518
2424	2423
2424	2460
2423	2427
2426	2425
2426	2429
2427	2430
2427	2472
2429	2428
2429	2450
2429	2471
2428	2431
2428	2445
2428	2451
2428	2466
2430	2431
2430	2464
2430	2466
2435	2434
2435	2596
2435	2597
2436	2435
2436	2578
2437	2436
2438	2436
2438	2578
2442	2446
2444	2443
2443	2445
2443	2452
2446	2445
2446	2452
2446	2461
2447	2446
2447	2484
2447	2487
2448	2447
2448	2468
2448	2480
2448	2482
2448	2525
2448	2639
2449	2446
2450	2449
2450	2451
2451	2446
2458	2457
2458	2461
2458	2462
2458	2470
2460	2459
2460	2463
2462	2461
2465	2464
2465	3048
2468	2467
2469	2468
2474	2473
2474	2476
2474	2477
2474	2478
2475	2473
2475	2478
2478	2478
2480	2479
2484	2483
2486	2485
2486	2592
2485	2487
2492	2491
2492	2515
2492	2518
2493	2491
2493	3096
2495	2494
2496	2494
2496	2496
2496	2546
2496	2553
2496	2601
2496	2615
2498	2503
2499	2501
2499	2507
2502	2501
2507	2506
2508	2507
2509	2508
2509	2510
2510	2507
2511	2506
2516	2515
2520	2519
2520	2523
2520	2524
2520	2525
2520	2527
2520	2575
2520	2639
2520	2960
2521	2519
2523	2522
2523	2526
2529	2528
2529	2531
2529	2592
2531	2530
2532	2530
2532	2596
2534	2533
2534	2535
2534	2537
2534	2548
2534	2626
2534	2627
2534	2628
2536	2535
2537	2535
2538	2537
2540	2539
2540	2546
2540	2550
2540	2553
2540	2629
2540	2630
2542	2541
2544	2543
2544	2546
2544	2553
2547	2546
2547	2553
2549	2548
2549	2552
2551	2550
2551	2552
2553	2552
2554	2557
2554	2558
2555	2556
2557	2575
2557	2957
2557	2960
2561	2560
2573	2572
2576	2575
2577	2575
2578	2575
2578	2624
2578	2632
2578	2631
2578	2957
2579	2578
2580	2579
2580	2582
2581	2578
2582	2578
2586	2585
2586	2588
2586	2589
2587	2585
2587	2588
2587	2589
2587	2592
2591	2590
2591	2987
2603	2602
2603	2610
2603	2619
2605	2604
2605	2607
2605	2608
2605	2609
2612	2620
2617	2616
2618	2616
2621	2620
2621	2639
2621	2640
2622	2620
2622	2631
2623	2622
2624	2622
2625	2622
2632	2631
2632	2644
2633	2632
2634	2632
2634	2647
2634	2648
2635	2632
2637	2636
2643	2642
2645	2644
2647	2649
2647	2650
2647	2651
2647	2652
2647	2653
2647	2654
2666	2665
2666	437
2672	2671
2674	2673
2676	2675
2677	2675
2678	2675
2687	2686
2687	2688
2687	2689
2691	2690
2691	3006
2692	2693
2694	2693
2694	2695
2697	2696
2697	2699
2697	2700
2697	2701
2698	2696
2702	2755
2706	503
2707	503
2708	503
2709	503
2717	2716
2716	2716
2722	2723
2744	2743
2744	2748
2745	2744
2746	2744
2747	2744
2750	2749
2751	2749
2751	3070
2752	2749
2752	3070
2754	2753
2757	2756
2757	2760
2757	2763
2757	2764
2761	2760
2761	2762
2761	2763
2761	2764
2766	2765
2767	2765
2771	2770
2776	2794
2776	2795
2777	2776
2793	2792
2802	2801
2802	2803
2805	2804
2807	2809
2807	2810
2808	2809
2808	2810
2813	2812
2815	2814
2815	2816
2817	2816
2820	2819
2820	2850
2819	2823
2821	2820
2821	2822
2821	2823
2821	2840
2821	2854
2821	2873
2827	2826
2827	3123
2827	3212
2827	3213
2829	2841
2831	2830
2830	2830
2835	2836
2837	2836
2836	2884
2841	2856
2841	2862
2841	2868
2843	2842
2847	2846
2849	2848
2849	2865
2850	2849
2850	2857
2850	2869
2851	2849
2851	2869
2851	2870
2851	3150
2851	3152
2851	3153
2851	3154
2851	3168
2851	3169
2851	3214
2851	3226
2851	3244
2851	3245
2851	3247
2851	3248
2851	3249
2853	2852
2853	2854
2855	2854
2856	2858
2856	2866
2857	2860
2857	2867
2860	2859
2860	2861
2863	2862
2865	2864
2871	2870
2873	2872
2873	2874
2873	2875
2873	2876
2880	2879
2880	2883
2883	2882
2887	2891
2887	2912
2888	2902
2888	2904
2888	2905
2888	2906
2888	2907
2888	2908
2889	2888
2889	2903
2890	2889
2890	2902
2890	2903
2890	2904
2890	2905
2890	2906
2890	2907
2890	2908
2891	2889
2893	2913
2895	2894
2895	2896
2897	2914
2897	2921
2900	2899
2902	2901
2904	2903
2911	2910
2914	2913
2916	2915
2916	2917
2917	2918
2917	2919
2917	2920
2923	2922
2925	2924
2930	2929
2931	2929
2932	2931
2933	2931
2938	2937
2937	2943
2939	2937
2940	2937
2942	2941
2942	2945
2941	2944
2943	2942
2949	2948
2949	2949
2955	2954
2955	2975
2955	2992
2955	3169
2955	3170
2956	2954
2956	2975
2956	2978
2956	2981
2958	2957
2958	2960
2959	2957
2963	2962
2963	2971
2965	2964
2965	2973
2967	2966
2967	2968
2967	2969
2968	3315
2969	3315
2972	2971
2977	2976
2978	2976
2978	2980
2980	2979
2983	2982
2983	2985
2986	2986
2990	2989
2994	2993
2994	2998
2995	2994
2995	2999
2995	3004
2995	3005
2997	2996
3000	2999
3002	3001
3003	3004
3003	3005
3011	1739
3013	3012
3013	3014
3013	3015
3032	3031
3038	3040
3038	3042
3039	3042
3041	3040
3041	3042
3040	3042
3043	3042
3043	3043
3043	3044
3048	3047
3049	3048
3049	3050
3049	3232
3049	3233
3049	3235
3052	3051
3055	3054
3055	3057
3055	3060
3055	3064
3056	3197
3058	3057
3060	3059
3060	3062
3060	3063
3060	3066
3061	3065
3062	3062
3069	3068
3069	3070
3069	3074
3069	3083
3069	3088
3069	3089
3069	3085
3071	3070
3071	3072
3071	3083
3071	3084
3071	3087
3071	3089
3073	3072
3072	3076
3075	3074
3077	3076
3077	3084
3077	3087
3078	3076
3079	3076
3079	3080
3079	3082
3081	3080
3081	3082
3085	3084
3085	3087
3085	3090
3086	3084
3086	3087
3091	3090
3098	3106
3101	3100
3104	3103
3109	3108
3109	3111
3109	3113
3110	3108
3112	3111
3114	3113
3117	3116
3134	3133
3136	3135
3141	3140
3141	3143
3146	3145
3148	3147
3151	3150
3151	3152
3151	3153
3151	3154
3151	3157
3151	3214
3153	3169
3156	3155
3159	3158
3159	3160
3161	3167
3162	3161
3162	3166
3162	3170
3162	3254
3164	3163
3164	3165
3166	3164
3166	3172
3172	3171
3172	3173
3177	3176
3180	3181
3181	3182
3183	3184
3183	3185
3183	3186
3183	3187
3190	3193
3190	3197
3190	3198
3190	3199
3194	3193
3194	3197
3194	3198
3194	3199
3194	3226
3195	3194
3195	3195
3195	3216
3195	3217
3200	3199
3203	3202
3205	3263
3208	3207
3208	3209
3210	3209
3212	3211
3219	3218
3219	3220
3219	3221
3222	3223
3222	3224
3226	3227
3232	3231
3234	3233
3234	3235
3234	3236
3240	3239
3240	3241
3240	3242
3243	3242
3243	3240
3246	3245
3246	3247
3246	3248
3251	3252
3251	3253
3254	3255
3254	3256
3263	3262
3263	3265
3263	3266
3263	3267
3263	3268
3264	3263
3269	3279
3269	3280
3269	3281
3269	3282
3269	3284
3269	3285
3269	3286
3269	3287
3269	3289
3269	3290
3269	3291
3269	3293
3269	3294
3270	3269
3271	3269
3272	3279
3273	3278
3275	3281
3275	3284
3277	3276
3292	3293
3295	3294
3297	3313
3299	3298
3299	3306
3299	3307
3299	3309
3299	3310
3299	3311
3299	3314
3299	3317
3299	3319
3298	3312
3298	3316
3298	3320
3300	3302
3300	3322
3300	3323
3302	3303
3303	3304
3325	3324
3325	3326
3344	3343
