1	0
1	5
1	12
1	17
1	24
1	26
1	25
1	43
1	47
1	49
1	55
1	61
1	62
1	70
1	73
1	75
1	85
1	86
1	93
1	94
1	98
1	128
1	129
1	131
1	141
1	143
1	198
1	275
1	302
1	323
1	327
1	342
1	360
1	430
1	468
1	470
1	475
1	491
1	492
1	573
1	578
1	583
1	589
1	623
1	628
1	648
1	646
1	658
1	663
1	677
1	674
1	701
1	760
1	794
1	805
1	824
1	900
1	915
1	930
1	947
1	962
1	980
1	996
1	997
1	1025
1	1057
1	1081
1	1087
1	1085
1	1090
1	1091
1	1092
1	1096
1	1097
1	1100
1	1109
1	1152
1	1156
1	1198
1	1199
1	1229
1	1253
1	1257
1	1284
1	1343
1	1351
1	1371
1	1374
1	1393
1	1395
1	1406
1	1414
1	1444
1	1451
1	1651
1	1662
1	1664
1	1668
1	1669
1	1671
1	1768
1	1838
1	1846
1	1890
1	1913
1	1938
1	1949
1	1950
1	1957
1	2032
1	2035
1	2045
1	2053
1	2058
1	2061
1	2062
1	2064
1	2069
1	2070
1	2072
1	2096
1	2188
1	2205
1	2219
1	2222
1	2238
1	2242
1	2245
1	2247
1	2248
1	2267
1	2268
1	2270
1	2283
1	2282
1	2341
1	2348
1	2361
1	2388
1	2389
1	2396
1	2398
1	2429
1	2431
1	2474
1	2596
1	2600
1	2603
1	2605
1	2606
1	2614
1	2627
1	2672
1	2675
1	2676
1	2700
1	2711
1	2713
1	2725
1	2755
1	2759
1	2764
1	2766
1	2771
1	2774
1	2775
1	2786
1	2787
1	2791
1	2794
1	2802
1	2803
1	2806
1	2809
1	2810
1	2814
1	2831
1	2834
1	2840
1	2843
1	2845
1	2846
1	2853
1	2865
1	2882
1	2883
1	2894
1	2900
1	2903
1	2908
1	2925
1	2926
1	2929
1	2938
1	1748
1	3009
1	3035
1	3037
1	3038
1	3045
1	3050
1	3091
1	3132
1	3136
1	3139
1	3165
1	3209
1	3225
1	3253
1	3268
1	3270
1	3273
1	3275
1	3277
1	3278
1	3283
1	3285
1	3286
1	3287
1	3288
1	3295
0	11
0	62
0	127
0	130
0	2596
0	2819
0	2820
0	2894
0	3269
0	3270
0	3273
0	3274
0	3275
0	3277
0	3278
0	3279
0	3280
0	3282
0	3283
0	3285
0	3291
0	3293
2	0
2	5
2	9
2	8
2	6
2	17
2	18
2	22
2	39
2	45
2	71
2	77
2	79
2	93
2	128
2	133
2	137
2	138
2	173
2	266
2	308
2	376
2	412
2	477
2	624
2	905
2	925
2	934
2	928
2	945
2	955
2	967
2	971
2	978
2	976
2	982
2	983
2	988
2	990
2	992
2	994
2	996
2	998
2	1000
2	1002
2	1010
2	1023
2	1057
2	1083
2	1139
2	1140
2	1142
2	1194
2	1231
2	1307
2	1348
2	1351
2	1356
2	1387
2	1495
2	1504
2	1511
2	1515
2	1517
2	1519
2	1542
2	1543
2	1577
2	1579
2	1624
2	1638
2	1646
2	1647
2	1654
2	1658
2	1665
2	1669
2	1677
2	1680
2	1684
2	1696
2	1718
2	1719
2	1720
2	1721
2	1741
2	1759
2	1769
2	1780
2	1846
2	1873
2	2050
2	2057
2	2066
2	2074
2	2101
2	2119
2	2132
2	2161
2	2203
2	2208
2	2229
2	2234
2	2236
2	2239
2	2242
2	2271
2	2311
2	2323
2	2385
2	2424
2	2465
2	2575
2	2596
2	2647
2	2714
2	2785
2	2786
2	2787
2	2806
2	2812
2	2814
2	2840
2	2843
2	2846
2	2847
2	2858
2	2871
2	2882
2	2929
2	3016
2	3022
2	3023
2	3036
2	3051
2	3265
2	3269
2	3285
3	0
3	9
3	8
3	14
3	19
3	22
3	11
3	25
3	31
3	40
3	45
3	60
3	62
3	73
3	72
3	71
3	84
3	85
3	92
3	91
3	104
3	107
3	127
3	128
3	129
3	130
3	134
3	136
3	137
3	138
3	142
3	249
3	265
3	268
3	274
3	275
3	279
3	300
3	302
3	316
3	351
3	355
3	364
3	388
3	464
3	466
3	478
3	481
3	492
3	495
3	497
3	575
3	583
3	573
3	587
3	615
3	623
3	654
3	658
3	663
3	677
3	676
3	686
3	675
3	708
3	707
3	706
3	711
3	742
3	745
3	746
3	752
3	760
3	763
3	767
3	785
3	794
3	796
3	802
3	805
3	824
3	900
3	907
3	916
3	922
3	925
3	927
3	920
3	933
3	934
3	940
3	952
3	955
3	953
3	957
3	968
3	967
3	971
3	978
3	977
3	983
3	984
3	985
3	988
3	997
3	1011
3	1012
3	1023
3	1025
3	1026
3	1038
3	1062
3	1071
3	1074
3	1068
3	1077
3	1078
3	1097
3	1112
3	1117
3	1135
3	1142
3	1147
3	1189
3	1197
3	1199
3	1201
3	1222
3	1235
3	1234
3	1239
3	1250
3	1253
3	1254
3	1271
3	1277
3	1284
3	1331
3	1332
3	1357
3	1379
3	1383
3	1391
3	1392
3	1395
3	1396
3	1404
3	1457
3	1470
3	1500
3	1532
3	1533
3	1544
3	1566
3	1616
3	1619
3	1626
3	1632
3	1636
3	1642
3	1648
3	1654
3	1664
3	1669
3	1675
3	1685
3	1696
3	1697
3	1714
3	1715
3	1727
3	1732
3	1744
3	1764
3	1767
3	1770
3	1791
3	1788
3	1803
3	1824
3	1825
3	1839
3	1867
3	1871
3	1890
3	2010
3	2052
3	2051
3	2050
3	2056
3	2057
3	2060
3	2066
3	2068
3	2074
3	2091
3	2095
3	2106
3	2116
3	2118
3	2122
3	2126
3	2139
3	2141
3	2142
3	2150
3	2209
3	2216
3	2222
3	2221
3	2220
3	2233
3	2239
3	2242
3	2245
3	2247
3	2248
3	2266
3	2279
3	2295
3	2302
3	2303
3	2305
3	2341
3	2348
3	2349
3	2360
3	44
3	2389
3	2388
3	2392
3	2398
3	2400
3	2401
3	2407
3	2408
3	2410
3	2418
3	2422
3	2424
3	2427
3	2441
3	2463
3	2465
3	2475
3	2480
3	2489
3	2509
3	2520
3	2531
3	2538
3	2545
3	2558
3	2566
3	2580
3	2586
3	2585
3	2590
3	2591
3	2597
3	2605
3	2614
3	2618
3	2627
3	2637
3	2635
3	2647
3	2654
3	2655
3	2670
3	2671
3	2672
3	2675
3	2676
3	2678
3	2681
3	2682
3	2690
3	2696
3	2698
3	2755
3	2754
3	2759
3	2764
3	2769
3	2785
3	2787
3	2806
3	2820
3	2840
3	2846
3	2847
3	2883
3	2894
3	2900
3	2905
3	2914
3	2918
3	2919
3	2920
3	2921
3	2922
3	2923
3	2924
3	2925
3	2929
3	2953
3	2967
3	2971
3	2972
3	2973
3	2975
3	1748
3	3009
3	3010
3	3015
3	3016
3	3018
3	3020
3	3021
3	2965
3	3022
3	3023
3	2486
3	3029
3	3030
3	3032
3	3042
3	3044
3	3050
3	3089
3	3093
3	3126
3	3147
3	3148
3	3159
3	3165
3	3167
3	3186
3	3189
3	3208
3	3221
3	3227
3	3229
3	3249
3	3252
3	3253
3	3265
3	3267
3	3276
3	3279
3	3280
3	3285
3	3286
3	3289
3	3292
3	3293
3	3305
4	0
4	8
4	14
4	19
4	22
4	21
4	26
4	28
4	30
4	25
4	24
4	43
4	42
4	47
4	45
4	39
4	49
4	54
4	55
4	60
4	61
4	68
4	69
4	73
4	82
4	83
4	71
4	70
4	84
4	85
4	86
4	90
4	91
4	104
4	111
4	108
4	118
4	122
4	123
4	124
4	125
4	128
4	129
4	133
4	134
4	136
4	137
4	138
4	145
4	148
4	147
4	152
4	155
4	166
4	167
4	171
4	173
4	172
4	175
4	177
4	178
4	179
4	180
4	182
4	185
4	186
4	187
4	188
4	189
4	190
4	191
4	192
4	193
4	194
4	195
4	196
4	197
4	201
4	200
4	204
4	209
4	214
4	220
4	226
4	228
4	229
4	231
4	233
4	236
4	240
4	247
4	249
4	264
4	270
4	274
4	276
4	284
4	282
4	287
4	292
4	291
4	300
4	304
4	306
4	310
4	316
4	322
4	334
4	344
4	346
4	351
4	357
4	378
4	379
4	376
4	382
4	384
4	387
4	388
4	392
4	394
4	403
4	404
4	414
4	416
4	417
4	418
4	420
4	421
4	432
4	434
4	433
4	439
4	440
4	441
4	446
4	444
4	451
4	454
4	456
4	459
4	461
4	464
4	465
4	466
4	470
4	468
4	472
4	474
4	478
4	477
4	493
4	492
4	495
4	496
4	497
4	505
4	504
4	513
4	575
4	574
4	583
4	578
4	613
4	622
4	623
4	642
4	645
4	643
4	647
4	653
4	656
4	658
4	663
4	664
4	667
4	671
4	680
4	681
4	682
4	677
4	685
4	684
4	675
4	692
4	695
4	696
4	698
4	700
4	702
4	703
4	704
4	708
4	711
4	737
4	739
4	746
4	748
4	749
4	752
4	754
4	755
4	756
4	759
4	760
4	763
4	765
4	766
4	770
4	776
4	779
4	786
4	794
4	797
4	798
4	802
4	805
4	806
4	807
4	813
4	818
4	835
4	842
4	846
4	911
4	915
4	916
4	925
4	927
4	930
4	948
4	962
4	966
4	972
4	975
4	978
4	977
4	976
4	981
4	984
4	986
4	989
4	990
4	991
4	992
4	993
4	994
4	997
4	996
4	1000
4	1001
4	1002
4	1004
4	1005
4	1008
4	1007
4	1009
4	1014
4	1015
4	1019
4	1026
4	1042
4	1043
4	1048
4	1047
4	1055
4	1056
4	1060
4	1061
4	1097
4	1105
4	1117
4	1122
4	1125
4	1135
4	1142
4	1147
4	1150
4	1151
4	1167
4	1192
4	1189
4	1188
4	1198
4	1205
4	1210
4	1211
4	1212
4	1213
4	1215
4	1216
4	1217
4	1224
4	1223
4	1227
4	1230
4	1235
4	1234
4	1245
4	1247
4	1272
4	1307
4	1332
4	1337
4	1339
4	1342
4	1346
4	1357
4	1358
4	1367
4	1374
4	1376
4	1394
4	1395
4	1397
4	1399
4	1401
4	1402
4	1403
4	1404
4	1405
4	1414
4	1423
4	1424
4	1425
4	1428
4	1450
4	1457
4	1456
4	1459
4	1462
4	1464
4	1463
4	1473
4	1480
4	1485
4	1500
4	1502
4	1513
4	1520
4	1523
4	1526
4	1527
4	1532
4	1533
4	1537
4	1544
4	1553
4	1557
4	1558
4	1568
4	1608
4	1611
4	1613
4	1614
4	1634
4	1637
4	1641
4	1651
4	1650
4	1649
4	1657
4	1654
4	1660
4	1663
4	1664
4	1669
4	1671
4	1672
4	1673
4	1674
4	1675
4	1677
4	1687
4	1688
4	1690
4	1702
4	1707
4	1708
4	1718
4	1726
4	1728
4	1729
4	1734
4	1743
4	1747
4	1749
4	1746
4	1753
4	1759
4	1770
4	1774
4	1777
4	1778
4	1779
4	1781
4	1783
4	1784
4	1785
4	1788
4	1787
4	1792
4	1793
4	1794
4	1803
4	1804
4	1805
4	1806
4	1807
4	1810
4	1811
4	1818
4	1819
4	1822
4	1823
4	1824
4	1831
4	1837
4	1839
4	1845
4	1844
4	1850
4	1849
4	1853
4	1854
4	1856
4	1859
4	1860
4	1863
4	1864
4	1865
4	1870
4	1871
4	1872
4	1873
4	1874
4	1875
4	1876
4	1877
4	1878
4	1879
4	1880
4	1881
4	1882
4	1883
4	1884
4	1885
4	1886
4	1887
4	1888
4	1890
4	1892
4	1893
4	1894
4	1895
4	1896
4	1897
4	1898
4	1899
4	1900
4	1901
4	1902
4	1903
4	1904
4	1905
4	1906
4	1907
4	1908
4	1909
4	1910
4	1912
4	1911
4	1914
4	1915
4	1916
4	1917
4	1918
4	1919
4	1920
4	1922
4	1923
4	1924
4	1925
4	1926
4	1927
4	1928
4	1929
4	1930
4	1931
4	1932
4	1933
4	1934
4	1935
4	1936
4	1937
4	1939
4	1940
4	1941
4	1942
4	1943
4	1944
4	1945
4	1946
4	1947
4	1948
4	1954
4	2011
4	2024
4	2029
4	2037
4	2038
4	2039
4	2040
4	2041
4	2042
4	2043
4	2045
4	2051
4	2056
4	2055
4	2057
4	2058
4	2059
4	2060
4	2062
4	2061
4	2065
4	2066
4	2067
4	2068
4	2070
4	2069
4	2073
4	2074
4	2075
4	2093
4	2095
4	2099
4	2104
4	2109
4	2111
4	2116
4	2115
4	2118
4	2120
4	2122
4	2124
4	2126
4	2128
4	2129
4	2130
4	2134
4	2135
4	2137
4	2138
4	2139
4	2141
4	2142
4	2144
4	2145
4	2147
4	2155
4	2159
4	2205
4	2212
4	2235
4	2238
4	2241
4	2242
4	2246
4	2250
4	2253
4	2251
4	2254
4	2255
4	2256
4	2259
4	2260
4	2261
4	2266
4	2268
4	2267
4	2269
4	2271
4	2274
4	2283
4	2282
4	2285
4	2287
4	2288
4	2289
4	2290
4	2292
4	2294
4	2306
4	2320
4	2322
4	2337
4	2339
4	2340
4	2343
4	2349
4	2353
4	2356
4	2358
4	2360
4	2367
4	2369
4	2370
4	2371
4	2372
4	2373
4	2374
4	2375
4	2376
4	2377
4	2378
4	2379
4	2381
4	2392
4	2396
4	2399
4	2398
4	2401
4	2402
4	2404
4	2406
4	2407
4	2408
4	2416
4	2417
4	2414
4	2418
4	2420
4	2422
4	2424
4	2427
4	2438
4	2437
4	2440
4	2441
4	2442
4	2444
4	2447
4	2446
4	2448
4	2450
4	2452
4	2453
4	2454
4	2458
4	2457
4	2462
4	2463
4	2477
4	2478
4	2481
4	2480
4	2471
4	2484
4	2489
4	2493
4	2494
4	2498
4	2501
4	2500
4	2503
4	2505
4	2504
4	2506
4	2508
4	2509
4	2511
4	2512
4	2517
4	2520
4	2530
4	2531
4	2536
4	2537
4	2541
4	2545
4	2552
4	2556
4	2559
4	2566
4	2574
4	2573
4	2575
4	2578
4	2582
4	2583
4	2585
4	2589
4	2593
4	2591
4	2594
4	2597
4	2600
4	2606
4	2607
4	2608
4	2609
4	2610
4	2611
4	2615
4	2619
4	2621
4	2622
4	2623
4	2625
4	2626
4	2627
4	2637
4	2635
4	2650
4	2647
4	2652
4	2651
4	2654
4	2655
4	2656
4	2670
4	2672
4	2674
4	2681
4	2682
4	2683
4	2698
4	2703
4	2709
4	2712
4	2721
4	2722
4	2723
4	2728
4	2727
4	2729
4	2730
4	2731
4	2732
4	2733
4	2735
4	2736
4	2737
4	2738
4	2739
4	2740
4	2741
4	2742
4	2743
4	2744
4	2745
4	2746
4	2747
4	2748
4	2749
4	2750
4	2751
4	2752
4	2755
4	2758
4	2764
4	2766
4	2770
4	2773
4	2776
4	2779
4	2780
4	2784
4	2785
4	2795
4	2796
4	2797
4	2798
4	2799
4	2800
4	2806
4	2813
4	2814
4	2816
4	2823
4	2827
4	2829
4	2831
4	2830
4	2835
4	2838
4	2837
4	2845
4	2849
4	2850
4	2851
4	2852
4	2856
4	2858
4	2857
4	2865
4	2872
4	2874
4	2878
4	2883
4	2889
4	2888
4	2890
4	2891
4	2892
4	2893
4	2899
4	2900
4	2901
4	2902
4	2903
4	2907
4	2905
4	2908
4	2909
4	2911
4	2910
4	2912
4	2913
4	2914
4	2915
4	2918
4	2920
4	2919
4	2921
4	2922
4	2923
4	2924
4	2925
4	2927
4	2928
4	2930
4	2932
4	2933
4	2937
4	2938
4	2940
4	2943
4	2944
4	2947
4	2963
4	2966
4	2968
4	2967
4	2971
4	2972
4	2973
4	2975
4	2976
4	2978
4	2979
4	2986
4	2990
4	2992
4	3000
4	3002
4	3003
4	3004
4	3012
4	3019
4	3020
4	3024
4	2486
4	3031
4	3032
4	3034
4	3036
4	3037
4	3038
4	3039
4	3044
4	3053
4	3057
4	3058
4	3060
4	3061
4	3077
4	3078
4	3083
4	3088
4	3090
4	3093
4	3096
4	3101
4	1710
4	1771
4	3113
4	3116
4	3121
4	3122
4	3123
4	3124
4	3125
4	3127
4	3133
4	3136
4	3135
4	3140
4	3142
4	3147
4	3148
4	3156
4	3161
4	3159
4	3167
4	3170
4	3171
4	3173
4	3174
4	3176
4	3177
4	3185
4	3186
4	3187
4	3195
4	3196
4	3198
4	3199
4	3200
4	3206
4	3207
4	3210
4	3219
4	3224
4	3226
4	3227
4	3229
4	3231
4	3236
4	3240
4	3244
4	3245
4	3248
4	3249
4	3252
4	3253
4	3254
4	3256
4	3258
4	3265
4	3266
4	3267
4	3268
4	3273
4	3274
4	3277
4	3279
4	3280
4	3282
4	3285
4	3289
4	3288
4	3290
4	3292
4	3303
4	3305
4	3314
4	3316
4	3317
4	3318
4	3319
4	3320
7	6
6	12
8	7
9	8
9	34
10	8
10	22
10	45
10	47
10	77
10	71
10	141
10	151
10	191
10	235
10	268
10	275
10	300
10	309
10	310
10	314
10	377
10	379
10	383
10	479
10	492
10	601
10	616
10	622
10	628
10	637
10	675
10	711
10	927
10	945
10	964
10	974
10	996
10	1005
10	1022
10	1038
10	1056
10	1088
10	1130
10	1158
10	1187
10	1234
10	1245
10	1304
10	1307
10	1332
10	1228
10	1367
10	1380
10	1436
10	1542
10	1548
10	1549
10	1604
10	1610
10	1644
10	1665
10	1675
10	1711
10	1759
10	1785
10	1873
10	2023
10	2052
10	2080
10	2088
10	2091
10	2131
10	2194
10	2202
10	2216
10	2222
10	2226
10	2247
10	2259
10	2260
10	2261
10	2282
10	2350
10	44
10	2430
10	2445
10	2566
10	2567
10	2623
10	2646
10	2670
10	502
10	2755
10	2764
10	2766
10	2768
10	2787
10	2789
10	2790
10	2806
10	2814
10	2836
10	2842
10	2853
10	2856
10	2857
10	2897
10	2980
10	3098
10	3097
10	3099
10	3139
10	3153
10	3155
10	3183
10	3184
10	3209
10	3216
10	3232
10	3254
10	3255
10	3258
10	3287
12	11
12	127
12	2596
12	3256
12	3258
12	3264
12	3311
12	3312
11	23
11	35
11	36
11	129
11	130
11	131
11	132
11	133
11	136
11	137
11	2818
11	2894
11	3289
11	3298
13	12
13	19
14	12
15	14
15	20
15	21
15	24
15	55
15	61
15	62
15	70
15	84
15	85
15	86
15	90
15	91
15	2819
15	3290
15	3291
16	15
17	14
18	12
19	12
20	19
20	40
20	49
20	60
20	126
20	3265
20	3266
20	3267
20	3269
20	3270
20	3284
21	11
21	3264
22	21
22	108
22	623
22	1038
22	1074
22	1192
22	1532
22	1533
22	1770
22	1842
22	2021
23	134
23	135
24	23
25	24
25	1749
25	1754
25	1760
25	2278
25	2280
25	2295
25	2572
26	25
26	28
27	26
27	71
27	83
27	97
27	112
27	127
27	130
27	141
27	142
27	144
27	143
27	220
27	228
27	234
27	272
27	284
27	295
27	297
27	294
27	298
27	299
27	300
27	302
27	304
27	325
27	332
27	334
27	380
27	381
27	383
27	388
27	412
27	413
27	437
27	446
27	451
27	466
27	468
27	470
27	472
27	475
27	474
27	477
27	491
27	492
27	563
27	615
27	636
27	640
27	644
27	648
27	646
27	658
27	677
27	686
27	675
27	692
27	746
27	755
27	760
27	779
27	785
27	794
27	797
27	816
27	824
27	894
27	900
27	908
27	910
27	911
27	916
27	913
27	932
27	934
27	937
27	940
27	945
27	946
27	953
27	956
27	958
27	968
27	997
27	996
27	1070
27	1068
27	1097
27	1117
27	1135
27	1156
27	1196
27	1206
27	1229
27	1250
27	1284
27	1304
27	1332
27	1343
27	1397
27	1403
27	1436
27	1435
27	1513
27	1628
27	1629
27	1642
27	1651
27	1664
27	1671
27	1721
27	1724
27	1734
27	1743
27	1749
27	1757
27	1761
27	1780
27	1787
27	1792
27	1814
27	2045
27	2044
27	2050
27	2053
27	2055
27	2056
27	2057
27	2058
27	2059
27	2060
27	2062
27	2061
27	2064
27	2065
27	2066
27	2067
27	2068
27	2069
27	2070
27	2072
27	2073
27	2074
27	2075
27	2203
27	2216
27	2222
27	2220
27	2229
27	2234
27	2236
27	2239
27	2242
27	2245
27	2247
27	2254
27	2266
27	2268
27	2267
27	2270
27	2269
27	2271
27	2274
27	2276
27	2280
27	2297
27	2304
27	2349
27	2361
27	2362
27	2388
27	2407
27	2410
27	2414
27	2422
27	2429
27	2439
27	2441
27	2453
27	2454
27	2463
27	2465
27	2467
27	2480
27	2488
27	2489
27	2493
27	2509
27	2512
27	2587
27	2590
27	2597
27	2603
27	2605
27	2608
27	2613
27	2614
27	2624
27	2647
27	2650
27	2654
27	2676
27	2677
27	2695
27	2703
27	2755
27	2764
27	2789
27	2790
27	2814
27	2843
27	2846
27	2853
27	2894
27	2904
27	2905
27	2908
27	2914
27	2918
27	2919
27	2920
27	2921
27	2922
27	2923
27	2924
27	2928
27	2930
27	2929
27	2952
27	2972
27	2975
27	2992
27	2993
27	2997
27	3002
27	3003
27	3014
27	3016
27	3022
27	3023
27	3032
27	3035
27	3034
27	3036
27	3037
27	3038
27	3039
27	3059
27	3066
27	3077
27	3086
27	3087
27	3091
27	3099
27	3102
27	3165
27	3174
27	3177
27	3180
27	3186
27	3225
27	3276
27	3280
28	25
28	2278
28	2283
29	28
29	1054
29	1194
29	1231
29	1348
29	1502
29	1519
29	1614
29	1624
29	2467
29	2469
29	2574
29	2782
29	3017
29	3025
29	3027
29	3030
29	3051
29	3096
29	3099
29	3127
29	2025
30	25
30	286
30	297
30	299
30	374
30	408
30	424
30	426
30	894
30	897
30	910
30	907
30	915
30	916
30	917
30	913
30	922
30	931
30	963
30	984
30	985
30	1010
30	1011
30	1012
30	1052
30	1054
30	1187
30	1196
30	1331
30	1492
30	1500
30	1503
30	1514
30	1517
30	1516
30	1518
30	1529
30	1555
30	1732
30	1788
30	2101
30	2116
30	2119
30	2158
30	2171
30	2188
30	2190
30	2191
30	2198
30	2199
30	2313
30	2316
30	2526
30	2543
30	2722
30	2952
30	3158
30	3167
30	3195
32	31
32	33
36	128
36	138
37	36
37	3294
38	37
39	38
39	132
40	39
40	48
40	130
40	136
40	3268
40	3293
41	40
41	1575
41	1622
41	1770
41	2783
41	3265
42	39
43	42
43	54
43	87
43	118
43	1227
43	1230
43	1377
43	1847
43	1920
43	1970
43	2604
44	42
44	54
44	87
45	39
45	45
45	583
45	1358
45	1770
46	45
46	47
46	302
46	388
46	492
46	573
46	583
46	751
46	796
46	797
46	900
46	905
46	915
46	922
46	925
46	934
46	955
46	953
46	960
46	967
46	983
46	987
46	990
46	1030
46	1056
46	1075
46	1078
46	1080
46	1117
46	1130
46	1171
46	1196
46	1198
46	1199
46	1201
46	1205
46	1210
46	1211
46	1212
46	1213
46	1215
46	1216
46	1217
46	1226
46	1234
46	1249
46	1248
46	1260
46	1261
46	1269
46	1287
46	1288
46	1292
46	1307
46	1319
46	1320
46	1324
46	1327
46	1328
46	1332
46	1339
46	1358
46	1367
46	1372
46	1378
46	1382
46	1436
46	1459
46	1669
46	1685
46	1687
46	1759
46	1788
46	2035
46	2036
46	2091
46	2389
46	2398
46	2401
46	2407
46	2421
46	2422
46	2427
46	2431
46	2436
46	2437
46	2441
46	2467
46	2475
46	2480
46	2484
46	2489
46	2494
46	2509
46	2537
46	2558
46	2583
46	2587
46	2596
46	2603
46	2605
46	2609
46	2610
46	2635
46	2647
46	2650
46	2653
46	2654
46	2671
46	2676
46	2709
46	2711
46	2712
46	2713
46	2714
46	2724
46	2755
46	2764
46	2806
46	2822
46	2834
46	2843
46	2850
46	2857
46	2860
46	2863
46	2865
46	2889
46	2986
46	3118
46	3126
46	3136
46	3160
46	3159
46	3169
46	3209
46	3225
46	3232
46	3253
46	3281
47	45
47	47
48	38
48	2820
48	2894
49	48
49	3292
50	49
50	300
50	302
50	351
50	367
50	373
50	536
50	538
50	600
50	599
50	601
50	602
50	622
50	658
50	661
50	794
50	796
50	802
50	806
50	807
50	811
50	822
50	911
50	948
50	982
50	1025
50	1332
50	1378
50	1071
50	1506
50	1622
50	2532
50	2605
50	2695
50	2726
50	2749
50	2756
50	2791
50	2792
50	2793
50	2794
50	2795
50	2796
50	2797
50	2798
50	2799
50	2800
50	2801
50	2807
50	2808
50	2883
50	2981
50	3070
51	37
51	1188
51	2127
51	2129
51	2130
51	2591
52	51
52	108
52	1192
52	1188
52	1074
52	1611
52	1616
52	1619
52	1622
52	2021
52	2036
52	2310
52	2825
52	2840
52	2852
52	2861
52	2894
53	52
53	108
53	111
53	1072
53	1188
53	1649
53	1655
53	1683
53	1726
53	1767
53	2033
53	2116
53	2126
53	2239
53	2389
53	2397
53	2419
53	2426
53	2427
53	2435
53	2438
53	2444
53	2454
53	2459
53	2469
53	2507
53	2509
53	2533
53	2542
53	2586
53	2591
53	2593
53	2605
53	2618
53	2650
53	2970
53	2973
53	2975
53	3004
53	3020
53	3029
53	3043
53	3249
53	2025
53	2969
54	36
54	54
54	71
54	70
54	84
54	137
55	136
56	55
56	108
56	1048
56	1046
56	1171
56	1187
56	1473
56	1487
56	1488
56	1558
56	1739
56	1767
56	1856
56	2096
57	56
57	111
57	641
57	1054
57	1072
57	1716
57	2107
58	57
58	56
58	71
58	1049
58	1053
58	1232
58	1231
58	1348
58	1378
58	1760
58	2447
58	3049
58	3314
59	56
59	1164
59	1227
59	1230
59	1378
59	3313
59	3314
59	3315
60	129
60	130
60	136
62	3258
63	62
63	149
63	192
63	536
63	538
63	574
63	577
63	573
63	626
63	628
63	756
63	784
63	790
63	794
63	975
63	986
63	989
63	991
63	993
63	1001
63	1004
63	1014
63	1022
63	1575
63	1630
63	1780
63	2209
63	2229
63	2234
63	2239
63	2369
63	2371
63	2372
63	2373
63	2374
63	2375
63	2376
63	2377
63	2378
63	2379
63	2727
63	2730
63	2731
63	2733
63	2736
63	2739
63	2740
63	2741
63	2747
63	2750
63	2751
63	2752
63	2764
63	2783
63	2806
63	2812
63	2897
63	3256
63	3265
63	3291
64	63
65	63
66	63
66	806
67	63
67	807
68	63
68	72
68	249
68	266
68	268
68	267
68	478
68	574
68	583
68	628
68	996
68	1038
68	1197
68	1203
68	1395
68	1549
68	2283
68	2305
68	2357
68	2359
68	2721
68	2755
69	63
69	574
69	1188
69	1434
69	1436
69	1439
69	2519
69	2624
70	129
70	130
70	132
70	3279
70	3280
71	70
71	108
71	1038
71	1353
71	1542
71	1575
71	1626
71	1770
71	2050
71	2096
71	2321
72	71
72	1348
72	2051
72	2150
72	2221
72	2283
72	2293
73	72
73	478
74	71
75	71
75	75
75	1038
75	1476
75	1478
75	1536
75	2052
75	2131
75	2280
76	75
76	71
76	92
76	130
76	139
76	143
76	677
76	934
76	955
76	1142
76	1143
76	1343
76	1401
76	1402
76	1403
76	1404
76	1524
76	1651
76	1650
76	1669
76	1687
76	1725
76	1729
76	1759
76	1772
76	1770
76	1783
76	1784
76	1795
76	1796
76	1798
76	1799
76	2203
76	2236
76	2339
76	2341
76	2398
76	2418
76	2420
76	2427
76	2435
76	2440
76	2441
76	2454
76	2540
76	2567
76	2587
76	2589
76	2600
76	2603
76	2605
76	2608
76	2613
76	2614
76	2618
76	2650
76	2652
76	2651
76	2654
76	2655
76	2675
76	2676
76	2837
76	2840
76	2903
76	2914
76	2928
76	2930
76	2966
76	2968
76	2976
76	2979
76	2997
76	2998
76	3002
76	3003
76	3006
76	3019
76	3042
76	3081
76	3114
76	3117
76	3133
76	3165
76	3178
76	3258
76	3276
77	71
77	1489
77	1498
77	1504
77	1690
78	71
79	78
80	79
80	1529
80	1530
80	1531
81	80
81	1525
81	1678
81	1736
82	71
82	1542
82	1543
82	2118
82	2307
82	2308
82	2309
82	2310
82	2311
82	2313
82	2314
82	2315
82	2316
82	2318
82	2319
82	2320
82	2321
82	2322
82	2323
83	71
84	129
85	132
85	133
86	131
87	86
87	87
87	90
87	1353
88	86
88	1686
88	1780
88	2209
88	2223
88	2231
88	2234
88	2239
88	3235
89	88
89	290
89	1072
89	1648
89	1649
89	1727
89	2414
89	2439
89	2440
89	2454
89	2465
89	2477
89	2485
89	2487
89	2488
89	2586
89	2597
89	2611
89	2618
89	2677
89	2678
89	2680
89	436
89	2684
89	2685
89	2971
89	2973
89	2975
89	3014
89	3015
89	3016
89	3017
89	3018
89	3019
89	3020
89	3021
89	2965
89	3022
89	3023
89	3024
89	3025
89	3027
89	2486
89	3028
89	3029
89	3030
89	3031
89	3043
89	3159
89	3249
89	1733
90	130
90	131
90	132
90	136
90	3280
91	130
91	136
91	3258
91	3264
92	91
92	1687
92	2341
92	2614
92	3276
96	95
96	174
96	245
96	333
96	350
96	754
96	1184
96	1398
96	1578
96	1667
96	2263
96	2347
96	2411
96	2456
96	2811
96	2849
96	2916
96	3055
96	3092
96	3109
96	3137
96	3144
96	3246
96	3249
95	97
100	99
100	1750
100	2584
102	101
102	107
102	106
102	1170
102	1171
102	1745
102	1766
102	1765
102	1770
102	2036
102	2579
102	2580
104	103
104	1060
104	1061
104	1079
104	1080
104	1337
104	1465
104	1466
104	1467
104	1468
104	1469
104	1470
104	1471
104	1472
104	1476
104	1477
104	1479
104	1480
104	1481
104	1482
104	1484
104	1485
104	1538
104	1539
104	1565
104	1631
104	2040
104	2525
104	2526
105	104
105	1078
105	1464
105	1532
105	1533
105	1562
107	106
107	1745
107	2580
108	107
108	1171
108	1766
109	108
109	1842
110	108
110	1383
110	1630
110	1631
110	1636
110	1643
110	1645
110	1646
110	1647
110	1654
110	1658
110	1678
110	1689
110	1692
110	1696
110	1697
110	1701
110	1706
110	1711
110	1714
110	1724
110	1732
110	1736
110	2135
110	2239
110	2580
110	2951
110	2962
110	3324
111	108
111	1767
111	1770
113	112
113	117
113	2190
113	2518
115	114
115	121
115	2148
115	2171
115	2172
115	2174
115	2187
116	115
116	2177
116	2180
116	2185
116	2188
116	2189
116	2946
117	116
118	117
118	2180
120	119
121	120
121	2195
126	127
130	3271
130	3307
138	3310
140	139
140	143
140	491
140	1097
140	2986
140	3001
140	3192
140	3193
141	142
144	143
144	677
144	2903
144	2904
144	2905
144	2908
144	2909
144	2918
144	2919
144	2920
144	2921
144	2922
144	2923
144	2924
144	2926
144	2929
144	2937
144	2939
146	145
146	563
146	567
146	571
146	588
146	590
146	591
146	592
146	593
146	594
146	597
146	598
146	2951
146	2962
148	147
148	150
148	155
148	157
148	156
148	160
148	164
148	166
148	167
148	168
148	169
148	170
148	171
148	1029
148	1030
148	1032
148	1033
148	1034
148	1350
148	1352
148	1355
148	1569
148	1570
148	1571
148	2391
148	2943
147	150
147	155
147	157
147	158
147	159
147	163
147	165
147	167
147	168
147	169
147	170
147	1029
147	1030
147	1032
147	1033
147	1034
147	1350
147	1352
147	1355
147	1569
147	1570
147	1571
147	2387
147	2390
147	2391
147	2943
150	149
150	151
151	149
154	153
157	156
157	161
157	162
157	164
157	171
161	160
162	166
173	172
173	175
173	176
173	177
173	178
173	179
173	180
173	181
173	182
173	183
173	184
173	185
173	186
173	187
173	189
173	1027
173	1028
173	1031
173	1035
173	1567
174	173
174	223
174	230
174	232
174	247
174	348
174	349
174	375
174	400
174	422
174	484
174	490
174	612
174	627
174	633
174	823
174	826
174	827
174	828
174	829
174	830
174	831
174	832
174	840
174	841
174	939
174	973
174	995
174	1416
174	1417
174	1419
174	1420
174	1421
174	1422
174	1423
174	1426
174	1427
174	1428
174	1429
174	1430
174	1432
174	1433
174	1440
174	1441
174	1442
174	1443
174	1444
174	1445
174	1446
174	1447
174	1448
174	1449
174	1452
174	1453
174	1454
174	1455
174	1618
174	2356
174	2358
174	2368
174	2380
174	2383
174	2384
174	2395
198	197
198	201
198	270
198	981
198	2360
199	198
199	197
199	302
201	200
201	204
201	205
201	210
201	212
201	213
201	216
201	224
201	225
201	2010
200	207
200	208
200	209
200	211
200	214
200	215
200	217
200	218
200	219
202	201
203	201
203	567
203	568
203	571
203	572
203	573
203	588
203	590
203	594
203	597
203	1332
203	2022
203	2192
203	2200
204	206
221	220
221	937
221	2975
220	226
220	228
222	220
222	1759
222	1760
222	1761
222	1828
222	3138
227	226
227	2480
231	231
235	234
235	243
235	244
234	574
236	234
236	250
236	260
236	259
236	261
236	263
236	266
236	269
236	272
236	300
236	305
236	308
236	319
236	407
236	408
236	410
236	419
236	462
236	489
236	904
236	905
236	961
236	969
236	967
236	978
236	988
236	1189
236	1196
236	1074
236	1429
236	1604
236	1610
236	1623
236	1691
236	2021
236	2035
236	2036
236	2038
236	2133
236	2335
236	2459
236	2722
236	2874
236	3233
236	3270
237	236
237	291
238	234
238	2675
238	2676
239	238
239	2676
241	240
240	505
240	786
240	2675
242	240
242	507
246	241
249	248
249	284
249	968
249	1612
249	1613
249	2035
249	2036
249	2342
248	260
248	266
250	249
250	305
250	307
250	318
250	1197
251	249
251	305
251	307
251	308
251	318
251	1197
252	251
252	789
252	2338
252	3276
253	249
253	264
253	440
253	1197
253	1746
254	249
254	271
254	971
254	978
254	988
254	1015
254	1197
255	249
255	407
255	443
255	1197
255	2461
256	249
256	305
256	306
256	316
256	319
256	575
256	972
256	1197
256	2043
257	256
258	249
258	305
258	307
258	318
258	1197
258	2457
260	259
260	261
260	262
260	263
260	269
266	265
266	267
265	573
268	267
268	1198
268	2032
271	1017
273	272
273	790
272	275
272	309
274	272
276	275
277	275
277	574
278	275
278	286
278	297
278	298
278	300
278	356
278	372
278	381
278	412
278	419
278	455
278	495
278	573
278	583
278	677
278	920
278	928
278	940
278	945
278	983
278	985
278	1010
278	1125
278	1149
278	1284
278	1228
278	1550
278	1700
278	1711
278	1751
278	1772
278	1839
278	2023
278	2031
278	2051
278	2194
278	2202
278	2488
278	2525
278	2647
278	2700
278	2715
278	2755
278	2764
278	2785
278	2806
278	2814
278	3013
280	279
280	317
280	1019
280	2462
281	280
281	279
281	282
281	1019
281	1199
281	1201
282	279
283	282
284	283
284	2024
285	279
285	2819
285	2973
286	312
288	287
288	451
288	459
288	464
288	1195
288	2041
288	2042
288	2694
288	2696
288	2698
289	288
289	435
289	781
289	793
289	801
289	809
289	821
289	1011
289	1012
289	2686
289	780
289	2696
289	3321
290	289
290	940
290	924
292	291
292	406
292	412
292	437
292	463
292	923
292	940
292	998
292	1011
292	1012
292	1187
292	1195
292	1416
292	1513
293	292
295	294
296	295
296	297
296	299
297	295
297	297
300	300
301	300
301	1404
301	1405
301	2695
303	302
305	304
305	961
305	1450
305	2034
305	2715
305	2839
307	442
307	1016
307	1202
307	2457
308	1185
311	310
311	316
310	312
313	312
315	314
315	316
321	320
321	336
322	321
322	323
322	324
322	325
322	326
322	327
322	328
322	330
322	332
322	338
322	340
330	329
330	331
330	343
335	334
335	337
340	339
340	342
341	339
341	466
341	474
341	785
341	1097
341	1664
341	1669
341	2055
341	2056
341	2060
341	2065
341	2068
341	2073
341	2266
341	2269
341	2362
341	2511
341	2918
341	2919
341	2920
341	2921
341	2922
341	2923
341	2924
341	2986
341	3003
341	3032
341	3034
341	3093
341	3174
341	3201
341	3229
344	403
346	345
346	347
346	374
352	351
353	351
353	385
353	2647
353	3015
355	354
355	355
355	382
355	388
356	354
358	357
359	357
359	368
359	1646
361	360
360	405
362	361
362	364
362	366
362	371
363	362
363	363
363	360
363	364
365	364
365	373
365	413
366	367
369	368
370	368
370	383
370	1646
372	376
372	380
377	376
376	408
376	2722
378	376
378	380
378	412
379	376
379	380
380	376
386	385
386	1332
386	1435
386	2647
386	3249
388	391
388	460
390	389
394	393
394	395
394	396
394	397
394	398
400	399
402	401
404	461
406	406
407	441
407	1187
407	2461
409	408
409	513
409	1186
411	410
415	414
415	416
415	417
420	419
420	844
424	423
424	431
426	425
426	427
426	428
426	429
431	916
431	1161
434	433
434	568
434	572
434	587
434	589
434	595
434	619
436	435
438	437
438	450
438	452
438	455
441	443
445	444
445	448
445	449
444	448
444	449
446	444
446	457
446	458
446	462
447	446
447	450
447	465
451	450
451	452
451	456
451	451
453	451
455	454
463	462
464	463
464	791
464	792
464	800
464	808
464	820
464	2679
464	2681
464	2682
464	2695
464	2697
466	474
466	477
467	466
467	785
467	2056
467	2060
467	2068
467	2266
467	2918
467	2919
467	2920
467	2921
467	2922
467	2923
467	2924
467	2988
467	2987
467	2998
467	2999
467	3003
467	3032
467	3165
469	468
469	1674
469	2058
469	2061
469	2069
469	2267
469	2907
469	3038
470	468
470	470
470	477
471	470
471	2062
471	2070
471	2268
471	3037
473	472
473	2059
473	2067
473	2075
473	2274
473	3039
475	474
475	477
474	477
476	474
476	481
476	758
476	2055
476	2065
476	2073
476	2269
476	2814
476	3034
476	3120
478	477
479	478
480	478
480	481
480	482
480	483
480	489
486	485
487	486
487	756
487	794
487	3213
488	486
488	492
488	661
488	752
488	756
488	794
488	796
488	802
488	2755
488	2754
488	3163
488	3213
488	3216
490	499
491	492
493	492
493	497
493	796
493	2756
493	3216
492	494
492	495
492	496
492	497
497	498
501	500
501	578
500	536
500	538
500	600
500	602
502	500
502	933
502	934
502	928
502	955
502	957
502	964
502	967
502	987
504	503
504	513
504	518
504	534
504	545
504	561
505	504
505	771
505	797
505	798
505	805
506	505
506	508
506	520
506	536
506	538
506	569
506	615
506	772
506	799
506	804
506	805
506	811
506	819
506	978
506	1234
506	2753
506	2755
506	2754
506	2764
506	2812
507	506
507	787
507	811
507	819
508	504
508	510
508	514
508	519
508	535
508	546
508	562
509	504
509	503
509	513
509	512
509	511
509	518
509	517
509	525
509	524
509	528
509	530
509	532
509	534
509	539
509	541
509	543
509	545
509	547
509	550
509	549
509	553
509	555
509	557
509	559
509	561
509	603
509	605
509	607
509	609
509	805
510	503
512	511
512	525
512	528
512	543
512	555
512	559
512	603
513	512
513	522
513	530
513	539
514	513
514	515
514	523
514	540
515	512
515	516
515	526
515	529
515	544
515	556
515	560
515	604
516	511
518	517
518	532
518	541
518	550
519	518
519	521
519	533
519	542
519	551
520	519
520	521
520	536
520	538
520	587
520	797
520	805
520	811
520	819
520	2727
520	2764
520	2809
520	2960
520	2961
521	517
522	547
522	609
523	522
523	531
523	548
523	610
525	524
525	553
525	557
526	525
526	527
526	554
526	558
527	524
529	528
531	530
533	532
535	534
537	536
537	538
537	600
537	599
537	602
537	788
537	925
537	959
537	983
537	985
537	2676
537	2755
540	539
542	541
544	543
546	545
548	547
550	549
550	605
550	607
551	550
551	552
551	606
551	608
552	549
554	553
556	555
558	557
560	559
562	561
565	564
565	2958
564	573
566	565
566	767
566	768
566	769
566	789
570	569
574	573
574	575
574	784
574	789
574	819
574	2716
575	574
576	573
576	2737
576	2789
576	2814
577	576
577	784
578	573
579	578
579	790
580	579
581	580
581	578
581	788
582	578
582	968
582	971
582	979
582	988
582	992
582	994
582	1015
582	1022
583	578
583	583
584	583
585	583
585	614
586	578
586	966
586	971
586	975
586	978
586	986
586	988
586	989
586	991
586	993
586	1001
586	1004
586	1014
586	3323
596	595
596	1648
596	2677
596	2678
596	2681
596	2682
596	2696
596	2697
596	2971
596	2973
596	3010
596	3014
596	3015
596	3021
596	2965
596	2486
596	3030
596	3115
596	3249
600	599
600	601
604	603
606	605
608	607
610	609
612	611
612	613
612	621
615	615
618	617
618	1054
618	1076
618	1098
620	619
620	1093
620	1245
620	1074
620	2143
620	2326
620	2676
620	2966
620	2968
622	622
624	623
624	1395
624	2672
624	2900
625	624
625	806
625	807
625	2389
625	2627
625	2714
625	3112
629	628
629	1152
629	1803
629	1748
631	630
631	1634
631	2382
631	2950
632	631
632	635
632	636
632	1625
632	1671
632	1850
632	2228
633	632
633	1361
633	2304
633	2673
633	2896
635	634
638	637
638	1630
639	638
639	1770
639	1780
639	2239
641	640
641	1048
641	1071
641	1517
641	1767
641	2190
641	2198
642	640
642	1077
642	1153
642	1174
642	1179
642	1789
642	1793
642	1794
642	1800
642	1801
642	1822
642	1823
642	1873
642	2308
642	2309
642	2314
644	643
644	647
644	646
644	671
644	675
644	686
644	695
644	698
644	699
644	708
644	756
644	760
644	763
643	646
643	698
643	699
645	643
645	671
645	699
645	701
645	703
647	646
647	667
648	647
648	671
648	675
648	708
649	648
649	655
649	659
649	707
649	726
649	746
650	649
650	654
650	708
651	646
652	646
654	653
654	658
654	663
654	695
655	653
655	663
657	656
657	675
657	765
659	658
659	695
660	659
661	755
661	3164
662	661
662	687
662	692
662	2844
666	665
669	668
668	675
670	668
670	692
671	708
673	672
673	674
674	672
675	674
675	692
676	675
676	676
676	686
676	2755
676	2890
676	2925
676	3147
677	676
678	677
678	684
679	678
679	676
679	684
680	677
680	2942
681	677
681	2903
681	2905
681	2907
681	2918
681	2919
681	2920
681	2921
681	2922
681	2923
681	2924
681	2929
681	2939
681	2942
682	677
683	682
683	2907
683	2914
684	675
684	2755
684	2903
685	684
686	675
687	675
688	687
688	755
688	3164
688	3322
689	687
689	3322
690	687
690	675
690	755
690	757
690	758
690	759
690	760
690	3164
690	3322
691	675
691	708
691	709
691	747
691	748
692	753
693	692
693	2242
695	694
695	746
697	696
701	700
705	704
707	706
707	726
707	743
706	745
706	748
708	707
708	711
708	738
708	744
708	746
709	707
709	746
710	706
710	2242
711	737
711	739
712	713
713	714
713	715
713	716
713	717
713	718
719	713
719	720
719	721
722	713
722	723
722	724
722	725
722	721
726	728
726	729
727	726
727	747
730	731
731	732
732	733
732	734
732	735
736	731
740	731
741	731
743	742
747	746
750	749
750	753
749	760
749	3165
752	751
753	752
755	756
761	760
762	760
762	822
762	1934
762	1951
762	2237
762	2337
762	2349
762	2361
762	2363
762	2510
762	2755
762	2810
762	3245
764	763
771	770
771	776
771	813
772	771
772	775
772	777
772	814
773	771
774	771
774	778
774	813
774	815
775	770
777	776
780	779
780	803
780	816
780	1011
780	1012
780	2688
780	2690
781	779
781	791
781	816
782	779
782	798
782	816
782	819
782	820
782	2802
783	782
785	794
787	786
793	792
795	794
799	798
801	800
802	2755
804	803
804	805
809	808
811	810
812	811
814	813
814	816
817	816
817	907
817	1011
817	1012
817	1696
817	1706
817	1709
817	1727
817	2229
817	2465
817	2477
817	2487
817	2488
817	2581
817	2586
817	2618
817	2678
817	2684
817	2685
817	2688
817	2970
817	3016
817	3017
817	3018
817	2965
817	3022
817	3023
817	3025
817	3028
817	3029
817	3110
818	819
821	820
825	824
834	833
834	843
834	844
836	835
838	837
838	839
846	845
846	848
846	849
846	850
846	851
846	852
846	853
846	854
846	855
846	856
846	857
846	858
846	859
846	860
846	861
846	862
846	863
846	864
846	865
846	866
846	867
846	868
846	869
846	870
846	871
846	872
846	873
846	874
846	875
846	876
846	877
846	878
846	879
846	880
846	881
846	882
846	883
846	884
846	885
846	886
846	887
846	888
846	889
846	890
846	891
846	892
846	2817
847	846
847	915
888	893
895	894
895	897
895	898
895	936
895	952
895	954
894	905
896	894
896	922
896	927
896	920
896	945
896	953
896	1012
896	2903
899	898
899	905
899	922
899	954
898	983
900	898
900	905
900	911
900	932
900	945
900	952
900	954
900	956
900	998
901	900
901	915
901	917
902	898
902	925
902	940
902	983
902	987
903	902
903	906
904	902
904	906
904	968
904	971
904	978
904	998
906	905
906	934
906	954
906	955
906	967
908	907
908	914
908	923
909	908
909	909
909	910
909	922
910	908
910	922
910	931
911	910
911	911
911	937
912	911
912	945
912	948
912	959
912	2502
912	2590
912	2612
912	2997
912	3002
914	913
914	965
913	940
915	914
916	914
916	913
916	946
917	914
917	923
917	922
917	920
917	931
917	941
918	913
918	920
919	913
919	921
920	913
921	920
921	922
921	913
921	940
922	920
922	936
922	940
923	922
924	923
924	965
924	2690
925	922
925	983
925	987
926	925
927	925
927	977
927	988
928	927
929	927
929	933
929	934
929	977
929	984
929	1012
929	2697
930	920
935	934
935	955
935	967
939	938
939	1021
943	942
943	944
943	947
943	1005
949	948
949	959
950	949
950	951
951	948
951	959
951	960
953	955
954	953
954	960
955	954
959	959
964	983
964	987
968	967
968	987
968	1013
967	983
967	1006
969	968
969	967
969	987
970	969
970	983
970	984
970	985
970	987
970	1013
970	1015
970	1020
974	974
977	976
977	992
977	994
977	1000
977	1005
978	977
978	990
978	1002
979	978
980	977
983	990
983	1003
984	983
984	1013
985	984
985	1015
986	986
997	996
999	998
1008	1007
1008	1009
1008	1010
1010	1011
1010	1012
1017	1018
1022	1022
1024	1023
1029	1034
1030	1029
1037	1036
1037	1058
1037	1080
1038	1036
1038	1046
1038	1058
1038	1059
1038	1065
1038	1080
1038	1171
1039	1038
1040	1039
1040	1171
1040	1196
1040	1222
1040	1271
1040	1332
1040	1387
1040	3265
1041	1036
1041	1042
1041	1043
1045	1044
1045	1252
1045	1255
1045	1328
1044	1044
1047	1046
1047	1500
1046	1067
1048	1047
1048	1486
1048	1487
1048	1488
1048	1495
1049	1046
1049	1087
1049	1126
1049	1128
1049	1245
1049	1307
1050	1049
1050	1083
1050	1084
1051	1046
1051	1245
1053	1052
1053	1075
1054	1052
1055	1054
1055	1075
1057	1056
1057	1224
1057	1250
1057	1331
1057	1387
1056	1058
1058	1336
1059	1058
1059	1221
1059	1269
1063	1062
1063	1391
1063	1392
1063	1462
1063	1534
1063	1536
1063	1549
1063	1550
1063	1563
1063	1564
1063	1751
1064	1063
1064	1541
1064	1540
1064	1542
1064	1742
1064	1762
1064	2291
1066	1065
1065	1218
1065	1267
1068	1067
1068	1499
1068	1713
1068	1718
1068	1734
1068	1735
1068	1739
1068	1740
1068	1741
1068	2191
1068	2199
1069	1068
1069	1689
1069	1691
1069	1695
1069	1701
1069	1714
1069	1715
1069	1725
1070	1069
1070	1383
1070	1679
1070	1696
1070	1698
1070	1706
1070	1709
1070	1712
1070	1724
1070	1731
1070	1732
1070	2581
1071	1070
1071	1681
1071	1684
1071	1686
1071	2203
1071	2236
1072	1071
1072	1069
1072	1068
1072	1195
1072	1679
1072	1681
1072	1684
1072	1691
1072	1696
1072	1698
1072	1715
1072	1731
1072	1736
1072	1768
1072	1770
1072	1780
1072	2234
1073	1071
1074	1070
1074	1682
1074	1743
1074	1764
1074	2021
1074	2191
1074	2199
1077	1253
1077	1254
1082	1081
1082	1090
1082	1091
1082	1092
1082	1100
1082	1105
1082	1109
1081	1110
1081	1160
1083	1082
1083	1087
1084	1082
1084	1091
1084	1092
1084	1100
1084	1109
1085	1081
1085	1140
1085	1142
1085	1387
1086	1085
1087	1086
1087	1126
1087	1128
1088	1085
1088	1140
1089	1088
1089	1127
1089	1130
1089	1142
1089	1159
1089	1165
1089	1166
1091	1103
1091	1104
1092	1101
1092	1102
1092	1106
1092	1108
1094	1093
1095	1094
1095	1096
1095	1099
1097	1096
1097	1117
1097	1135
1097	1391
1097	1392
1097	2150
1097	2216
1097	2245
1097	2247
1097	2249
1097	2252
1097	2255
1097	2286
1097	2291
1097	2293
1097	2302
1097	2995
1097	3009
1097	3040
1097	3045
1097	3050
1097	3190
1098	1127
1098	1141
1098	1142
1100	1107
1112	1111
1112	1114
1112	1115
1112	1116
1112	1119
1113	1112
1113	1222
1113	1271
1118	1117
1118	1135
1118	1136
1118	1137
1118	1138
1118	1144
1117	1120
1117	1121
1117	1122
1117	1123
1117	1124
1126	1125
1126	1132
1126	1139
1126	1140
1126	1141
1126	1142
1126	1143
1127	1125
1127	1133
1127	1134
1128	1127
1128	1148
1129	1127
1130	1125
1131	1130
1131	1160
1131	1609
1131	1747
1131	2140
1131	2227
1131	2508
1131	2585
1131	2591
1131	2592
1131	2595
1131	2609
1136	1149
1145	1144
1145	1147
1146	1144
1152	1245
1154	1153
1154	1179
1153	1252
1153	1253
1153	1254
1153	1255
1155	1154
1155	1182
1155	1183
1155	2782
1157	1156
1157	1199
1161	1160
1161	1161
1161	1168
1161	1529
1161	1706
1161	1713
1161	1840
1161	1841
1161	2308
1161	2309
1161	2951
1161	2962
1162	1160
1162	2585
1163	1160
1163	2043
1163	2577
1163	2585
1163	2868
1164	1160
1164	1166
1169	1168
1173	1172
1173	1175
1173	1179
1172	1174
1172	1176
1172	1177
1172	1178
1180	1179
1180	1867
1180	2286
1181	1180
1181	1179
1181	1843
1181	1860
1181	1867
1181	1869
1181	2249
1182	1179
1183	1179
1188	1187
1188	1196
1189	1188
1189	1615
1189	2591
1190	1189
1191	1190
1191	1603
1191	1608
1192	1191
1192	1609
1193	1189
1193	1622
1193	2532
1193	3080
1193	3082
1193	3079
1193	3210
1193	3211
1193	3327
1194	1187
1194	1490
1194	1518
1194	1691
1194	2332
1194	2333
1197	1196
1197	2031
1197	2037
1197	2458
1199	1198
1199	1208
1199	3265
1200	1199
1200	1201
1200	2767
1200	2771
1200	2774
1200	2775
1204	1203
1204	1218
1204	1219
1204	1221
1204	1244
1204	1246
1204	1248
1206	1205
1206	1210
1206	1211
1206	1212
1206	1213
1206	1215
1206	1216
1206	1217
1207	1206
1207	1257
1207	2777
1208	1207
1208	1222
1208	1234
1208	1235
1208	1250
1208	1271
1208	1332
1209	1207
1209	1222
1209	1271
1214	1213
1214	1226
1214	1260
1214	1261
1220	1219
1220	1222
1220	1265
1220	1271
1220	1305
1222	1236
1222	1237
1222	1238
1222	1239
1222	1240
1222	1241
1222	1242
1222	1243
1223	1222
1223	1247
1223	1271
1223	1307
1223	2777
1224	1223
1224	1271
1224	2777
1225	1222
1225	1246
1225	1271
1225	1341
1226	1222
1226	1271
1226	3265
1227	1226
1228	1227
1228	1230
1229	1226
1229	1364
1230	1226
1230	3279
1231	1226
1232	1231
1232	1378
1233	1222
1233	1271
1233	1333
1233	1386
1234	1222
1234	1271
1235	1234
1245	1244
1245	1339
1249	1248
1249	1295
1249	1327
1250	1249
1250	1284
1251	1250
1251	1332
1251	1386
1257	1256
1257	1258
1257	1259
1257	1260
1257	1261
1257	1262
1257	1263
1257	1264
1257	1297
1256	1296
1259	1298
1260	1299
1261	1300
1262	1301
1263	1302
1264	1303
1267	1266
1267	1306
1269	1268
1269	1307
1271	1270
1271	1277
1271	1308
1271	1379
1270	1273
1270	1274
1270	1275
1270	1278
1270	1279
1270	1280
1270	1281
1272	1271
1272	1282
1272	1307
1272	1317
1277	1276
1277	1312
1284	1283
1284	1318
1283	1287
1283	1288
1283	1289
1283	1290
1283	1291
1283	1292
1283	1293
1283	1294
1285	1284
1286	1284
1308	1309
1308	1310
1308	1311
1308	1313
1308	1314
1308	1315
1308	1316
1318	1319
1318	1320
1318	1321
1318	1322
1318	1323
1318	1324
1318	1325
1318	1326
1330	1329
1330	2661
1333	1332
1334	1332
1334	2647
1335	1332
1339	1338
1341	1340
1345	1344
1345	2527
1346	1345
1347	1346
1348	1346
1348	2050
1349	1345
1354	1353
1354	1669
1354	1770
1359	1358
1361	1360
1361	1362
1361	1363
1361	1373
1365	1364
1366	1364
1366	2220
1366	2764
1369	1368
1368	1383
1370	1368
1374	1375
1377	1378
1380	1381
1381	1382
1384	1074
1384	1638
1384	1957
1384	2021
1385	1074
1385	2576
1385	2578
1389	1388
1390	1388
1400	1399
1400	1403
1400	1405
1399	1401
1399	1402
1399	1404
1401	1401
1407	1406
1407	1409
1407	1411
1408	1407
1408	1669
1408	2725
1408	2925
1408	2997
1408	3002
1408	3165
1410	1409
1412	1411
1412	2713
1413	1411
1416	1415
1416	1431
1419	1418
1423	1424
1423	1425
1432	1451
1436	1435
1437	1436
1438	1436
1438	2624
1457	1456
1457	1544
1458	1457
1458	1857
1458	1860
1458	1862
1458	3325
1460	1459
1461	1459
1464	1463
1464	1559
1474	1473
1475	1474
1475	2144
1475	2149
1475	2150
1475	2293
1478	1477
1483	1482
1483	1747
1483	1755
1483	2627
1486	1490
1486	1492
1486	1510
1486	1512
1486	1518
1486	1520
1486	1525
1486	1527
1487	1489
1487	1497
1487	1498
1487	1501
1487	1503
1487	1504
1487	1506
1487	1514
1487	1516
1487	1523
1488	1491
1488	1493
1488	1505
1488	1507
1488	1509
1488	1528
1490	1527
1495	1494
1495	1522
1497	1496
1497	1508
1497	1511
1497	1515
1497	1521
1497	1524
1497	1526
1502	1501
1502	1507
1502	1514
1502	1736
1502	1855
1502	1957
1502	1990
1502	2198
1503	1735
1513	1512
1513	1713
1517	1516
1517	1555
1517	2190
1517	2191
1518	1520
1519	1518
1523	1740
1535	1534
1535	1536
1535	1538
1535	1542
1535	1563
1535	1564
1535	1565
1535	1742
1535	1762
1535	2050
1535	2277
1535	2281
1535	2283
1535	2298
1535	3028
1535	3048
1535	3050
1541	1540
1541	1553
1541	1554
1541	1557
1541	1558
1543	1542
1546	1545
1546	1547
1550	1551
1553	1552
1553	1560
1557	1556
1561	1561
1569	1572
1569	2386
1574	1573
1574	2784
1576	1575
1576	2783
1577	1577
1579	2869
1580	1581
1580	1582
1582	1583
1582	1584
1582	1585
1585	1586
1585	1588
1586	1587
1588	1587
1589	1590
1589	1583
1589	1591
1591	1592
1592	1593
1594	1595
1594	1598
1594	1599
1595	1596
1596	1597
1598	1582
1598	1597
1598	1592
1600	1601
1600	1602
1600	1582
1600	1587
1603	1604
1604	1605
1607	1606
1607	1605
1609	2129
1611	1610
1611	2127
1611	2130
1611	2133
1611	2639
1610	1623
1614	1615
1616	1619
1616	2520
1617	1616
1617	1622
1617	1632
1620	1619
1620	2033
1620	2389
1620	2397
1620	2419
1620	2426
1620	2427
1620	2435
1620	2438
1620	2444
1620	2459
1620	2469
1620	2507
1620	2509
1620	2533
1620	2542
1620	2591
1620	2593
1620	2605
1620	2650
1621	1619
1624	2319
1627	1626
1627	1628
1627	2255
1634	1633
1636	1635
1636	1637
1636	1644
1636	1658
1636	2575
1635	1661
1639	1638
1639	2336
1639	2352
1639	2367
1639	2432
1639	3116
1639	3134
1640	1638
1640	2389
1640	3112
1643	1642
1645	1644
1645	2203
1645	2236
1645	2242
1648	1647
1648	2439
1648	2651
1650	1649
1650	3156
1650	3161
1651	1650
1651	1651
1651	3042
1651	3044
1651	3227
1651	3229
1652	1651
1653	1650
1653	3165
1653	3220
1653	3223
1655	1654
1655	2116
1655	2588
1655	2614
1655	2838
1655	2982
1655	2983
1655	2985
1655	3118
1655	3119
1655	3120
1655	3121
1655	3122
1655	3123
1655	3169
1655	3170
1655	3171
1655	3191
1655	3192
1655	3193
1655	3195
1655	3198
1655	3224
1655	3326
1655	2025
1655	3328
1656	1654
1656	3175
1656	3192
1656	3193
1657	1654
1657	2351
1657	2353
1657	3174
1657	3189
1657	3222
1658	1659
1658	1660
1665	1664
1665	1669
1666	1664
1670	1669
1676	1675
1676	1677
1676	1711
1679	1678
1679	1711
1679	1736
1678	1699
1681	1680
1681	1682
1681	1683
1681	1685
1681	1687
1689	1688
1689	1690
1689	1707
1693	1692
1693	1695
1693	1703
1693	1719
1695	1694
1695	1704
1695	1717
1695	1720
1698	1697
1701	1700
1701	1702
1701	1721
1705	1704
1709	1708
1709	1728
1709	1729
1709	2582
1710	1708
1710	2477
1716	1715
1716	2190
1716	2198
1723	1722
1724	1723
1727	1726
1730	1729
1733	1732
1733	2688
1736	1737
1736	1738
1742	1743
1743	1742
1743	2577
1743	2578
1747	1746
1747	1749
1747	1758
1748	1747
1749	1746
1751	1752
1756	1755
1756	1757
1759	1758
1763	1762
1763	1764
1766	1765
1767	1768
1769	1769
1771	1770
1772	1770
1772	1772
1773	1772
1775	1774
1775	1777
1775	1778
1775	2089
1775	2090
1775	2131
1775	3200
1776	1775
1782	1781
1782	1783
1782	1784
1782	1795
1782	1814
1781	1796
1783	1792
1783	1799
1783	1821
1784	1787
1784	1798
1784	1803
1784	1806
1784	1810
1784	1816
1784	1817
1784	1820
1786	1785
1786	1840
1785	1793
1785	1794
1785	1797
1785	1800
1785	1801
1785	1802
1785	1804
1785	1805
1785	1807
1785	1811
1785	1815
1785	1818
1785	1819
1785	1822
1785	1823
1788	1787
1788	1792
1788	1806
1788	1810
1788	1816
1788	1817
1788	1820
1788	1821
1788	1825
1788	1826
1788	1828
1788	1829
1788	1831
1788	1832
1788	1834
1788	1836
1788	1838
1788	1844
1788	1961
1788	1971
1789	1788
1789	1840
1789	1841
1789	1846
1790	1788
1790	2607
1791	1788
1791	2028
1791	2244
1807	1808
1807	1809
1811	1812
1811	1813
1827	1826
1827	2608
1830	1829
1833	1832
1833	2952
1833	2964
1835	1834
1841	1840
1843	1842
1843	1865
1845	1844
1845	1871
1845	1877
1845	1878
1845	1879
1845	1880
1845	1881
1845	1882
1845	1883
1845	1884
1845	1885
1845	1894
1845	1895
1845	1896
1845	1897
1845	1899
1845	1901
1845	1905
1845	1914
1845	1915
1845	1916
1845	1917
1845	1929
1845	1932
1845	1933
1845	1937
1845	1939
1845	1946
1845	1947
1844	1908
1844	1941
1844	1942
1844	1943
1844	1944
1844	1945
1846	1845
1846	1852
1846	1853
1846	1854
1846	1855
1846	1856
1847	1846
1848	1844
1850	1849
1849	1851
1849	1858
1849	1863
1849	1864
1852	1859
1852	1919
1852	1938
1852	1949
1852	1950
1853	1870
1853	1874
1853	1886
1853	1887
1853	1892
1853	1893
1853	1900
1853	1902
1853	1903
1853	1904
1853	1906
1853	1907
1853	1909
1853	1922
1853	1924
1853	1925
1853	1927
1853	1928
1853	1930
1853	1931
1853	1935
1853	1940
1854	1876
1855	1872
1855	1873
1855	1875
1855	1890
1855	1912
1855	1920
1855	1926
1855	1934
1855	1936
1856	1888
1856	1910
1856	1923
1859	1913
1861	1861
1864	1954
1867	1866
1867	1868
1873	1889
1891	1890
1891	1957
1891	1959
1891	1990
1895	1898
1899	1948
1912	1911
1912	1918
1920	1990
1921	1920
1921	1951
1921	1952
1941	1972
1953	1952
1956	1955
1956	1958
1956	1960
1956	1965
1956	1968
1956	1972
1956	1973
1956	1976
1956	1981
1956	1982
1956	1983
1956	1984
1956	1985
1956	1986
1956	1987
1956	1988
1956	1989
1956	1991
1956	1992
1956	1993
1956	1994
1956	1995
1956	1996
1956	1997
1956	1998
1956	2001
1956	2003
1956	2006
1956	2007
1956	2008
1956	2009
1956	2010
1957	1956
1957	1962
1957	1964
1957	1974
1957	1978
1957	1999
1957	2005
1957	2019
1957	2020
1962	1961
1962	1970
1962	1971
1962	1977
1962	1980
1964	1963
1964	1966
1964	1967
1964	2000
1964	2002
1964	2004
1970	1969
1976	1975
1978	1979
2010	2013
2010	2015
2010	2017
2012	2011
2012	2016
2012	2022
2011	2014
2011	2016
2011	2018
2024	2026
2024	2027
2025	2024
2025	2966
2025	2968
2030	2029
2030	2143
2030	3010
2030	3011
2030	3012
2030	3013
2030	3025
2033	2032
2033	2594
2033	2606
2045	2044
2045	2045
2045	2057
2045	2058
2044	2044
2046	2045
2048	2047
2050	2049
2050	2063
2050	2071
2049	2057
2051	2050
2051	2272
2052	2051
2052	2239
2052	2242
2052	2280
2053	2049
2053	2055
2053	2057
2054	2049
2054	3033
2054	3040
2054	3041
2054	3047
2054	3048
2055	2057
2056	2055
2056	2057
2060	2065
2060	2066
2062	2061
2062	2062
2062	2066
2063	2066
2064	2063
2064	2065
2064	2066
2065	2066
2068	2073
2068	2074
2070	2069
2070	2070
2070	2074
2071	2074
2072	2071
2072	2073
2072	2074
2073	2074
2077	2076
2077	2082
2079	2078
2079	2081
2079	2083
2080	2080
2085	2084
2085	2087
2085	2326
2086	2085
2086	2254
2086	2324
2086	2327
2088	2088
2092	2091
2094	2093
2097	2096
2098	2096
2098	2618
2098	2647
2098	2831
2098	3232
2100	2099
2102	2101
2102	2319
2102	2322
2102	2332
2101	2103
2103	2113
2104	2106
2106	2105
2106	2110
2106	2123
2107	2106
2107	2109
2107	2111
2107	2113
2107	2119
2107	2120
2107	2122
2109	2108
2109	2121
2113	2112
2113	2114
2116	2115
2115	2126
2118	2117
2119	2118
2125	2124
2125	2134
2132	2132
2136	2135
2136	2137
2136	2138
2140	2139
2140	2141
2140	2142
2140	2144
2146	2145
2146	2148
2146	2152
2146	2154
2145	2152
2145	2154
2145	2158
2145	2161
2152	2151
2152	2165
2154	2153
2154	2155
2154	2156
2154	2159
2154	2160
2154	2162
2154	2163
2154	2166
2154	2167
2154	2168
2154	2169
2158	2157
2158	2164
2171	2170
2171	2173
2171	2184
2174	2175
2177	2176
2179	2178
2180	2179
2180	2182
2182	2181
2182	2183
2185	2186
2193	2192
2194	2194
2197	2196
2198	2197
2201	2200
2204	2203
2204	2236
2206	2205
2206	2218
2206	2235
2206	2238
2206	2248
2207	2206
2209	2208
2209	2241
2209	2243
2210	2209
2210	2208
2210	2755
2211	2208
2211	3220
2212	2211
2212	3178
2212	3183
2212	3184
2212	3185
2213	2211
2215	2214
2215	2590
2215	2855
2215	2967
2215	2985
2215	3001
2215	3258
2217	2216
2217	2220
2217	2223
2217	2247
2221	2220
2221	2235
2221	2249
2221	2252
2221	2286
2221	2291
2221	2302
2222	2221
2222	2349
2222	2354
2225	2224
2225	2355
2226	2224
2230	2229
2229	2232
2231	2230
2240	2239
2246	2245
2246	2247
2249	2250
2250	2255
2252	2251
2252	2254
2253	2251
2253	2255
2254	2255
2258	2257
2260	2260
2263	2262
2262	2264
2262	2265
2266	2269
2266	2271
2268	2267
2268	2268
2268	2271
2270	2269
2270	2271
2269	2271
2272	2271
2273	2272
2273	2275
2273	2276
2273	2280
2273	2284
2277	2279
2280	2279
2279	2283
2281	2280
2283	2282
2296	2295
2296	2297
2296	2298
2296	2301
2296	2302
2299	2298
2299	2300
2307	2312
2307	2317
2324	2325
2328	2329
2330	2331
2334	2333
2334	2335
2336	2337
2338	2339
2339	2341
2345	2344
2345	2346
2360	2360
2362	2362
2364	2363
2365	2363
2366	2363
2366	3203
2387	2391
2388	2387
2388	2431
2388	2596
2388	3290
2389	2388
2394	2393
2395	2394
2395	2433
2395	2455
2395	2476
2395	2658
2397	2396
2397	2399
2397	2403
2397	2404
2397	2407
2397	2635
2396	2401
2399	2398
2403	2402
2403	2405
2403	2406
2409	2408
2409	2410
2409	2420
2409	2429
2409	2435
2409	2439
2409	2441
2409	2650
2409	2982
2409	2986
2408	2441
2408	2446
2408	2480
2410	2412
2410	2415
2412	2480
2413	2412
2413	2489
2415	2414
2415	2450
2415	2480
2415	2484
2416	2415
2416	2483
2416	2491
2416	2508
2417	2414
2417	2454
2417	2597
2419	2418
2419	2420
2419	2424
2418	2421
2418	2422
2423	2422
2426	2425
2426	2429
2426	2650
2427	2425
2427	2436
2428	2427
2435	2434
2435	2436
2438	2437
2438	2441
2438	2443
2438	2538
2438	2654
2438	2655
2443	2442
2444	2444
2445	2444
2445	2531
2447	2446
2447	2481
2446	2450
2449	2448
2449	2452
2450	2453
2450	2493
2452	2451
2452	2471
2452	2492
2451	2454
2451	2466
2451	2472
2451	2487
2453	2454
2453	2485
2453	2487
2458	2457
2458	2609
2458	2610
2459	2458
2459	2591
2460	2459
2460	2591
2463	2467
2465	2464
2464	2466
2464	2473
2467	2466
2467	2473
2467	2482
2468	2467
2468	2505
2468	2508
2469	2468
2469	2489
2469	2501
2469	2503
2469	2538
2469	2654
2470	2467
2471	2470
2471	2472
2472	2467
2479	2478
2479	2482
2479	2483
2479	2491
2481	2480
2481	2484
2483	2482
2486	2485
2486	3042
2489	2488
2490	2489
2495	2494
2495	2497
2495	2498
2495	2499
2496	2494
2496	2499
2499	2499
2501	2500
2505	2504
2507	2506
2507	2605
2506	2508
2513	2512
2513	2528
2513	2531
2514	2512
2514	3090
2516	2515
2517	2515
2517	2517
2517	2559
2517	2566
2517	2626
2520	2519
2521	2520
2522	2521
2522	2523
2523	2520
2524	2519
2529	2528
2533	2532
2533	2536
2533	2537
2533	2538
2533	2540
2533	2588
2533	2654
2534	2532
2536	2535
2536	2539
2542	2541
2542	2544
2542	2605
2544	2543
2545	2543
2545	2609
2547	2546
2547	2548
2547	2550
2547	2561
2547	2641
2547	2642
2547	2643
2549	2548
2550	2548
2551	2550
2553	2552
2553	2559
2553	2563
2553	2566
2553	2644
2553	2645
2555	2554
2557	2556
2557	2559
2557	2566
2560	2559
2560	2566
2562	2561
2562	2565
2564	2563
2564	2565
2566	2565
2567	2570
2567	2571
2568	2569
2570	2588
2574	2573
2586	2585
2589	2588
2590	2588
2591	2588
2591	2647
2591	2646
2592	2591
2593	2592
2593	2595
2594	2591
2595	2591
2599	2598
2599	2601
2599	2602
2600	2598
2600	2601
2600	2602
2600	2605
2604	2603
2604	2981
2617	2616
2617	2619
2617	2620
2617	2621
2623	2635
2628	2627
2629	2627
2631	2630
2631	2632
2631	2633
2631	2634
2636	2635
2636	2654
2636	2655
2637	2635
2637	2639
2637	2646
2638	2637
2639	2637
2640	2637
2647	2646
2647	2659
2648	2647
2649	2647
2649	2662
2649	2663
2650	2647
2652	2651
2658	2657
2660	2659
2662	2664
2662	2665
2662	2666
2662	2667
2662	2668
2662	2669
2681	2680
2681	436
2687	2686
2689	2688
2691	2690
2692	2690
2693	2690
2700	2699
2700	2701
2700	2702
2704	2703
2704	3000
2705	2706
2707	2706
2707	2708
2710	2709
2710	2711
2710	2712
2710	2713
2714	2766
2717	502
2718	502
2719	502
2720	502
2728	2727
2727	2727
2733	2734
2755	2754
2755	2759
2756	2755
2757	2755
2758	2755
2761	2760
2762	2760
2762	3064
2763	2760
2763	3064
2765	2764
2768	2767
2768	2771
2768	2774
2768	2775
2772	2771
2772	2773
2772	2774
2772	2775
2777	2776
2778	2776
2782	2781
2787	2805
2787	2806
2788	2787
2804	2803
2813	2812
2813	2814
2816	2815
2818	2820
2818	2821
2819	2820
2819	2821
2824	2823
2826	2825
2826	2827
2828	2827
2831	2830
2831	2861
2830	2834
2832	2831
2832	2833
2832	2834
2832	2851
2832	2865
2832	2889
2838	2837
2838	3117
2838	3206
2838	3207
2840	2852
2842	2841
2841	2841
2846	2847
2847	2900
2848	2847
2852	2867
2852	2873
2852	2884
2854	2853
2858	2857
2860	2859
2860	2876
2861	2860
2861	2868
2861	2878
2861	2885
2862	2860
2862	2885
2862	2886
2862	3145
2862	3147
2862	3148
2862	3149
2862	3163
2862	3164
2862	3208
2862	3220
2862	3238
2862	3239
2862	3241
2862	3242
2862	3243
2862	3244
2864	2863
2864	2865
2866	2865
2867	2869
2867	2881
2868	2871
2868	2882
2871	2870
2871	2872
2874	2873
2876	2875
2878	2877
2878	2879
2878	2880
2883	2882
2883	2883
2883	3189
2883	3210
2883	3211
2887	2886
2889	2888
2889	2890
2889	2891
2889	2892
2896	2895
2896	2899
2899	2898
2903	2907
2903	2928
2904	2918
2904	2920
2904	2921
2904	2922
2904	2923
2904	2924
2905	2904
2905	2919
2906	2905
2906	2918
2906	2919
2906	2920
2906	2921
2906	2922
2906	2923
2906	2924
2907	2905
2909	2929
2911	2910
2911	2912
2913	2930
2913	2937
2916	2915
2918	2917
2920	2919
2927	2926
2930	2929
2932	2931
2932	2933
2933	2934
2933	2935
2933	2936
2939	2938
2941	2940
2946	2945
2947	2945
2948	2947
2949	2947
2954	2953
2953	2959
2955	2953
2956	2953
2958	2957
2958	2961
2957	2960
2959	2958
2965	2964
2965	2965
2968	2967
2968	2972
2968	2975
2969	2967
2969	2986
2969	3164
2969	3165
2971	2970
2972	2970
2972	2974
2974	2973
2977	2976
2977	2979
2980	2980
2984	2983
2988	2987
2988	2992
2989	2988
2989	2993
2989	2998
2989	2999
2991	2990
2994	2993
2996	2995
2997	2998
2997	2999
3005	1748
3007	3006
3007	3008
3007	3009
3026	3025
3032	3034
3032	3036
3033	3036
3035	3034
3035	3036
3034	3036
3037	3036
3037	3037
3037	3038
3042	3041
3043	3042
3043	3044
3043	3226
3043	3227
3043	3229
3046	3045
3049	3048
3049	3051
3049	3054
3049	3058
3050	3191
3052	3051
3054	3053
3054	3056
3054	3057
3054	3060
3055	3059
3056	3056
3063	3062
3063	3064
3063	3068
3063	3077
3063	3082
3063	3083
3063	3079
3065	3064
3065	3066
3065	3077
3065	3078
3065	3081
3065	3083
3067	3066
3066	3070
3069	3068
3071	3070
3071	3078
3071	3081
3072	3070
3073	3070
3073	3074
3073	3076
3075	3074
3075	3076
3079	3078
3079	3081
3079	3084
3080	3078
3080	3081
3085	3084
3092	3100
3095	3094
3098	3097
3103	3102
3103	3105
3103	3107
3104	3102
3106	3105
3108	3107
3111	3110
3129	3128
3131	3130
3136	3135
3136	3138
3141	3140
3143	3142
3146	3145
3146	3147
3146	3148
3146	3149
3146	3152
3146	3208
3148	3164
3151	3150
3154	3153
3154	3155
3156	3162
3157	3156
3157	3161
3157	3165
3157	3249
3159	3158
3159	3160
3161	3159
3161	3167
3167	3166
3167	3168
3172	3171
3175	3176
3176	3177
3178	3179
3178	3180
3178	3181
3178	3182
3185	3188
3185	3191
3185	3192
3185	3193
3189	3188
3189	3191
3189	3192
3189	3193
3189	3220
3194	3193
3197	3196
3199	3258
3202	3201
3202	3203
3204	3203
3206	3205
3213	3212
3213	3214
3213	3215
3216	3217
3216	3218
3220	3221
3226	3225
3228	3227
3228	3229
3228	3230
3234	3233
3234	3235
3234	3236
3237	3236
3237	3234
3240	3239
3240	3242
3240	3243
3246	3247
3246	3248
3249	3250
3249	3251
3258	3257
3258	3260
3258	3261
3258	3262
3258	3263
3259	3258
3264	3272
3264	3273
3264	3274
3264	3275
3264	3277
3264	3278
3264	3279
3264	3280
3264	3282
3264	3283
3264	3285
3265	3264
3266	3264
3267	3272
3268	3271
3270	3274
3270	3277
3284	3285
3287	3303
3289	3288
3289	3296
3289	3297
3289	3299
3289	3300
3289	3301
3289	3304
3289	3306
3289	3308
3288	3302
3288	3305
3288	3309
3290	3292
3290	3311
3290	3312
3292	3293
3293	3294
3330	3329
