1	0
1	5
1	12
1	17
1	24
1	26
1	25
1	43
1	47
1	49
1	55
1	61
1	62
1	70
1	73
1	75
1	85
1	86
1	93
1	94
1	98
1	133
1	134
1	136
1	146
1	148
1	203
1	277
1	299
1	320
1	358
1	360
1	365
1	381
1	382
1	459
1	464
1	469
1	475
1	510
1	515
1	535
1	533
1	545
1	550
1	564
1	561
1	588
1	644
1	682
1	695
1	713
1	789
1	804
1	819
1	836
1	851
1	870
1	882
1	883
1	911
1	943
1	967
1	973
1	971
1	976
1	977
1	978
1	982
1	983
1	986
1	995
1	1038
1	1042
1	1080
1	1081
1	1111
1	1135
1	1139
1	1166
1	1226
1	1235
1	1255
1	1258
1	1277
1	1279
1	1290
1	1298
1	1329
1	1337
1	1539
1	1548
1	1550
1	1554
1	1555
1	1557
1	1654
1	1724
1	1731
1	1776
1	1799
1	1824
1	1835
1	1836
1	1843
1	1897
1	1921
1	1924
1	1932
1	1940
1	1945
1	1948
1	1949
1	1951
1	1956
1	1957
1	1959
1	1984
1	2088
1	2105
1	2119
1	2122
1	2138
1	2142
1	2145
1	2147
1	2148
1	2167
1	2168
1	2170
1	2183
1	2182
1	2241
1	2248
1	2261
1	2288
1	2289
1	2296
1	2298
1	2329
1	2331
1	2373
1	2499
1	2503
1	2508
1	2510
1	2511
1	2519
1	2532
1	2578
1	2582
1	2583
1	2607
1	2618
1	2620
1	2631
1	2659
1	2663
1	2668
1	2670
1	2675
1	2678
1	2679
1	2690
1	2691
1	2695
1	2698
1	2706
1	2707
1	2710
1	2713
1	2714
1	2718
1	1634
1	2769
1	2795
1	2797
1	2798
1	2805
1	2810
1	2851
1	2897
1	2902
1	2905
1	2906
1	2921
1	2924
1	2929
1	2932
1	2934
1	2935
1	2942
1	2953
1	2971
1	2972
1	2983
1	2989
1	2992
1	2997
1	3014
1	3015
1	3018
1	3027
1	3084
1	3090
1	3130
1	3167
1	3182
1	3183
1	3191
1	3221
1	3223
1	3226
1	3228
1	3230
1	3231
1	3236
1	3238
1	3239
1	3240
1	3241
1	3246
1	3248
0	11
0	62
0	132
0	135
0	2499
0	2723
0	2724
0	2983
0	3210
0	3222
0	3223
0	3226
0	3227
0	3228
0	3230
0	3231
0	3232
0	3233
0	3235
0	3236
0	3238
0	3244
0	3246
2	0
2	5
2	9
2	8
2	6
2	17
2	18
2	22
2	39
2	45
2	71
2	77
2	79
2	93
2	133
2	138
2	142
2	143
2	178
2	269
2	302
2	367
2	511
2	794
2	814
2	823
2	817
2	834
2	844
2	856
2	860
2	864
2	865
2	868
2	874
2	876
2	878
2	880
2	882
2	884
2	886
2	888
2	896
2	909
2	943
2	969
2	1025
2	1026
2	1028
2	1113
2	1189
2	1235
2	1240
2	1271
2	1377
2	1382
2	1391
2	1398
2	1402
2	1404
2	1406
2	1428
2	1429
2	1464
2	1466
2	1512
2	1526
2	1534
2	1541
2	1544
2	1551
2	1555
2	1563
2	1566
2	1570
2	1582
2	1604
2	1605
2	1606
2	1607
2	1627
2	1645
2	1655
2	1666
2	1731
2	1759
2	1897
2	1937
2	1944
2	1953
2	1961
2	2010
2	2025
2	2036
2	2061
2	2103
2	2108
2	2129
2	2134
2	2136
2	2139
2	2142
2	2171
2	2211
2	2223
2	2285
2	2324
2	2364
2	2474
2	2481
2	2499
2	2552
2	2580
2	2621
2	2689
2	2690
2	2691
2	2710
2	2716
2	2718
2	2776
2	2783
2	2784
2	2796
2	2811
2	2900
2	2929
2	2932
2	2935
2	2936
2	2960
2	2971
2	3018
2	3137
2	3183
2	3218
2	3222
2	3238
3	0
3	9
3	8
3	14
3	19
3	22
3	11
3	25
3	31
3	40
3	45
3	60
3	62
3	73
3	72
3	71
3	84
3	85
3	92
3	91
3	104
3	107
3	132
3	133
3	134
3	135
3	139
3	141
3	142
3	143
3	147
3	255
3	268
3	271
3	277
3	281
3	297
3	299
3	353
3	355
3	368
3	371
3	382
3	385
3	387
3	461
3	469
3	459
3	473
3	502
3	510
3	541
3	545
3	550
3	564
3	563
3	573
3	562
3	595
3	594
3	593
3	598
3	626
3	629
3	630
3	636
3	644
3	647
3	651
3	669
3	670
3	682
3	684
3	692
3	695
3	713
3	789
3	796
3	805
3	811
3	814
3	816
3	809
3	822
3	823
3	829
3	841
3	844
3	842
3	846
3	857
3	856
3	860
3	865
3	866
3	867
3	868
3	872
3	874
3	883
3	897
3	898
3	909
3	911
3	912
3	924
3	948
3	957
3	960
3	954
3	963
3	964
3	983
3	998
3	1003
3	1021
3	1028
3	1033
3	1075
3	1081
3	1083
3	1104
3	1117
3	1116
3	1121
3	1132
3	1135
3	1136
3	1153
3	1159
3	1166
3	1213
3	1214
3	1241
3	1263
3	1267
3	1275
3	1276
3	1279
3	1280
3	1288
3	1336
3	1343
3	1356
3	1387
3	1419
3	1430
3	1453
3	1504
3	1507
3	1514
3	1520
3	1524
3	1530
3	1535
3	1541
3	1550
3	1555
3	1561
3	1571
3	1582
3	1583
3	1600
3	1601
3	1613
3	1618
3	1630
3	1650
3	1653
3	1656
3	1677
3	1674
3	1689
3	1710
3	1711
3	1725
3	1753
3	1757
3	1776
3	1897
3	1898
3	1901
3	1939
3	1938
3	1937
3	1943
3	1944
3	1947
3	1953
3	1955
3	1961
3	1979
3	1983
3	1997
3	2007
3	2009
3	2013
3	2017
3	2038
3	2040
3	2041
3	2050
3	2109
3	2116
3	2122
3	2121
3	2120
3	2133
3	2139
3	2142
3	2145
3	2147
3	2148
3	2166
3	2179
3	2195
3	2202
3	2203
3	2205
3	2241
3	2248
3	2249
3	2260
3	44
3	2289
3	2288
3	2292
3	2298
3	2300
3	2301
3	2307
3	2308
3	2310
3	2318
3	2322
3	2324
3	2327
3	2341
3	2362
3	2364
3	2374
3	2379
3	2388
3	2408
3	2419
3	2430
3	2437
3	2444
3	2457
3	2465
3	2479
3	2482
3	2487
3	2493
3	2494
3	2500
3	2510
3	2519
3	2523
3	2532
3	2542
3	2540
3	2552
3	2560
3	2561
3	2576
3	2577
3	2578
3	2582
3	2583
3	2585
3	2588
3	2589
3	2596
3	2602
3	2605
3	2659
3	2658
3	2663
3	2668
3	2673
3	2689
3	2691
3	2710
3	2724
3	2727
3	2731
3	2732
3	2733
3	2735
3	1634
3	2769
3	2770
3	2775
3	2776
3	2778
3	2780
3	2781
3	2782
3	2783
3	2784
3	2385
3	2488
3	2790
3	2792
3	2802
3	2804
3	2810
3	2849
3	2853
3	2888
3	2929
3	2935
3	2936
3	2972
3	2983
3	2989
3	2994
3	3003
3	3007
3	3008
3	3009
3	3010
3	3011
3	3012
3	3013
3	3014
3	3018
3	3042
3	3055
3	3067
3	3068
3	3079
3	3084
3	3090
3	3112
3	3115
3	3137
3	3138
3	3155
3	3156
3	3163
3	3169
3	3194
3	3195
3	3196
3	3218
3	3220
3	3229
3	3232
3	3233
3	3238
3	3239
3	3242
3	3245
3	3258
4	0
4	8
4	14
4	19
4	22
4	21
4	26
4	28
4	30
4	25
4	24
4	43
4	42
4	47
4	45
4	39
4	49
4	54
4	55
4	60
4	61
4	68
4	69
4	73
4	82
4	83
4	71
4	70
4	84
4	85
4	86
4	90
4	91
4	104
4	111
4	108
4	118
4	122
4	127
4	128
4	129
4	130
4	133
4	134
4	138
4	139
4	141
4	142
4	143
4	150
4	153
4	152
4	157
4	160
4	171
4	172
4	176
4	178
4	177
4	180
4	182
4	183
4	184
4	185
4	187
4	190
4	191
4	192
4	193
4	194
4	195
4	196
4	197
4	198
4	199
4	200
4	201
4	202
4	206
4	205
4	209
4	214
4	219
4	225
4	232
4	234
4	235
4	237
4	239
4	242
4	246
4	253
4	255
4	267
4	273
4	278
4	286
4	284
4	289
4	288
4	297
4	307
4	309
4	310
4	311
4	322
4	324
4	323
4	331
4	332
4	336
4	334
4	341
4	345
4	347
4	350
4	353
4	354
4	355
4	360
4	358
4	362
4	364
4	368
4	367
4	383
4	382
4	385
4	386
4	387
4	395
4	394
4	403
4	461
4	460
4	469
4	464
4	500
4	509
4	510
4	529
4	532
4	530
4	534
4	540
4	543
4	545
4	550
4	551
4	554
4	558
4	567
4	568
4	569
4	564
4	572
4	571
4	562
4	579
4	582
4	583
4	585
4	587
4	589
4	590
4	591
4	595
4	598
4	616
4	618
4	630
4	632
4	633
4	636
4	638
4	639
4	640
4	643
4	644
4	647
4	649
4	650
4	654
4	660
4	663
4	669
4	671
4	682
4	685
4	686
4	688
4	692
4	695
4	696
4	697
4	703
4	708
4	724
4	731
4	735
4	800
4	804
4	805
4	814
4	816
4	819
4	837
4	851
4	855
4	863
4	866
4	868
4	871
4	872
4	875
4	876
4	877
4	878
4	879
4	880
4	883
4	882
4	886
4	887
4	888
4	890
4	891
4	894
4	893
4	895
4	900
4	901
4	905
4	912
4	928
4	929
4	934
4	933
4	941
4	942
4	946
4	947
4	983
4	991
4	1003
4	1008
4	1011
4	1021
4	1028
4	1033
4	1036
4	1037
4	1053
4	1078
4	1075
4	1074
4	1080
4	1087
4	1092
4	1093
4	1094
4	1095
4	1097
4	1098
4	1099
4	1106
4	1105
4	1109
4	1112
4	1117
4	1116
4	1127
4	1129
4	1154
4	1189
4	1214
4	1220
4	1222
4	1225
4	1229
4	1241
4	1242
4	1251
4	1258
4	1260
4	1278
4	1279
4	1281
4	1283
4	1285
4	1286
4	1287
4	1288
4	1289
4	1298
4	1307
4	1308
4	1309
4	1313
4	1335
4	1336
4	1343
4	1342
4	1345
4	1347
4	1350
4	1359
4	1366
4	1371
4	1387
4	1389
4	1400
4	1407
4	1410
4	1413
4	1414
4	1419
4	1423
4	1430
4	1439
4	1443
4	1444
4	1446
4	1455
4	1496
4	1499
4	1501
4	1502
4	1522
4	1525
4	1529
4	1539
4	1537
4	1536
4	1541
4	1546
4	1549
4	1550
4	1555
4	1557
4	1558
4	1559
4	1560
4	1561
4	1563
4	1573
4	1574
4	1576
4	1588
4	1593
4	1594
4	1604
4	1612
4	1614
4	1615
4	1620
4	1629
4	1633
4	1635
4	1632
4	1639
4	1645
4	1656
4	1660
4	1663
4	1664
4	1665
4	1667
4	1669
4	1670
4	1671
4	1674
4	1673
4	1678
4	1679
4	1680
4	1689
4	1690
4	1691
4	1692
4	1693
4	1696
4	1697
4	1704
4	1705
4	1708
4	1709
4	1710
4	1717
4	1723
4	1725
4	1730
4	1729
4	1735
4	1734
4	1738
4	1739
4	1741
4	1744
4	1745
4	1749
4	1750
4	1751
4	1756
4	1757
4	1758
4	1759
4	1760
4	1761
4	1762
4	1763
4	1764
4	1765
4	1766
4	1767
4	1768
4	1769
4	1770
4	1771
4	1772
4	1773
4	1774
4	1776
4	1778
4	1779
4	1780
4	1781
4	1782
4	1783
4	1784
4	1785
4	1786
4	1787
4	1788
4	1789
4	1790
4	1791
4	1792
4	1793
4	1794
4	1795
4	1796
4	1798
4	1797
4	1800
4	1801
4	1802
4	1803
4	1804
4	1805
4	1806
4	1808
4	1809
4	1810
4	1811
4	1812
4	1813
4	1814
4	1815
4	1816
4	1817
4	1818
4	1819
4	1820
4	1821
4	1822
4	1823
4	1825
4	1826
4	1827
4	1828
4	1829
4	1830
4	1831
4	1832
4	1833
4	1834
4	1840
4	1897
4	1902
4	1914
4	1919
4	1926
4	1927
4	1928
4	1929
4	1932
4	1938
4	1943
4	1942
4	1944
4	1945
4	1946
4	1947
4	1949
4	1948
4	1952
4	1953
4	1954
4	1955
4	1957
4	1956
4	1960
4	1961
4	1962
4	1981
4	1983
4	1987
4	1989
4	1991
4	1993
4	1995
4	2000
4	2002
4	2007
4	2006
4	2009
4	2011
4	2013
4	2015
4	2017
4	2019
4	2021
4	2020
4	2022
4	2024
4	2027
4	2028
4	2030
4	2032
4	2033
4	2034
4	2035
4	2037
4	2038
4	2040
4	2041
4	2044
4	2045
4	2047
4	2055
4	2059
4	2105
4	2112
4	2135
4	2138
4	2141
4	2142
4	2146
4	2150
4	2153
4	2151
4	2154
4	2155
4	2156
4	2159
4	2160
4	2161
4	2166
4	2168
4	2167
4	2169
4	2171
4	2174
4	2183
4	2182
4	2185
4	2187
4	2188
4	2189
4	2190
4	2192
4	2194
4	2206
4	2220
4	2222
4	2237
4	2239
4	2240
4	2243
4	2249
4	2253
4	2256
4	2258
4	2260
4	2267
4	2269
4	2270
4	2271
4	2272
4	2273
4	2274
4	2275
4	2276
4	2277
4	2278
4	2279
4	2281
4	2292
4	2296
4	2299
4	2298
4	2301
4	2302
4	2304
4	2306
4	2307
4	2308
4	2316
4	2317
4	2314
4	2318
4	2320
4	2322
4	2324
4	2327
4	2338
4	2337
4	2340
4	2341
4	2342
4	2344
4	2347
4	2346
4	2348
4	2350
4	2352
4	2353
4	2354
4	2358
4	2361
4	2362
4	2376
4	2377
4	2380
4	2379
4	2370
4	2383
4	2388
4	2392
4	2393
4	2397
4	2400
4	2399
4	2402
4	2404
4	2403
4	2405
4	2407
4	2408
4	2410
4	2411
4	2416
4	2419
4	2429
4	2430
4	2435
4	2436
4	2440
4	2444
4	2451
4	2455
4	2458
4	2465
4	2473
4	2472
4	2474
4	2477
4	2481
4	2483
4	2485
4	2487
4	2492
4	2496
4	2494
4	2497
4	2500
4	2503
4	2506
4	2507
4	2511
4	2512
4	2513
4	2514
4	2515
4	2516
4	2520
4	2524
4	2526
4	2527
4	2528
4	2530
4	2531
4	2532
4	2542
4	2540
4	2556
4	2552
4	2558
4	2557
4	2560
4	2561
4	2562
4	2576
4	2578
4	2581
4	2588
4	2589
4	689
4	2605
4	2610
4	2616
4	2619
4	2628
4	2629
4	2633
4	2634
4	2635
4	2636
4	2637
4	2639
4	2640
4	2641
4	2642
4	2643
4	2644
4	2645
4	2646
4	2647
4	2648
4	2649
4	2650
4	2651
4	2652
4	2653
4	2654
4	2655
4	2656
4	2659
4	2662
4	2668
4	2670
4	2674
4	2677
4	2680
4	2683
4	2684
4	2688
4	2689
4	2699
4	2700
4	2701
4	2702
4	2703
4	2704
4	2710
4	2717
4	2718
4	2720
4	2726
4	2728
4	2727
4	2731
4	2732
4	2733
4	2735
4	2736
4	2738
4	2739
4	2746
4	2750
4	2752
4	2760
4	2762
4	2763
4	2764
4	2772
4	2779
4	2780
4	2785
4	2385
4	2791
4	2792
4	2794
4	2797
4	2796
4	2798
4	2799
4	2804
4	2813
4	2817
4	2818
4	2820
4	2821
4	2837
4	2838
4	2843
4	2848
4	2850
4	2853
4	2856
4	2861
4	1596
4	1657
4	2873
4	2876
4	2878
4	2882
4	2883
4	2884
4	2885
4	2886
4	2887
4	2892
4	2898
4	2900
4	2902
4	2901
4	2908
4	2912
4	2917
4	2919
4	2921
4	2920
4	2925
4	2928
4	2927
4	2934
4	2938
4	2939
4	2940
4	2941
4	2945
4	2946
4	2953
4	2961
4	2963
4	2967
4	2972
4	2978
4	2977
4	2979
4	2980
4	2981
4	2982
4	2988
4	2989
4	2990
4	2991
4	2992
4	2996
4	2994
4	2997
4	2998
4	3000
4	2999
4	3001
4	3002
4	3003
4	3004
4	3007
4	3009
4	3008
4	3010
4	3011
4	3012
4	3013
4	3014
4	3016
4	3017
4	3019
4	3021
4	3022
4	3026
4	3027
4	3029
4	3032
4	3033
4	3036
4	3052
4	3054
4	3056
4	3057
4	3059
4	3067
4	3068
4	3075
4	3086
4	3090
4	3089
4	3094
4	3095
4	3097
4	3098
4	3100
4	3101
4	3111
4	3112
4	3113
4	3121
4	3122
4	3123
4	3124
4	3125
4	3130
4	3132
4	3134
4	3135
4	3136
4	3141
4	3145
4	3148
4	3153
4	3154
4	3158
4	3159
4	3162
4	3163
4	3164
4	3165
4	3166
4	3168
4	3169
4	3172
4	3177
4	3179
4	3184
4	3190
4	3192
4	3195
4	3196
4	3197
4	3198
4	3201
4	3202
4	3203
4	3205
4	3207
4	3208
4	3210
4	3218
4	3219
4	3220
4	3221
4	3226
4	3227
4	3230
4	3232
4	3233
4	3235
4	3238
4	3242
4	3241
4	3243
4	3245
4	3256
4	3258
4	3267
4	3269
4	3270
4	3271
7	6
6	12
8	7
9	8
9	34
10	8
10	22
10	45
10	47
10	77
10	71
10	146
10	156
10	196
10	241
10	271
10	277
10	297
10	303
10	369
10	382
10	488
10	503
10	509
10	515
10	524
10	562
10	598
10	816
10	834
10	853
10	862
10	882
10	891
10	908
10	924
10	942
10	974
10	1016
10	1044
10	1116
10	1127
10	1186
10	1189
10	1214
10	1110
10	1251
10	1264
10	1321
10	1428
10	1434
10	1435
10	1492
10	1498
10	1532
10	1551
10	1561
10	1597
10	1645
10	1671
10	1748
10	1759
10	1896
10	1898
10	1913
10	1939
10	1975
10	1976
10	1979
10	2023
10	2094
10	2102
10	2116
10	2122
10	2126
10	2147
10	2159
10	2160
10	2161
10	2182
10	2250
10	44
10	2330
10	2345
10	2465
10	2466
10	2528
10	2551
10	2576
10	392
10	2659
10	2668
10	2670
10	2672
10	2691
10	2693
10	2694
10	2710
10	2718
10	2740
10	2858
10	2857
10	2859
10	2889
10	2905
10	2926
10	2931
10	2942
10	2945
10	2946
10	2986
10	3055
10	3073
10	3074
10	3108
10	3110
10	3131
10	3146
10	3150
10	3173
10	3192
10	3194
10	3197
10	3210
10	3240
12	11
12	132
12	2499
12	3208
12	3210
12	3217
12	3264
12	3265
11	23
11	35
11	36
11	134
11	135
11	136
11	137
11	138
11	141
11	142
11	2722
11	2983
11	3242
11	3251
13	12
13	19
14	12
15	14
15	20
15	21
15	24
15	55
15	61
15	62
15	70
15	84
15	85
15	86
15	90
15	91
15	2723
15	3243
15	3244
16	15
17	14
18	12
19	12
20	19
20	40
20	49
20	60
20	131
20	3218
20	3219
20	3220
20	3222
20	3223
20	3237
21	11
21	3210
21	3217
22	21
22	108
22	510
22	924
22	960
22	1078
22	1419
22	1656
22	1728
22	1911
22	3059
23	139
23	140
24	23
25	24
25	1635
25	1640
25	1646
25	2178
25	2180
25	2195
25	2471
26	25
26	28
27	26
27	71
27	83
27	97
27	112
27	132
27	135
27	146
27	147
27	149
27	148
27	225
27	234
27	240
27	275
27	286
27	292
27	294
27	291
27	295
27	296
27	297
27	299
27	329
27	336
27	341
27	355
27	358
27	360
27	362
27	365
27	364
27	367
27	381
27	382
27	502
27	523
27	527
27	531
27	535
27	533
27	545
27	564
27	573
27	562
27	579
27	630
27	639
27	644
27	663
27	670
27	682
27	685
27	706
27	713
27	783
27	789
27	797
27	799
27	800
27	805
27	802
27	821
27	823
27	826
27	829
27	834
27	835
27	842
27	845
27	847
27	857
27	883
27	882
27	956
27	954
27	983
27	1003
27	1021
27	1042
27	1073
27	1088
27	1111
27	1132
27	1166
27	1186
27	1214
27	1226
27	1281
27	1287
27	1321
27	1320
27	1400
27	1516
27	1517
27	1530
27	1539
27	1550
27	1557
27	1607
27	1610
27	1620
27	1629
27	1635
27	1643
27	1647
27	1666
27	1673
27	1678
27	1700
27	1932
27	1931
27	1937
27	1940
27	1942
27	1943
27	1944
27	1945
27	1946
27	1947
27	1949
27	1948
27	1951
27	1952
27	1953
27	1954
27	1955
27	1956
27	1957
27	1959
27	1960
27	1961
27	1962
27	2103
27	2116
27	2122
27	2120
27	2129
27	2134
27	2136
27	2139
27	2142
27	2145
27	2147
27	2154
27	2166
27	2168
27	2167
27	2170
27	2169
27	2171
27	2174
27	2176
27	2180
27	2197
27	2204
27	2249
27	2261
27	2262
27	2288
27	2307
27	2310
27	2314
27	2322
27	2329
27	2339
27	2341
27	2353
27	2354
27	2362
27	2364
27	2366
27	2379
27	2387
27	2388
27	2392
27	2411
27	2489
27	2493
27	2500
27	2508
27	2510
27	2513
27	2518
27	2519
27	2529
27	2552
27	2556
27	2560
27	2583
27	2584
27	2601
27	2610
27	2659
27	2668
27	2693
27	2694
27	2718
27	2732
27	2735
27	2752
27	2753
27	2757
27	2762
27	2763
27	2774
27	2776
27	2783
27	2784
27	2792
27	2795
27	2794
27	2797
27	2796
27	2798
27	2799
27	2819
27	2826
27	2837
27	2846
27	2847
27	2851
27	2859
27	2862
27	2932
27	2935
27	2942
27	2947
27	2983
27	2993
27	2994
27	2997
27	3003
27	3007
27	3008
27	3009
27	3010
27	3011
27	3012
27	3013
27	3017
27	3019
27	3018
27	3041
27	3084
27	3098
27	3101
27	3105
27	3112
27	3167
27	3229
27	3233
28	25
28	2178
28	2183
29	28
29	940
29	1113
29	1377
29	1389
29	1406
29	1502
29	1512
29	2366
29	2368
29	2473
29	2580
29	2686
29	2777
29	2786
29	2788
29	2811
29	2856
29	2859
29	2892
29	1915
30	25
30	294
30	296
30	314
30	316
30	783
30	786
30	799
30	796
30	804
30	805
30	806
30	802
30	811
30	820
30	852
30	866
30	867
30	896
30	897
30	898
30	938
30	940
30	1073
30	1213
30	1379
30	1387
30	1390
30	1401
30	1404
30	1403
30	1405
30	1416
30	1441
30	1618
30	1674
30	1989
30	2007
30	2010
30	2058
30	2071
30	2088
30	2090
30	2091
30	2098
30	2099
30	2213
30	2216
30	2425
30	2442
30	3041
30	3078
30	3086
30	3121
32	31
32	33
36	133
36	143
37	36
37	3247
38	37
39	38
40	39
40	48
40	135
40	141
40	3221
40	3246
41	40
41	1462
41	1510
41	1656
41	2687
41	3218
42	39
43	42
43	54
43	87
43	118
43	1109
43	1112
43	1261
43	1732
43	1806
43	1856
43	2509
43	3182
43	3191
44	42
44	54
44	87
45	39
45	45
45	469
45	1242
45	1656
45	3054
45	3064
46	45
46	47
46	299
46	382
46	459
46	469
46	635
46	684
46	685
46	789
46	794
46	804
46	811
46	814
46	823
46	844
46	842
46	849
46	856
46	865
46	873
46	876
46	916
46	942
46	961
46	964
46	966
46	1003
46	1016
46	1057
46	1073
46	1080
46	1081
46	1083
46	1087
46	1092
46	1093
46	1094
46	1095
46	1097
46	1098
46	1099
46	1108
46	1116
46	1131
46	1130
46	1142
46	1143
46	1151
46	1169
46	1170
46	1174
46	1189
46	1201
46	1202
46	1206
46	1209
46	1210
46	1214
46	1222
46	1242
46	1251
46	1256
46	1262
46	1266
46	1321
46	1347
46	1555
46	1571
46	1573
46	1645
46	1674
46	1924
46	1925
46	1979
46	2289
46	2298
46	2301
46	2307
46	2321
46	2322
46	2327
46	2331
46	2336
46	2337
46	2341
46	2366
46	2374
46	2379
46	2383
46	2388
46	2393
46	2408
46	2436
46	2457
46	2485
46	2489
46	2499
46	2508
46	2510
46	2514
46	2515
46	2540
46	2552
46	2556
46	2559
46	2560
46	2577
46	2583
46	2616
46	2618
46	2619
46	2620
46	2621
46	2630
46	2659
46	2668
46	2710
46	2746
46	2879
46	2888
46	2902
46	2911
46	2924
46	2932
46	2939
46	2946
46	2948
46	2951
46	2953
46	2955
46	2978
46	3054
46	3080
46	3079
46	3093
46	3130
46	3131
46	3132
46	3134
46	3135
46	3136
46	3137
46	3167
46	3173
46	3182
46	3191
46	3196
46	3234
47	45
47	47
47	3056
48	38
48	2724
48	2983
49	48
49	3245
50	49
50	297
50	299
50	486
50	485
50	488
50	489
50	509
50	545
50	548
50	682
50	684
50	692
50	696
50	697
50	701
50	711
50	800
50	837
50	864
50	911
50	1214
50	1262
50	957
50	1393
50	1510
50	2431
50	2510
50	2601
50	2632
50	2653
50	2660
50	2695
50	2696
50	2697
50	2698
50	2699
50	2700
50	2701
50	2702
50	2703
50	2704
50	2705
50	2711
50	2712
50	2741
50	2830
50	2972
51	37
51	1074
51	2018
51	2021
51	2022
51	2419
51	2494
52	51
52	108
52	1078
52	1074
52	960
52	1499
52	1504
52	1507
52	1510
52	1911
52	1925
52	2210
52	2915
52	2929
52	2941
52	2949
52	2983
52	3199
53	52
53	108
53	111
53	958
53	1074
53	1233
53	1536
53	1569
53	1612
53	1653
53	1922
53	1989
53	2007
53	2017
53	2139
53	2289
53	2297
53	2319
53	2326
53	2327
53	2335
53	2338
53	2344
53	2354
53	2359
53	2368
53	2406
53	2408
53	2432
53	2441
53	2494
53	2496
53	2510
53	2523
53	2556
53	2730
53	2733
53	2735
53	2764
53	2780
53	2488
53	2803
53	3090
53	1915
53	2729
54	36
54	54
54	71
54	70
54	84
54	142
55	141
56	55
56	108
56	934
56	932
56	1057
56	1359
56	1373
56	1374
56	1444
56	1625
56	1653
56	1741
56	1984
57	56
57	111
57	528
57	940
57	958
57	1602
57	1998
58	57
58	56
58	71
58	935
58	939
58	1114
58	1113
58	1262
58	1646
58	2347
58	2580
58	2809
58	3267
59	56
59	1050
59	1109
59	1112
59	1262
59	3266
59	3267
59	3268
60	134
60	135
60	141
62	3210
63	62
63	154
63	197
63	460
63	463
63	459
63	513
63	515
63	640
63	668
63	678
63	682
63	871
63	875
63	877
63	879
63	887
63	890
63	900
63	908
63	1462
63	1518
63	1666
63	2109
63	2129
63	2134
63	2139
63	2269
63	2270
63	2271
63	2272
63	2273
63	2274
63	2275
63	2276
63	2277
63	2278
63	2279
63	2634
63	2635
63	2637
63	2640
63	2643
63	2644
63	2645
63	2651
63	2654
63	2655
63	2656
63	2668
63	2687
63	2710
63	2716
63	2986
63	3208
63	3218
63	3244
64	63
65	63
66	63
66	696
66	3063
67	63
67	697
68	63
68	72
68	255
68	271
68	270
68	368
68	460
68	469
68	515
68	882
68	924
68	1085
68	1279
68	1435
68	2183
68	2205
68	2257
68	2259
68	2628
68	2659
69	63
69	460
69	1074
69	1319
69	1321
69	1324
69	2418
69	2529
70	134
70	135
70	137
70	3232
70	3233
71	70
71	108
71	924
71	1237
71	1428
71	1462
71	1514
71	1656
71	1937
71	1984
71	2221
72	71
72	1938
72	2050
72	2121
72	2183
72	2193
72	2580
73	72
73	368
74	71
75	71
75	75
75	924
75	1362
75	1364
75	1422
75	1939
75	2023
75	2180
76	75
76	71
76	92
76	135
76	144
76	148
76	564
76	823
76	844
76	1028
76	1029
76	1226
76	1285
76	1286
76	1287
76	1288
76	1411
76	1539
76	1537
76	1555
76	1573
76	1611
76	1615
76	1645
76	1658
76	1656
76	1669
76	1670
76	1681
76	1682
76	1684
76	1685
76	2103
76	2136
76	2239
76	2241
76	2298
76	2318
76	2320
76	2327
76	2335
76	2340
76	2341
76	2354
76	2439
76	2466
76	2489
76	2492
76	2503
76	2506
76	2507
76	2508
76	2510
76	2513
76	2518
76	2519
76	2523
76	2556
76	2558
76	2557
76	2560
76	2561
76	2582
76	2583
76	2726
76	2728
76	2736
76	2739
76	2757
76	2758
76	2762
76	2763
76	2766
76	2779
76	2802
76	2841
76	2874
76	2877
76	2898
76	2927
76	2929
76	2992
76	3003
76	3017
76	3019
76	3102
76	3160
76	3210
76	3229
77	71
77	1375
77	1385
77	1391
77	1576
78	71
79	78
80	79
80	1416
80	1417
80	1418
81	80
81	1412
81	1564
81	1622
82	71
82	1428
82	1429
82	2009
82	2207
82	2208
82	2209
82	2210
82	2211
82	2213
82	2214
82	2215
82	2216
82	2218
82	2219
82	2220
82	2221
82	2222
82	2223
83	71
84	134
85	137
85	138
86	136
87	86
87	87
87	90
87	1237
88	86
88	1572
88	1666
88	2109
88	2123
88	2131
88	2134
88	2139
88	3176
89	88
89	328
89	958
89	1535
89	1536
89	1613
89	2314
89	2339
89	2340
89	2354
89	2364
89	2376
89	2384
89	2386
89	2387
89	2483
89	2500
89	2516
89	2523
89	2584
89	2585
89	2587
89	326
89	2590
89	2591
89	2731
89	2733
89	2735
89	2774
89	2775
89	2776
89	2777
89	2778
89	2779
89	2780
89	2781
89	2782
89	2783
89	2784
89	2785
89	2786
89	2788
89	2385
89	2789
89	2488
89	2790
89	2791
89	2803
89	3079
89	3090
89	1619
90	135
90	136
90	137
90	141
90	3233
91	135
91	141
91	3210
91	3217
92	91
92	1573
92	2241
92	2519
92	3229
96	95
96	179
96	251
96	638
96	1070
96	1282
96	1465
96	1553
96	2163
96	2247
96	2311
96	2356
96	2715
96	2815
96	2852
96	2869
96	2903
96	2910
96	2938
96	3005
95	97
100	99
100	1636
100	2486
102	101
102	107
102	106
102	1056
102	1057
102	1631
102	1652
102	1651
102	1656
102	1925
102	2478
102	2479
104	103
104	946
104	947
104	965
104	966
104	1220
104	1351
104	1352
104	1353
104	1354
104	1355
104	1356
104	1357
104	1358
104	1362
104	1363
104	1365
104	1366
104	1367
104	1368
104	1370
104	1371
104	1424
104	1425
104	1452
104	1519
104	1929
104	2424
104	2425
105	104
105	964
105	1419
105	1446
105	1449
107	106
107	1631
107	2479
108	107
108	1057
108	1652
109	108
109	1728
110	108
110	1267
110	1518
110	1519
110	1524
110	1531
110	1533
110	1534
110	1541
110	1544
110	1564
110	1575
110	1578
110	1582
110	1583
110	1587
110	1592
110	1597
110	1600
110	1610
110	1618
110	1622
110	2139
110	2479
110	3040
110	3051
110	3275
111	108
111	1653
111	1656
113	112
113	117
113	2090
113	2417
115	114
115	121
115	2048
115	2071
115	2072
115	2074
115	2087
116	115
116	2077
116	2080
116	2085
116	2088
116	2089
116	3035
117	116
118	117
118	2080
120	119
121	120
121	2095
123	122
123	3162
123	3163
123	3164
123	3166
124	123
124	2491
124	2928
124	3083
124	3084
124	3088
124	3089
124	3091
124	3092
124	3093
124	3160
124	3161
126	125
126	3193
126	3194
131	132
135	3224
135	3260
143	3263
145	144
145	148
145	381
145	983
145	2746
145	2761
145	3118
145	3119
146	147
149	148
149	564
149	2992
149	2993
149	2994
149	2997
149	2998
149	3007
149	3008
149	3009
149	3010
149	3011
149	3012
149	3013
149	3015
149	3018
149	3026
149	3028
151	150
151	453
151	457
151	474
151	476
151	477
151	478
151	479
151	480
151	483
151	484
151	3040
151	3051
153	152
153	155
153	160
153	162
153	161
153	165
153	169
153	171
153	172
153	173
153	174
153	175
153	176
153	915
153	916
153	918
153	919
153	920
153	1234
153	1236
153	1239
153	1456
153	1457
153	1458
153	2291
153	3032
152	155
152	160
152	162
152	163
152	164
152	168
152	170
152	172
152	173
152	174
152	175
152	915
152	916
152	918
152	919
152	920
152	1234
152	1236
152	1239
152	1456
152	1457
152	1458
152	2287
152	2290
152	2291
152	3032
155	154
155	156
156	154
159	158
162	161
162	166
162	167
162	169
162	176
166	165
167	171
178	177
178	180
178	181
178	182
178	183
178	184
178	185
178	186
178	187
178	188
178	189
178	190
178	191
178	192
178	194
178	913
178	914
178	917
178	921
178	1454
179	178
179	228
179	236
179	238
179	253
179	312
179	374
179	380
179	499
179	514
179	520
179	712
179	715
179	716
179	717
179	718
179	719
179	720
179	721
179	729
179	730
179	828
179	861
179	881
179	1300
179	1301
179	1303
179	1304
179	1305
179	1306
179	1307
179	1310
179	1311
179	1312
179	1313
179	1314
179	1315
179	1317
179	1318
179	1325
179	1326
179	1327
179	1328
179	1329
179	1330
179	1331
179	1332
179	1333
179	1334
179	1338
179	1339
179	1340
179	1341
179	1506
179	2256
179	2258
179	2268
179	2280
179	2283
179	2284
179	2295
179	3188
179	3203
203	202
203	206
203	273
203	863
203	2260
204	203
204	202
204	299
206	205
206	209
206	210
206	215
206	217
206	218
206	221
206	230
206	1901
205	212
205	213
205	214
205	216
205	219
205	220
205	222
205	223
205	224
207	206
208	206
208	453
208	454
208	457
208	458
208	459
208	474
208	476
208	480
208	483
208	1214
208	1912
208	2092
208	2100
209	211
226	225
226	826
226	2735
225	232
225	234
227	225
227	1645
227	1646
227	1647
227	1714
227	2904
230	229
230	231
233	232
233	2379
237	237
241	240
241	249
241	250
240	460
242	240
242	256
242	263
242	262
242	264
242	266
242	269
242	272
242	275
242	297
242	302
242	306
242	308
242	351
242	379
242	793
242	794
242	850
242	858
242	856
242	868
242	874
242	1073
242	1075
242	960
242	1314
242	1492
242	1498
242	1511
242	1577
242	1911
242	1924
242	1925
242	1927
242	2026
242	2235
242	2359
242	2963
242	3174
242	3223
243	242
243	288
244	240
244	2582
244	2583
245	244
245	2583
247	246
246	395
246	671
246	2582
248	246
248	397
252	247
255	254
255	286
255	857
255	1073
255	1500
255	1501
255	1920
255	1924
255	1925
255	1926
255	2242
255	2358
254	263
254	269
256	255
256	301
256	305
256	306
257	255
257	301
257	302
257	305
257	306
258	257
258	677
258	2238
258	3229
259	255
259	267
259	332
259	1632
260	255
260	274
260	860
260	868
260	874
260	901
261	255
261	301
261	305
261	306
261	2357
263	262
263	264
263	265
263	266
263	272
269	268
269	270
268	459
271	270
271	1080
271	1921
274	903
276	275
276	678
275	277
275	303
278	277
279	277
279	311
279	460
280	277
280	294
280	295
280	297
280	308
280	346
280	385
280	459
280	469
280	564
280	809
280	817
280	829
280	834
280	865
280	867
280	896
280	1011
280	1035
280	1166
280	1110
280	1436
280	1586
280	1597
280	1637
280	1658
280	1725
280	1913
280	1920
280	1938
280	2094
280	2102
280	2387
280	2424
280	2552
280	2604
280	2607
280	2622
280	2659
280	2668
280	2689
280	2710
280	2718
280	2773
280	3194
282	281
282	304
282	905
282	2361
283	282
283	281
283	284
283	905
283	1081
283	1083
284	281
285	284
286	285
286	1914
287	281
287	2723
287	2733
289	288
289	329
289	352
289	812
289	829
289	884
289	897
289	898
289	1072
289	1300
289	1400
290	289
292	291
293	292
293	294
293	296
294	292
294	294
297	297
298	297
298	1288
298	1289
298	2601
300	299
301	333
301	902
301	1084
301	2357
302	1071
306	850
306	1335
306	1923
306	1930
306	2622
309	308
309	733
314	313
314	321
316	315
316	317
316	318
316	319
321	805
321	1047
324	323
324	454
324	458
324	473
324	475
324	481
324	506
324	1919
324	2604
326	325
326	674
326	676
327	325
327	343
327	665
327	675
327	681
327	691
327	699
327	897
327	898
327	2592
327	664
327	2602
327	3272
328	327
328	829
328	813
330	329
330	340
330	342
330	346
335	334
335	338
335	339
334	338
334	339
336	334
336	348
336	349
336	351
337	336
337	340
337	354
341	340
341	342
341	347
341	341
343	341
343	350
343	353
343	1072
343	2600
343	2602
343	2605
344	341
346	345
352	351
353	352
353	679
353	680
353	690
353	698
353	710
353	2586
353	2588
353	2589
353	2601
353	2603
356	355
356	364
356	670
356	983
356	1550
356	1555
356	1942
356	1943
356	1947
356	1952
356	1955
356	1960
356	2166
356	2169
356	2262
356	2410
356	2746
356	2763
356	2792
356	2794
356	2853
356	3007
356	3008
356	3009
356	3010
356	3011
356	3012
356	3013
356	3098
356	3126
356	3169
355	364
355	367
357	355
357	670
357	1943
357	1947
357	1955
357	2166
357	2748
357	2747
357	2758
357	2759
357	2763
357	2792
357	3007
357	3008
357	3009
357	3010
357	3011
357	3012
357	3013
357	3084
359	358
359	1560
359	1945
359	1948
359	1956
359	2167
359	2798
359	2996
360	358
360	360
360	367
361	360
361	1949
361	1957
361	2168
361	2797
363	362
363	1946
363	1954
363	1962
363	2174
363	2799
365	364
365	367
364	367
366	364
366	371
366	642
366	1942
366	1952
366	1960
366	2169
366	2718
366	2794
366	2881
368	367
369	368
370	368
370	371
370	372
370	373
370	379
376	375
377	376
377	640
377	682
377	3059
377	3064
378	376
378	382
378	548
378	636
378	640
378	682
378	684
378	692
378	2659
378	2658
378	3059
378	3082
378	3150
380	389
381	382
383	382
383	387
383	684
383	2660
383	3150
382	384
382	385
382	386
382	387
387	388
391	390
391	464
390	486
390	489
392	390
392	822
392	823
392	817
392	844
392	846
392	853
392	856
392	873
394	393
394	403
394	408
394	424
394	432
394	448
395	394
395	655
395	685
395	686
395	695
396	395
396	398
396	410
396	455
396	502
396	656
396	687
396	694
396	695
396	701
396	709
396	868
396	1116
396	2657
396	2659
396	2658
396	2668
396	2716
397	396
397	672
397	701
397	709
398	394
398	400
398	404
398	409
398	425
398	433
398	449
399	394
399	393
399	403
399	402
399	401
399	408
399	407
399	415
399	414
399	418
399	420
399	422
399	424
399	426
399	428
399	430
399	432
399	434
399	437
399	436
399	440
399	442
399	444
399	446
399	448
399	490
399	492
399	494
399	496
399	695
400	393
402	401
402	415
402	418
402	430
402	442
402	446
402	490
403	402
403	412
403	420
403	426
404	403
404	405
404	413
404	427
405	402
405	406
405	416
405	419
405	431
405	443
405	447
405	491
406	401
408	407
408	422
408	428
408	437
409	408
409	411
409	423
409	429
409	438
410	409
410	411
410	473
410	685
410	695
410	701
410	709
410	2668
410	2713
410	3049
410	3050
411	407
412	434
412	496
413	412
413	421
413	435
413	497
415	414
415	440
415	444
416	415
416	417
416	441
416	445
417	414
419	418
421	420
423	422
425	424
427	426
429	428
431	430
433	432
435	434
437	436
437	492
437	494
438	437
438	439
438	493
438	495
439	436
441	440
443	442
445	444
447	446
449	448
451	450
451	3047
450	459
452	451
452	651
452	652
452	653
452	677
456	455
460	459
460	461
460	668
460	677
460	709
460	2623
461	460
462	459
462	2641
462	2693
462	2718
463	462
463	668
464	459
465	464
465	678
466	465
467	466
467	464
467	673
468	464
468	857
468	860
468	869
468	874
468	878
468	880
468	901
468	908
469	464
469	469
470	469
471	469
471	501
472	464
472	855
472	860
472	868
472	871
472	874
472	875
472	877
472	879
472	887
472	890
472	900
472	3274
482	481
482	1535
482	2584
482	2585
482	2588
482	2589
482	2602
482	2603
482	2731
482	2733
482	2770
482	2774
482	2775
482	2781
482	2782
482	2385
482	2790
482	2875
482	2889
482	3090
486	485
486	488
487	486
487	485
487	489
487	673
487	814
487	848
487	865
487	867
487	2583
487	2659
491	490
493	492
495	494
497	496
499	498
499	500
499	508
502	502
505	504
505	940
505	962
505	984
507	506
507	979
507	1127
507	960
507	2042
507	2226
507	2583
507	2726
507	2728
509	509
511	510
511	1279
511	2578
511	2989
512	511
512	696
512	697
512	2289
512	2532
512	2621
512	2872
516	515
516	1038
516	1689
516	1634
518	517
518	1522
518	2282
518	3039
519	518
519	522
519	523
519	1513
519	1557
519	1735
519	2128
520	519
520	1245
520	2204
520	2579
520	2985
522	521
525	524
525	1518
526	525
526	1656
526	1666
526	2139
528	527
528	934
528	957
528	1404
528	1653
528	2090
528	2098
529	527
529	963
529	1039
529	1060
529	1065
529	1675
529	1679
529	1680
529	1686
529	1687
529	1708
529	1709
529	1759
529	1897
529	1900
529	2208
529	2209
529	2214
531	530
531	534
531	533
531	558
531	562
531	573
531	582
531	585
531	586
531	595
531	640
531	644
531	647
530	533
530	585
530	586
532	530
532	558
532	586
532	588
532	590
534	533
534	554
535	534
535	558
535	562
535	595
536	535
536	542
536	546
536	594
536	613
536	630
537	536
537	541
537	595
538	533
539	533
541	540
541	545
541	550
541	582
542	540
542	550
544	543
544	562
544	649
546	545
546	582
547	546
548	639
548	3083
549	548
549	574
549	579
549	2933
553	552
556	555
555	562
557	555
557	579
558	595
560	559
560	561
561	559
562	561
562	579
563	562
563	563
563	573
563	2659
563	2979
563	3014
563	3067
564	563
565	564
565	571
566	565
566	563
566	571
567	564
567	3031
568	564
568	2992
568	2994
568	2996
568	3007
568	3008
568	3009
568	3010
568	3011
568	3012
568	3013
568	3018
568	3028
568	3031
569	564
570	569
570	2996
570	3003
571	562
571	2659
571	2992
572	571
573	562
574	562
575	574
575	639
575	3083
575	3273
576	574
576	3273
577	574
577	562
577	639
577	641
577	642
577	643
577	644
577	3083
577	3273
578	562
578	595
578	596
578	631
578	632
579	637
580	579
580	2142
582	581
582	630
584	583
588	587
592	591
594	593
594	613
594	627
593	629
593	632
595	594
595	598
595	617
595	628
595	630
596	594
596	630
597	593
597	2142
598	616
598	618
599	600
600	601
600	602
600	603
600	604
600	605
606	600
606	607
606	608
609	600
609	610
609	611
609	612
609	608
613	615
614	613
614	631
619	620
620	621
621	622
621	623
621	624
625	620
627	626
631	630
634	633
634	637
633	644
633	3084
636	635
637	636
639	640
640	3064
645	644
646	644
646	711
646	1820
646	1837
646	2137
646	2237
646	2249
646	2261
646	2263
646	2409
646	2659
646	2714
646	3153
646	3179
648	647
655	654
655	660
655	703
656	655
656	659
656	661
656	704
657	655
658	655
658	662
658	703
658	705
659	654
661	660
664	663
664	693
664	706
664	897
664	898
664	2594
664	2596
665	663
665	679
665	706
666	663
666	686
666	706
666	709
666	710
666	2706
667	666
670	682
672	671
675	674
675	676
675	710
681	680
683	682
687	686
689	688
691	690
692	2659
694	693
694	695
699	698
701	700
702	701
704	703
704	706
707	706
707	796
707	897
707	898
707	1582
707	1592
707	1595
707	1613
707	2129
707	2364
707	2376
707	2386
707	2387
707	2480
707	2523
707	2585
707	2590
707	2591
707	2594
707	2730
707	2776
707	2777
707	2778
707	2782
707	2783
707	2784
707	2786
707	2789
707	2488
707	2870
708	709
714	713
723	722
723	732
723	733
725	724
727	726
727	728
735	734
735	737
735	738
735	739
735	740
735	741
735	742
735	743
735	744
735	745
735	746
735	747
735	748
735	749
735	750
735	751
735	752
735	753
735	754
735	755
735	756
735	757
735	758
735	759
735	760
735	761
735	762
735	763
735	764
735	765
735	766
735	767
735	768
735	769
735	770
735	771
735	772
735	773
735	774
735	775
735	776
735	777
735	778
735	779
735	780
735	781
735	2721
736	735
736	804
777	782
784	783
784	786
784	787
784	825
784	841
784	843
783	794
785	783
785	811
785	816
785	809
785	834
785	842
785	898
785	2992
788	787
788	794
788	811
788	843
787	865
789	787
789	794
789	800
789	821
789	834
789	841
789	843
789	845
789	884
790	789
790	804
790	806
791	787
791	814
791	829
791	865
791	873
792	791
792	795
793	791
793	795
793	857
793	860
793	868
793	884
795	794
795	823
795	843
795	844
795	856
797	796
797	803
797	812
798	797
798	798
798	799
798	811
799	797
799	811
799	820
800	799
800	800
800	826
801	800
801	834
801	837
801	848
801	2401
801	2493
801	2517
801	2757
801	2762
803	802
803	854
802	829
804	803
805	803
805	802
805	835
806	803
806	812
806	811
806	809
806	820
806	830
807	802
807	809
808	802
808	810
809	802
810	809
810	811
810	802
810	829
811	809
811	825
811	829
812	811
813	812
813	854
813	2596
814	811
814	865
814	873
815	814
816	814
816	872
816	874
817	816
818	816
818	822
818	823
818	866
818	872
818	898
818	2603
819	809
824	823
824	844
824	856
828	827
828	907
832	831
832	833
832	836
832	891
838	837
838	848
839	838
839	840
840	837
840	848
840	849
842	844
843	842
843	849
844	843
848	848
853	865
853	873
857	856
857	873
857	899
856	865
856	892
858	857
858	856
858	873
859	858
859	865
859	866
859	867
859	873
859	899
859	901
859	906
862	862
865	876
865	889
866	865
866	899
867	866
867	901
869	868
868	872
868	876
868	888
870	872
871	871
872	878
872	880
872	886
872	891
883	882
885	884
894	893
894	895
894	896
896	897
896	898
903	904
908	908
910	909
915	920
916	915
923	922
923	944
923	966
924	922
924	932
924	944
924	945
924	951
924	966
924	1057
925	924
926	925
926	1057
926	1073
926	1104
926	1153
926	1214
926	1271
926	3218
927	922
927	928
927	929
931	930
931	1134
931	1137
931	1210
930	930
933	932
933	1387
932	953
934	933
934	1372
934	1373
934	1374
934	1382
935	932
935	973
935	1012
935	1014
935	1127
935	1189
936	935
936	969
936	970
937	932
937	1127
939	938
939	961
940	938
941	940
941	961
943	942
943	1106
943	1132
943	1213
943	1271
942	944
944	1219
945	944
945	1103
945	1151
949	948
949	1275
949	1276
949	1350
949	1420
949	1422
949	1435
949	1436
949	1450
949	1451
949	1637
950	949
950	1342
950	1427
950	1426
950	1428
950	1628
950	1648
950	2191
952	951
951	1100
951	1149
954	953
954	1386
954	1599
954	1604
954	1620
954	1621
954	1625
954	1626
954	1627
954	2091
954	2099
955	954
955	1575
955	1577
955	1581
955	1587
955	1600
955	1601
955	1611
956	955
956	1267
956	1565
956	1582
956	1584
956	1592
956	1595
956	1598
956	1610
956	1617
956	1618
956	2480
957	956
957	1567
957	1570
957	1572
957	2103
957	2136
958	957
958	955
958	954
958	1072
958	1565
958	1567
958	1570
958	1577
958	1582
958	1584
958	1601
958	1617
958	1622
958	1654
958	1656
958	1666
958	2134
959	957
960	956
960	1568
960	1629
960	1650
960	1911
960	2091
960	2099
963	1135
963	1136
968	967
968	976
968	977
968	978
968	986
968	991
968	995
967	996
967	1046
969	968
969	973
970	968
970	977
970	978
970	986
970	995
971	967
971	1026
971	1028
971	1271
972	971
973	972
973	1012
973	1014
974	971
974	1026
975	974
975	1013
975	1016
975	1028
975	1045
975	1051
975	1052
977	989
977	990
978	987
978	988
978	992
978	994
980	979
981	980
981	982
981	985
983	982
983	1003
983	1021
983	1275
983	1276
983	2050
983	2116
983	2145
983	2147
983	2149
983	2152
983	2155
983	2186
983	2191
983	2193
983	2202
983	2755
983	2769
983	2800
983	2805
983	2810
983	3116
984	1013
984	1027
984	1028
986	993
998	997
998	1000
998	1001
998	1002
998	1005
999	998
999	1104
999	1153
1004	1003
1004	1021
1004	1022
1004	1023
1004	1024
1004	1030
1003	1006
1003	1007
1003	1008
1003	1009
1003	1010
1012	1011
1012	1018
1012	1025
1012	1026
1012	1027
1012	1028
1012	1029
1013	1011
1013	1019
1013	1020
1014	1013
1014	1034
1015	1013
1016	1011
1017	1016
1017	1046
1017	1497
1017	1633
1017	2039
1017	2127
1017	2407
1017	2487
1017	2495
1017	2494
1017	2498
1017	2514
1022	1035
1031	1030
1031	1033
1032	1030
1038	1127
1040	1039
1040	1065
1039	1134
1039	1135
1039	1136
1039	1137
1041	1040
1041	1068
1041	1069
1041	2686
1043	1042
1043	1081
1047	1046
1047	1047
1047	1054
1047	1416
1047	1592
1047	1599
1047	1726
1047	1727
1047	2208
1047	2209
1047	3040
1047	3051
1048	1046
1048	2487
1049	1046
1049	2476
1049	2487
1049	2957
1050	1046
1050	1052
1055	1054
1059	1058
1059	1061
1059	1065
1058	1060
1058	1062
1058	1063
1058	1064
1066	1065
1066	1753
1066	2186
1067	1066
1067	1065
1067	1346
1067	1745
1067	1753
1067	1755
1067	2149
1068	1065
1069	1065
1074	1073
1075	1074
1075	1503
1075	2494
1076	1075
1077	1076
1077	1491
1077	1496
1078	1077
1078	1497
1079	1075
1079	1510
1079	2431
1079	2840
1079	2842
1079	2839
1079	3148
1079	3149
1079	3277
1081	1080
1081	1090
1081	3218
1082	1081
1082	1083
1082	2671
1082	2675
1082	2678
1082	2679
1086	1085
1086	1100
1086	1101
1086	1103
1086	1126
1086	1128
1086	1130
1088	1087
1088	1092
1088	1093
1088	1094
1088	1095
1088	1097
1088	1098
1088	1099
1089	1088
1089	1139
1089	2681
1090	1089
1090	1104
1090	1116
1090	1117
1090	1132
1090	1153
1090	1214
1091	1089
1091	1104
1091	1153
1096	1095
1096	1108
1096	1142
1096	1143
1102	1101
1102	1104
1102	1147
1102	1153
1102	1187
1104	1118
1104	1119
1104	1120
1104	1121
1104	1122
1104	1123
1104	1124
1104	1125
1105	1104
1105	1129
1105	1153
1105	1189
1105	2681
1106	1105
1106	1153
1106	2681
1107	1104
1107	1128
1107	1153
1107	1224
1108	1104
1108	1153
1108	3218
1109	1108
1110	1109
1110	1112
1111	1108
1111	1248
1112	1108
1112	3232
1113	1108
1114	1113
1114	1262
1115	1104
1115	1153
1115	1215
1115	1270
1116	1104
1116	1153
1117	1116
1127	1126
1127	1222
1131	1130
1131	1177
1131	1209
1132	1131
1132	1166
1133	1132
1133	1214
1133	1270
1139	1138
1139	1140
1139	1141
1139	1142
1139	1143
1139	1144
1139	1145
1139	1146
1139	1179
1138	1178
1141	1180
1142	1181
1143	1182
1144	1183
1145	1184
1146	1185
1149	1148
1149	1188
1151	1150
1151	1189
1153	1152
1153	1159
1153	1190
1153	1263
1152	1155
1152	1156
1152	1157
1152	1160
1152	1161
1152	1162
1152	1163
1154	1153
1154	1164
1154	1189
1154	1199
1159	1158
1159	1194
1166	1165
1166	1200
1165	1169
1165	1170
1165	1171
1165	1172
1165	1173
1165	1174
1165	1175
1165	1176
1167	1166
1168	1166
1190	1191
1190	1192
1190	1193
1190	1195
1190	1196
1190	1197
1190	1198
1200	1201
1200	1202
1200	1203
1200	1204
1200	1205
1200	1206
1200	1207
1200	1208
1212	1211
1212	2567
1215	1214
1216	1214
1216	2552
1217	1214
1217	1320
1217	2552
1217	3090
1218	1214
1222	1221
1224	1223
1228	1227
1228	2024
1228	2426
1229	1228
1230	1229
1231	1228
1231	2024
1232	1228
1232	1937
1232	2034
1232	2035
1232	2037
1233	1232
1233	1541
1233	2007
1233	2519
1233	2742
1233	2743
1233	2745
1233	2878
1233	2879
1233	2880
1233	2881
1233	2882
1233	2883
1233	2884
1233	2885
1233	3094
1233	3095
1233	3117
1233	3118
1233	3119
1233	3121
1233	3123
1233	1915
1238	1237
1238	1555
1238	1656
1243	1242
1245	1244
1245	1246
1245	1247
1245	1257
1249	1248
1250	1248
1250	2120
1250	2668
1253	1252
1252	1267
1254	1252
1258	1259
1261	1262
1264	1265
1265	1266
1268	960
1268	1526
1268	1843
1268	1911
1269	960
1269	2475
1269	2477
1273	1272
1274	1272
1284	1283
1284	1287
1284	1289
1283	1285
1283	1286
1283	1288
1285	1285
1291	1290
1291	1293
1291	1295
1292	1291
1292	1555
1292	2631
1292	2757
1292	2762
1292	3014
1292	3084
1294	1293
1296	1295
1296	2620
1297	1295
1300	1299
1300	1316
1303	1302
1307	1308
1307	1309
1317	1337
1321	1320
1322	1321
1323	1321
1323	2529
1343	1342
1343	1430
1343	1748
1343	1896
1344	1343
1344	1742
1344	1745
1344	1747
1344	3276
1346	1345
1346	1728
1346	1751
1348	1347
1349	1347
1360	1359
1361	1360
1361	2044
1361	2049
1361	2050
1361	2193
1364	1363
1369	1368
1369	1633
1369	1641
1369	2532
1372	1376
1372	1379
1372	1397
1372	1399
1372	1405
1372	1407
1372	1412
1372	1414
1373	1375
1373	1384
1373	1385
1373	1388
1373	1390
1373	1391
1373	1393
1373	1401
1373	1403
1373	1410
1374	1378
1374	1380
1374	1392
1374	1394
1374	1396
1374	1415
1376	1414
1377	1376
1377	1405
1377	1577
1377	2232
1377	2233
1382	1381
1382	1409
1384	1383
1384	1395
1384	1398
1384	1402
1384	1408
1384	1411
1384	1413
1389	1388
1389	1394
1389	1401
1389	1622
1389	1740
1389	1843
1389	1876
1389	2098
1390	1621
1400	1399
1400	1599
1404	1403
1404	1441
1404	2090
1404	2091
1405	1407
1406	1405
1410	1626
1421	1420
1421	1422
1421	1424
1421	1428
1421	1450
1421	1451
1421	1452
1421	1628
1421	1648
1421	1937
1421	2177
1421	2181
1421	2183
1421	2198
1421	2789
1421	2808
1421	2810
1427	1426
1427	1439
1427	1440
1427	1443
1427	1444
1429	1428
1432	1431
1432	1433
1436	1437
1439	1438
1439	1447
1443	1442
1446	1445
1448	1448
1456	1459
1456	2286
1461	1460
1461	2688
1463	1462
1463	2687
1464	1464
1466	2958
1467	1468
1467	1469
1469	1470
1469	1471
1469	1472
1469	1473
1473	1474
1473	1476
1474	1475
1476	1475
1477	1478
1477	1471
1477	1479
1479	1480
1480	1481
1482	1483
1482	1486
1482	1487
1483	1484
1484	1485
1486	1469
1486	1485
1486	1480
1488	1489
1488	1490
1488	1469
1488	1475
1491	1492
1492	1493
1495	1494
1495	1493
1497	2021
1499	1498
1499	2018
1499	2022
1499	2026
1499	2544
1498	1511
1502	1503
1504	1507
1504	2419
1505	1504
1505	1510
1505	1520
1505	2020
1508	1507
1508	1922
1508	2289
1508	2297
1508	2319
1508	2326
1508	2327
1508	2335
1508	2338
1508	2344
1508	2359
1508	2368
1508	2406
1508	2408
1508	2419
1508	2432
1508	2441
1508	2494
1508	2496
1508	2510
1508	2556
1509	1507
1512	2219
1515	1514
1515	1516
1515	2155
1522	1521
1524	1523
1524	1525
1524	1532
1524	1544
1524	2474
1523	1547
1527	1526
1527	2236
1527	2252
1527	2267
1527	2332
1527	2876
1527	2899
1528	1526
1528	2289
1528	2872
1531	1530
1533	1532
1533	2103
1533	2136
1533	2142
1535	1534
1535	2339
1535	2557
1537	1536
1537	3075
1538	1537
1538	3084
1538	3155
1538	3159
1539	1537
1539	1539
1539	2802
1539	2804
1539	3169
1540	1539
1542	1541
1542	3099
1542	3118
1542	3119
1543	1541
1543	2251
1543	2253
1543	3098
1543	3115
1543	3147
1543	3157
1544	1545
1544	1546
1551	1550
1551	1555
1552	1550
1556	1555
1562	1561
1562	1563
1562	1597
1565	1564
1565	1597
1565	1622
1564	1585
1567	1566
1567	1568
1567	1569
1567	1571
1567	1573
1575	1574
1575	1576
1575	1593
1579	1578
1579	1581
1579	1589
1579	1605
1581	1580
1581	1590
1581	1603
1581	1606
1584	1583
1587	1586
1587	1588
1587	1607
1591	1590
1595	1594
1595	1614
1595	1615
1595	2481
1596	1594
1596	2376
1602	1601
1602	2090
1602	2098
1609	1608
1610	1609
1613	1612
1616	1615
1619	1618
1619	2594
1622	1623
1622	1624
1628	1629
1629	1628
1629	2476
1629	2477
1633	1632
1633	1635
1633	1644
1634	1633
1635	1632
1637	1638
1642	1641
1642	1643
1645	1644
1649	1648
1649	1650
1652	1651
1653	1654
1655	1655
1657	1656
1658	1656
1658	1658
1659	1658
1661	1660
1661	1663
1661	1664
1661	1977
1661	1978
1661	2023
1661	3125
1662	1661
1668	1667
1668	1669
1668	1670
1668	1681
1668	1700
1667	1682
1669	1678
1669	1685
1669	1707
1670	1673
1670	1684
1670	1689
1670	1692
1670	1696
1670	1702
1670	1703
1670	1706
1672	1671
1672	1726
1671	1679
1671	1680
1671	1683
1671	1686
1671	1687
1671	1688
1671	1690
1671	1691
1671	1693
1671	1697
1671	1701
1671	1704
1671	1705
1671	1708
1671	1709
1674	1673
1674	1678
1674	1692
1674	1696
1674	1702
1674	1703
1674	1706
1674	1707
1674	1711
1674	1712
1674	1714
1674	1715
1674	1717
1674	1718
1674	1720
1674	1722
1674	1724
1674	1729
1674	1847
1674	1857
1675	1674
1675	1726
1675	1727
1675	1731
1676	1674
1676	2512
1677	1674
1677	1918
1677	2144
1693	1694
1693	1695
1697	1698
1697	1699
1713	1712
1713	2513
1716	1715
1719	1718
1719	3041
1719	3053
1721	1720
1727	1726
1730	1729
1730	1757
1730	1763
1730	1764
1730	1765
1730	1766
1730	1767
1730	1768
1730	1769
1730	1770
1730	1771
1730	1780
1730	1781
1730	1782
1730	1783
1730	1785
1730	1787
1730	1791
1730	1800
1730	1801
1730	1802
1730	1803
1730	1815
1730	1818
1730	1819
1730	1823
1730	1825
1730	1832
1730	1833
1729	1794
1729	1827
1729	1828
1729	1829
1729	1830
1729	1831
1731	1730
1731	1737
1731	1738
1731	1739
1731	1740
1731	1741
1732	1731
1733	1729
1735	1734
1734	1736
1734	1743
1734	1749
1734	1750
1737	1744
1737	1805
1737	1824
1737	1835
1737	1836
1738	1756
1738	1760
1738	1772
1738	1773
1738	1778
1738	1779
1738	1786
1738	1788
1738	1789
1738	1790
1738	1792
1738	1793
1738	1795
1738	1808
1738	1810
1738	1811
1738	1813
1738	1814
1738	1816
1738	1817
1738	1821
1738	1826
1739	1762
1740	1758
1740	1759
1740	1761
1740	1776
1740	1798
1740	1806
1740	1812
1740	1820
1740	1822
1741	1774
1741	1796
1741	1809
1744	1799
1746	1746
1750	1840
1753	1752
1753	1754
1759	1775
1777	1776
1777	1843
1777	1845
1777	1876
1777	1900
1781	1784
1785	1834
1798	1797
1798	1804
1806	1876
1807	1806
1807	1837
1807	1838
1827	1858
1839	1838
1842	1841
1842	1844
1842	1846
1842	1851
1842	1854
1842	1858
1842	1859
1842	1862
1842	1867
1842	1868
1842	1869
1842	1870
1842	1871
1842	1872
1842	1873
1842	1874
1842	1875
1842	1877
1842	1878
1842	1879
1842	1880
1842	1881
1842	1882
1842	1883
1842	1884
1842	1887
1842	1889
1842	1892
1842	1893
1842	1894
1842	1895
1842	1901
1843	1842
1843	1848
1843	1850
1843	1860
1843	1864
1843	1885
1843	1891
1843	1909
1843	1910
1848	1847
1848	1856
1848	1857
1848	1863
1848	1866
1850	1849
1850	1852
1850	1853
1850	1886
1850	1888
1850	1890
1856	1855
1862	1861
1864	1865
1897	1900
1899	1898
1899	1902
1899	1906
1899	1912
1898	1898
1901	1903
1901	1905
1901	1907
1902	1904
1902	1906
1902	1908
1914	1916
1914	1917
1915	1914
1915	2726
1915	2728
1922	1921
1922	2497
1922	2511
1932	1931
1932	1932
1932	1944
1932	1945
1931	1931
1933	1932
1935	1934
1937	1936
1937	1950
1937	1958
1937	1967
1936	1944
1938	1937
1938	2172
1939	1938
1939	2139
1939	2142
1939	2180
1940	1936
1940	1942
1940	1944
1941	1936
1941	2793
1941	2800
1941	2801
1941	2807
1941	2808
1942	1944
1943	1942
1943	1944
1947	1952
1947	1953
1949	1948
1949	1949
1949	1953
1950	1953
1951	1950
1951	1952
1951	1953
1952	1953
1955	1960
1955	1961
1957	1956
1957	1957
1957	1961
1958	1961
1959	1958
1959	1960
1959	1961
1960	1961
1964	1963
1964	1969
1966	1965
1966	1968
1966	1970
1972	1971
1972	1974
1972	2226
1973	1972
1973	2154
1973	2224
1973	2227
1975	1975
1976	1976
1980	1979
1982	1981
1985	1984
1986	1984
1986	2523
1986	2552
1986	2921
1986	3173
1988	1987
1990	1989
1990	1994
1989	1991
1989	1992
1992	1993
1993	2004
1994	1993
1994	2219
1994	2222
1994	2232
1995	1997
1997	1996
1997	2001
1997	2014
1998	1997
1998	2000
1998	2002
1998	2004
1998	2010
1998	2011
1998	2013
2000	1999
2000	2012
2004	2003
2004	2005
2007	2006
2006	2017
2009	2008
2010	2009
2016	2015
2016	2027
2021	2020
2025	2025
2029	2028
2029	2032
2029	2033
2031	2030
2039	2038
2039	2040
2039	2041
2039	2044
2043	2042
2043	2770
2043	2771
2043	2772
2043	2773
2043	2786
2046	2045
2046	2048
2046	2052
2046	2054
2045	2052
2045	2054
2045	2058
2045	2061
2052	2051
2052	2065
2054	2053
2054	2055
2054	2056
2054	2059
2054	2060
2054	2062
2054	2063
2054	2066
2054	2067
2054	2068
2054	2069
2058	2057
2058	2064
2071	2070
2071	2073
2071	2084
2074	2075
2077	2076
2079	2078
2080	2079
2080	2082
2082	2081
2082	2083
2085	2086
2093	2092
2094	2094
2097	2096
2098	2097
2101	2100
2104	2103
2104	2136
2106	2105
2106	2118
2106	2135
2106	2138
2106	2148
2107	2106
2109	2108
2109	2141
2109	2143
2110	2109
2110	2108
2110	2659
2111	2108
2111	3155
2112	2111
2112	3073
2112	3074
2112	3111
2113	2111
2115	2114
2115	2493
2115	2727
2115	2745
2115	2761
2115	2944
2115	3210
2117	2116
2117	2120
2117	2123
2117	2147
2121	2120
2121	2135
2121	2149
2121	2152
2121	2186
2121	2191
2121	2202
2122	2121
2122	2249
2122	2254
2125	2124
2125	2255
2126	2124
2130	2129
2129	2132
2131	2130
2140	2139
2146	2145
2146	2147
2149	2150
2150	2155
2152	2151
2152	2154
2153	2151
2153	2155
2154	2155
2158	2157
2160	2160
2163	2162
2162	2164
2162	2165
2166	2169
2166	2171
2168	2167
2168	2168
2168	2171
2170	2169
2170	2171
2169	2171
2172	2171
2173	2172
2173	2175
2173	2176
2173	2180
2173	2184
2177	2179
2180	2179
2179	2183
2181	2180
2183	2182
2196	2195
2196	2197
2196	2198
2196	2201
2196	2202
2199	2198
2199	2200
2207	2212
2207	2217
2224	2225
2228	2229
2230	2231
2234	2233
2234	2235
2236	2237
2238	2239
2239	2241
2245	2244
2245	2246
2260	2260
2262	2262
2264	2263
2265	2263
2266	2263
2266	3128
2287	2291
2288	2287
2288	2331
2288	2499
2288	3243
2289	2288
2294	2293
2295	2294
2295	2333
2295	2355
2295	2375
2295	2564
2297	2296
2297	2299
2297	2303
2297	2304
2297	2307
2297	2540
2296	2301
2299	2298
2303	2302
2303	2305
2303	2306
2309	2308
2309	2310
2309	2320
2309	2329
2309	2335
2309	2339
2309	2341
2309	2556
2309	2742
2309	2746
2308	2341
2308	2346
2308	2379
2310	2312
2310	2315
2312	2379
2313	2312
2313	2388
2315	2314
2315	2350
2315	2379
2315	2383
2316	2315
2316	2382
2316	2390
2316	2407
2317	2314
2317	2354
2317	2500
2319	2318
2319	2320
2319	2324
2318	2321
2318	2322
2323	2322
2326	2325
2326	2329
2326	2556
2327	2325
2327	2336
2328	2327
2335	2334
2335	2336
2338	2337
2338	2341
2338	2343
2338	2437
2338	2560
2338	2561
2343	2342
2344	2344
2345	2344
2345	2430
2347	2346
2347	2380
2346	2350
2349	2348
2349	2352
2350	2353
2350	2392
2352	2351
2352	2370
2352	2391
2351	2354
2351	2365
2351	2371
2351	2386
2353	2354
2353	2384
2353	2386
2358	2357
2358	2514
2358	2515
2359	2358
2359	2494
2360	2359
2360	2494
2362	2366
2364	2363
2363	2365
2363	2372
2366	2365
2366	2372
2366	2381
2367	2366
2367	2404
2367	2407
2368	2367
2368	2388
2368	2400
2368	2402
2368	2437
2368	2560
2369	2366
2370	2369
2370	2371
2371	2366
2378	2377
2378	2381
2378	2382
2378	2390
2380	2379
2380	2383
2382	2381
2385	2384
2385	2802
2388	2387
2389	2388
2394	2393
2394	2396
2394	2397
2394	2398
2395	2393
2395	2398
2398	2398
2400	2399
2404	2403
2406	2405
2406	2510
2405	2407
2412	2411
2412	2427
2412	2430
2413	2411
2413	2850
2415	2414
2416	2414
2416	2416
2416	2458
2416	2465
2416	2531
2419	2418
2420	2419
2421	2420
2421	2422
2422	2419
2423	2418
2428	2427
2432	2431
2432	2435
2432	2436
2432	2437
2432	2439
2432	2490
2432	2560
2433	2431
2435	2434
2435	2438
2441	2440
2441	2443
2441	2510
2443	2442
2444	2442
2444	2514
2446	2445
2446	2447
2446	2449
2446	2460
2446	2546
2446	2547
2446	2548
2448	2447
2449	2447
2450	2449
2452	2451
2452	2458
2452	2462
2452	2465
2452	2549
2452	2550
2454	2453
2456	2455
2456	2458
2456	2465
2459	2458
2459	2465
2461	2460
2461	2464
2463	2462
2463	2464
2465	2464
2466	2469
2466	2470
2467	2468
2469	2490
2470	2506
2470	2507
2473	2472
2483	2482
2484	2482
2488	2487
2491	2490
2491	2506
2491	2507
2492	2490
2493	2490
2494	2490
2494	2552
2494	2551
2495	2494
2496	2495
2496	2498
2497	2494
2498	2494
2502	2501
2502	2504
2502	2505
2503	2501
2503	2504
2503	2505
2503	2510
2509	2508
2509	2741
2522	2521
2522	2524
2522	2525
2522	2526
2528	2540
2533	2532
2534	2532
2536	2535
2536	2537
2536	2538
2536	2539
2541	2540
2541	2560
2541	2561
2542	2540
2542	2544
2542	2551
2543	2542
2544	2542
2545	2542
2552	2551
2552	2565
2553	2552
2554	2552
2554	2775
2555	2552
2555	2568
2555	2569
2556	2552
2558	2557
2564	2563
2566	2565
2568	2570
2568	2571
2568	2572
2568	2573
2568	2574
2568	2575
2588	2587
2588	326
2593	2592
2595	2594
2597	2596
2598	2596
2599	2596
2607	2606
2607	2608
2607	2609
2611	2610
2611	2760
2612	2613
2614	2613
2614	2615
2617	2616
2617	2618
2617	2619
2617	2620
2617	3057
2621	2670
2624	392
2625	392
2626	392
2627	392
2637	2638
2659	2658
2659	2663
2660	2659
2661	2659
2662	2659
2665	2664
2666	2664
2666	2824
2667	2664
2667	2824
2669	2668
2672	2671
2672	2675
2672	2678
2672	2679
2676	2675
2676	2677
2676	2678
2676	2679
2681	2680
2682	2680
2686	2685
2691	2709
2691	2710
2692	2691
2708	2707
2717	2716
2717	2718
2720	2719
2722	2724
2722	2725
2723	2724
2723	2725
2728	2727
2728	2732
2728	2735
2729	2727
2729	2746
2731	2730
2732	2730
2732	2734
2734	2733
2737	2736
2737	2739
2740	2740
2744	2743
2748	2747
2748	2752
2749	2748
2749	2753
2749	2758
2749	2759
2751	2750
2754	2753
2756	2755
2757	2758
2757	2759
2765	1634
2767	2766
2767	2768
2767	2769
2782	2782
2782	3053
2787	2786
2792	2794
2792	2796
2793	2796
2795	2794
2795	2796
2794	2796
2797	2796
2797	2797
2797	2798
2802	2801
2803	2802
2803	2804
2803	3168
2803	3169
2806	2805
2809	2808
2809	2811
2809	2814
2809	2818
2810	3117
2812	2811
2814	2813
2814	2816
2814	2817
2814	2820
2815	2819
2816	2816
2823	2822
2823	2824
2823	2828
2823	2837
2823	2842
2823	2843
2823	2839
2825	2824
2825	2826
2825	2837
2825	2838
2825	2841
2825	2843
2827	2826
2826	2830
2829	2828
2831	2830
2831	2838
2831	2841
2832	2830
2833	2830
2833	2834
2833	2836
2835	2834
2835	2836
2839	2838
2839	2841
2839	2844
2840	2838
2840	2841
2845	2844
2852	2860
2855	2854
2858	2857
2863	2862
2863	2865
2863	2867
2864	2862
2866	2865
2868	2867
2871	2870
2878	2877
2890	2889
2889	3146
2891	2889
2894	2893
2896	2895
2900	2946
2902	2901
2902	2904
2901	2906
2907	2906
2906	3180
2909	2908
2913	2912
2914	2913
2914	3198
2916	2915
2916	2917
2918	2917
2918	3201
2921	2920
2921	2949
2920	2924
2922	2921
2922	2923
2922	2924
2922	2940
2922	2953
2922	2978
2928	2927
2928	3160
2928	3165
2929	2941
2931	2930
2930	2930
2935	2936
2936	2989
2937	2936
2941	2956
2941	2962
2941	2973
2943	2942
2948	2947
2948	2965
2949	2948
2949	2957
2949	2967
2949	2974
2950	2948
2950	2974
2950	2975
2950	3065
2950	3067
2950	3068
2950	3069
2950	3082
2950	3083
2950	3138
2950	3139
2950	3140
2950	3142
2950	3143
2950	3144
2950	3145
2950	3155
2952	2951
2952	2953
2952	2955
2954	2953
2956	2958
2956	2970
2957	2960
2957	2971
2960	2959
2960	2961
2963	2962
2965	2964
2967	2966
2967	2968
2967	2969
2972	2971
2972	2972
2972	3115
2972	3148
2972	3149
2976	2975
2978	2977
2978	2979
2978	2980
2978	2981
2985	2984
2985	2988
2988	2987
2992	2996
2992	3017
2993	3007
2993	3009
2993	3010
2993	3011
2993	3012
2993	3013
2994	2993
2994	3008
2995	2994
2995	3007
2995	3008
2995	3009
2995	3010
2995	3011
2995	3012
2995	3013
2996	2994
2998	3018
3000	2999
3000	3001
3002	3019
3002	3026
3005	3004
3007	3006
3009	3008
3016	3015
3019	3018
3021	3020
3021	3022
3022	3023
3022	3024
3022	3025
3028	3027
3030	3029
3035	3034
3036	3034
3037	3036
3038	3036
3043	3042
3042	3048
3044	3042
3045	3042
3047	3046
3047	3050
3046	3049
3048	3047
3054	3054
3055	3054
3059	3058
3059	3060
3059	3061
3059	3062
3066	3065
3066	3067
3066	3068
3066	3069
3066	3072
3066	3138
3068	3083
3071	3070
3075	3079
3075	3081
3075	3086
3076	3075
3076	3077
3076	3084
3079	3078
3079	3080
3086	3085
3086	3087
3089	3088
3089	3091
3089	3092
3096	3095
3099	3100
3100	3101
3103	3102
3102	3104
3102	3105
3102	3106
3102	3107
3109	3108
3109	3110
3111	3114
3111	3117
3111	3118
3111	3119
3115	3114
3115	3117
3115	3118
3115	3119
3115	3155
3120	3119
3124	3210
3127	3126
3127	3128
3129	3128
3131	3130
3131	3137
3133	3132
3133	3134
3133	3135
3133	3136
3137	3137
3141	3140
3141	3143
3141	3144
3147	3146
3147	3157
3147	3158
3150	3151
3150	3152
3155	3156
3161	3160
3168	3167
3170	3169
3170	3171
3175	3174
3175	3176
3175	3177
3178	3177
3178	3175
3181	3180
3184	3184
3186	3185
3188	3187
3187	3189
3187	3190
3187	3206
3187	3207
3200	3199
3200	3201
3203	3204
3210	3209
3210	3212
3210	3213
3210	3214
3210	3215
3210	3216
3211	3210
3217	3225
3217	3226
3217	3227
3217	3228
3217	3230
3217	3231
3217	3232
3217	3233
3217	3235
3217	3236
3217	3238
3218	3217
3219	3217
3220	3225
3221	3224
3223	3227
3223	3230
3237	3238
3240	3256
3242	3241
3242	3249
3242	3250
3242	3252
3242	3253
3242	3254
3242	3257
3242	3259
3242	3261
3241	3255
3241	3258
3241	3262
3243	3245
3243	3264
3243	3265
3245	3246
3246	3247
3279	3278
