1	0
1	5
1	12
1	17
1	24
1	26
1	25
1	43
1	47
1	49
1	55
1	61
1	62
1	70
1	73
1	75
1	85
1	86
1	93
1	94
1	98
1	145
1	146
1	148
1	158
1	160
1	215
1	303
1	324
1	345
1	382
1	384
1	389
1	403
1	404
1	480
1	485
1	490
1	496
1	530
1	536
1	556
1	554
1	566
1	571
1	585
1	582
1	609
1	665
1	703
1	716
1	734
1	813
1	827
1	842
1	859
1	873
1	892
1	904
1	905
1	933
1	965
1	989
1	995
1	993
1	998
1	999
1	1000
1	1004
1	1005
1	1010
1	1019
1	1062
1	1066
1	1104
1	1105
1	1135
1	1159
1	1163
1	1190
1	1250
1	1259
1	1279
1	1282
1	1301
1	1303
1	1314
1	1322
1	1353
1	1361
1	1571
1	1580
1	1582
1	1586
1	1587
1	1589
1	1686
1	1755
1	1762
1	1807
1	1830
1	1855
1	1866
1	1867
1	1874
1	1929
1	1953
1	1956
1	1964
1	1972
1	1977
1	1980
1	1981
1	1983
1	1988
1	1989
1	1991
1	2014
1	2119
1	2136
1	2150
1	2153
1	2171
1	2175
1	2178
1	2180
1	2181
1	2200
1	2201
1	2203
1	2216
1	2215
1	2273
1	2280
1	2293
1	2320
1	2321
1	2328
1	2330
1	2361
1	2363
1	2404
1	2535
1	2539
1	2544
1	2546
1	2547
1	2555
1	2568
1	2614
1	2618
1	2619
1	2643
1	2654
1	2656
1	2667
1	2695
1	2699
1	2704
1	2706
1	2711
1	2714
1	2715
1	2726
1	2727
1	2731
1	2734
1	2742
1	2743
1	2746
1	2749
1	2750
1	2754
1	1666
1	2806
1	2832
1	2834
1	2835
1	2842
1	2847
1	2890
1	2934
1	2939
1	2942
1	2943
1	2958
1	2961
1	2966
1	2969
1	2971
1	2972
1	2979
1	2990
1	3019
1	3024
1	3027
1	3032
1	3049
1	3050
1	3053
1	3062
1	3118
1	3135
1	3141
1	3168
1	3181
1	3199
1	3224
1	3265
1	3270
1	3271
1	3279
1	3284
1	3310
1	3312
1	3315
1	3317
1	3319
1	3320
1	3325
1	3327
1	3328
1	3329
1	3330
1	3335
1	3337
0	11
0	62
0	144
0	147
0	2535
0	2759
0	2760
0	3019
0	3299
0	3311
0	3312
0	3315
0	3316
0	3317
0	3319
0	3320
0	3321
0	3322
0	3324
0	3325
0	3327
0	3333
0	3335
2	0
2	5
2	9
2	8
2	6
2	17
2	18
2	22
2	39
2	45
2	71
2	77
2	79
2	93
2	145
2	150
2	154
2	155
2	190
2	281
2	327
2	391
2	531
2	535
2	818
2	837
2	846
2	840
2	857
2	867
2	878
2	882
2	886
2	887
2	890
2	896
2	898
2	900
2	902
2	904
2	906
2	908
2	910
2	918
2	931
2	965
2	991
2	1049
2	1050
2	1052
2	1137
2	1213
2	1259
2	1264
2	1295
2	1402
2	1407
2	1414
2	1421
2	1425
2	1427
2	1429
2	1452
2	1487
2	1489
2	1494
2	1544
2	1558
2	1566
2	1573
2	1576
2	1583
2	1587
2	1595
2	1598
2	1602
2	1614
2	1636
2	1637
2	1638
2	1639
2	1659
2	1677
2	1687
2	1697
2	1762
2	1790
2	1929
2	1969
2	1976
2	1985
2	1993
2	2040
2	2055
2	2062
2	2067
2	2092
2	2134
2	2139
2	2160
2	2167
2	2169
2	2172
2	2175
2	2204
2	2244
2	2255
2	2317
2	2356
2	2395
2	2508
2	2516
2	2535
2	2588
2	2616
2	2657
2	2725
2	2726
2	2727
2	2746
2	2752
2	2754
2	2813
2	2820
2	2821
2	2833
2	2848
2	2937
2	2966
2	2969
2	2972
2	2973
2	2997
2	3008
2	3053
2	3148
2	3188
2	3266
2	3271
2	3307
2	3311
2	3327
3	0
3	9
3	8
3	14
3	19
3	22
3	11
3	25
3	31
3	40
3	45
3	60
3	62
3	73
3	72
3	71
3	84
3	85
3	92
3	91
3	104
3	107
3	144
3	145
3	146
3	147
3	151
3	153
3	154
3	155
3	159
3	267
3	280
3	283
3	303
3	307
3	322
3	324
3	377
3	379
3	392
3	395
3	404
3	406
3	408
3	482
3	490
3	480
3	494
3	523
3	530
3	562
3	566
3	571
3	585
3	584
3	594
3	583
3	616
3	615
3	614
3	619
3	647
3	650
3	651
3	657
3	665
3	668
3	672
3	690
3	691
3	703
3	705
3	713
3	716
3	734
3	813
3	820
3	828
3	834
3	837
3	839
3	832
3	845
3	846
3	852
3	864
3	867
3	865
3	869
3	879
3	878
3	882
3	887
3	888
3	889
3	890
3	894
3	896
3	905
3	919
3	920
3	931
3	933
3	934
3	946
3	970
3	979
3	982
3	976
3	985
3	986
3	1005
3	1022
3	1027
3	1045
3	1052
3	1057
3	1099
3	1105
3	1107
3	1128
3	1141
3	1140
3	1145
3	1156
3	1159
3	1160
3	1177
3	1183
3	1190
3	1237
3	1238
3	1265
3	1287
3	1291
3	1299
3	1300
3	1303
3	1304
3	1312
3	1360
3	1367
3	1380
3	1442
3	1451
3	1453
3	1476
3	1489
3	1524
3	1533
3	1537
3	1546
3	1552
3	1556
3	1562
3	1567
3	1573
3	1582
3	1587
3	1593
3	1603
3	1614
3	1615
3	1632
3	1633
3	1645
3	1650
3	1662
3	1682
3	1685
3	1688
3	1690
3	1708
3	1705
3	1720
3	1741
3	1742
3	1756
3	1784
3	1788
3	1807
3	1929
3	1930
3	1933
3	1971
3	1970
3	1969
3	1975
3	1976
3	1979
3	1985
3	1987
3	1993
3	2009
3	2013
3	2027
3	2037
3	2039
3	2043
3	2047
3	2069
3	2071
3	2072
3	2081
3	2140
3	2147
3	2153
3	2152
3	2151
3	2164
3	2166
3	2172
3	2175
3	2178
3	2180
3	2181
3	2199
3	2212
3	2228
3	2235
3	2236
3	2238
3	2273
3	2280
3	2281
3	2292
3	44
3	2321
3	2320
3	2324
3	2330
3	2332
3	2333
3	2339
3	2340
3	2342
3	2350
3	2354
3	2356
3	2359
3	2373
3	2393
3	2395
3	2405
3	2410
3	2418
3	2438
3	2449
3	2460
3	2467
3	2474
3	2487
3	2495
3	2514
3	2517
3	2522
3	2528
3	2529
3	2536
3	2546
3	2555
3	2559
3	2568
3	2578
3	2576
3	2588
3	2596
3	2597
3	2612
3	2613
3	2614
3	2618
3	2619
3	2621
3	2624
3	2625
3	2632
3	2638
3	2641
3	2695
3	2694
3	2699
3	2704
3	2709
3	2725
3	2727
3	2746
3	2760
3	2763
3	2767
3	2768
3	2769
3	2771
3	1666
3	2806
3	2807
3	2812
3	2813
3	2815
3	2817
3	2818
3	2819
3	2820
3	2821
3	2163
3	2523
3	2827
3	2829
3	2839
3	2841
3	2847
3	2888
3	2925
3	2966
3	2972
3	2973
3	3019
3	3024
3	3029
3	3038
3	3042
3	3043
3	3044
3	3045
3	3046
3	3047
3	3048
3	3049
3	3053
3	3077
3	3090
3	3112
3	3113
3	3130
3	3135
3	3141
3	3164
3	3168
3	3167
3	3174
3	3188
3	3189
3	3206
3	3207
3	3218
3	3226
3	3264
3	3265
3	3267
3	3282
3	3284
3	3285
3	3307
3	3309
3	3318
3	3321
3	3322
3	3327
3	3328
3	3331
3	3334
3	3348
4	0
4	8
4	14
4	19
4	22
4	21
4	26
4	28
4	30
4	25
4	24
4	43
4	42
4	47
4	45
4	39
4	49
4	54
4	55
4	60
4	61
4	68
4	69
4	73
4	82
4	83
4	71
4	70
4	84
4	85
4	86
4	90
4	91
4	104
4	111
4	108
4	118
4	122
4	126
4	133
4	132
4	139
4	140
4	141
4	142
4	145
4	146
4	150
4	151
4	153
4	154
4	155
4	162
4	165
4	164
4	169
4	172
4	183
4	184
4	188
4	190
4	189
4	192
4	194
4	195
4	196
4	197
4	199
4	202
4	203
4	204
4	205
4	206
4	207
4	208
4	209
4	210
4	211
4	212
4	213
4	214
4	218
4	217
4	221
4	226
4	231
4	237
4	244
4	246
4	247
4	249
4	251
4	254
4	258
4	265
4	267
4	279
4	285
4	297
4	304
4	312
4	310
4	315
4	314
4	322
4	332
4	334
4	335
4	336
4	347
4	348
4	355
4	356
4	360
4	358
4	365
4	369
4	371
4	374
4	377
4	378
4	379
4	384
4	382
4	386
4	388
4	392
4	391
4	404
4	406
4	407
4	408
4	416
4	415
4	424
4	482
4	481
4	490
4	485
4	521
4	529
4	530
4	550
4	553
4	551
4	555
4	561
4	564
4	566
4	571
4	572
4	575
4	579
4	588
4	589
4	590
4	585
4	593
4	592
4	583
4	600
4	603
4	604
4	606
4	608
4	610
4	611
4	612
4	616
4	619
4	637
4	639
4	651
4	653
4	654
4	657
4	659
4	660
4	661
4	664
4	665
4	668
4	670
4	671
4	675
4	681
4	684
4	690
4	692
4	703
4	706
4	707
4	709
4	713
4	716
4	717
4	718
4	724
4	729
4	745
4	752
4	756
4	824
4	827
4	828
4	837
4	839
4	842
4	860
4	873
4	877
4	885
4	888
4	890
4	893
4	894
4	897
4	898
4	899
4	900
4	901
4	902
4	905
4	904
4	908
4	909
4	910
4	912
4	913
4	916
4	915
4	917
4	922
4	923
4	927
4	934
4	950
4	951
4	956
4	955
4	963
4	964
4	968
4	969
4	1005
4	1015
4	1027
4	1032
4	1035
4	1045
4	1052
4	1057
4	1060
4	1061
4	1077
4	1102
4	1099
4	1098
4	1104
4	1111
4	1116
4	1117
4	1118
4	1119
4	1121
4	1122
4	1123
4	1130
4	1129
4	1133
4	1136
4	1141
4	1140
4	1151
4	1153
4	1178
4	1213
4	1238
4	1244
4	1246
4	1249
4	1253
4	1265
4	1266
4	1275
4	1282
4	1284
4	1302
4	1303
4	1305
4	1307
4	1309
4	1310
4	1311
4	1312
4	1313
4	1322
4	1331
4	1332
4	1333
4	1337
4	1359
4	1360
4	1367
4	1366
4	1369
4	1371
4	1374
4	1384
4	1391
4	1396
4	1412
4	1413
4	1423
4	1430
4	1433
4	1436
4	1437
4	1442
4	1446
4	1453
4	1462
4	1461
4	1466
4	1467
4	1469
4	1478
4	1491
4	1492
4	1525
4	1524
4	1526
4	1530
4	1531
4	1543
4	1554
4	1557
4	1561
4	1571
4	1569
4	1568
4	1573
4	1578
4	1581
4	1582
4	1587
4	1589
4	1590
4	1591
4	1592
4	1593
4	1595
4	1605
4	1606
4	1608
4	1620
4	1625
4	1626
4	1636
4	1644
4	1646
4	1647
4	1652
4	1661
4	1665
4	1667
4	1664
4	1671
4	1677
4	1690
4	1691
4	1694
4	1695
4	1696
4	1698
4	1700
4	1701
4	1702
4	1705
4	1704
4	1709
4	1710
4	1711
4	1720
4	1721
4	1722
4	1723
4	1724
4	1727
4	1728
4	1735
4	1736
4	1739
4	1740
4	1741
4	1748
4	1754
4	1756
4	1761
4	1760
4	1766
4	1765
4	1769
4	1770
4	1772
4	1775
4	1776
4	1780
4	1781
4	1782
4	1787
4	1788
4	1789
4	1790
4	1791
4	1792
4	1793
4	1794
4	1795
4	1796
4	1797
4	1798
4	1799
4	1800
4	1801
4	1802
4	1803
4	1804
4	1805
4	1807
4	1809
4	1810
4	1811
4	1812
4	1813
4	1814
4	1815
4	1816
4	1817
4	1818
4	1819
4	1820
4	1821
4	1822
4	1823
4	1824
4	1825
4	1826
4	1827
4	1829
4	1828
4	1831
4	1832
4	1833
4	1834
4	1835
4	1836
4	1837
4	1839
4	1840
4	1841
4	1842
4	1843
4	1844
4	1845
4	1846
4	1847
4	1848
4	1849
4	1850
4	1851
4	1852
4	1853
4	1854
4	1856
4	1857
4	1858
4	1859
4	1860
4	1861
4	1862
4	1863
4	1864
4	1865
4	1871
4	1929
4	1934
4	1946
4	1951
4	1958
4	1959
4	1960
4	1961
4	1964
4	1970
4	1975
4	1974
4	1976
4	1977
4	1978
4	1979
4	1981
4	1980
4	1984
4	1985
4	1986
4	1987
4	1989
4	1988
4	1992
4	1993
4	1994
4	2011
4	2013
4	2017
4	2019
4	2021
4	2023
4	2025
4	2030
4	2032
4	2037
4	2036
4	2039
4	2041
4	2043
4	2045
4	2047
4	2049
4	2051
4	2050
4	2052
4	2054
4	2057
4	2058
4	2060
4	2062
4	2065
4	2066
4	2068
4	2069
4	2071
4	2072
4	2075
4	2076
4	2078
4	2086
4	2090
4	2136
4	2143
4	2164
4	2168
4	2171
4	2174
4	2175
4	2179
4	2183
4	2186
4	2184
4	2187
4	2188
4	2189
4	2192
4	2193
4	2194
4	2199
4	2201
4	2200
4	2202
4	2204
4	2207
4	2216
4	2215
4	2218
4	2220
4	2221
4	2222
4	2223
4	2225
4	2227
4	2239
4	2252
4	2254
4	2256
4	2269
4	2271
4	2272
4	2275
4	2281
4	2285
4	2288
4	2290
4	2292
4	2299
4	2301
4	2302
4	2303
4	2304
4	2305
4	2306
4	2307
4	2308
4	2309
4	2310
4	2311
4	2313
4	2324
4	2328
4	2331
4	2330
4	2333
4	2334
4	2336
4	2338
4	2339
4	2340
4	2348
4	2349
4	2346
4	2350
4	2352
4	2354
4	2356
4	2359
4	2370
4	2369
4	2372
4	2373
4	2374
4	2376
4	2379
4	2378
4	2380
4	2382
4	2384
4	2385
4	2386
4	2390
4	2392
4	2393
4	2407
4	2408
4	2411
4	2410
4	2401
4	2414
4	2418
4	2422
4	2423
4	2427
4	2430
4	2429
4	2432
4	2434
4	2433
4	2435
4	2437
4	2438
4	2440
4	2441
4	2446
4	2449
4	2459
4	2460
4	2465
4	2466
4	2470
4	2474
4	2481
4	2485
4	2488
4	2495
4	2504
4	2507
4	2506
4	2508
4	2511
4	2516
4	2518
4	2520
4	2522
4	2527
4	2532
4	2529
4	2533
4	2536
4	2539
4	2542
4	2543
4	2547
4	2548
4	2549
4	2552
4	2556
4	2560
4	2562
4	2563
4	2564
4	2566
4	2567
4	2568
4	2578
4	2576
4	2592
4	2588
4	2594
4	2593
4	2596
4	2597
4	2598
4	2612
4	2614
4	2617
4	2624
4	2625
4	710
4	2641
4	2646
4	2652
4	2655
4	2664
4	2665
4	2669
4	2670
4	2671
4	2672
4	2673
4	2675
4	2676
4	2677
4	2678
4	2679
4	2680
4	2681
4	2682
4	2683
4	2684
4	2685
4	2686
4	2687
4	2688
4	2689
4	2690
4	2691
4	2692
4	2695
4	2698
4	2704
4	2706
4	2710
4	2713
4	2716
4	2719
4	2720
4	2724
4	2725
4	2735
4	2736
4	2737
4	2738
4	2739
4	2740
4	2746
4	2753
4	2754
4	2756
4	2762
4	2764
4	2763
4	2767
4	2768
4	2769
4	2771
4	2772
4	2774
4	2775
4	2782
4	2786
4	2788
4	2796
4	2798
4	2799
4	2801
4	2809
4	2816
4	2817
4	2822
4	2823
4	2163
4	2828
4	2829
4	2831
4	2834
4	2833
4	2835
4	2836
4	2841
4	2850
4	2854
4	2855
4	2857
4	2858
4	2874
4	2875
4	2880
4	2887
4	2889
4	2892
4	2897
4	1628
4	2898
4	2910
4	2913
4	2915
4	2919
4	2920
4	2921
4	2922
4	2923
4	2924
4	2929
4	2935
4	2937
4	2939
4	2938
4	2945
4	2949
4	2954
4	2956
4	2958
4	2957
4	2962
4	2965
4	2964
4	2971
4	2975
4	2976
4	2977
4	2978
4	2982
4	2983
4	2990
4	2998
4	3000
4	3004
4	3008
4	3014
4	3013
4	3015
4	3016
4	3017
4	3018
4	3023
4	3024
4	3025
4	3026
4	3027
4	3031
4	3029
4	3032
4	3033
4	3035
4	3034
4	3036
4	3037
4	3038
4	3039
4	3042
4	3044
4	3043
4	3045
4	3046
4	3047
4	3048
4	3049
4	3051
4	3052
4	3054
4	3056
4	3057
4	3061
4	3062
4	3064
4	3067
4	3068
4	3071
4	3087
4	3090
4	3089
4	3091
4	3092
4	3109
4	3112
4	3113
4	3126
4	3137
4	3141
4	3140
4	3145
4	3146
4	3148
4	3150
4	3151
4	3153
4	3154
4	3163
4	3164
4	3165
4	3168
4	3172
4	3173
4	3174
4	3175
4	3176
4	3181
4	3183
4	3185
4	3186
4	3187
4	3192
4	3196
4	3201
4	3202
4	3205
4	3210
4	3212
4	3216
4	3217
4	3218
4	3219
4	3220
4	3221
4	3225
4	3226
4	3229
4	3234
4	3236
4	3242
4	3241
4	3252
4	3258
4	3264
4	3265
4	3267
4	3269
4	3272
4	3278
4	3280
4	3284
4	3285
4	3286
4	3287
4	3290
4	3291
4	3292
4	3294
4	3296
4	3297
4	3299
4	3307
4	3308
4	3309
4	3310
4	3315
4	3316
4	3319
4	3321
4	3322
4	3324
4	3327
4	3331
4	3330
4	3332
4	3334
4	3338
4	3346
4	3348
4	3357
4	3359
4	3360
4	3361
7	6
6	12
8	7
9	8
9	34
10	8
10	22
10	45
10	47
10	77
10	71
10	158
10	168
10	208
10	253
10	283
10	303
10	322
10	328
10	393
10	404
10	509
10	524
10	529
10	535
10	536
10	545
10	583
10	619
10	808
10	839
10	857
10	875
10	884
10	904
10	913
10	930
10	946
10	964
10	996
10	1040
10	1068
10	1140
10	1151
10	1210
10	1213
10	1238
10	1134
10	1275
10	1288
10	1345
10	1451
10	1457
10	1458
10	1520
10	1528
10	1564
10	1583
10	1593
10	1629
10	1677
10	1702
10	1779
10	1790
10	1928
10	1930
10	1945
10	1971
10	2007
10	2008
10	2009
10	2053
10	2125
10	2133
10	2147
10	2153
10	2157
10	2180
10	2192
10	2193
10	2194
10	2215
10	2282
10	44
10	2362
10	2377
10	2495
10	2496
10	2564
10	2587
10	2612
10	413
10	2695
10	2704
10	2706
10	2708
10	2727
10	2729
10	2730
10	2746
10	2754
10	2776
10	2894
10	2893
10	2895
10	2926
10	2942
10	2963
10	2968
10	2979
10	2982
10	2983
10	3120
10	3124
10	3125
10	3160
10	3162
10	3182
10	3197
10	3200
10	3204
10	3230
10	3280
10	3282
10	3283
10	3286
10	3299
10	3329
12	11
12	144
12	2535
12	3297
12	3299
12	3306
12	3354
12	3355
11	23
11	35
11	36
11	146
11	147
11	148
11	149
11	150
11	153
11	154
11	2758
11	3019
11	3331
11	3341
13	12
13	19
14	12
15	14
15	20
15	21
15	24
15	55
15	61
15	62
15	70
15	84
15	85
15	86
15	90
15	91
15	2759
15	3332
15	3333
16	15
17	14
18	12
19	12
20	19
20	40
20	49
20	60
20	143
20	3307
20	3308
20	3309
20	3311
20	3312
20	3326
21	11
21	3299
21	3306
22	21
22	108
22	126
22	132
22	530
22	946
22	982
22	1102
22	1442
22	1690
22	1759
22	1943
23	151
23	152
24	23
25	24
25	1667
25	1672
25	1678
25	2211
25	2213
25	2228
25	2505
26	25
26	28
27	26
27	71
27	83
27	97
27	112
27	144
27	147
27	158
27	159
27	161
27	160
27	237
27	246
27	252
27	287
27	312
27	317
27	319
27	316
27	320
27	321
27	322
27	324
27	353
27	360
27	365
27	379
27	382
27	384
27	386
27	389
27	388
27	391
27	403
27	404
27	523
27	544
27	548
27	552
27	556
27	554
27	566
27	585
27	594
27	583
27	600
27	651
27	660
27	665
27	684
27	691
27	703
27	706
27	727
27	734
27	804
27	807
27	813
27	821
27	823
27	824
27	828
27	825
27	844
27	846
27	849
27	852
27	857
27	858
27	865
27	868
27	879
27	905
27	904
27	978
27	976
27	1005
27	1027
27	1045
27	1066
27	1097
27	1112
27	1135
27	1156
27	1190
27	1210
27	1238
27	1250
27	1305
27	1311
27	1345
27	1344
27	1423
27	1451
27	1524
27	1548
27	1549
27	1562
27	1571
27	1582
27	1589
27	1639
27	1642
27	1652
27	1661
27	1667
27	1675
27	1679
27	1697
27	1704
27	1709
27	1731
27	1964
27	1963
27	1969
27	1972
27	1974
27	1975
27	1976
27	1977
27	1978
27	1979
27	1981
27	1980
27	1983
27	1984
27	1985
27	1986
27	1987
27	1988
27	1989
27	1991
27	1992
27	1993
27	1994
27	2134
27	2147
27	2153
27	2151
27	2160
27	2164
27	2167
27	2169
27	2172
27	2175
27	2178
27	2180
27	2187
27	2199
27	2201
27	2200
27	2203
27	2202
27	2204
27	2207
27	2209
27	2213
27	2230
27	2237
27	2281
27	2293
27	2294
27	2320
27	2339
27	2342
27	2346
27	2354
27	2361
27	2371
27	2373
27	2385
27	2386
27	2393
27	2395
27	2397
27	2410
27	2417
27	2418
27	2422
27	2441
27	2524
27	2528
27	2536
27	2544
27	2546
27	2549
27	2554
27	2555
27	2565
27	2588
27	2592
27	2596
27	2619
27	2620
27	2637
27	2646
27	2695
27	2704
27	2729
27	2730
27	2754
27	2768
27	2771
27	2788
27	2789
27	2793
27	2798
27	2799
27	2811
27	2813
27	2820
27	2821
27	2823
27	2829
27	2832
27	2831
27	2834
27	2833
27	2835
27	2836
27	2856
27	2863
27	2874
27	2885
27	2886
27	2890
27	2895
27	2899
27	2969
27	2972
27	2979
27	2984
27	3019
27	3028
27	3029
27	3032
27	3038
27	3042
27	3043
27	3044
27	3045
27	3046
27	3047
27	3048
27	3052
27	3054
27	3053
27	3076
27	3118
27	3135
27	3151
27	3154
27	3157
27	3164
27	3224
27	3267
27	3318
27	3322
28	25
28	2211
28	2216
29	28
29	962
29	1137
29	1402
29	1412
29	1429
29	1531
29	1544
29	2397
29	2399
29	2507
29	2616
29	2722
29	2814
29	2823
29	2825
29	2848
29	2892
29	2895
29	2929
29	1947
30	25
30	319
30	321
30	339
30	341
30	804
30	810
30	823
30	820
30	827
30	828
30	829
30	825
30	834
30	843
30	874
30	888
30	889
30	918
30	919
30	920
30	960
30	962
30	1097
30	1237
30	1404
30	1424
30	1427
30	1426
30	1428
30	1439
30	1464
30	1489
30	1650
30	1705
30	2019
30	2037
30	2040
30	2089
30	2102
30	2119
30	2121
30	2122
30	2129
30	2130
30	2248
30	2455
30	2472
30	3076
30	3129
30	3137
30	3148
30	3174
30	3266
30	3267
32	31
32	33
36	145
36	155
37	36
37	3336
38	37
39	38
40	39
40	48
40	147
40	153
40	3310
40	3335
41	40
41	1485
41	1540
41	1690
41	2723
41	3307
42	39
43	42
43	54
43	87
43	118
43	1133
43	1136
43	1285
43	1763
43	1837
43	1887
43	2545
43	3199
43	3270
43	3279
44	42
44	54
44	87
45	39
45	45
45	490
45	1266
45	1690
45	3089
45	3109
45	3270
46	45
46	47
46	324
46	404
46	480
46	490
46	656
46	705
46	706
46	813
46	818
46	827
46	834
46	837
46	846
46	867
46	865
46	871
46	878
46	887
46	895
46	898
46	938
46	964
46	983
46	986
46	988
46	1027
46	1040
46	1081
46	1097
46	1104
46	1105
46	1107
46	1111
46	1116
46	1117
46	1118
46	1119
46	1121
46	1122
46	1123
46	1132
46	1140
46	1155
46	1154
46	1166
46	1167
46	1175
46	1193
46	1194
46	1198
46	1213
46	1225
46	1226
46	1230
46	1233
46	1234
46	1238
46	1246
46	1266
46	1275
46	1280
46	1286
46	1290
46	1345
46	1371
46	1587
46	1603
46	1605
46	1677
46	1705
46	1956
46	1957
46	2009
46	2062
46	2321
46	2330
46	2333
46	2339
46	2353
46	2354
46	2359
46	2363
46	2368
46	2369
46	2373
46	2397
46	2405
46	2410
46	2414
46	2418
46	2423
46	2438
46	2466
46	2487
46	2520
46	2524
46	2535
46	2544
46	2546
46	2550
46	2551
46	2576
46	2588
46	2592
46	2595
46	2596
46	2613
46	2619
46	2652
46	2654
46	2655
46	2656
46	2657
46	2666
46	2695
46	2704
46	2746
46	2782
46	2916
46	2925
46	2939
46	2948
46	2961
46	2969
46	2976
46	2982
46	2983
46	2985
46	2988
46	2990
46	2992
46	3014
46	3089
46	3131
46	3130
46	3144
46	3181
46	3182
46	3183
46	3185
46	3186
46	3187
46	3188
46	3224
46	3230
46	3279
46	3285
46	3323
47	45
47	47
47	3091
48	38
48	2760
48	3019
49	48
49	3334
50	49
50	322
50	324
50	507
50	506
50	509
50	510
50	529
50	566
50	569
50	703
50	705
50	713
50	717
50	718
50	722
50	732
50	824
50	860
50	886
50	933
50	1238
50	1286
50	979
50	1416
50	1540
50	2461
50	2546
50	2637
50	2668
50	2689
50	2696
50	2731
50	2732
50	2733
50	2734
50	2735
50	2736
50	2737
50	2738
50	2739
50	2740
50	2741
50	2747
50	2748
50	2777
50	2867
50	3168
50	3284
51	37
51	1098
51	2048
51	2051
51	2052
51	2449
51	2529
52	51
52	108
52	1102
52	1098
52	982
52	1525
52	1533
52	1537
52	1540
52	1943
52	1957
52	2243
52	2952
52	2966
52	2978
52	2986
52	3019
52	3288
53	52
53	108
53	111
53	980
53	1007
53	1005
53	1098
53	1257
53	1568
53	1601
53	1645
53	1644
53	1685
53	1954
53	2019
53	2037
53	2047
53	2172
53	2321
53	2329
53	2351
53	2358
53	2359
53	2367
53	2370
53	2376
53	2386
53	2391
53	2399
53	2436
53	2438
53	2462
53	2471
53	2529
53	2532
53	2546
53	2559
53	2592
53	2766
53	2769
53	2771
53	2801
53	2815
53	2817
53	2523
53	2840
53	3141
53	1947
53	2765
54	36
54	54
54	71
54	70
54	84
54	154
55	153
56	55
56	108
56	956
56	954
56	1081
56	1384
56	1398
56	1399
56	1451
56	1467
56	1657
56	1685
56	1772
56	2014
57	56
57	111
57	549
57	962
57	980
57	1634
57	2028
58	57
58	56
58	71
58	957
58	961
58	1138
58	1137
58	1286
58	1678
58	2379
58	2616
58	2846
58	3357
59	56
59	1074
59	1133
59	1136
59	1286
59	3356
59	3357
59	3358
60	146
60	147
60	153
62	3299
63	62
63	166
63	209
63	481
63	484
63	480
63	533
63	536
63	661
63	689
63	699
63	703
63	893
63	897
63	899
63	901
63	909
63	912
63	922
63	930
63	1485
63	1550
63	1697
63	2140
63	2160
63	2164
63	2167
63	2172
63	2301
63	2302
63	2303
63	2304
63	2305
63	2306
63	2307
63	2308
63	2309
63	2310
63	2311
63	2670
63	2671
63	2673
63	2676
63	2679
63	2680
63	2681
63	2687
63	2690
63	2691
63	2692
63	2704
63	2723
63	2746
63	2752
63	3297
63	3307
63	3333
64	63
65	63
66	63
66	717
66	3108
67	63
67	718
68	63
68	72
68	267
68	283
68	282
68	392
68	481
68	490
68	536
68	904
68	946
68	1109
68	1303
68	1458
68	2216
68	2238
68	2289
68	2291
68	2664
68	2695
69	63
69	481
69	1098
69	1343
69	1345
69	1348
69	2448
69	2565
70	146
70	147
70	149
70	3321
70	3322
71	70
71	108
71	946
71	1261
71	1451
71	1485
71	1546
71	1690
71	1969
71	2014
71	2253
72	71
72	1970
72	2081
72	2152
72	2216
72	2226
72	2616
73	72
73	392
74	71
75	71
75	75
75	946
75	1387
75	1389
75	1445
75	1971
75	2053
75	2213
76	75
76	71
76	92
76	147
76	156
76	160
76	585
76	846
76	867
76	1052
76	1053
76	1250
76	1309
76	1310
76	1311
76	1312
76	1434
76	1493
76	1571
76	1569
76	1587
76	1605
76	1643
76	1647
76	1677
76	1688
76	1690
76	1700
76	1701
76	1712
76	1713
76	1715
76	1716
76	2134
76	2169
76	2271
76	2273
76	2330
76	2350
76	2352
76	2359
76	2367
76	2372
76	2373
76	2386
76	2469
76	2496
76	2524
76	2527
76	2539
76	2542
76	2543
76	2544
76	2546
76	2549
76	2554
76	2555
76	2559
76	2592
76	2594
76	2593
76	2596
76	2597
76	2618
76	2619
76	2762
76	2764
76	2772
76	2775
76	2793
76	2794
76	2798
76	2799
76	2803
76	2816
76	2839
76	2878
76	2911
76	2914
76	2935
76	2964
76	2966
76	3027
76	3038
76	3052
76	3054
76	3118
76	3155
76	3222
76	3299
76	3318
77	71
77	1400
77	1410
77	1414
77	1608
78	71
79	78
80	79
80	1439
80	1440
80	1441
81	80
81	1435
81	1596
81	1654
82	71
82	1451
82	1452
82	2039
82	2240
82	2241
82	2242
82	2243
82	2244
82	2246
82	2247
82	2248
82	2250
82	2251
82	2252
82	2253
82	2254
82	2255
83	71
84	146
85	149
85	150
86	148
87	86
87	87
87	90
87	1261
88	86
88	1604
88	1697
88	2140
88	2154
88	2161
88	2162
88	2164
88	2167
88	2172
88	3233
88	3367
89	88
89	352
89	980
89	1567
89	1568
89	1645
89	2346
89	2371
89	2372
89	2386
89	2395
89	2407
89	2415
89	2416
89	2417
89	2518
89	2536
89	2552
89	2559
89	2620
89	2621
89	2623
89	350
89	2626
89	2627
89	2767
89	2769
89	2771
89	2811
89	2812
89	2813
89	2814
89	2815
89	2816
89	2817
89	2818
89	2819
89	2820
89	2821
89	2822
89	2823
89	2825
89	2163
89	2826
89	2523
89	2827
89	2828
89	2840
89	3130
89	3141
89	1651
90	147
90	148
90	149
90	153
90	3322
91	147
91	153
91	3299
91	3306
92	91
92	1605
92	2273
92	2555
92	3318
96	95
96	191
96	263
96	659
96	1094
96	1306
96	1488
96	1585
96	2196
96	2279
96	2343
96	2388
96	2751
96	2852
96	2891
96	2906
96	2940
96	2947
96	2975
96	3040
95	97
100	99
100	1668
100	2521
102	101
102	107
102	106
102	1080
102	1081
102	1663
102	1684
102	1683
102	1690
102	1957
102	2512
102	2514
104	103
104	968
104	969
104	987
104	988
104	1244
104	1375
104	1376
104	1377
104	1378
104	1379
104	1380
104	1381
104	1382
104	1383
104	1387
104	1388
104	1390
104	1391
104	1392
104	1393
104	1395
104	1396
104	1447
104	1448
104	1475
104	1551
104	1961
104	2454
104	2455
105	104
105	986
105	1442
105	1469
105	1472
107	106
107	1663
107	2514
108	107
108	1081
108	1684
109	108
109	1759
110	108
110	1291
110	1550
110	1551
110	1556
110	1563
110	1565
110	1566
110	1573
110	1576
110	1596
110	1607
110	1610
110	1614
110	1615
110	1619
110	1624
110	1629
110	1632
110	1642
110	1650
110	1654
110	2164
110	2172
110	2514
110	3075
110	3086
110	3365
111	108
111	1685
111	1690
113	112
113	117
113	2121
113	2447
115	114
115	121
115	2079
115	2102
115	2103
115	2105
115	2118
116	115
116	2108
116	2111
116	2116
116	2119
116	2120
116	3070
117	116
118	117
118	2111
120	119
121	120
121	2126
123	122
123	3217
123	3218
123	3219
123	3221
124	123
124	2526
124	2965
124	3134
124	3135
124	3139
124	3140
124	3142
124	3143
124	3144
124	3148
124	3222
124	3223
124	3265
124	3269
126	125
126	3094
126	3095
126	3096
126	3097
127	126
127	400
127	661
127	703
127	3109
128	126
128	132
128	400
128	404
128	569
128	657
128	661
128	703
128	705
128	713
128	2695
128	2694
128	3133
128	3204
130	129
130	3281
130	3282
132	131
132	3098
132	3099
132	3100
132	3101
132	3102
132	3103
132	3104
132	3105
132	3106
132	3107
133	132
133	404
133	408
133	705
133	2696
133	3204
134	132
134	138
136	135
136	3283
138	137
138	3093
138	3214
138	3245
138	3246
138	3260
143	144
147	3313
147	3350
155	3353
157	156
157	160
157	403
157	1005
157	2782
157	2797
158	159
161	160
161	585
161	3027
161	3028
161	3029
161	3032
161	3033
161	3042
161	3043
161	3044
161	3045
161	3046
161	3047
161	3048
161	3050
161	3053
161	3061
161	3063
163	162
163	474
163	478
163	495
163	497
163	498
163	499
163	500
163	501
163	504
163	505
163	3075
163	3086
165	164
165	167
165	172
165	174
165	173
165	177
165	181
165	183
165	184
165	185
165	186
165	187
165	188
165	937
165	938
165	940
165	941
165	942
165	1258
165	1260
165	1263
165	1479
165	1480
165	1481
165	2323
165	3067
164	167
164	172
164	174
164	175
164	176
164	180
164	182
164	184
164	185
164	186
164	187
164	937
164	938
164	940
164	941
164	942
164	1258
164	1260
164	1263
164	1479
164	1480
164	1481
164	2319
164	2322
164	2323
164	3067
167	166
167	168
168	166
171	170
174	173
174	178
174	179
174	181
174	188
178	177
179	183
190	189
190	192
190	193
190	194
190	195
190	196
190	197
190	198
190	199
190	200
190	201
190	202
190	203
190	204
190	206
190	935
190	936
190	939
190	943
190	1477
191	190
191	240
191	248
191	250
191	265
191	337
191	398
191	402
191	520
191	534
191	541
191	733
191	736
191	737
191	738
191	739
191	740
191	741
191	742
191	750
191	751
191	851
191	883
191	903
191	1324
191	1325
191	1327
191	1328
191	1329
191	1330
191	1331
191	1334
191	1335
191	1336
191	1337
191	1338
191	1339
191	1341
191	1342
191	1349
191	1350
191	1351
191	1352
191	1353
191	1354
191	1355
191	1356
191	1357
191	1358
191	1362
191	1363
191	1364
191	1365
191	1536
191	1542
191	2288
191	2290
191	2300
191	2312
191	2315
191	2316
191	2327
191	3276
191	3292
215	214
215	218
215	285
215	885
215	2292
216	215
216	214
216	324
218	217
218	221
218	222
218	227
218	229
218	230
218	233
218	242
218	1933
217	224
217	225
217	226
217	228
217	231
217	232
217	234
217	235
217	236
219	218
220	218
220	474
220	475
220	478
220	479
220	480
220	495
220	497
220	501
220	504
220	1238
220	1944
220	2123
220	2131
221	223
238	237
238	849
238	2771
237	244
237	246
239	237
239	1677
239	1678
239	1679
239	1745
239	2941
242	241
242	243
245	244
245	2410
249	249
253	252
253	261
253	262
252	481
254	252
254	268
254	275
254	274
254	276
254	278
254	281
254	284
254	287
254	322
254	327
254	331
254	333
254	375
254	401
254	817
254	818
254	872
254	880
254	878
254	890
254	896
254	1097
254	1099
254	982
254	1338
254	1520
254	1528
254	1541
254	1609
254	1943
254	1956
254	1957
254	1959
254	2056
254	2267
254	2391
254	3000
254	3231
254	3312
255	254
255	314
256	252
256	2618
256	2619
257	256
257	2619
259	258
258	416
258	692
258	2618
260	258
260	418
264	259
267	266
267	301
267	312
267	879
267	1097
267	1529
267	1530
267	1543
267	1952
267	1956
267	1957
267	1958
267	2274
267	2390
266	275
266	281
268	267
268	326
268	330
268	331
269	267
269	326
269	327
269	330
269	331
270	269
270	698
270	2270
270	3318
271	267
271	279
271	356
271	1664
272	267
272	286
272	301
272	882
272	890
272	896
272	923
273	267
273	326
273	330
273	331
273	2389
275	274
275	276
275	277
275	278
275	284
281	280
281	282
280	480
283	282
283	1104
283	1953
286	925
288	287
288	699
287	303
287	328
289	290
289	291
289	292
289	293
293	294
294	295
297	296
297	348
297	475
297	479
297	494
297	496
297	502
297	527
297	1951
297	2640
298	296
298	315
299	300
302	301
302	527
302	1001
302	1151
302	982
302	1451
302	2073
302	2258
302	2619
302	2762
302	2764
304	303
305	303
305	336
305	481
306	303
306	319
306	320
306	322
306	333
306	370
306	406
306	480
306	490
306	585
306	832
306	840
306	852
306	857
306	887
306	889
306	918
306	1035
306	1059
306	1190
306	1134
306	1459
306	1618
306	1629
306	1669
306	1756
306	1945
306	1952
306	1970
306	2125
306	2133
306	2417
306	2454
306	2588
306	2640
306	2643
306	2658
306	2695
306	2704
306	2725
306	2746
306	2754
306	2810
306	3282
308	307
308	329
308	927
308	2392
309	308
309	307
309	310
309	927
309	1105
309	1107
310	307
311	310
312	311
312	1946
313	307
313	2759
313	2769
315	314
315	353
315	376
315	835
315	852
315	906
315	919
315	920
315	1096
315	1324
315	1423
317	316
318	317
318	319
318	321
319	317
319	319
322	322
323	322
323	1312
323	1313
323	2637
325	324
326	357
326	924
326	1108
326	2389
327	1095
331	872
331	1359
331	1955
331	1962
331	2658
334	333
334	754
339	338
339	346
341	340
341	342
341	343
341	344
346	828
346	1071
350	349
350	695
350	697
351	349
351	367
351	686
351	696
351	702
351	712
351	720
351	919
351	920
351	2628
351	685
351	2638
351	3362
352	351
352	852
352	836
354	353
354	364
354	366
354	370
359	358
359	362
359	363
358	362
358	363
360	358
360	372
360	373
360	375
361	360
361	364
361	378
365	364
365	366
365	371
365	365
367	365
367	374
367	377
367	1096
367	2636
367	2638
367	2641
368	365
370	369
376	375
377	376
377	700
377	701
377	711
377	719
377	731
377	2622
377	2624
377	2625
377	2637
377	2639
380	379
380	388
380	691
380	1005
380	1582
380	1587
380	1974
380	1975
380	1979
380	1984
380	1987
380	1992
380	2199
380	2202
380	2294
380	2440
380	2782
380	2799
380	2829
380	2831
380	3042
380	3043
380	3044
380	3045
380	3046
380	3047
380	3048
380	3151
380	3177
380	3201
380	3226
379	388
379	391
381	379
381	691
381	1975
381	1979
381	1987
381	2199
381	2784
381	2783
381	2794
381	2795
381	2799
381	2829
381	3042
381	3043
381	3044
381	3045
381	3046
381	3047
381	3048
381	3135
383	382
383	1592
383	1977
383	1980
383	1988
383	2200
383	2835
383	3031
384	382
384	384
384	391
385	384
385	1981
385	1989
385	2201
385	2834
387	386
387	1978
387	1986
387	1994
387	2207
387	2836
389	388
389	391
388	391
390	388
390	395
390	663
390	1974
390	1984
390	1992
390	2202
390	2754
390	2831
390	2918
392	391
393	392
394	392
394	395
394	396
394	397
394	401
400	399
402	410
403	404
404	405
404	406
404	407
404	408
408	409
412	411
412	485
411	507
411	510
413	411
413	845
413	846
413	840
413	867
413	869
413	875
413	878
413	895
415	414
415	424
415	429
415	445
415	453
415	469
416	415
416	676
416	706
416	707
416	716
417	416
417	419
417	431
417	476
417	523
417	677
417	708
417	715
417	716
417	722
417	730
417	890
417	1140
417	2693
417	2695
417	2694
417	2704
417	2752
418	417
418	693
418	722
418	730
419	415
419	421
419	425
419	430
419	446
419	454
419	470
420	415
420	414
420	424
420	423
420	422
420	429
420	428
420	436
420	435
420	439
420	441
420	443
420	445
420	447
420	449
420	451
420	453
420	455
420	458
420	457
420	461
420	463
420	465
420	467
420	469
420	511
420	513
420	515
420	517
420	716
421	414
423	422
423	436
423	439
423	451
423	463
423	467
423	511
424	423
424	433
424	441
424	447
425	424
425	426
425	434
425	448
426	423
426	427
426	437
426	440
426	452
426	464
426	468
426	512
427	422
429	428
429	443
429	449
429	458
430	429
430	432
430	444
430	450
430	459
431	430
431	432
431	494
431	706
431	716
431	722
431	730
431	2704
431	2749
431	3084
431	3085
432	428
433	455
433	517
434	433
434	442
434	456
434	518
436	435
436	461
436	465
437	436
437	438
437	462
437	466
438	435
440	439
442	441
444	443
446	445
448	447
450	449
452	451
454	453
456	455
458	457
458	513
458	515
459	458
459	460
459	514
459	516
460	457
462	461
464	463
466	465
468	467
470	469
472	471
472	3082
471	480
473	472
473	672
473	673
473	674
473	698
477	476
481	480
481	482
481	689
481	698
481	730
481	2659
482	481
483	480
483	2677
483	2729
483	2754
484	483
484	689
485	480
486	485
486	699
487	486
488	487
488	485
488	694
489	485
489	879
489	882
489	891
489	896
489	900
489	902
489	923
489	930
490	485
490	490
491	490
492	490
492	522
493	485
493	877
493	882
493	890
493	893
493	896
493	897
493	899
493	901
493	909
493	912
493	922
493	3364
503	502
503	1567
503	2496
503	2620
503	2621
503	2624
503	2625
503	2638
503	2639
503	2767
503	2769
503	2807
503	2811
503	2812
503	2818
503	2819
503	2163
503	2827
503	2912
503	2926
503	3141
507	506
507	509
508	507
508	506
508	510
508	694
508	837
508	887
508	889
508	2619
508	2695
512	511
514	513
516	515
518	517
520	519
520	521
520	528
523	523
526	525
526	962
526	984
526	1008
529	529
531	530
531	1303
531	2614
531	3024
532	531
532	717
532	718
532	2321
532	2568
532	2657
532	2909
537	536
537	1062
537	1720
537	1666
539	538
539	1554
539	2314
539	3074
540	539
540	543
540	544
540	1545
540	1589
540	1766
540	2159
541	540
541	1269
541	2237
541	2615
541	3021
543	542
546	545
546	1550
547	546
547	1690
547	1697
547	2172
549	548
549	956
549	979
549	1427
549	1685
549	2121
549	2129
550	548
550	985
550	1063
550	1084
550	1089
550	1706
550	1710
550	1711
550	1717
550	1718
550	1739
550	1740
550	1790
550	1929
550	1932
550	2241
550	2242
550	2246
552	551
552	555
552	554
552	579
552	583
552	594
552	603
552	606
552	607
552	616
552	661
552	665
552	668
551	554
551	606
551	607
553	551
553	579
553	607
553	609
553	611
555	554
555	575
556	555
556	579
556	583
556	616
557	556
557	563
557	567
557	615
557	634
557	651
558	557
558	562
558	616
559	554
560	554
562	561
562	566
562	571
562	603
563	561
563	571
565	564
565	583
565	670
567	566
567	603
568	567
569	660
569	3134
570	569
570	595
570	600
570	2970
574	573
577	576
576	583
578	576
578	600
579	616
581	580
581	582
582	580
583	582
583	600
584	583
584	584
584	594
584	2695
584	3015
584	3049
584	3112
585	584
586	585
586	592
587	586
587	584
587	592
588	585
588	3066
589	585
589	3027
589	3029
589	3031
589	3042
589	3043
589	3044
589	3045
589	3046
589	3047
589	3048
589	3053
589	3063
589	3066
590	585
591	590
591	3031
591	3038
592	583
592	2695
592	3027
593	592
594	583
595	583
596	595
596	660
596	3134
596	3363
597	595
597	3363
598	595
598	583
598	660
598	662
598	663
598	664
598	665
598	3134
598	3363
599	583
599	616
599	617
599	652
599	653
600	658
601	600
601	2175
603	602
603	651
605	604
609	608
613	612
615	614
615	634
615	648
614	650
614	653
616	615
616	619
616	638
616	649
616	651
617	615
617	651
618	614
618	2175
619	637
619	639
620	621
621	622
621	623
621	624
621	625
621	626
627	621
627	628
627	629
630	621
630	631
630	632
630	633
630	629
634	636
635	634
635	652
640	641
641	642
642	643
642	644
642	645
646	641
648	647
652	651
655	654
655	658
654	665
654	3135
657	656
658	657
660	661
661	3109
666	665
667	665
667	732
667	1851
667	1868
667	2170
667	2269
667	2281
667	2293
667	2295
667	2439
667	2695
667	2750
667	3236
669	668
676	675
676	681
676	724
677	676
677	680
677	682
677	725
678	676
679	676
679	683
679	724
679	726
680	675
682	681
685	684
685	714
685	727
685	919
685	920
685	2630
685	2632
686	684
686	700
686	727
687	684
687	707
687	727
687	730
687	731
687	2742
688	687
691	703
693	692
696	695
696	697
696	731
702	701
704	703
708	707
710	709
712	711
713	2695
715	714
715	716
720	719
722	721
723	722
725	724
725	727
728	727
728	820
728	919
728	920
728	1614
728	1624
728	1627
728	1645
728	1697
728	2395
728	2407
728	2416
728	2417
728	2515
728	2559
728	2621
728	2626
728	2627
728	2630
728	2766
728	2813
728	2814
728	2815
728	2819
728	2820
728	2821
728	2823
728	2826
728	2523
728	2907
729	730
735	734
744	743
744	753
744	754
746	745
748	747
748	749
756	755
756	758
756	759
756	760
756	761
756	762
756	763
756	764
756	765
756	766
756	767
756	768
756	769
756	770
756	771
756	772
756	773
756	774
756	775
756	776
756	777
756	778
756	779
756	780
756	781
756	782
756	783
756	784
756	785
756	786
756	787
756	788
756	789
756	790
756	791
756	792
756	793
756	794
756	795
756	796
756	797
756	798
756	799
756	800
756	801
756	802
756	2757
757	756
757	827
798	803
805	804
805	810
805	811
805	848
805	864
805	866
804	818
806	804
806	834
806	839
806	832
806	857
806	865
806	920
806	3027
808	870
809	808
809	824
809	857
809	860
809	870
809	2431
809	2528
809	2553
809	2793
809	2798
809	3118
812	811
812	818
812	834
812	866
811	887
813	811
813	818
813	824
813	844
813	857
813	864
813	866
813	868
813	906
814	813
814	827
814	829
815	811
815	837
815	852
815	887
815	895
816	815
816	819
817	815
817	819
817	879
817	882
817	890
817	906
819	818
819	846
819	866
819	867
819	878
821	820
821	826
821	835
822	821
822	822
822	823
822	834
823	821
823	834
823	843
824	823
824	824
824	849
826	825
826	876
825	852
827	826
828	826
828	825
828	858
829	826
829	835
829	834
829	832
829	843
829	853
830	825
830	832
831	825
831	833
832	825
833	832
833	834
833	825
833	852
834	832
834	848
834	852
835	834
836	835
836	876
836	2632
837	834
837	887
837	895
838	837
839	837
839	894
839	896
840	839
841	839
841	845
841	846
841	867
841	888
841	894
841	920
841	2639
842	832
847	846
847	867
847	878
851	850
851	929
855	854
855	856
855	859
855	913
861	860
861	870
862	861
862	863
863	860
863	870
863	871
865	867
866	865
866	871
867	866
870	870
875	887
875	895
879	878
879	895
879	921
878	887
878	914
880	879
880	878
880	895
881	880
881	887
881	888
881	889
881	895
881	921
881	923
881	928
884	884
887	898
887	911
888	887
888	921
889	888
889	923
891	890
890	894
890	898
890	910
892	894
893	893
894	900
894	902
894	908
894	913
905	904
907	906
916	915
916	917
916	918
918	919
918	920
925	926
930	930
932	931
937	942
938	937
945	944
945	966
945	988
946	944
946	954
946	966
946	967
946	973
946	988
946	1081
947	946
948	947
948	1081
948	1097
948	1128
948	1177
948	1238
948	1295
948	3307
949	944
949	950
949	951
953	952
953	1158
953	1161
953	1234
952	952
955	954
954	975
956	955
956	1397
956	1398
956	1399
956	1407
957	954
957	995
957	1036
957	1038
957	1151
957	1213
958	957
958	991
958	992
959	954
959	1151
961	960
961	983
962	960
963	962
963	983
965	964
965	1130
965	1156
965	1237
965	1295
964	966
966	1243
967	966
967	1127
967	1175
971	970
971	1299
971	1300
971	1374
971	1443
971	1445
971	1458
971	1459
971	1473
971	1474
971	1669
972	971
972	1366
972	1450
972	1449
972	1451
972	1660
972	1680
972	2224
974	973
973	1124
973	1173
976	975
976	1631
976	1636
976	1652
976	1653
976	1657
976	1658
976	1659
976	2122
976	2130
977	976
977	1607
977	1609
977	1613
977	1619
977	1632
977	1633
977	1643
978	977
978	1291
978	1597
978	1614
978	1616
978	1624
978	1627
978	1630
978	1642
978	1649
978	1650
978	2515
979	978
979	1599
979	1602
979	1604
979	2134
979	2169
980	979
980	977
980	976
980	1096
980	1597
980	1599
980	1602
980	1609
980	1614
980	1616
980	1633
980	1649
980	1654
980	1686
980	1690
980	2167
981	979
982	978
982	1600
982	1661
982	1682
982	1943
982	2122
982	2130
985	1159
985	1160
990	989
990	998
990	999
990	1000
990	1010
990	1015
990	1019
989	1020
989	1070
991	990
991	995
992	990
992	999
992	1000
992	1010
992	1019
993	989
993	1050
993	1052
993	1295
994	993
995	994
995	1036
995	1038
996	993
996	1050
997	996
997	1037
997	1040
997	1052
997	1069
997	1075
997	1076
999	1013
999	1014
1000	1011
1000	1012
1000	1016
1000	1018
1002	1001
1003	1002
1003	1004
1003	1009
1005	1004
1005	1027
1005	1045
1005	1299
1005	1300
1005	2081
1005	2147
1005	2178
1005	2180
1005	2182
1005	2185
1005	2188
1005	2219
1005	2224
1005	2226
1005	2235
1005	2791
1005	2806
1005	2837
1005	2842
1005	2847
1005	3169
1005	3213
1005	3249
1006	1005
1006	2801
1007	1006
1007	1005
1007	2801
1007	3171
1008	1037
1008	1051
1008	1052
1010	1017
1022	1021
1022	1024
1022	1025
1022	1026
1022	1029
1023	1022
1023	1128
1023	1177
1028	1027
1028	1045
1028	1046
1028	1047
1028	1048
1028	1054
1027	1030
1027	1031
1027	1032
1027	1033
1027	1034
1036	1035
1036	1042
1036	1049
1036	1050
1036	1051
1036	1052
1036	1053
1037	1035
1037	1043
1037	1044
1038	1037
1038	1058
1039	1037
1040	1035
1041	1040
1041	1070
1041	1527
1041	1665
1041	2070
1041	2158
1041	2437
1041	2522
1041	2531
1041	2529
1041	2534
1041	2550
1041	3149
1046	1059
1055	1054
1055	1057
1056	1054
1062	1151
1064	1063
1064	1089
1063	1158
1063	1159
1063	1160
1063	1161
1065	1064
1065	1092
1065	1093
1065	2722
1067	1066
1067	1105
1071	1070
1071	1071
1071	1078
1071	1439
1071	1624
1071	1631
1071	1757
1071	1758
1071	2241
1071	2242
1071	3075
1071	3086
1072	1070
1072	2520
1072	2522
1073	1070
1073	2510
1073	2522
1073	2994
1074	1070
1074	1076
1079	1078
1083	1082
1083	1085
1083	1089
1082	1084
1082	1086
1082	1087
1082	1088
1090	1089
1090	1784
1090	2219
1091	1090
1091	1089
1091	1370
1091	1776
1091	1784
1091	1786
1091	2182
1092	1089
1093	1089
1098	1097
1099	1098
1099	1532
1099	2529
1100	1099
1101	1100
1101	1519
1101	1526
1102	1101
1102	1527
1103	1099
1103	1540
1103	2461
1103	2877
1103	2879
1103	2876
1103	3090
1103	3118
1103	3202
1103	3203
1103	3368
1105	1104
1105	1114
1105	3307
1106	1105
1106	1107
1106	2707
1106	2711
1106	2714
1106	2715
1110	1109
1110	1124
1110	1125
1110	1127
1110	1150
1110	1152
1110	1154
1112	1111
1112	1116
1112	1117
1112	1118
1112	1119
1112	1121
1112	1122
1112	1123
1113	1112
1113	1163
1113	2717
1114	1113
1114	1128
1114	1140
1114	1141
1114	1156
1114	1177
1114	1238
1115	1113
1115	1128
1115	1177
1120	1119
1120	1132
1120	1166
1120	1167
1126	1125
1126	1128
1126	1171
1126	1177
1126	1211
1128	1142
1128	1143
1128	1144
1128	1145
1128	1146
1128	1147
1128	1148
1128	1149
1129	1128
1129	1153
1129	1177
1129	1213
1129	2717
1130	1129
1130	1177
1130	2717
1131	1128
1131	1152
1131	1177
1131	1248
1132	1128
1132	1177
1132	3307
1133	1132
1134	1133
1134	1136
1135	1132
1135	1272
1136	1132
1136	3321
1137	1132
1138	1137
1138	1286
1139	1128
1139	1177
1139	1239
1139	1294
1140	1128
1140	1177
1141	1140
1151	1150
1151	1246
1155	1154
1155	1201
1155	1233
1156	1155
1156	1190
1157	1156
1157	1238
1157	1294
1163	1162
1163	1164
1163	1165
1163	1166
1163	1167
1163	1168
1163	1169
1163	1170
1163	1203
1162	1202
1165	1204
1166	1205
1167	1206
1168	1207
1169	1208
1170	1209
1173	1172
1173	1212
1175	1174
1175	1213
1177	1176
1177	1183
1177	1214
1177	1287
1176	1179
1176	1180
1176	1181
1176	1184
1176	1185
1176	1186
1176	1187
1178	1177
1178	1188
1178	1213
1178	1223
1183	1182
1183	1218
1190	1189
1190	1224
1189	1193
1189	1194
1189	1195
1189	1196
1189	1197
1189	1198
1189	1199
1189	1200
1191	1190
1192	1190
1214	1215
1214	1216
1214	1217
1214	1219
1214	1220
1214	1221
1214	1222
1224	1225
1224	1226
1224	1227
1224	1228
1224	1229
1224	1230
1224	1231
1224	1232
1236	1235
1236	1689
1236	2603
1236	2898
1239	1238
1240	1238
1240	2588
1241	1238
1241	1344
1241	2588
1241	3141
1242	1238
1246	1245
1248	1247
1252	1251
1252	2054
1252	2456
1253	1252
1254	1253
1255	1252
1255	2054
1256	1252
1256	1969
1256	2065
1256	2066
1256	2068
1257	1256
1257	1573
1257	2037
1257	2555
1257	2778
1257	2779
1257	2781
1257	2915
1257	2916
1257	2917
1257	2918
1257	2919
1257	2920
1257	2921
1257	2922
1257	3145
1257	3146
1257	3170
1257	3171
1257	3172
1257	3250
1257	1947
1262	1261
1262	1587
1262	1690
1267	1266
1269	1268
1269	1270
1269	1271
1269	1281
1273	1272
1274	1272
1274	2151
1274	2704
1277	1276
1276	1291
1278	1276
1282	1283
1285	1286
1288	1289
1289	1290
1292	982
1292	1558
1292	1874
1292	1943
1293	982
1293	2509
1293	2511
1297	1296
1298	1296
1308	1307
1308	1311
1308	1313
1307	1309
1307	1310
1307	1312
1309	1309
1315	1314
1315	1317
1315	1319
1316	1315
1316	1587
1316	2667
1316	2793
1316	2798
1316	3049
1316	3135
1318	1317
1320	1319
1320	2656
1321	1319
1324	1323
1324	1340
1327	1326
1331	1332
1331	1333
1341	1361
1345	1344
1346	1345
1347	1345
1347	2565
1367	1366
1367	1453
1367	1779
1367	1928
1368	1367
1368	1773
1368	1776
1368	1778
1368	3366
1370	1369
1370	1759
1370	1782
1372	1371
1373	1371
1385	1384
1386	1385
1386	2075
1386	2080
1386	2081
1386	2226
1389	1388
1394	1393
1394	1665
1394	1673
1394	2568
1397	1401
1397	1404
1397	1420
1397	1422
1397	1428
1397	1430
1397	1435
1397	1437
1398	1400
1398	1409
1398	1410
1398	1411
1398	1413
1398	1414
1398	1416
1398	1424
1398	1426
1398	1433
1399	1403
1399	1405
1399	1415
1399	1417
1399	1419
1399	1438
1401	1437
1402	1401
1402	1428
1402	1609
1402	2264
1402	2265
1407	1406
1407	1432
1409	1408
1409	1418
1409	1421
1409	1425
1409	1431
1409	1434
1409	1436
1412	1411
1412	1417
1412	1424
1412	1654
1412	1771
1412	1874
1412	1908
1412	2129
1413	1653
1423	1422
1423	1631
1427	1426
1427	1464
1427	2121
1427	2122
1428	1430
1429	1428
1433	1658
1444	1443
1444	1445
1444	1447
1444	1451
1444	1473
1444	1474
1444	1475
1444	1660
1444	1680
1444	1969
1444	2210
1444	2214
1444	2216
1444	2231
1444	2826
1444	2845
1444	2847
1450	1449
1450	1462
1450	1463
1450	1466
1450	1467
1452	1451
1455	1454
1455	1456
1459	1460
1462	1461
1462	1470
1466	1465
1469	1468
1471	1471
1479	1482
1479	2318
1484	1483
1484	2724
1486	1485
1486	2723
1487	1487
1490	1489
1490	1492
1490	1493
1491	1489
1494	2995
1495	1496
1495	1497
1497	1498
1497	1499
1497	1500
1497	1501
1501	1502
1501	1504
1502	1503
1504	1503
1505	1506
1505	1499
1505	1507
1507	1508
1508	1509
1510	1511
1510	1514
1510	1515
1511	1512
1512	1513
1514	1497
1514	1513
1514	1508
1516	1517
1516	1518
1516	1497
1516	1503
1519	1520
1520	1521
1523	1522
1523	1521
1525	1524
1525	1528
1525	1535
1525	2048
1525	2052
1525	2056
1525	2580
1527	2051
1528	1541
1531	1532
1533	1537
1533	2449
1534	1533
1534	1540
1534	1552
1534	2050
1538	1537
1538	1954
1538	2321
1538	2329
1538	2351
1538	2358
1538	2359
1538	2367
1538	2370
1538	2376
1538	2391
1538	2399
1538	2436
1538	2438
1538	2449
1538	2462
1538	2471
1538	2529
1538	2532
1538	2546
1538	2592
1539	1537
1539	2978
1544	2251
1547	1546
1547	1548
1547	2188
1554	1553
1556	1555
1556	1557
1556	1564
1556	1576
1556	2508
1555	1579
1559	1558
1559	2268
1559	2284
1559	2299
1559	2364
1559	2913
1559	2936
1559	3257
1560	1558
1560	2321
1560	2909
1560	3252
1563	1562
1565	1564
1565	2134
1565	2169
1565	2175
1567	1566
1567	2371
1567	2593
1569	1568
1569	3126
1570	1569
1570	3135
1570	3206
1570	3216
1571	1569
1571	1571
1571	2839
1571	2841
1571	3226
1572	1571
1574	1573
1574	3152
1574	3171
1574	3172
1575	1573
1575	2283
1575	2285
1575	3151
1575	3167
1575	3198
1575	3208
1575	3209
1575	3212
1576	1577
1576	1578
1583	1582
1583	1587
1584	1582
1588	1587
1594	1593
1594	1595
1594	1629
1597	1596
1597	1629
1597	1654
1596	1617
1599	1598
1599	1600
1599	1601
1599	1603
1599	1605
1599	1688
1599	2513
1607	1606
1607	1608
1607	1625
1611	1610
1611	1613
1611	1621
1611	1637
1613	1612
1613	1622
1613	1635
1613	1638
1616	1615
1619	1618
1619	1620
1619	1639
1623	1622
1627	1626
1627	1646
1627	1647
1627	2516
1628	1626
1628	2407
1634	1633
1634	2121
1634	2129
1641	1640
1642	1641
1645	1644
1648	1647
1651	1650
1651	2630
1654	1655
1654	1656
1660	1661
1661	1660
1661	2510
1661	2511
1665	1664
1665	1667
1665	1676
1666	1665
1667	1664
1669	1670
1674	1673
1674	1675
1677	1676
1681	1680
1681	1682
1684	1683
1685	1686
1687	1687
1689	1690
1692	1691
1692	1694
1692	1695
1692	2053
1692	3176
1693	1692
1699	1698
1699	1700
1699	1701
1699	1712
1699	1731
1698	1713
1700	1709
1700	1716
1700	1738
1701	1704
1701	1715
1701	1720
1701	1723
1701	1727
1701	1733
1701	1734
1701	1737
1703	1702
1703	1757
1702	1710
1702	1711
1702	1714
1702	1717
1702	1718
1702	1719
1702	1721
1702	1722
1702	1724
1702	1728
1702	1732
1702	1735
1702	1736
1702	1739
1702	1740
1705	1704
1705	1709
1705	1723
1705	1727
1705	1733
1705	1734
1705	1737
1705	1738
1705	1742
1705	1743
1705	1745
1705	1746
1705	1748
1705	1749
1705	1751
1705	1753
1705	1755
1705	1760
1705	1878
1705	1888
1706	1705
1706	1757
1706	1758
1706	1762
1707	1705
1707	2548
1708	1705
1708	1950
1708	2177
1724	1725
1724	1726
1728	1729
1728	1730
1744	1743
1744	2549
1747	1746
1750	1749
1750	3076
1750	3088
1752	1751
1758	1757
1761	1760
1761	1788
1761	1794
1761	1795
1761	1796
1761	1797
1761	1798
1761	1799
1761	1800
1761	1801
1761	1802
1761	1811
1761	1812
1761	1813
1761	1814
1761	1816
1761	1818
1761	1822
1761	1831
1761	1832
1761	1833
1761	1834
1761	1846
1761	1849
1761	1850
1761	1854
1761	1856
1761	1863
1761	1864
1760	1825
1760	1858
1760	1859
1760	1860
1760	1861
1760	1862
1762	1761
1762	1768
1762	1769
1762	1770
1762	1771
1762	1772
1763	1762
1764	1760
1764	3118
1766	1765
1765	1767
1765	1774
1765	1780
1765	1781
1768	1775
1768	1836
1768	1855
1768	1866
1768	1867
1769	1787
1769	1791
1769	1803
1769	1804
1769	1809
1769	1810
1769	1817
1769	1819
1769	1820
1769	1821
1769	1823
1769	1824
1769	1826
1769	1839
1769	1841
1769	1842
1769	1844
1769	1845
1769	1847
1769	1848
1769	1852
1769	1857
1770	1793
1771	1789
1771	1790
1771	1792
1771	1807
1771	1829
1771	1837
1771	1843
1771	1851
1771	1853
1772	1805
1772	1827
1772	1840
1775	1830
1777	1777
1781	1871
1784	1783
1784	1785
1790	1806
1808	1807
1808	1874
1808	1876
1808	1908
1808	1932
1812	1815
1816	1865
1829	1828
1829	1835
1837	1908
1838	1837
1838	1868
1838	1869
1858	1890
1870	1869
1873	1872
1873	1875
1873	1877
1873	1882
1873	1885
1873	1889
1873	1890
1873	1891
1873	1894
1873	1899
1873	1900
1873	1901
1873	1902
1873	1903
1873	1904
1873	1905
1873	1906
1873	1907
1873	1909
1873	1910
1873	1911
1873	1912
1873	1913
1873	1914
1873	1915
1873	1916
1873	1919
1873	1921
1873	1924
1873	1925
1873	1926
1873	1927
1873	1933
1874	1873
1874	1879
1874	1881
1874	1892
1874	1896
1874	1917
1874	1923
1874	1941
1874	1942
1879	1878
1879	1887
1879	1888
1879	1895
1879	1898
1881	1880
1881	1883
1881	1884
1881	1918
1881	1920
1881	1922
1887	1886
1894	1893
1896	1897
1929	1932
1931	1930
1931	1934
1931	1938
1931	1944
1930	1930
1933	1935
1933	1937
1933	1939
1934	1936
1934	1938
1934	1940
1946	1948
1946	1949
1947	1946
1947	2762
1947	2764
1954	1953
1954	2533
1954	2547
1964	1963
1964	1964
1964	1976
1964	1977
1963	1963
1965	1964
1967	1966
1969	1968
1969	1982
1969	1990
1969	1999
1968	1976
1970	1969
1970	2205
1971	1970
1971	2172
1971	2175
1971	2213
1972	1968
1972	1974
1972	1976
1973	1968
1973	2830
1973	2837
1973	2838
1973	2844
1973	2845
1974	1976
1975	1974
1975	1976
1979	1984
1979	1985
1981	1980
1981	1981
1981	1985
1982	1985
1983	1982
1983	1984
1983	1985
1984	1985
1987	1992
1987	1993
1989	1988
1989	1989
1989	1993
1990	1993
1991	1990
1991	1992
1991	1993
1992	1993
1996	1995
1996	2001
1998	1997
1998	2000
1998	2002
2004	2003
2004	2006
2004	2258
2005	2004
2005	2187
2005	2256
2005	2259
2007	2007
2008	2008
2010	2009
2012	2011
2015	2014
2016	2014
2016	2559
2016	2588
2016	2958
2016	2966
2016	3230
2018	2017
2020	2019
2020	2024
2019	2021
2019	2022
2022	2023
2023	2034
2024	2023
2024	2251
2024	2254
2024	2264
2025	2027
2027	2026
2027	2031
2027	2044
2028	2027
2028	2030
2028	2032
2028	2034
2028	2040
2028	2041
2028	2043
2030	2029
2030	2042
2034	2033
2034	2035
2037	2036
2036	2047
2039	2038
2040	2039
2046	2045
2046	2057
2051	2050
2055	2055
2059	2058
2059	2062
2059	2063
2059	2064
2061	2060
2062	2063
2062	2064
2070	2069
2070	2071
2070	2072
2070	2075
2074	2073
2074	2807
2074	2808
2074	2809
2074	2810
2074	2823
2077	2076
2077	2079
2077	2083
2077	2085
2076	2083
2076	2085
2076	2089
2076	2092
2083	2082
2083	2096
2085	2084
2085	2086
2085	2087
2085	2090
2085	2091
2085	2093
2085	2094
2085	2097
2085	2098
2085	2099
2085	2100
2089	2088
2089	2095
2102	2101
2102	2104
2102	2115
2105	2106
2108	2107
2110	2109
2111	2110
2111	2113
2113	2112
2113	2114
2116	2117
2124	2123
2125	2125
2128	2127
2129	2128
2132	2131
2135	2134
2135	2169
2137	2136
2137	2149
2137	2168
2137	2171
2137	2181
2138	2137
2140	2139
2140	2174
2140	2176
2141	2140
2141	2139
2141	2695
2142	2139
2142	3206
2143	2142
2143	3123
2143	3124
2143	3125
2143	3163
2144	2142
2146	2145
2146	2528
2146	2763
2146	2781
2146	2797
2146	2981
2146	3299
2148	2147
2148	2151
2148	2154
2148	2180
2152	2151
2152	2168
2152	2182
2152	2185
2152	2219
2152	2224
2152	2235
2153	2152
2153	2281
2153	2286
2156	2155
2156	2287
2157	2155
2161	2160
2160	2165
2162	2160
2162	2164
2163	2160
2163	2415
2163	2839
2173	2172
2179	2178
2179	2180
2182	2183
2183	2188
2185	2184
2185	2187
2186	2184
2186	2188
2187	2188
2191	2190
2193	2193
2196	2195
2195	2197
2195	2198
2199	2202
2199	2204
2201	2200
2201	2201
2201	2204
2203	2202
2203	2204
2202	2204
2205	2204
2206	2205
2206	2208
2206	2209
2206	2213
2206	2217
2210	2212
2213	2212
2212	2216
2214	2213
2216	2215
2229	2228
2229	2230
2229	2231
2229	2234
2229	2235
2232	2231
2232	2233
2240	2245
2240	2249
2256	2257
2260	2261
2262	2263
2266	2265
2266	2267
2268	2269
2270	2271
2271	2273
2277	2276
2277	2278
2292	2292
2294	2294
2296	2295
2297	2295
2298	2295
2298	3179
2319	2323
2320	2319
2320	2363
2320	2535
2320	3332
2321	2320
2326	2325
2327	2326
2327	2365
2327	2387
2327	2406
2327	2600
2329	2328
2329	2331
2329	2335
2329	2336
2329	2339
2329	2576
2328	2333
2331	2330
2335	2334
2335	2337
2335	2338
2341	2340
2341	2342
2341	2352
2341	2361
2341	2367
2341	2371
2341	2373
2341	2592
2341	2778
2341	2782
2340	2373
2340	2378
2340	2410
2342	2344
2342	2347
2344	2410
2345	2344
2345	2418
2347	2346
2347	2382
2347	2410
2347	2414
2348	2347
2348	2413
2348	2420
2348	2437
2349	2346
2349	2386
2349	2536
2351	2350
2351	2352
2351	2356
2350	2353
2350	2354
2355	2354
2358	2357
2358	2361
2358	2592
2359	2357
2359	2368
2360	2359
2367	2366
2367	2368
2370	2369
2370	2373
2370	2375
2370	2467
2370	2596
2370	2597
2375	2374
2376	2376
2377	2376
2377	2460
2379	2378
2379	2411
2378	2382
2381	2380
2381	2384
2382	2385
2382	2422
2384	2383
2384	2401
2384	2421
2383	2386
2383	2396
2383	2402
2383	2416
2385	2386
2385	2415
2385	2416
2390	2389
2390	2550
2390	2551
2391	2390
2391	2529
2393	2397
2395	2394
2394	2396
2394	2403
2397	2396
2397	2403
2397	2412
2398	2397
2398	2434
2398	2437
2399	2398
2399	2418
2399	2430
2399	2432
2399	2467
2399	2596
2400	2397
2401	2400
2401	2402
2402	2397
2409	2408
2409	2412
2409	2413
2409	2420
2411	2410
2411	2414
2413	2412
2418	2417
2419	2418
2424	2423
2424	2426
2424	2427
2424	2428
2425	2423
2425	2428
2428	2428
2430	2429
2434	2433
2436	2435
2436	2546
2435	2437
2442	2441
2442	2457
2442	2460
2443	2441
2443	2889
2445	2444
2446	2444
2446	2446
2446	2488
2446	2495
2446	2567
2449	2448
2450	2449
2451	2450
2451	2452
2452	2449
2453	2448
2458	2457
2462	2461
2462	2465
2462	2466
2462	2467
2462	2469
2462	2502
2462	2525
2462	2596
2463	2461
2465	2464
2465	2468
2471	2470
2471	2473
2471	2546
2473	2472
2474	2472
2474	2550
2476	2475
2476	2477
2476	2479
2476	2490
2476	2582
2476	2583
2476	2584
2478	2477
2479	2477
2480	2479
2482	2481
2482	2488
2482	2492
2482	2495
2482	2585
2482	2586
2484	2483
2486	2485
2486	2488
2486	2495
2489	2488
2489	2495
2491	2490
2491	2494
2493	2492
2493	2494
2495	2494
2496	2502
2496	2503
2497	2498
2499	2500
2501	2497
2502	2525
2503	2542
2503	2543
2507	2506
2518	2517
2519	2517
2523	2522
2526	2525
2526	2542
2526	2543
2527	2525
2528	2525
2529	2525
2529	2588
2529	2587
2530	2529
2531	2529
2532	2531
2532	2534
2533	2529
2534	2529
2538	2537
2538	2540
2538	2541
2539	2537
2539	2540
2539	2541
2539	2546
2545	2544
2545	2777
2558	2557
2558	2560
2558	2561
2558	2562
2564	2576
2569	2568
2570	2568
2572	2571
2572	2573
2572	2574
2572	2575
2577	2576
2577	2596
2577	2597
2578	2576
2578	2580
2578	2587
2579	2578
2580	2578
2581	2578
2588	2587
2588	2601
2589	2588
2590	2588
2590	2812
2591	2588
2591	2604
2591	2605
2592	2588
2594	2593
2600	2599
2602	2601
2604	2606
2604	2607
2604	2608
2604	2609
2604	2610
2604	2611
2624	2623
2624	350
2629	2628
2631	2630
2633	2632
2634	2632
2635	2632
2643	2642
2643	2644
2643	2645
2647	2646
2647	2796
2648	2649
2650	2649
2650	2651
2653	2652
2653	2654
2653	2655
2653	2656
2653	3092
2657	2706
2660	413
2661	413
2662	413
2663	413
2673	2674
2695	2694
2695	2699
2696	2695
2697	2695
2698	2695
2701	2700
2702	2700
2702	2861
2703	2700
2703	2861
2705	2704
2708	2707
2708	2711
2708	2714
2708	2715
2712	2711
2712	2713
2712	2714
2712	2715
2717	2716
2718	2716
2722	2721
2727	2745
2727	2746
2728	2727
2744	2743
2753	2752
2753	2754
2756	2755
2758	2760
2758	2761
2759	2760
2759	2761
2764	2763
2764	2768
2764	2771
2765	2763
2765	2782
2767	2766
2768	2766
2768	2770
2770	2769
2773	2772
2773	2775
2776	2776
2780	2779
2784	2783
2784	2788
2785	2784
2785	2789
2785	2794
2785	2795
2787	2786
2790	2789
2792	2791
2793	2794
2793	2795
2801	2800
2802	1666
2804	2803
2804	2805
2804	2806
2819	2819
2819	3088
2824	2823
2829	2831
2829	2833
2830	2833
2832	2831
2832	2833
2831	2833
2834	2833
2834	2834
2834	2835
2839	2838
2840	2839
2840	2841
2840	3225
2840	3226
2843	2842
2846	2845
2846	2848
2846	2851
2846	2855
2847	3170
2847	3250
2849	2848
2851	2850
2851	2853
2851	2854
2851	2857
2852	2856
2853	2853
2860	2859
2860	2861
2860	2865
2860	2874
2860	2879
2860	2880
2860	2876
2862	2861
2862	2863
2862	2874
2862	2875
2862	2878
2862	2880
2864	2863
2863	2867
2866	2865
2868	2867
2868	2875
2868	2878
2869	2867
2870	2867
2870	2871
2870	2873
2872	2871
2872	2873
2876	2875
2876	2878
2876	2881
2877	2875
2877	2878
2882	2881
2883	2883
2884	2883
2891	2896
2894	2893
2900	2899
2900	2902
2900	2904
2901	2899
2903	2902
2905	2904
2908	2907
2915	2914
2927	2926
2926	3197
2928	2926
2931	2930
2933	2932
2937	2983
2939	2938
2939	2941
2938	2943
2944	2943
2943	3237
2946	2945
2950	2949
2951	2950
2951	3287
2953	2952
2953	2954
2955	2954
2955	3290
2958	2957
2958	2986
2957	2961
2959	2958
2959	2960
2959	2961
2959	2977
2959	2990
2959	3014
2965	2964
2965	3174
2965	3220
2965	3222
2968	2967
2967	2967
2972	2973
2973	3024
2974	2973
2978	2993
2978	2999
2978	3009
2980	2979
2985	2984
2985	3002
2986	2985
2986	2994
2986	3004
2986	3010
2987	2985
2987	3010
2987	3011
2987	3110
2987	3112
2987	3113
2987	3114
2987	3133
2987	3134
2987	3189
2987	3190
2987	3191
2987	3193
2987	3194
2987	3195
2987	3196
2987	3206
2989	2988
2989	2990
2989	2992
2991	2990
2993	2995
2993	3007
2994	2997
2994	3008
2997	2996
2997	2998
3000	2999
3002	3001
3004	3003
3004	3005
3004	3006
3012	3011
3014	3013
3014	3015
3014	3016
3014	3017
3021	3020
3021	3023
3023	3022
3027	3031
3027	3052
3028	3042
3028	3044
3028	3045
3028	3046
3028	3047
3028	3048
3029	3028
3029	3043
3030	3029
3030	3042
3030	3043
3030	3044
3030	3045
3030	3046
3030	3047
3030	3048
3031	3029
3033	3053
3035	3034
3035	3036
3037	3054
3037	3061
3040	3039
3042	3041
3044	3043
3051	3050
3054	3053
3056	3055
3056	3057
3057	3058
3057	3059
3057	3060
3063	3062
3065	3064
3070	3069
3071	3069
3072	3071
3073	3071
3078	3077
3077	3083
3079	3077
3080	3077
3082	3081
3082	3085
3081	3084
3083	3082
3089	3089
3090	3089
3093	3247
3093	3248
3111	3110
3111	3112
3111	3113
3111	3114
3111	3117
3111	3189
3113	3134
3116	3115
3119	3118
3119	3120
3119	3121
3122	3121
3122	3155
3126	3130
3126	3132
3126	3137
3127	3126
3127	3128
3127	3135
3130	3129
3130	3131
3137	3136
3137	3138
3140	3139
3140	3142
3140	3143
3147	3146
3152	3153
3153	3154
3154	3265
3155	3156
3155	3157
3155	3158
3155	3159
3161	3160
3161	3162
3163	3166
3163	3170
3163	3171
3163	3172
3163	3250
3167	3166
3167	3170
3167	3171
3167	3172
3167	3206
3167	3250
3168	3167
3168	3168
3168	3202
3168	3203
3175	3299
3178	3177
3178	3179
3180	3179
3182	3181
3182	3188
3184	3183
3184	3185
3184	3186
3184	3187
3188	3188
3192	3191
3192	3194
3192	3195
3198	3197
3198	3208
3198	3210
3206	3207
3212	3211
3215	3214
3215	3239
3215	3244
3223	3222
3225	3224
3227	3226
3227	3228
3232	3231
3232	3233
3232	3234
3235	3234
3235	3232
3238	3237
3240	3239
3240	3283
3241	3239
3241	3241
3242	3241
3244	3243
3244	3253
3252	3251
3252	3259
3253	3254
3253	3255
3253	3256
3260	3261
3260	3262
3260	3263
3265	3266
3265	3268
3266	3267
3272	3272
3274	3273
3276	3275
3275	3277
3275	3278
3275	3295
3275	3296
3289	3288
3289	3290
3292	3293
3299	3298
3299	3301
3299	3302
3299	3303
3299	3304
3299	3305
3300	3299
3306	3314
3306	3315
3306	3316
3306	3317
3306	3319
3306	3320
3306	3321
3306	3322
3306	3324
3306	3325
3306	3327
3307	3306
3308	3306
3309	3314
3310	3313
3312	3316
3312	3319
3326	3327
3329	3346
3331	3330
3331	3339
3331	3340
3331	3342
3331	3343
3331	3344
3331	3347
3331	3349
3331	3351
3330	3345
3330	3348
3330	3352
3332	3334
3332	3354
3332	3355
3334	3335
3335	3336
3370	3369
