1	0
1	5
1	12
1	17
1	24
1	26
1	25
1	43
1	47
1	49
1	55
1	61
1	62
1	71
1	74
1	76
1	86
1	87
1	94
1	95
1	99
1	146
1	147
1	149
1	159
1	161
1	216
1	304
1	325
1	346
1	383
1	385
1	390
1	404
1	405
1	481
1	486
1	491
1	497
1	531
1	537
1	557
1	555
1	567
1	572
1	586
1	583
1	610
1	667
1	705
1	718
1	736
1	815
1	829
1	844
1	861
1	875
1	894
1	906
1	907
1	935
1	967
1	991
1	997
1	995
1	1000
1	1001
1	1002
1	1006
1	1007
1	1012
1	1021
1	1064
1	1068
1	1106
1	1107
1	1139
1	1164
1	1168
1	1197
1	1261
1	1270
1	1290
1	1293
1	1312
1	1314
1	1325
1	1333
1	1364
1	1372
1	1591
1	1600
1	1602
1	1607
1	1608
1	1610
1	1710
1	1780
1	1787
1	1832
1	1855
1	1880
1	1891
1	1892
1	1899
1	1959
1	1983
1	1986
1	1994
1	2002
1	2007
1	2010
1	2011
1	2013
1	2018
1	2019
1	2021
1	2044
1	2149
1	2166
1	2184
1	2187
1	2204
1	2208
1	2211
1	2213
1	2214
1	2233
1	2234
1	2236
1	2249
1	2248
1	2306
1	2313
1	2326
1	2353
1	2354
1	2361
1	2363
1	2394
1	2396
1	2435
1	2478
1	2567
1	2571
1	2576
1	2578
1	2579
1	2585
1	2598
1	2644
1	2648
1	2649
1	2673
1	2684
1	2686
1	2697
1	2725
1	2729
1	2734
1	2736
1	2741
1	2744
1	2745
1	2758
1	2759
1	2763
1	2766
1	2774
1	2775
1	2778
1	2781
1	2782
1	2786
1	2789
1	2795
1	2796
1	1689
1	2846
1	2872
1	2874
1	2875
1	2880
1	2928
1	2974
1	2979
1	2985
1	2986
1	2990
1	2993
1	2994
1	3004
1	3007
1	3015
1	3022
1	3024
1	3025
1	3031
1	3045
1	3069
1	3074
1	3077
1	3082
1	3099
1	3100
1	3103
1	3112
1	3126
1	3132
1	3134
1	3159
1	3160
1	3166
1	3167
1	3176
1	3209
1	3225
1	3255
1	3274
1	3280
1	3308
1	3321
1	3340
1	3365
1	3373
1	3408
1	3413
1	3414
1	3421
1	3426
1	3478
1	3511
1	3518
1	3539
1	3541
1	3544
1	3546
1	3548
1	3549
1	3554
1	3556
1	3557
1	3558
1	3559
1	3564
1	3566
1	3589
0	11
0	62
0	145
0	148
0	2567
0	3069
0	3528
0	3540
0	3541
0	3544
0	3545
0	3546
0	3548
0	3549
0	3550
0	3551
0	3553
0	3554
0	3556
0	3562
0	3564
2	0
2	5
2	9
2	8
2	6
2	17
2	18
2	22
2	39
2	45
2	72
2	78
2	80
2	94
2	146
2	151
2	155
2	156
2	191
2	282
2	328
2	392
2	532
2	536
2	820
2	839
2	848
2	842
2	859
2	869
2	880
2	884
2	888
2	889
2	892
2	898
2	900
2	902
2	904
2	906
2	908
2	910
2	912
2	920
2	933
2	967
2	993
2	1051
2	1052
2	1054
2	1141
2	1222
2	1270
2	1275
2	1306
2	1417
2	1422
2	1429
2	1436
2	1440
2	1442
2	1445
2	1468
2	1504
2	1506
2	1511
2	1563
2	1578
2	1586
2	1593
2	1596
2	1603
2	1608
2	1616
2	1619
2	1623
2	1635
2	1657
2	1658
2	1659
2	1660
2	1680
2	1700
2	1712
2	1722
2	1787
2	1815
2	1959
2	1999
2	2006
2	2015
2	2023
2	2070
2	2085
2	2092
2	2097
2	2122
2	2164
2	2174
2	2194
2	2200
2	2202
2	2205
2	2208
2	2237
2	2277
2	2288
2	2350
2	2389
2	2426
2	2539
2	2547
2	2567
2	2618
2	2646
2	2687
2	2757
2	2758
2	2759
2	2778
2	2784
2	2786
2	2853
2	2860
2	2861
2	2873
2	2886
2	2988
2	3018
2	3015
2	3022
2	3025
2	3026
2	3050
2	3059
2	3103
2	3118
2	3129
2	3134
2	3138
2	3163
2	3164
2	3167
2	3287
2	3328
2	3409
2	3414
2	3536
2	3540
2	3556
3	0
3	9
3	8
3	14
3	19
3	22
3	11
3	25
3	31
3	40
3	45
3	60
3	62
3	74
3	73
3	72
3	85
3	86
3	93
3	92
3	105
3	145
3	146
3	147
3	148
3	152
3	154
3	155
3	156
3	160
3	268
3	281
3	284
3	304
3	308
3	323
3	325
3	378
3	380
3	393
3	396
3	405
3	407
3	409
3	483
3	491
3	481
3	495
3	524
3	531
3	563
3	567
3	572
3	586
3	585
3	595
3	584
3	617
3	616
3	615
3	620
3	649
3	652
3	653
3	659
3	667
3	670
3	674
3	692
3	693
3	705
3	707
3	715
3	718
3	736
3	815
3	822
3	830
3	836
3	839
3	841
3	834
3	847
3	848
3	854
3	866
3	869
3	867
3	871
3	881
3	880
3	884
3	889
3	890
3	891
3	892
3	896
3	898
3	907
3	921
3	922
3	933
3	935
3	936
3	948
3	972
3	981
3	984
3	978
3	987
3	988
3	1007
3	1024
3	1029
3	1047
3	1054
3	1059
3	1101
3	1107
3	1109
3	1132
3	1145
3	1144
3	1149
3	1161
3	1164
3	1165
3	1183
3	1189
3	1197
3	1248
3	1249
3	1276
3	1298
3	1302
3	1310
3	1311
3	1314
3	1315
3	1323
3	1371
3	1378
3	1393
3	1458
3	1467
3	1469
3	1493
3	1506
3	1542
3	1565
3	1572
3	1576
3	1582
3	1587
3	1593
3	1602
3	1608
3	1614
3	1624
3	1635
3	1636
3	1653
3	1654
3	1666
3	1671
3	1683
3	1684
3	1706
3	1709
3	1713
3	1715
3	1733
3	1730
3	1745
3	1766
3	1767
3	1781
3	1809
3	1813
3	1832
3	1959
3	1960
3	1963
3	2001
3	2000
3	1999
3	2005
3	2006
3	2009
3	2015
3	2017
3	2023
3	2039
3	2043
3	2057
3	2067
3	2069
3	2073
3	2077
3	2099
3	2101
3	2102
3	2111
3	2171
3	2169
3	2175
3	2181
3	2187
3	2186
3	2185
3	2197
3	2199
3	2205
3	2208
3	2211
3	2213
3	2214
3	2232
3	2245
3	2261
3	2268
3	2269
3	2271
3	2306
3	2313
3	2314
3	2325
3	44
3	2354
3	2353
3	2357
3	2363
3	2365
3	2366
3	2372
3	2373
3	2375
3	2383
3	2387
3	2389
3	2392
3	2406
3	2424
3	2426
3	2436
3	2441
3	2449
3	2470
3	2481
3	2491
3	2498
3	2505
3	2518
3	2526
3	2545
3	2548
3	2553
3	2559
3	2560
3	2568
3	2578
3	2585
3	2589
3	2598
3	2608
3	2606
3	2618
3	2626
3	2627
3	2642
3	2643
3	2644
3	2648
3	2649
3	2651
3	2654
3	2655
3	2662
3	2668
3	2671
3	2725
3	2724
3	2729
3	2734
3	2739
3	2757
3	2759
3	2778
3	2792
3	2798
3	2803
3	2807
3	2808
3	2809
3	2811
3	1689
3	2846
3	2847
3	2852
3	2853
3	2855
3	2857
3	2858
3	2859
3	2860
3	2861
3	2170
3	2554
3	2867
3	2869
3	2879
3	2926
3	2965
3	2983
3	3001
3	3015
3	3025
3	3026
3	3031
3	3069
3	3074
3	3079
3	3088
3	3092
3	3093
3	3094
3	3095
3	3096
3	3097
3	3098
3	3099
3	3103
3	3118
3	3117
3	3131
3	3132
3	3133
3	3134
3	3138
3	3157
3	3160
3	3162
3	3165
3	3184
3	3197
3	3209
3	3217
3	3219
3	3224
3	3225
3	3227
3	3249
3	3250
3	3269
3	3274
3	3280
3	3304
3	3308
3	3307
3	3314
3	3328
3	3329
3	3347
3	3348
3	3359
3	3367
3	3407
3	3408
3	3410
3	3424
3	3426
3	3427
3	3494
3	3512
3	3536
3	3538
3	3547
3	3550
3	3551
3	3556
3	3557
3	3560
3	3563
3	3577
4	0
4	8
4	14
4	19
4	22
4	21
4	26
4	28
4	30
4	25
4	24
4	43
4	42
4	47
4	45
4	39
4	49
4	54
4	55
4	60
4	61
4	63
4	69
4	70
4	74
4	83
4	84
4	72
4	71
4	85
4	86
4	87
4	91
4	92
4	105
4	112
4	109
4	119
4	123
4	127
4	134
4	133
4	140
4	141
4	142
4	143
4	146
4	147
4	151
4	152
4	154
4	155
4	156
4	163
4	166
4	165
4	170
4	173
4	184
4	185
4	189
4	191
4	190
4	193
4	195
4	196
4	197
4	198
4	200
4	203
4	204
4	205
4	206
4	207
4	208
4	209
4	210
4	211
4	212
4	213
4	214
4	215
4	219
4	218
4	222
4	227
4	232
4	238
4	245
4	247
4	248
4	250
4	252
4	255
4	259
4	266
4	268
4	280
4	286
4	298
4	305
4	313
4	311
4	316
4	315
4	323
4	333
4	335
4	336
4	337
4	348
4	349
4	356
4	357
4	361
4	359
4	366
4	370
4	372
4	375
4	378
4	379
4	380
4	385
4	383
4	387
4	389
4	393
4	392
4	405
4	407
4	408
4	409
4	417
4	416
4	425
4	483
4	482
4	491
4	486
4	522
4	530
4	531
4	551
4	554
4	552
4	556
4	562
4	565
4	567
4	572
4	573
4	576
4	580
4	589
4	590
4	591
4	586
4	594
4	593
4	584
4	601
4	604
4	605
4	607
4	609
4	611
4	612
4	613
4	617
4	620
4	638
4	640
4	653
4	655
4	656
4	659
4	661
4	662
4	663
4	666
4	667
4	670
4	672
4	673
4	677
4	683
4	686
4	692
4	694
4	705
4	708
4	709
4	711
4	715
4	718
4	719
4	720
4	726
4	731
4	747
4	754
4	758
4	826
4	829
4	830
4	839
4	841
4	844
4	862
4	875
4	879
4	887
4	890
4	892
4	895
4	896
4	899
4	900
4	901
4	902
4	903
4	904
4	907
4	906
4	910
4	911
4	912
4	914
4	915
4	918
4	917
4	919
4	924
4	925
4	929
4	936
4	952
4	953
4	958
4	957
4	965
4	966
4	970
4	971
4	1007
4	1017
4	1029
4	1034
4	1037
4	1047
4	1054
4	1059
4	1062
4	1063
4	1079
4	1104
4	1101
4	1100
4	1106
4	1113
4	1118
4	1119
4	1120
4	1121
4	1123
4	1124
4	1125
4	1127
4	1134
4	1133
4	1137
4	1140
4	1145
4	1144
4	1156
4	1158
4	1184
4	1222
4	1249
4	1255
4	1257
4	1260
4	1264
4	1276
4	1277
4	1286
4	1293
4	1295
4	1313
4	1314
4	1316
4	1318
4	1320
4	1321
4	1322
4	1323
4	1324
4	1333
4	1342
4	1343
4	1344
4	1348
4	1370
4	1371
4	1378
4	1377
4	1380
4	1382
4	1385
4	1398
4	1406
4	1411
4	1427
4	1428
4	1438
4	1443
4	1446
4	1449
4	1452
4	1453
4	1458
4	1462
4	1469
4	1476
4	1477
4	1479
4	1478
4	1483
4	1484
4	1486
4	1495
4	1508
4	1509
4	1543
4	1542
4	1545
4	1549
4	1550
4	1558
4	1562
4	1574
4	1577
4	1581
4	1591
4	1589
4	1588
4	1593
4	1598
4	1601
4	1602
4	1608
4	1610
4	1611
4	1612
4	1613
4	1614
4	1616
4	1626
4	1627
4	1629
4	1641
4	1646
4	1647
4	1657
4	1665
4	1667
4	1668
4	1673
4	1682
4	1688
4	1690
4	1687
4	1694
4	1700
4	1715
4	1716
4	1719
4	1720
4	1721
4	1723
4	1725
4	1726
4	1727
4	1730
4	1729
4	1734
4	1735
4	1736
4	1745
4	1746
4	1747
4	1748
4	1749
4	1752
4	1753
4	1760
4	1761
4	1764
4	1765
4	1766
4	1773
4	1779
4	1781
4	1786
4	1785
4	1791
4	1790
4	1794
4	1795
4	1797
4	1800
4	1801
4	1805
4	1806
4	1807
4	1812
4	1813
4	1814
4	1815
4	1816
4	1817
4	1818
4	1819
4	1820
4	1821
4	1822
4	1823
4	1824
4	1825
4	1826
4	1827
4	1828
4	1829
4	1830
4	1832
4	1834
4	1835
4	1836
4	1837
4	1838
4	1839
4	1840
4	1841
4	1842
4	1843
4	1844
4	1845
4	1846
4	1847
4	1848
4	1849
4	1850
4	1851
4	1852
4	1854
4	1853
4	1856
4	1857
4	1858
4	1859
4	1860
4	1861
4	1862
4	1864
4	1865
4	1866
4	1867
4	1868
4	1869
4	1870
4	1871
4	1872
4	1873
4	1874
4	1875
4	1876
4	1877
4	1878
4	1879
4	1881
4	1882
4	1883
4	1884
4	1885
4	1886
4	1887
4	1888
4	1889
4	1890
4	1896
4	1911
4	1959
4	1964
4	1976
4	1981
4	1988
4	1989
4	1990
4	1991
4	1994
4	2000
4	2005
4	2004
4	2006
4	2007
4	2008
4	2009
4	2011
4	2010
4	2014
4	2015
4	2016
4	2017
4	2019
4	2018
4	2022
4	2023
4	2024
4	2041
4	2043
4	2047
4	2049
4	2051
4	2053
4	2055
4	2060
4	2062
4	2067
4	2066
4	2069
4	2071
4	2073
4	2075
4	2077
4	2079
4	2081
4	2080
4	2082
4	2084
4	2087
4	2088
4	2090
4	2092
4	2095
4	2096
4	2098
4	2099
4	2101
4	2102
4	2105
4	2106
4	2108
4	2116
4	2120
4	2166
4	2171
4	2178
4	2197
4	2201
4	2204
4	2207
4	2208
4	2212
4	2216
4	2219
4	2217
4	2220
4	2221
4	2222
4	2225
4	2226
4	2227
4	2232
4	2234
4	2233
4	2235
4	2237
4	2240
4	2249
4	2248
4	2251
4	2253
4	2254
4	2255
4	2256
4	2258
4	2260
4	2272
4	2285
4	2287
4	2289
4	2302
4	2304
4	2305
4	2308
4	2314
4	2318
4	2321
4	2323
4	2325
4	2332
4	2334
4	2335
4	2336
4	2337
4	2338
4	2339
4	2340
4	2341
4	2342
4	2343
4	2344
4	2346
4	2357
4	2361
4	2364
4	2363
4	2366
4	2367
4	2369
4	2371
4	2372
4	2373
4	2381
4	2382
4	2379
4	2383
4	2385
4	2387
4	2389
4	2392
4	2403
4	2402
4	2405
4	2406
4	2407
4	2409
4	2412
4	2411
4	2413
4	2415
4	2417
4	2418
4	2419
4	2422
4	2423
4	2424
4	2438
4	2439
4	2442
4	2441
4	2432
4	2445
4	2449
4	2453
4	2454
4	2458
4	2461
4	2460
4	2463
4	2465
4	2464
4	2466
4	2468
4	2469
4	2470
4	2472
4	2473
4	2481
4	2490
4	2491
4	2496
4	2497
4	2501
4	2505
4	2512
4	2516
4	2519
4	2526
4	2535
4	2538
4	2537
4	2539
4	2542
4	2547
4	2549
4	2551
4	2553
4	2558
4	2563
4	2564
4	2560
4	2565
4	2568
4	2571
4	2574
4	2575
4	2579
4	2580
4	2581
4	2582
4	2586
4	2590
4	2592
4	2593
4	2594
4	2596
4	2597
4	2598
4	2608
4	2606
4	2622
4	2618
4	2624
4	2623
4	2626
4	2627
4	2628
4	2642
4	2644
4	2647
4	2654
4	2655
4	712
4	2671
4	2676
4	2682
4	2685
4	2694
4	2695
4	2699
4	2700
4	2701
4	2702
4	2703
4	2705
4	2706
4	2707
4	2708
4	2709
4	2710
4	2711
4	2712
4	2713
4	2714
4	2715
4	2716
4	2717
4	2718
4	2719
4	2720
4	2721
4	2722
4	2725
4	2728
4	2734
4	2736
4	2740
4	2743
4	2746
4	2749
4	2750
4	2754
4	2755
4	2757
4	2767
4	2768
4	2769
4	2770
4	2771
4	2772
4	2778
4	2785
4	2786
4	2787
4	2791
4	2792
4	2790
4	2793
4	2797
4	2798
4	2796
4	2800
4	2802
4	2804
4	2803
4	2807
4	2808
4	2809
4	2811
4	2812
4	2814
4	2815
4	2822
4	2826
4	2828
4	2836
4	2838
4	2839
4	2841
4	2849
4	2856
4	2857
4	2862
4	2863
4	2170
4	2868
4	2869
4	2871
4	2874
4	2873
4	2875
4	2876
4	2885
4	2888
4	2892
4	2893
4	2895
4	2896
4	2912
4	2913
4	2918
4	2925
4	2927
4	2930
4	2937
4	1649
4	2938
4	2950
4	2953
4	2955
4	2959
4	2960
4	2961
4	2962
4	2963
4	2964
4	2969
4	2975
4	2978
4	2982
4	2988
4	2990
4	2989
4	2991
4	2996
4	2999
4	3000
4	3001
4	3004
4	3003
4	3008
4	3012
4	3011
4	3018
4	3015
4	3024
4	3028
4	3029
4	3030
4	3034
4	3031
4	3037
4	3038
4	3045
4	3051
4	3052
4	3056
4	3059
4	3064
4	3063
4	3065
4	3066
4	3067
4	3068
4	3073
4	3074
4	3075
4	3076
4	3077
4	3081
4	3079
4	3082
4	3083
4	3085
4	3084
4	3086
4	3087
4	3088
4	3089
4	3092
4	3094
4	3093
4	3095
4	3096
4	3097
4	3098
4	3099
4	3101
4	3102
4	3104
4	3106
4	3107
4	3111
4	3112
4	3114
4	3118
4	3124
4	3126
4	3125
4	3138
4	3141
4	3157
4	3155
4	3158
4	3159
4	3160
4	3162
4	3169
4	3170
4	3173
4	3175
4	3176
4	3181
4	3194
4	3195
4	3196
4	3197
4	3200
4	3204
4	3209
4	3215
4	3216
4	3217
4	3219
4	3221
4	3222
4	3223
4	3225
4	3227
4	3226
4	3228
4	3229
4	3246
4	3249
4	3250
4	3262
4	3265
4	3276
4	3280
4	3279
4	3284
4	3285
4	3287
4	3289
4	3290
4	3292
4	3293
4	3303
4	3304
4	3305
4	3308
4	3312
4	3313
4	3314
4	3315
4	3316
4	3321
4	3323
4	3325
4	3326
4	3327
4	3331
4	3337
4	3342
4	3343
4	3346
4	3351
4	3353
4	3357
4	3358
4	3359
4	3360
4	3361
4	3362
4	3366
4	3367
4	3370
4	3378
4	3379
4	3385
4	3384
4	3386
4	3388
4	3395
4	3401
4	3407
4	3408
4	3410
4	3412
4	3420
4	3422
4	3426
4	3427
4	3428
4	3430
4	3429
4	3433
4	3436
4	3437
4	3438
4	3439
4	3440
4	3443
4	3445
4	3447
4	3451
4	3450
4	3449
4	3448
4	3461
4	3465
4	3466
4	3468
4	3469
4	3471
4	3473
4	3474
4	3478
4	3480
4	3481
4	3482
4	3483
4	3484
4	3485
4	3487
4	3489
4	3490
4	3492
4	3493
4	3498
4	3507
4	3508
4	3511
4	3512
4	3513
4	3514
4	3518
4	3520
4	3521
4	3523
4	3525
4	3526
4	3528
4	3536
4	3537
4	3538
4	3539
4	3544
4	3545
4	3548
4	3550
4	3551
4	3553
4	3556
4	3560
4	3559
4	3561
4	3563
4	3567
4	3575
4	3577
4	3586
4	3588
4	3590
7	6
6	12
8	7
9	8
9	34
10	8
10	22
10	45
10	47
10	78
10	72
10	159
10	169
10	209
10	254
10	284
10	304
10	323
10	329
10	394
10	405
10	510
10	525
10	530
10	536
10	537
10	546
10	584
10	620
10	810
10	841
10	859
10	877
10	886
10	906
10	915
10	932
10	948
10	966
10	998
10	1042
10	1070
10	1144
10	1156
10	1219
10	1222
10	1249
10	1138
10	1286
10	1299
10	1356
10	1467
10	1473
10	1474
10	1538
10	1547
10	1584
10	1603
10	1614
10	1650
10	1700
10	1727
10	1804
10	1815
10	1958
10	1960
10	1975
10	2001
10	2037
10	2038
10	2039
10	2083
10	2155
10	2163
10	2181
10	2187
10	2191
10	2213
10	2225
10	2226
10	2227
10	2248
10	2315
10	44
10	2395
10	2410
10	2526
10	2527
10	2594
10	2617
10	2642
10	414
10	2725
10	2734
10	2736
10	2738
10	2759
10	2761
10	2762
10	2778
10	2786
10	2816
10	2932
10	2934
10	2935
10	2966
10	2981
10	2982
10	2984
10	2993
10	3010
10	3013
10	3015
10	3021
10	3031
10	3037
10	3038
10	3259
10	3260
10	3263
10	3264
10	3300
10	3302
10	3322
10	3338
10	3341
10	3345
10	3422
10	3424
10	3425
10	3428
10	3466
10	3528
10	3558
12	11
12	145
12	2567
12	3526
12	3528
12	3535
12	3583
12	3584
11	23
11	35
11	36
11	147
11	148
11	149
11	150
11	151
11	154
11	155
11	2787
11	2790
11	2793
11	2796
11	3069
11	3560
11	3570
13	12
13	19
14	12
15	14
15	20
15	21
15	24
15	55
15	61
15	62
15	71
15	85
15	86
15	87
15	91
15	92
15	3561
15	3562
16	15
17	14
17	3122
17	3135
17	3172
18	12
19	12
20	19
20	40
20	49
20	60
20	144
20	3536
20	3537
20	3538
20	3540
20	3541
20	3555
21	11
21	3528
21	3535
22	21
22	109
22	127
22	133
22	531
22	948
22	984
22	1104
22	1458
22	1715
22	1784
22	1973
22	2985
23	152
23	153
24	23
25	24
25	1690
25	1695
25	1702
25	2244
25	2246
25	2261
25	2536
26	25
26	28
27	26
27	72
27	84
27	98
27	113
27	145
27	148
27	159
27	160
27	162
27	161
27	238
27	247
27	253
27	288
27	313
27	318
27	320
27	317
27	321
27	322
27	323
27	325
27	354
27	361
27	366
27	380
27	383
27	385
27	387
27	390
27	389
27	392
27	404
27	405
27	524
27	545
27	549
27	553
27	557
27	555
27	567
27	586
27	595
27	584
27	601
27	653
27	662
27	667
27	686
27	693
27	705
27	708
27	729
27	736
27	806
27	809
27	815
27	823
27	825
27	826
27	830
27	827
27	846
27	848
27	851
27	854
27	859
27	860
27	867
27	870
27	881
27	907
27	906
27	980
27	978
27	1007
27	1029
27	1047
27	1068
27	1099
27	1114
27	1139
27	1161
27	1197
27	1219
27	1249
27	1261
27	1316
27	1322
27	1356
27	1355
27	1438
27	1467
27	1542
27	1568
27	1569
27	1582
27	1591
27	1602
27	1610
27	1660
27	1663
27	1673
27	1682
27	1690
27	1698
27	1703
27	1722
27	1729
27	1734
27	1756
27	1994
27	1993
27	1999
27	2002
27	2004
27	2005
27	2006
27	2007
27	2008
27	2009
27	2011
27	2010
27	2013
27	2014
27	2015
27	2016
27	2017
27	2018
27	2019
27	2021
27	2022
27	2023
27	2024
27	2164
27	2181
27	2187
27	2185
27	2194
27	2197
27	2200
27	2202
27	2205
27	2208
27	2211
27	2213
27	2220
27	2232
27	2234
27	2233
27	2236
27	2235
27	2237
27	2240
27	2242
27	2246
27	2263
27	2270
27	2314
27	2326
27	2327
27	2353
27	2372
27	2375
27	2379
27	2387
27	2394
27	2404
27	2406
27	2418
27	2419
27	2424
27	2426
27	2428
27	2441
27	2448
27	2449
27	2453
27	2473
27	2478
27	2555
27	2559
27	2568
27	2576
27	2578
27	2581
27	2584
27	2585
27	2595
27	2618
27	2622
27	2626
27	2649
27	2650
27	2667
27	2676
27	2725
27	2734
27	2761
27	2762
27	2786
27	2808
27	2811
27	2828
27	2829
27	2833
27	2838
27	2839
27	2851
27	2853
27	2860
27	2861
27	2863
27	2869
27	2872
27	2871
27	2874
27	2873
27	2875
27	2876
27	2894
27	2901
27	2912
27	2923
27	2924
27	2928
27	2935
27	2939
27	2991
27	3022
27	3025
27	3031
27	3039
27	3069
27	3078
27	3079
27	3082
27	3088
27	3092
27	3093
27	3094
27	3095
27	3096
27	3097
27	3098
27	3102
27	3104
27	3103
27	3118
27	3126
27	3131
27	3132
27	3138
27	3157
27	3160
27	3161
27	3165
27	3166
27	3167
27	3168
27	3200
27	3221
27	3255
27	3274
27	3290
27	3293
27	3297
27	3304
27	3365
27	3410
27	3430
27	3547
27	3551
28	25
28	2244
28	2249
29	28
29	964
29	1141
29	1417
29	1427
29	1445
29	1550
29	1563
29	2428
29	2430
29	2538
29	2646
29	2752
29	2854
29	2863
29	2865
29	2886
29	2930
29	2935
29	2969
29	1977
30	25
30	320
30	322
30	340
30	342
30	806
30	812
30	825
30	822
30	829
30	830
30	831
30	827
30	836
30	845
30	876
30	890
30	891
30	920
30	921
30	922
30	962
30	964
30	1099
30	1248
30	1419
30	1439
30	1442
30	1441
30	1444
30	1455
30	1481
30	1506
30	1671
30	1730
30	2049
30	2067
30	2070
30	2119
30	2132
30	2149
30	2151
30	2152
30	2159
30	2160
30	2281
30	2486
30	2503
30	3208
30	3268
30	3276
30	3287
30	3314
30	3409
30	3410
32	31
32	33
36	146
36	156
37	36
37	3565
38	37
39	38
40	39
40	48
40	148
40	154
40	3539
40	3564
41	40
41	1502
41	1559
41	1715
41	2753
41	3117
41	3536
42	39
43	42
43	54
43	88
43	119
43	1137
43	1140
43	1296
43	1788
43	1862
43	1917
43	2577
43	3340
43	3413
43	3421
44	42
44	54
44	88
45	39
45	45
45	491
45	1277
45	1715
45	3226
45	3246
45	3413
46	45
46	47
46	325
46	405
46	481
46	491
46	658
46	707
46	708
46	815
46	820
46	829
46	836
46	839
46	848
46	869
46	867
46	873
46	880
46	889
46	897
46	900
46	940
46	966
46	985
46	988
46	990
46	1029
46	1042
46	1083
46	1099
46	1106
46	1107
46	1109
46	1113
46	1118
46	1119
46	1120
46	1121
46	1123
46	1124
46	1125
46	1127
46	1136
46	1144
46	1160
46	1159
46	1171
46	1172
46	1181
46	1200
46	1201
46	1205
46	1222
46	1235
46	1236
46	1240
46	1244
46	1245
46	1249
46	1257
46	1277
46	1286
46	1291
46	1297
46	1301
46	1356
46	1382
46	1608
46	1624
46	1626
46	1700
46	1730
46	1986
46	1987
46	2039
46	2092
46	2354
46	2363
46	2366
46	2372
46	2386
46	2387
46	2392
46	2396
46	2401
46	2402
46	2406
46	2428
46	2436
46	2441
46	2445
46	2449
46	2454
46	2470
46	2497
46	2518
46	2551
46	2555
46	2567
46	2576
46	2578
46	2606
46	2618
46	2622
46	2625
46	2626
46	2643
46	2649
46	2682
46	2684
46	2685
46	2686
46	2687
46	2696
46	2725
46	2734
46	2755
46	2756
46	2778
46	2787
46	2790
46	2792
46	2793
46	2796
46	2798
46	2822
46	2956
46	2965
46	2990
46	3002
46	3007
46	3013
46	3022
46	3029
46	3037
46	3038
46	3040
46	3043
46	3045
46	3047
46	3064
46	3184
46	3183
46	3182
46	3186
46	3189
46	3191
46	3192
46	3193
46	3197
46	3200
46	3204
46	3206
46	3217
46	3219
46	3221
46	3222
46	3224
46	3226
46	3270
46	3269
46	3283
46	3321
46	3322
46	3323
46	3325
46	3326
46	3327
46	3328
46	3365
46	3374
46	3421
46	3427
46	3492
46	3497
46	3552
47	45
47	47
47	3228
48	38
48	3069
49	48
49	3563
50	49
50	323
50	325
50	508
50	507
50	510
50	511
50	530
50	567
50	570
50	705
50	707
50	715
50	719
50	720
50	724
50	734
50	826
50	862
50	888
50	935
50	1249
50	1297
50	981
50	1431
50	1559
50	2492
50	2578
50	2667
50	2698
50	2719
50	2726
50	2763
50	2764
50	2765
50	2766
50	2767
50	2768
50	2769
50	2770
50	2771
50	2772
50	2773
50	2779
50	2780
50	2817
50	2905
50	3131
50	3209
50	3225
50	3308
50	3426
51	37
51	1100
51	2078
51	2081
51	2082
51	2481
51	2560
52	51
52	109
52	1104
52	1100
52	984
52	1543
52	1552
52	1559
52	1973
52	1987
52	2276
52	3015
52	3031
52	3041
52	3069
52	3516
53	52
53	109
53	112
53	982
53	1009
53	1007
53	1100
53	1268
53	1588
53	1622
53	1666
53	1665
53	1709
53	1984
53	2049
53	2067
53	2077
53	2172
53	2197
53	2205
53	2354
53	2362
53	2384
53	2391
53	2392
53	2400
53	2403
53	2409
53	2419
53	2430
53	2467
53	2470
53	2493
53	2502
53	2560
53	2563
53	2564
53	2578
53	2589
53	2622
53	2788
53	2794
53	2806
53	2809
53	2811
53	2841
53	2855
53	2857
53	2554
53	3280
53	1977
53	2805
54	36
54	54
54	72
54	71
54	85
54	155
55	154
56	55
56	109
56	958
56	956
56	1083
56	1398
56	1413
56	1414
56	1467
56	1484
56	1678
56	1709
56	1797
56	2044
57	56
57	112
57	550
57	964
57	982
57	1655
57	2058
58	57
58	56
58	72
58	959
58	963
58	1142
58	1141
58	1297
58	1702
58	2412
58	2646
58	2884
58	3586
59	56
59	1076
59	1137
59	1140
59	1297
59	3585
59	3586
59	3587
60	147
60	148
60	154
62	3528
63	62
63	63
64	62
64	167
64	210
64	482
64	485
64	481
64	534
64	537
64	663
64	691
64	701
64	705
64	895
64	899
64	901
64	903
64	911
64	914
64	924
64	932
64	1502
64	1570
64	1722
64	2175
64	2194
64	2197
64	2200
64	2205
64	2334
64	2335
64	2336
64	2337
64	2338
64	2339
64	2340
64	2341
64	2342
64	2343
64	2344
64	2700
64	2701
64	2703
64	2706
64	2709
64	2710
64	2711
64	2717
64	2720
64	2721
64	2722
64	2734
64	2753
64	2778
64	2784
64	3467
64	3526
64	3536
64	3562
65	64
66	64
67	64
67	719
67	3245
68	64
68	720
69	64
69	73
69	268
69	284
69	283
69	393
69	482
69	491
69	537
69	906
69	948
69	1111
69	1314
69	1474
69	2249
69	2271
69	2322
69	2324
69	2694
69	2725
69	3435
70	64
70	482
70	1100
70	1354
70	1356
70	1359
70	2480
70	2595
71	147
71	148
71	150
71	3550
71	3551
72	71
72	109
72	948
72	1272
72	1467
72	1502
72	1565
72	1715
72	1999
72	2044
72	2286
73	72
73	2000
73	2111
73	2186
73	2249
73	2259
73	2646
74	73
74	393
75	72
76	72
76	76
76	948
76	1401
76	1403
76	1461
76	2001
76	2083
76	2246
77	76
77	72
77	93
77	148
77	157
77	161
77	586
77	848
77	869
77	1054
77	1055
77	1261
77	1320
77	1321
77	1322
77	1323
77	1450
77	1510
77	1591
77	1589
77	1608
77	1626
77	1664
77	1668
77	1700
77	1713
77	1715
77	1725
77	1726
77	1737
77	1738
77	1740
77	1741
77	2164
77	2169
77	2202
77	2304
77	2306
77	2363
77	2383
77	2385
77	2392
77	2400
77	2405
77	2406
77	2419
77	2500
77	2527
77	2555
77	2558
77	2571
77	2574
77	2575
77	2576
77	2578
77	2581
77	2584
77	2585
77	2589
77	2622
77	2624
77	2623
77	2626
77	2627
77	2648
77	2649
77	2789
77	2795
77	2802
77	2804
77	2812
77	2815
77	2833
77	2834
77	2838
77	2839
77	2843
77	2856
77	2879
77	2916
77	2951
77	2954
77	2975
77	3011
77	3015
77	3031
77	3077
77	3088
77	3102
77	3104
77	3255
77	3294
77	3363
77	3528
77	3547
78	72
78	1415
78	1425
78	1429
78	1629
79	72
80	79
81	80
81	1455
81	1456
81	1457
82	81
82	1451
82	1617
82	1675
83	72
83	1467
83	1468
83	2069
83	2273
83	2274
83	2275
83	2276
83	2277
83	2279
83	2280
83	2281
83	2283
83	2284
83	2285
83	2286
83	2287
83	2288
84	72
85	147
86	150
86	151
87	149
88	87
88	88
88	91
88	1272
89	87
89	1625
89	1722
89	2175
89	2188
89	2195
89	2196
89	2197
89	2200
89	2205
89	3129
89	3377
89	3596
90	89
90	353
90	982
90	1587
90	1588
90	1666
90	2172
90	2379
90	2404
90	2405
90	2419
90	2426
90	2438
90	2446
90	2447
90	2448
90	2549
90	2568
90	2582
90	2589
90	2650
90	2651
90	2653
90	351
90	2656
90	2657
90	2807
90	2809
90	2811
90	2851
90	2852
90	2853
90	2854
90	2855
90	2856
90	2857
90	2858
90	2859
90	2860
90	2861
90	2862
90	2863
90	2865
90	2170
90	2866
90	2554
90	2867
90	2868
90	3269
90	3280
90	3509
90	1672
91	148
91	149
91	150
91	154
91	3551
92	148
92	154
92	3528
92	3535
93	92
93	1626
93	2306
93	2585
93	3547
97	96
97	192
97	264
97	661
97	1096
97	1317
97	1505
97	1606
97	2229
97	2312
97	2376
97	2421
97	2783
97	2890
97	2929
97	2946
97	2991
97	2998
97	3028
97	3090
97	3511
96	98
101	100
101	1686
101	1691
101	2552
103	102
103	108
103	107
103	1082
103	1083
103	1567
103	1685
103	1708
103	1707
103	1711
103	1715
103	1987
103	2543
103	2545
103	3494
105	104
105	970
105	971
105	989
105	990
105	1255
105	1386
105	1387
105	1388
105	1389
105	1390
105	1391
105	1392
105	1393
105	1394
105	1395
105	1396
105	1397
105	1401
105	1402
105	1404
105	1405
105	1406
105	1407
105	1408
105	1410
105	1411
105	1463
105	1464
105	1492
105	1571
105	1991
105	2485
105	2486
106	105
106	988
106	1458
106	1486
106	1489
108	107
108	1685
108	2545
108	3497
109	108
109	1083
109	1708
110	109
110	1784
111	109
111	1302
111	1570
111	1571
111	1576
111	1583
111	1585
111	1586
111	1593
111	1596
111	1617
111	1628
111	1631
111	1635
111	1636
111	1640
111	1645
111	1650
111	1653
111	1663
111	1671
111	1675
111	2169
111	2197
111	2205
111	2545
111	3594
112	109
112	1709
112	1715
114	113
114	118
114	2151
114	2479
116	115
116	122
116	2109
116	2132
116	2133
116	2135
116	2148
117	116
117	2138
117	2141
117	2146
117	2149
117	2150
118	117
118	3184
118	3224
119	118
119	2141
121	120
122	121
122	2156
124	123
124	3358
124	3359
124	3360
124	3362
125	124
125	2557
125	3012
125	3273
125	3274
125	3278
125	3279
125	3281
125	3282
125	3283
125	3287
125	3363
125	3364
125	3408
125	3412
127	126
127	3231
127	3232
127	3233
127	3234
128	127
128	401
128	663
128	705
128	3246
129	127
129	133
129	401
129	405
129	570
129	659
129	663
129	705
129	707
129	715
129	2725
129	2724
129	3272
129	3345
131	130
131	3423
131	3424
133	132
133	3235
133	3236
133	3237
133	3238
133	3239
133	3240
133	3241
133	3242
133	3243
133	3244
134	133
134	405
134	409
134	707
134	2726
134	3345
135	133
135	139
137	136
137	3425
139	138
139	3230
139	3355
139	3388
139	3389
139	3403
144	145
148	3542
148	3579
156	3582
158	157
158	161
158	404
158	1007
158	2822
158	2837
159	160
162	161
162	586
162	3077
162	3078
162	3079
162	3082
162	3083
162	3092
162	3093
162	3094
162	3095
162	3096
162	3097
162	3098
162	3100
162	3103
162	3111
162	3113
164	163
164	475
164	479
164	496
164	498
164	499
164	500
164	501
164	502
164	505
164	506
164	3459
164	3468
164	3473
164	3475
164	3476
164	3477
164	3481
164	3489
166	165
166	168
166	173
166	175
166	174
166	178
166	182
166	184
166	185
166	186
166	187
166	188
166	189
166	939
166	940
166	942
166	943
166	944
166	1269
166	1271
166	1274
166	1496
166	1497
166	1498
166	2356
166	3177
166	3178
166	3211
166	3212
165	168
165	173
165	175
165	176
165	177
165	181
165	183
165	185
165	186
165	187
165	188
165	939
165	940
165	942
165	943
165	944
165	1269
165	1271
165	1274
165	1496
165	1497
165	1498
165	2352
165	2355
165	2356
165	3177
165	3178
165	3179
165	3180
165	3211
165	3212
165	3213
165	3214
168	167
168	169
169	167
172	171
175	174
175	179
175	180
175	182
175	189
175	3512
179	178
180	184
191	190
191	193
191	194
191	195
191	196
191	197
191	198
191	199
191	200
191	201
191	202
191	203
191	204
191	205
191	207
191	937
191	938
191	941
191	945
191	1494
192	191
192	241
192	249
192	251
192	266
192	338
192	399
192	403
192	521
192	535
192	542
192	735
192	738
192	739
192	740
192	741
192	742
192	743
192	744
192	752
192	753
192	853
192	885
192	905
192	1335
192	1336
192	1338
192	1339
192	1340
192	1341
192	1342
192	1345
192	1346
192	1347
192	1348
192	1349
192	1350
192	1352
192	1353
192	1360
192	1361
192	1362
192	1363
192	1364
192	1365
192	1366
192	1367
192	1368
192	1369
192	1373
192	1374
192	1375
192	1376
192	1561
192	2321
192	2323
192	2333
192	2345
192	2348
192	2349
192	2360
192	3418
192	3521
216	215
216	219
216	286
216	887
216	2325
217	216
217	215
217	325
219	218
219	222
219	223
219	228
219	230
219	231
219	234
219	243
219	1963
218	225
218	226
218	227
218	229
218	232
218	233
218	235
218	236
218	237
220	219
221	219
221	475
221	476
221	479
221	480
221	481
221	496
221	498
221	502
221	505
221	1249
221	1974
221	2153
221	2161
222	224
239	238
239	851
239	2811
239	3445
239	3498
239	3513
238	245
238	247
240	238
240	1700
240	1702
240	1703
240	1770
240	2992
243	242
243	244
246	245
246	2441
250	250
254	253
254	262
254	263
253	482
255	253
255	269
255	276
255	275
255	277
255	279
255	282
255	285
255	288
255	323
255	328
255	332
255	334
255	376
255	402
255	819
255	820
255	874
255	882
255	880
255	892
255	898
255	1099
255	1101
255	984
255	1349
255	1538
255	1547
255	1560
255	1630
255	1973
255	1986
255	1987
255	1989
255	2086
255	2300
255	3052
255	3376
255	3434
255	3541
256	255
256	315
257	253
257	2648
257	2649
258	257
258	2649
260	259
259	417
259	694
259	2648
261	259
261	419
265	260
266	3491
268	267
268	302
268	313
268	881
268	1099
268	1548
268	1549
268	1562
268	1982
268	1986
268	1987
268	1988
268	2307
268	3505
267	276
267	282
269	268
269	327
269	331
269	332
270	268
270	327
270	328
270	331
270	332
270	3439
271	270
271	700
271	2303
271	3438
271	3547
272	268
272	280
272	357
272	1687
273	268
273	287
273	302
273	884
273	892
273	898
273	925
273	3437
274	268
274	327
274	331
274	332
274	2422
274	3432
276	275
276	277
276	278
276	279
276	285
282	281
282	283
281	481
284	283
284	1106
284	1983
287	927
289	288
289	701
288	304
288	329
290	291
290	292
290	293
290	294
294	295
295	296
298	297
298	349
298	476
298	480
298	495
298	497
298	503
298	528
298	1981
298	2670
298	3463
298	3464
298	3480
298	3484
298	3502
298	3506
298	3507
298	3508
298	3510
299	297
299	316
299	3502
300	301
303	302
303	528
303	1003
303	1156
303	984
303	1467
303	2103
303	2291
303	2649
303	2802
303	2804
303	3505
305	304
306	304
306	337
306	482
307	304
307	320
307	321
307	323
307	334
307	371
307	407
307	481
307	491
307	586
307	834
307	842
307	854
307	859
307	889
307	891
307	920
307	1037
307	1061
307	1197
307	1138
307	1476
307	1477
307	1639
307	1650
307	1692
307	1781
307	1975
307	1982
307	2000
307	2155
307	2163
307	2169
307	2448
307	2485
307	2618
307	2670
307	2673
307	2688
307	2725
307	2734
307	2757
307	2778
307	2786
307	2850
307	3174
307	3424
307	3439
307	3510
309	308
309	330
309	929
309	2423
310	309
310	308
310	311
310	929
310	1107
310	1109
311	308
312	311
313	312
313	1976
314	308
314	2809
316	315
316	354
316	377
316	837
316	854
316	908
316	921
316	922
316	1098
316	1335
316	1438
318	317
319	318
319	320
319	322
320	318
320	320
323	323
324	323
324	1323
324	1324
324	2667
326	325
327	358
327	926
327	1110
327	2422
328	1097
332	874
332	1370
332	1985
332	1992
332	2688
335	334
335	756
340	339
340	347
342	341
342	343
342	344
342	345
347	830
347	1073
351	350
351	697
351	699
352	350
352	368
352	688
352	698
352	704
352	714
352	722
352	921
352	922
352	2658
352	687
352	2668
352	3591
353	352
353	854
353	838
355	354
355	365
355	367
355	371
360	359
360	363
360	364
359	363
359	364
361	359
361	373
361	374
361	376
362	361
362	365
362	379
366	365
366	367
366	372
366	366
368	366
368	375
368	378
368	1098
368	2666
368	2668
368	2671
369	366
371	370
377	376
378	377
378	702
378	703
378	713
378	721
378	733
378	2652
378	2654
378	2655
378	2667
378	2669
378	3460
381	380
381	389
381	693
381	1007
381	2004
381	2005
381	2009
381	2014
381	2017
381	2022
381	2232
381	2235
381	2327
381	2472
381	2822
381	2839
381	2869
381	2871
381	2979
381	2985
381	2986
381	3092
381	3093
381	3094
381	3095
381	3096
381	3097
381	3098
381	3290
381	3317
381	3342
381	3367
380	389
380	392
382	380
382	693
382	2005
382	2009
382	2017
382	2232
382	2824
382	2823
382	2834
382	2835
382	2839
382	2869
382	3092
382	3093
382	3094
382	3095
382	3096
382	3097
382	3098
382	3274
384	383
384	1613
384	2007
384	2010
384	2018
384	2233
384	2875
384	3081
385	383
385	385
385	392
386	385
386	2011
386	2019
386	2234
386	2874
388	387
388	2008
388	2016
388	2024
388	2240
388	2876
390	389
390	392
389	392
391	389
391	396
391	665
391	2004
391	2014
391	2022
391	2235
391	2786
391	2871
391	2958
393	392
394	393
395	393
395	396
395	397
395	398
395	402
401	400
403	411
404	405
405	406
405	407
405	408
405	409
409	410
413	412
413	486
412	508
412	511
414	412
414	847
414	848
414	842
414	869
414	871
414	877
414	880
414	897
416	415
416	425
416	430
416	446
416	454
416	470
417	416
417	678
417	708
417	709
417	718
418	417
418	420
418	432
418	477
418	524
418	679
418	710
418	717
418	718
418	724
418	732
418	892
418	1144
418	2723
418	2725
418	2724
418	2734
418	2784
418	3453
418	3463
418	3478
419	418
419	695
419	724
419	732
419	3452
419	3464
420	416
420	422
420	426
420	431
420	447
420	455
420	471
421	416
421	415
421	425
421	424
421	423
421	430
421	429
421	437
421	436
421	440
421	442
421	444
421	446
421	448
421	450
421	452
421	454
421	456
421	459
421	458
421	462
421	464
421	466
421	468
421	470
421	512
421	514
421	516
421	518
421	718
422	415
424	423
424	437
424	440
424	452
424	464
424	468
424	512
425	424
425	434
425	442
425	448
426	425
426	427
426	435
426	449
427	424
427	428
427	438
427	441
427	453
427	465
427	469
427	513
428	423
430	429
430	444
430	450
430	459
431	430
431	433
431	445
431	451
431	460
432	431
432	433
432	495
432	708
432	718
432	724
432	732
432	2734
432	2781
432	3463
432	3464
432	3470
432	3477
432	3478
433	429
434	456
434	518
435	434
435	443
435	457
435	519
437	436
437	462
437	466
438	437
438	439
438	463
438	467
439	436
441	440
443	442
445	444
447	446
449	448
451	450
453	452
455	454
457	456
459	458
459	514
459	516
460	459
460	461
460	515
460	517
461	458
463	462
465	464
467	466
469	468
471	470
473	472
472	481
474	473
474	674
474	675
474	676
474	700
474	3465
478	477
482	481
482	483
482	691
482	700
482	732
482	2689
483	482
484	481
484	2707
484	2761
484	2786
485	484
485	691
486	481
487	486
487	701
488	487
489	488
489	486
489	696
490	486
490	881
490	884
490	893
490	898
490	902
490	904
490	925
490	932
491	486
491	491
492	491
493	491
493	523
494	486
494	879
494	884
494	892
494	895
494	898
494	899
494	901
494	903
494	911
494	914
494	924
494	3593
504	503
504	1587
504	2527
504	2650
504	2651
504	2654
504	2655
504	2668
504	2669
504	2807
504	2809
504	2847
504	2851
504	2852
504	2858
504	2859
504	2170
504	2867
504	2952
504	2966
504	3161
504	3165
504	3280
508	507
508	510
509	508
509	507
509	511
509	696
509	839
509	889
509	891
509	2649
509	2725
513	512
515	514
517	516
519	518
521	520
521	522
521	529
524	524
527	526
527	964
527	986
527	1010
530	530
532	531
532	1314
532	2644
532	3074
532	3176
532	3209
532	3225
533	532
533	719
533	720
533	2354
533	2598
533	2687
533	2949
533	3118
537	3137
537	3168
538	537
538	1064
538	1745
538	1689
540	539
540	1574
540	2347
541	540
541	544
541	545
541	1564
541	1610
541	1791
541	2193
542	541
542	1280
542	2270
542	2645
542	3071
544	543
544	3199
544	3220
547	546
547	1570
548	547
548	1715
548	1722
548	2205
550	549
550	958
550	981
550	1442
550	1709
550	2151
550	2159
551	549
551	987
551	1065
551	1086
551	1091
551	1731
551	1735
551	1736
551	1742
551	1743
551	1764
551	1765
551	1815
551	1959
551	1962
551	2274
551	2275
551	2279
553	552
553	556
553	555
553	580
553	584
553	595
553	604
553	607
553	608
553	617
553	663
553	667
553	670
552	555
552	607
552	608
554	552
554	580
554	608
554	610
554	612
556	555
556	576
557	556
557	580
557	584
557	617
558	557
558	564
558	568
558	616
558	635
558	653
559	558
559	563
559	617
560	555
561	555
563	562
563	567
563	572
563	604
564	562
564	572
566	565
566	584
566	672
568	567
568	604
569	568
570	662
570	3273
571	570
571	596
571	601
571	3023
575	574
578	577
577	584
579	577
579	601
580	617
582	581
582	583
583	581
584	583
584	601
585	584
585	585
585	595
585	2725
585	3065
585	3099
585	3249
586	585
587	586
587	593
588	587
588	585
588	593
589	586
589	3116
590	586
590	3077
590	3079
590	3081
590	3092
590	3093
590	3094
590	3095
590	3096
590	3097
590	3098
590	3103
590	3113
590	3116
591	586
592	591
592	3081
592	3088
593	584
593	2725
593	3077
594	593
595	584
596	584
597	596
597	662
597	3273
597	3592
598	596
598	3592
599	596
599	584
599	662
599	664
599	665
599	666
599	667
599	3273
599	3592
600	584
600	617
600	618
600	654
600	655
601	660
602	601
602	2208
604	603
604	653
606	605
610	609
614	613
616	615
616	635
616	650
615	652
615	655
617	616
617	620
617	639
617	651
617	653
618	616
618	653
619	615
619	2208
620	638
620	640
621	622
622	623
622	624
622	625
622	626
622	627
628	622
628	629
628	630
631	622
631	632
631	633
631	634
631	630
635	637
636	635
636	654
641	642
642	643
643	644
643	645
643	646
643	647
648	642
650	649
654	653
657	656
657	660
656	667
656	3274
659	658
660	659
662	663
663	3246
668	667
669	667
669	734
669	1876
669	1893
669	2203
669	2302
669	2314
669	2326
669	2328
669	2471
669	2725
669	2782
669	3379
671	670
678	677
678	683
678	726
679	678
679	682
679	684
679	727
679	3454
680	678
681	678
681	685
681	726
681	728
682	677
682	3455
684	683
684	3457
687	686
687	716
687	729
687	921
687	922
687	2660
687	2662
688	686
688	702
688	729
688	3468
689	686
689	709
689	729
689	732
689	733
689	2774
689	3460
689	3488
690	689
693	705
695	694
695	3462
698	697
698	699
698	733
698	3490
704	703
706	705
710	709
710	3472
712	711
714	713
714	3474
715	2725
717	716
717	718
717	3479
717	3478
717	3509
722	721
722	3482
724	723
725	724
725	3483
727	726
727	729
727	3486
730	729
730	822
730	921
730	922
730	1635
730	1645
730	1648
730	1666
730	1722
730	2426
730	2438
730	2447
730	2448
730	2546
730	2589
730	2651
730	2656
730	2657
730	2660
730	2806
730	2853
730	2854
730	2855
730	2859
730	2860
730	2861
730	2863
730	2866
730	2554
730	2947
731	732
737	736
746	745
746	755
746	756
748	747
750	749
750	751
758	757
758	760
758	761
758	762
758	763
758	764
758	765
758	766
758	767
758	768
758	769
758	770
758	771
758	772
758	773
758	774
758	775
758	776
758	777
758	778
758	779
758	780
758	781
758	782
758	783
758	784
758	785
758	786
758	787
758	788
758	789
758	790
758	791
758	792
758	793
758	794
758	795
758	796
758	797
758	798
758	799
758	800
758	801
758	802
758	803
758	804
758	2801
759	758
759	829
800	805
807	806
807	812
807	813
807	850
807	866
807	868
806	820
808	806
808	836
808	841
808	834
808	859
808	867
808	922
808	3077
810	872
811	810
811	826
811	859
811	862
811	872
811	2462
811	2559
811	2583
811	2833
811	2838
811	3255
814	813
814	820
814	836
814	868
813	889
815	813
815	820
815	826
815	846
815	859
815	866
815	868
815	870
815	908
816	815
816	829
816	831
817	813
817	839
817	854
817	889
817	897
818	817
818	821
819	817
819	821
819	881
819	884
819	892
819	908
821	820
821	848
821	868
821	869
821	880
823	822
823	828
823	837
824	823
824	824
824	825
824	836
825	823
825	836
825	845
826	825
826	826
826	851
828	827
828	878
827	854
829	828
830	828
830	827
830	860
831	828
831	837
831	836
831	834
831	845
831	855
832	827
832	834
833	827
833	835
834	827
835	834
835	836
835	827
835	854
836	834
836	850
836	854
837	836
838	837
838	878
838	2662
839	836
839	889
839	897
840	839
841	839
841	896
841	898
842	841
843	841
843	847
843	848
843	869
843	890
843	896
843	922
843	2669
844	834
849	848
849	869
849	880
853	852
853	931
857	856
857	858
857	861
857	915
863	862
863	872
864	863
864	865
865	862
865	872
865	873
867	869
868	867
868	873
869	868
872	872
877	889
877	897
881	880
881	897
881	923
880	889
880	916
882	881
882	880
882	897
883	882
883	889
883	890
883	891
883	897
883	923
883	925
883	930
886	886
889	900
889	913
890	889
890	923
891	890
891	925
893	892
892	896
892	900
892	912
894	896
895	895
896	902
896	904
896	910
896	915
907	906
909	908
918	917
918	919
918	920
920	921
920	922
927	928
932	932
934	933
939	944
940	939
947	946
947	968
947	990
948	946
948	956
948	968
948	969
948	975
948	990
948	1083
949	948
950	949
950	1083
950	1099
950	1132
950	1183
950	1249
950	1306
950	3536
951	946
951	952
951	953
955	954
955	1163
955	1166
955	1245
954	954
957	956
956	977
958	957
958	1412
958	1413
958	1414
958	1422
959	956
959	997
959	1038
959	1040
959	1156
959	1222
960	959
960	993
960	994
961	956
961	1156
963	962
963	985
964	962
965	964
965	985
967	966
967	1134
967	1161
967	1248
967	1306
966	968
968	1254
969	968
969	1131
969	1181
973	972
973	1310
973	1311
973	1385
973	1459
973	1461
973	1474
973	1476
973	1477
973	1490
973	1491
973	1692
974	973
974	1377
974	1466
974	1465
974	1467
974	1681
974	1704
974	2257
974	3492
976	975
975	1128
975	1179
978	977
978	1652
978	1657
978	1673
978	1674
978	1678
978	1679
978	1680
978	2152
978	2160
979	978
979	1628
979	1630
979	1634
979	1640
979	1653
979	1654
979	1664
980	979
980	1302
980	1618
980	1635
980	1637
980	1645
980	1648
980	1651
980	1663
980	1670
980	1671
980	2546
981	980
981	1620
981	1623
981	1625
981	2164
981	2169
981	2202
982	981
982	979
982	978
982	1098
982	1618
982	1620
982	1623
982	1630
982	1635
982	1637
982	1654
982	1670
982	1675
982	1710
982	1715
982	2200
983	981
984	980
984	1621
984	1682
984	1706
984	1973
984	2152
984	2160
987	1164
987	1165
992	991
992	1000
992	1001
992	1002
992	1012
992	1017
992	1021
991	1022
991	1072
993	992
993	997
994	992
994	1001
994	1002
994	1012
994	1021
995	991
995	1052
995	1054
995	1306
996	995
997	996
997	1038
997	1040
998	995
998	1052
999	998
999	1039
999	1042
999	1054
999	1071
999	1077
999	1078
1001	1015
1001	1016
1002	1013
1002	1014
1002	1018
1002	1020
1004	1003
1005	1004
1005	1006
1005	1011
1007	1006
1007	1029
1007	1047
1007	1310
1007	1311
1007	2111
1007	2181
1007	2211
1007	2213
1007	2215
1007	2218
1007	2221
1007	2252
1007	2257
1007	2259
1007	2268
1007	2831
1007	2846
1007	2877
1007	2880
1007	2885
1007	3309
1007	3354
1007	3392
1008	1007
1008	2841
1009	1008
1009	1007
1009	2841
1009	3311
1010	1039
1010	1053
1010	1054
1012	1019
1024	1023
1024	1026
1024	1027
1024	1028
1024	1031
1025	1024
1025	1132
1025	1183
1030	1029
1030	1047
1030	1048
1030	1049
1030	1050
1030	1056
1029	1032
1029	1033
1029	1034
1029	1035
1029	1036
1038	1037
1038	1044
1038	1051
1038	1052
1038	1053
1038	1054
1038	1055
1039	1037
1039	1045
1039	1046
1040	1039
1040	1060
1041	1039
1042	1037
1043	1042
1043	1072
1043	1546
1043	1688
1043	2100
1043	2192
1043	2468
1043	2553
1043	2562
1043	2560
1043	2564
1043	2566
1043	3197
1043	3217
1043	3219
1043	3288
1048	1061
1057	1056
1057	1059
1058	1056
1058	3163
1064	1156
1066	1065
1066	1091
1065	1163
1065	1164
1065	1165
1065	1166
1067	1066
1067	1094
1067	1095
1067	2752
1069	1068
1069	1107
1073	1072
1073	1073
1073	1080
1073	1455
1073	1645
1073	1652
1073	1782
1073	1783
1073	2274
1073	2275
1074	1072
1074	2551
1074	2553
1075	1072
1075	2541
1075	2553
1075	3048
1076	1072
1076	1078
1081	1080
1085	1084
1085	1087
1085	1091
1084	1086
1084	1088
1084	1089
1084	1090
1092	1091
1092	1809
1092	2252
1093	1092
1093	1091
1093	1381
1093	1801
1093	1809
1093	1811
1093	2215
1094	1091
1095	1091
1100	1099
1101	1100
1101	1551
1101	2560
1102	1101
1103	1102
1103	1537
1103	1545
1104	1103
1104	1546
1105	1101
1105	1559
1105	2492
1105	2915
1105	2917
1105	2914
1105	3227
1105	3255
1105	3343
1105	3344
1105	3597
1107	1106
1107	1116
1107	3536
1108	1107
1108	1109
1108	2737
1108	2741
1108	2744
1108	2745
1108	3118
1112	1111
1112	1128
1112	1129
1112	1131
1112	1155
1112	1157
1112	1159
1114	1113
1114	1118
1114	1119
1114	1120
1114	1121
1114	1123
1114	1124
1114	1125
1114	1127
1115	1114
1115	1168
1115	2747
1116	1115
1116	1132
1116	1144
1116	1145
1116	1161
1116	1183
1116	1249
1117	1115
1117	1132
1117	1183
1122	1121
1122	1136
1122	1171
1122	1172
1126	1125
1126	1136
1126	1175
1130	1129
1130	1132
1130	1177
1130	1183
1130	1220
1132	1146
1132	1147
1132	1148
1132	1149
1132	1150
1132	1151
1132	1152
1132	1153
1132	1154
1133	1132
1133	1158
1133	1183
1133	1222
1133	2747
1134	1133
1134	1183
1134	2747
1135	1132
1135	1157
1135	1183
1135	1259
1136	1132
1136	1183
1136	3536
1137	1136
1138	1137
1138	1140
1139	1136
1139	1283
1140	1136
1140	3550
1141	1136
1142	1141
1142	1297
1143	1132
1143	1183
1143	1250
1143	1305
1144	1132
1144	1183
1145	1144
1156	1155
1156	1257
1160	1159
1160	1209
1160	1244
1161	1160
1161	1197
1162	1161
1162	1249
1162	1305
1168	1167
1168	1169
1168	1170
1168	1171
1168	1172
1168	1173
1168	1174
1168	1175
1168	1176
1168	1211
1167	1210
1170	1212
1171	1213
1172	1214
1173	1215
1174	1216
1175	1217
1176	1218
1179	1178
1179	1221
1181	1180
1181	1222
1183	1182
1183	1189
1183	1223
1183	1298
1182	1185
1182	1186
1182	1187
1182	1190
1182	1191
1182	1192
1182	1193
1182	1194
1184	1183
1184	1195
1184	1222
1184	1233
1189	1188
1189	1227
1197	1196
1197	1234
1196	1200
1196	1201
1196	1202
1196	1203
1196	1204
1196	1205
1196	1206
1196	1207
1196	1208
1198	1197
1199	1197
1199	3137
1223	1224
1223	1225
1223	1226
1223	1228
1223	1229
1223	1230
1223	1231
1223	1232
1234	1235
1234	1236
1234	1237
1234	1238
1234	1239
1234	1240
1234	1241
1234	1242
1234	1243
1247	1246
1247	1714
1247	2633
1247	2938
1250	1249
1251	1249
1251	2618
1252	1249
1252	1355
1252	2618
1252	3280
1253	1249
1257	1256
1259	1258
1263	1262
1263	2084
1263	2487
1264	1263
1265	1264
1266	1263
1266	2084
1267	1263
1267	1999
1267	2095
1267	2096
1267	2098
1268	1267
1268	1593
1268	2067
1268	2585
1268	2818
1268	2819
1268	2821
1268	2955
1268	2956
1268	2957
1268	2958
1268	2959
1268	2960
1268	2961
1268	2962
1268	3284
1268	3285
1268	3310
1268	3311
1268	3312
1268	3393
1268	1977
1273	1272
1273	1608
1273	1715
1273	3162
1278	1277
1280	1279
1280	1281
1280	1282
1280	1292
1284	1283
1285	1283
1285	2185
1285	2734
1288	1287
1288	3138
1287	1302
1289	1287
1289	3131
1289	3138
1289	3157
1293	1294
1296	1297
1299	1300
1300	1301
1303	984
1303	1578
1303	1899
1303	1973
1304	984
1304	2540
1304	2542
1308	1307
1309	1307
1319	1318
1319	1322
1319	1324
1318	1320
1318	1321
1318	1323
1320	1320
1326	1325
1326	1328
1326	1330
1327	1326
1327	1608
1327	2169
1327	2697
1327	2833
1327	2838
1327	3099
1327	3274
1329	1328
1331	1330
1331	2686
1332	1330
1335	1334
1335	1351
1338	1337
1342	1343
1342	1344
1352	1372
1356	1355
1357	1356
1358	1356
1358	2595
1378	1377
1378	1469
1378	1804
1378	1958
1379	1378
1379	1798
1379	1801
1379	1803
1379	3595
1381	1380
1381	1784
1381	1807
1383	1382
1384	1382
1399	1398
1400	1399
1400	2105
1400	2110
1400	2111
1400	2259
1403	1402
1409	1408
1409	1688
1409	1696
1409	2598
1412	1416
1412	1419
1412	1435
1412	1437
1412	1443
1412	1444
1412	1446
1412	1451
1412	1453
1413	1415
1413	1424
1413	1425
1413	1426
1413	1428
1413	1429
1413	1431
1413	1439
1413	1441
1413	1449
1414	1418
1414	1420
1414	1430
1414	1432
1414	1434
1414	1454
1416	1453
1417	1416
1417	1444
1417	1630
1417	2297
1417	2298
1422	1421
1422	1448
1424	1423
1424	1433
1424	1436
1424	1440
1424	1447
1424	1450
1424	1452
1427	1426
1427	1432
1427	1439
1427	1675
1427	1796
1427	1899
1427	1938
1427	2159
1428	1674
1438	1437
1438	1652
1442	1441
1442	1481
1442	2151
1442	2152
1444	1446
1445	1444
1448	3492
1449	1679
1460	1459
1460	1461
1460	1463
1460	1467
1460	1490
1460	1491
1460	1492
1460	1681
1460	1704
1460	1999
1460	2243
1460	2247
1460	2249
1460	2264
1460	2866
1460	2883
1460	2885
1466	1465
1466	1479
1466	1480
1466	1483
1466	1484
1468	1467
1471	1470
1471	1472
1476	1475
1479	1478
1479	1487
1483	1482
1486	1485
1488	1488
1496	1499
1496	2351
1496	3212
1501	1500
1501	2754
1503	1502
1503	2753
1504	1504
1507	1506
1507	1509
1507	1510
1507	3198
1507	3218
1506	3217
1508	1506
1512	1513
1512	1514
1514	1515
1514	1516
1514	1517
1514	1518
1518	1519
1518	1521
1519	1520
1521	1520
1522	1523
1522	1516
1522	1524
1524	1525
1525	1526
1527	1528
1527	1531
1527	1533
1528	1529
1529	1530
1531	1514
1531	1532
1531	1530
1531	1525
1534	1535
1534	1536
1534	1514
1534	1520
1537	1538
1538	1539
1541	1540
1541	1539
1543	1542
1543	1547
1543	1554
1543	2078
1543	2082
1543	2086
1543	2610
1542	2792
1542	2798
1544	1543
1544	1558
1544	1562
1544	1984
1544	2354
1544	2362
1544	2384
1544	2391
1544	2392
1544	2400
1544	2403
1544	2409
1544	2430
1544	2467
1544	2470
1544	2481
1544	2493
1544	2502
1544	2560
1544	2563
1544	2564
1544	2578
1544	2622
1546	2081
1547	1560
1550	1551
1552	1558
1552	2481
1553	1552
1553	1559
1553	1572
1553	2080
1553	2792
1553	2798
1553	3031
1556	1555
1556	1557
1556	2482
1556	2483
1556	3117
1562	2564
1563	2284
1566	1565
1566	1568
1566	2221
1574	1573
1576	1575
1576	1577
1576	1584
1576	1596
1576	2539
1575	1599
1579	1578
1579	2301
1579	2317
1579	2332
1579	2397
1579	2953
1579	2987
1579	3400
1579	3458
1580	1578
1580	2354
1580	2949
1580	3395
1583	1582
1585	1584
1585	2164
1585	2202
1585	2208
1587	1586
1587	2404
1587	2623
1589	1588
1589	3265
1590	1589
1590	3274
1590	3347
1590	3357
1591	1589
1591	1591
1591	2169
1591	2171
1591	2879
1591	3367
1592	1591
1594	1593
1594	3291
1594	3311
1594	3312
1595	1593
1595	2316
1595	2318
1595	3290
1595	3307
1595	3339
1595	3349
1595	3350
1595	3353
1596	1597
1596	1598
1603	1602
1603	1608
1604	1602
1604	1608
1604	3374
1605	1602
1605	1608
1605	2092
1605	2976
1605	2983
1605	3134
1605	3136
1605	3140
1605	3374
1605	3518
1609	1608
1615	1614
1615	1616
1615	1650
1618	1617
1618	1650
1618	1675
1617	1638
1620	1619
1620	1621
1620	1622
1620	1624
1620	1626
1620	1713
1620	2544
1628	1627
1628	1629
1628	1646
1632	1631
1632	1634
1632	1642
1632	1658
1634	1633
1634	1643
1634	1656
1634	1659
1637	1636
1640	1639
1640	1641
1640	1660
1644	1643
1648	1647
1648	1667
1648	1668
1648	2547
1649	1647
1649	2438
1655	1654
1655	2151
1655	2159
1662	1661
1663	1662
1666	1665
1669	1668
1672	1671
1672	2660
1675	1676
1675	1677
1681	1682
1682	1681
1682	2541
1682	2542
1688	1687
1688	1690
1688	1699
1689	1688
1690	1687
1692	1693
1697	1696
1697	1698
1700	1699
1701	1700
1705	1704
1705	1706
1708	1707
1709	1710
1712	1712
1714	1715
1717	1716
1717	1719
1717	1720
1717	2083
1717	3316
1718	1717
1724	1723
1724	1725
1724	1726
1724	1737
1724	1756
1723	1738
1725	1734
1725	1741
1725	1763
1726	1729
1726	1740
1726	1745
1726	1748
1726	1752
1726	1758
1726	1759
1726	1762
1728	1727
1728	1782
1727	1735
1727	1736
1727	1739
1727	1742
1727	1743
1727	1744
1727	1746
1727	1747
1727	1749
1727	1753
1727	1757
1727	1760
1727	1761
1727	1764
1727	1765
1730	1729
1730	1734
1730	1748
1730	1752
1730	1758
1730	1759
1730	1762
1730	1763
1730	1767
1730	1768
1730	1770
1730	1771
1730	1773
1730	1774
1730	1776
1730	1778
1730	1780
1730	1785
1730	1903
1730	1918
1731	1730
1731	1782
1731	1783
1731	1787
1732	1730
1732	2580
1733	1730
1733	1980
1733	2210
1749	1750
1749	1751
1753	1754
1753	1755
1769	1768
1769	2581
1772	1771
1775	1774
1777	1776
1783	1782
1786	1785
1786	1813
1786	1819
1786	1820
1786	1821
1786	1822
1786	1823
1786	1824
1786	1825
1786	1826
1786	1827
1786	1836
1786	1837
1786	1838
1786	1839
1786	1841
1786	1843
1786	1847
1786	1856
1786	1857
1786	1858
1786	1859
1786	1871
1786	1874
1786	1875
1786	1879
1786	1881
1786	1888
1786	1889
1785	1850
1785	1883
1785	1884
1785	1885
1785	1886
1785	1887
1787	1786
1787	1793
1787	1794
1787	1795
1787	1796
1787	1797
1788	1787
1789	1785
1789	3255
1791	1790
1790	1792
1790	1799
1790	1805
1790	1806
1793	1800
1793	1861
1793	1880
1793	1891
1793	1892
1794	1812
1794	1816
1794	1828
1794	1829
1794	1834
1794	1835
1794	1842
1794	1844
1794	1845
1794	1846
1794	1848
1794	1849
1794	1851
1794	1864
1794	1866
1794	1867
1794	1869
1794	1870
1794	1872
1794	1873
1794	1877
1794	1882
1795	1818
1796	1814
1796	1815
1796	1817
1796	1832
1796	1854
1796	1862
1796	1868
1796	1876
1796	1878
1796	3493
1797	1830
1797	1852
1797	1865
1800	1855
1802	1802
1806	1896
1809	1808
1809	1810
1815	1831
1833	1832
1833	1899
1833	1901
1833	1938
1833	1962
1837	1840
1841	1890
1854	1853
1854	1860
1862	1938
1863	1862
1863	1893
1863	1894
1883	1920
1895	1894
1898	1897
1898	1900
1898	1902
1898	1907
1898	1908
1898	1910
1898	1912
1898	1915
1898	1919
1898	1920
1898	1921
1898	1924
1898	1929
1898	1930
1898	1931
1898	1932
1898	1933
1898	1934
1898	1935
1898	1936
1898	1937
1898	1939
1898	1940
1898	1941
1898	1942
1898	1943
1898	1944
1898	1945
1898	1946
1898	1949
1898	1951
1898	1954
1898	1955
1898	1956
1898	1957
1898	1963
1899	1898
1899	1904
1899	1906
1899	1922
1899	1926
1899	1947
1899	1953
1899	1971
1899	1972
1904	1903
1904	1917
1904	1918
1904	1925
1904	1928
1906	1905
1906	1909
1906	1913
1906	1914
1906	1948
1906	1950
1906	1952
1917	1916
1924	1923
1926	1927
1959	1962
1961	1960
1961	1964
1961	1968
1961	1974
1960	1960
1963	1965
1963	1967
1963	1969
1964	1966
1964	1968
1964	1970
1976	1978
1976	1979
1977	1976
1977	2802
1977	2804
1984	1983
1984	2565
1984	2579
1994	1993
1994	1994
1994	2006
1994	2007
1993	1993
1995	1994
1997	1996
1999	1998
1999	2012
1999	2020
1999	2029
1998	2006
2000	1999
2000	2238
2001	2000
2001	2205
2001	2208
2001	2246
2002	1998
2002	2004
2002	2006
2003	1998
2003	2870
2003	2877
2003	2878
2003	2882
2003	2883
2004	2006
2005	2004
2005	2006
2009	2014
2009	2015
2011	2010
2011	2011
2011	2015
2012	2015
2013	2012
2013	2014
2013	2015
2014	2015
2017	2022
2017	2023
2019	2018
2019	2019
2019	2023
2020	2023
2021	2020
2021	2022
2021	2023
2022	2023
2026	2025
2026	2031
2028	2027
2028	2030
2028	2032
2034	2033
2034	2036
2034	2291
2035	2034
2035	2220
2035	2289
2035	2292
2037	2037
2038	2038
2040	2039
2042	2041
2045	2044
2046	2044
2046	2589
2046	2618
2046	3004
2046	3014
2046	3015
2046	3257
2046	3258
2046	3374
2048	2047
2050	2049
2050	2054
2049	2051
2049	2052
2052	2053
2053	2064
2054	2053
2054	2284
2054	2287
2054	2297
2055	2057
2057	2056
2057	2061
2057	2074
2058	2057
2058	2060
2058	2062
2058	2064
2058	2070
2058	2071
2058	2073
2060	2059
2060	2072
2064	2063
2064	2065
2067	2066
2066	2077
2069	2068
2070	2069
2076	2075
2076	2087
2081	2080
2085	2085
2089	2088
2089	2092
2089	2093
2089	2094
2091	2090
2092	2093
2092	2094
2100	2099
2100	2101
2100	2102
2100	2105
2104	2103
2104	2847
2104	2848
2104	2849
2104	2850
2104	2863
2107	2106
2107	2109
2107	2113
2107	2115
2106	2113
2106	2115
2106	2119
2106	2122
2113	2112
2113	2126
2115	2114
2115	2116
2115	2117
2115	2120
2115	2121
2115	2123
2115	2124
2115	2127
2115	2128
2115	2129
2115	2130
2119	2118
2119	2125
2132	2131
2132	2134
2132	2145
2135	2136
2138	2137
2140	2139
2141	2140
2141	2143
2143	2142
2143	2144
2146	2147
2154	2153
2155	2155
2158	2157
2159	2158
2162	2161
2165	2164
2165	2202
2167	2166
2167	2183
2167	2201
2167	2204
2167	2214
2168	2167
2170	2169
2170	2194
2170	2446
2170	2879
2170	3159
2170	3166
2171	2169
2172	2171
2172	2879
2172	3366
2172	3367
2173	2169
2173	3138
2175	2174
2175	2207
2175	2209
2176	2175
2176	2174
2176	2725
2176	3509
2177	2174
2177	3347
2178	2177
2178	3260
2178	3261
2178	3262
2178	3263
2178	3264
2178	3303
2180	2179
2180	2559
2180	2803
2180	2821
2180	2837
2180	3036
2180	3528
2182	2181
2182	2185
2182	2188
2182	2213
2186	2185
2186	2201
2186	2215
2186	2218
2186	2252
2186	2257
2186	2268
2187	2186
2187	2314
2187	2319
2190	2189
2190	2320
2191	2189
2195	2194
2195	3163
2194	2198
2196	2194
2196	2197
2196	3158
2196	3164
2206	2205
2212	2211
2212	2213
2215	2216
2216	2221
2218	2217
2218	2220
2219	2217
2219	2221
2220	2221
2224	2223
2226	2226
2229	2228
2228	2230
2228	2231
2232	2235
2232	2237
2234	2233
2234	2234
2234	2237
2236	2235
2236	2237
2235	2237
2238	2237
2239	2238
2239	2241
2239	2242
2239	2246
2239	2250
2243	2245
2246	2245
2245	2249
2247	2246
2249	2248
2262	2261
2262	2263
2262	2264
2262	2267
2262	2268
2265	2264
2265	2266
2273	2278
2273	2282
2289	2290
2293	2294
2295	2296
2299	2298
2299	2300
2301	2302
2303	2304
2304	2306
2310	2309
2310	2311
2325	2325
2327	2327
2329	2328
2330	2328
2331	2328
2331	3319
2352	2356
2353	2352
2353	2396
2353	2567
2353	3561
2354	2353
2359	2358
2360	2359
2360	2398
2360	2420
2360	2437
2360	2630
2362	2361
2362	2364
2362	2368
2362	2369
2362	2372
2362	2606
2361	2366
2364	2363
2368	2367
2368	2370
2368	2371
2374	2373
2374	2375
2374	2385
2374	2394
2374	2400
2374	2404
2374	2406
2374	2622
2374	2818
2374	2822
2373	2406
2373	2411
2373	2441
2375	2377
2375	2380
2377	2441
2378	2377
2378	2449
2380	2379
2380	2415
2380	2441
2380	2445
2381	2380
2381	2444
2381	2451
2381	2468
2382	2379
2382	2419
2382	2568
2384	2383
2384	2385
2384	2389
2383	2386
2383	2387
2388	2387
2391	2390
2391	2394
2391	2622
2392	2390
2392	2401
2393	2392
2400	2399
2400	2401
2403	2402
2403	2406
2403	2408
2403	2498
2403	2626
2403	2627
2408	2407
2409	2409
2410	2409
2410	2491
2412	2411
2412	2442
2411	2415
2414	2413
2414	2417
2415	2418
2415	2453
2417	2416
2417	2432
2417	2452
2416	2419
2416	2427
2416	2433
2416	2447
2418	2419
2418	2446
2418	2447
2424	2428
2426	2425
2425	2427
2425	2434
2428	2427
2428	2434
2428	2443
2429	2428
2429	2465
2429	2468
2430	2429
2430	2449
2430	2461
2430	2463
2430	2498
2430	2626
2431	2428
2432	2431
2432	2433
2433	2428
2440	2439
2440	2443
2440	2444
2440	2451
2442	2441
2442	2445
2444	2443
2449	2448
2450	2449
2455	2454
2455	2457
2455	2458
2455	2459
2456	2454
2456	2459
2459	2459
2461	2460
2465	2464
2467	2466
2467	2469
2467	2578
2466	2468
2474	2473
2474	2488
2474	2491
2475	2473
2475	2927
2477	2476
2478	2476
2478	2519
2478	2526
2478	2597
2481	2480
2482	2481
2483	2481
2484	2480
2489	2488
2493	2492
2493	2496
2493	2497
2493	2498
2493	2500
2493	2533
2493	2556
2493	2626
2494	2492
2496	2495
2496	2499
2502	2501
2502	2504
2502	2578
2504	2503
2505	2503
2507	2506
2507	2508
2507	2510
2507	2521
2507	2612
2507	2613
2507	2614
2509	2508
2510	2508
2511	2510
2513	2512
2513	2519
2513	2523
2513	2526
2513	2615
2513	2616
2515	2514
2517	2516
2517	2519
2517	2526
2520	2519
2520	2526
2522	2521
2522	2525
2524	2523
2524	2525
2526	2525
2527	2533
2527	2534
2528	2529
2530	2531
2532	2528
2533	2556
2534	2574
2534	2575
2538	2537
2549	2548
2550	2548
2554	2553
2557	2556
2557	2574
2557	2575
2558	2556
2559	2556
2560	2556
2560	2618
2560	2617
2561	2560
2562	2560
2563	2562
2563	2566
2564	2560
2565	2560
2566	2560
2570	2569
2570	2572
2570	2573
2571	2569
2571	2572
2571	2573
2571	2578
2577	2576
2577	2817
2588	2587
2588	2590
2588	2591
2588	2592
2594	2606
2599	2598
2600	2598
2602	2601
2602	2603
2602	2604
2602	2605
2607	2606
2607	2626
2607	2627
2608	2606
2608	2610
2608	2617
2609	2608
2610	2608
2611	2608
2618	2617
2618	2631
2619	2618
2620	2618
2620	2852
2621	2618
2621	2634
2621	2635
2622	2618
2624	2623
2630	2629
2632	2631
2634	2636
2634	2637
2634	2638
2634	2639
2634	2640
2634	2641
2654	2653
2654	351
2659	2658
2661	2660
2663	2662
2664	2662
2665	2662
2673	2672
2673	2674
2673	2675
2677	2676
2677	2836
2678	2679
2680	2679
2680	2681
2683	2682
2683	2684
2683	2685
2683	2686
2683	3229
2687	2736
2690	414
2691	414
2692	414
2693	414
2703	2704
2725	2724
2725	2729
2726	2725
2727	2725
2728	2725
2731	2730
2732	2730
2732	2899
2733	2730
2733	2899
2735	2734
2738	2737
2738	2741
2738	2744
2738	2745
2742	2741
2742	2743
2742	2744
2742	2745
2747	2746
2748	2746
2752	2751
2759	2777
2759	2778
2760	2759
2776	2775
2785	2784
2785	2786
2788	2787
2788	2790
2788	3184
2788	3200
2788	3204
2789	2790
2791	2790
2791	3197
2792	2790
2794	2793
2794	2796
2794	3221
2794	3222
2794	3224
2795	2796
2797	2796
2797	3222
2798	2796
2800	2799
2804	2803
2804	2808
2804	2811
2805	2803
2805	2822
2807	2806
2808	2806
2808	2810
2810	2809
2813	2812
2813	2815
2816	2816
2820	2819
2824	2823
2824	2828
2825	2824
2825	2829
2825	2834
2825	2835
2827	2826
2830	2829
2832	2831
2833	2834
2833	2835
2841	2840
2842	1689
2844	2843
2844	2845
2844	2846
2859	2859
2864	2863
2869	2871
2869	2873
2870	2873
2872	2871
2872	2873
2871	2873
2874	2873
2874	2874
2874	2875
2879	2878
2881	2880
2884	2883
2884	2886
2884	2889
2884	2893
2885	3310
2885	3393
2887	2886
2889	2888
2889	2891
2889	2892
2889	2895
2890	2894
2891	2891
2898	2897
2898	2899
2898	2903
2898	2912
2898	2917
2898	2918
2898	2914
2900	2899
2900	2901
2900	2912
2900	2913
2900	2916
2900	2918
2902	2901
2901	2905
2904	2903
2906	2905
2906	2913
2906	2916
2907	2905
2908	2905
2908	2909
2908	2911
2910	2909
2910	2911
2914	2913
2914	2916
2914	2919
2915	2913
2915	2916
2920	2919
2921	2921
2922	2921
2929	2936
2932	2931
2932	2933
2940	2939
2940	2942
2940	2944
2941	2939
2943	2942
2945	2944
2948	2947
2955	2954
2967	2966
2966	3338
2968	2966
2971	2970
2973	2972
2976	2977
2976	2986
2977	2981
2977	2982
2977	2984
2977	2985
2979	2978
2980	2979
2988	3038
2990	2989
2990	2992
2989	2994
2995	2994
2994	3371
2994	3380
2997	2996
3000	3000
3004	3003
3004	3041
3003	3007
3005	3004
3005	3006
3005	3007
3005	3009
3005	3030
3005	3045
3005	3064
3012	3011
3012	3314
3012	3361
3012	3363
3016	3015
3015	3031
3017	3015
3017	3018
3018	3015
3018	3031
3019	3018
3021	3020
3020	3020
3025	3026
3026	3074
3027	3026
3032	3031
3033	3031
3034	3031
3035	3034
3040	3039
3040	3054
3041	3040
3041	3048
3041	3056
3041	3060
3042	3040
3042	3060
3042	3061
3042	3247
3042	3249
3042	3250
3042	3251
3042	3272
3042	3273
3042	3329
3042	3330
3042	3332
3042	3333
3042	3334
3042	3335
3042	3336
3042	3337
3042	3347
3044	3043
3044	3045
3044	3047
3046	3045
3048	3050
3048	3059
3050	3049
3050	3051
3054	3053
3056	3055
3056	3057
3056	3058
3062	3061
3064	3063
3064	3065
3064	3066
3064	3067
3071	3070
3071	3073
3073	3072
3077	3081
3077	3102
3078	3092
3078	3094
3078	3095
3078	3096
3078	3097
3078	3098
3079	3078
3079	3093
3080	3079
3080	3092
3080	3093
3080	3094
3080	3095
3080	3096
3080	3097
3080	3098
3081	3079
3083	3103
3085	3084
3085	3086
3087	3104
3087	3111
3090	3089
3092	3091
3094	3093
3101	3100
3104	3103
3106	3105
3106	3107
3107	3108
3107	3109
3107	3110
3113	3112
3115	3114
3118	3117
3118	3124
3118	3134
3118	3138
3117	3120
3117	3169
3117	3170
3117	3171
3119	3118
3119	3138
3119	3157
3121	3120
3121	3124
3121	3134
3121	3171
3123	3122
3123	3172
3124	3123
3124	3135
3126	3125
3126	3141
3126	3173
3127	3126
3129	3128
3129	3156
3130	3129
3130	3131
3132	3131
3132	3133
3132	3143
3134	3135
3134	3136
3134	3140
3137	3136
3137	3169
3138	3137
3138	3140
3138	3157
3138	3170
3139	3137
3139	3168
3143	3142
3143	3145
3143	3146
3143	3153
3143	3154
3145	3144
3145	3147
3145	3148
3145	3149
3145	3150
3145	3151
3145	3152
3156	3155
3156	3158
3156	3159
3155	3160
3157	3156
3157	3160
3157	3162
3158	3163
3158	3164
3159	3166
3159	3167
3162	3161
3162	3165
3161	3163
3161	3167
3165	3164
3165	3166
3183	3182
3183	3191
3183	3192
3183	3193
3184	3183
3184	3186
3184	3189
3186	3185
3186	3190
3188	3187
3189	3188
3196	3204
3198	3197
3201	3200
3201	3204
3202	3200
3202	3221
3203	3200
3203	3221
3205	3204
3207	3206
3208	3206
3210	3209
3218	3217
3218	3219
3226	3226
3227	3226
3230	3390
3230	3391
3248	3247
3248	3249
3248	3250
3248	3251
3248	3254
3248	3329
3250	3273
3253	3252
3256	3255
3256	3257
3256	3258
3256	3259
3256	3260
3265	3269
3265	3271
3265	3276
3266	3265
3266	3267
3266	3274
3269	3268
3269	3270
3276	3275
3276	3277
3279	3278
3279	3281
3279	3282
3286	3285
3291	3292
3292	3293
3293	3408
3295	3294
3294	3296
3294	3297
3294	3298
3294	3299
3301	3300
3301	3302
3303	3306
3303	3310
3303	3311
3303	3312
3303	3393
3307	3306
3307	3310
3307	3311
3307	3312
3307	3347
3307	3393
3308	3307
3308	3308
3308	3343
3308	3344
3315	3528
3318	3317
3318	3319
3320	3319
3322	3321
3322	3328
3324	3323
3324	3325
3324	3326
3324	3327
3328	3328
3331	3330
3331	3333
3331	3335
3331	3336
3339	3338
3339	3349
3339	3351
3347	3348
3353	3352
3356	3355
3356	3382
3356	3387
3364	3363
3366	3365
3368	3367
3368	3369
3372	3371
3372	3373
3372	3376
3372	3377
3375	3374
3375	3378
3375	3372
3381	3380
3383	3382
3383	3425
3384	3382
3384	3384
3384	3518
3385	3384
3387	3386
3387	3396
3395	3394
3395	3402
3396	3397
3396	3398
3396	3399
3403	3404
3403	3405
3403	3406
3408	3409
3408	3411
3409	3410
3416	3415
3418	3417
3417	3419
3417	3420
3417	3524
3417	3525
3430	3429
3430	3433
3430	3436
3430	3451
3430	3466
3430	3487
3431	3430
3431	3432
3431	3435
3431	3452
3431	3488
3431	3510
3432	3429
3434	3433
3435	3433
3435	3436
3435	3467
3441	3440
3441	3447
3442	3440
3442	3447
3444	3443
3446	3445
3446	3498
3446	3513
3449	3448
3449	3456
3449	3485
3450	3449
3450	3469
3450	3471
3450	3478
3451	3450
3451	3461
3452	3451
3452	3453
3452	3462
3453	3450
3453	3454
3453	3470
3453	3472
3453	3479
3454	3449
3454	3455
3454	3457
3454	3486
3455	3448
3457	3456
3462	3461
3467	3466
3470	3469
3472	3471
3479	3478
3486	3485
3488	3487
3494	3494
3495	3494
3495	3497
3496	3494
3498	3497
3499	291
3499	292
3499	293
3499	3500
3500	3501
3501	296
3503	3504
3515	3514
3517	3516
3517	3518
3519	3518
3521	3522
3528	3527
3528	3530
3528	3531
3528	3532
3528	3533
3528	3534
3529	3528
3535	3543
3535	3544
3535	3545
3535	3546
3535	3548
3535	3549
3535	3550
3535	3551
3535	3553
3535	3554
3535	3556
3536	3535
3537	3535
3538	3543
3539	3542
3541	3545
3541	3548
3555	3556
3558	3575
3560	3559
3560	3568
3560	3569
3560	3571
3560	3572
3560	3573
3560	3576
3560	3578
3560	3580
3559	3574
3559	3577
3559	3581
3561	3563
3561	3583
3561	3584
3563	3564
3564	3565
