1	0
1	164
1	3582
1	3619
2	1
2	47
2	58
2	59
2	160
2	161
2	162
2	163
2	167
2	168
2	2806
2	2809
2	2812
2	2815
2	3088
2	3600
2	3610
3	2
3	158
3	2586
3	3566
3	3568
3	3575
3	3623
3	3624
4	3
5	4
6	4
6	19
6	22
6	43
6	45
6	44
6	46
6	14
6	18
6	62
6	64
6	28
6	88
6	96
6	159
6	163
6	168
6	169
6	204
6	293
6	348
6	412
6	552
6	556
6	839
6	858
6	867
6	861
6	878
6	888
6	899
6	903
6	907
6	908
6	911
6	917
6	919
6	921
6	923
6	925
6	927
6	929
6	931
6	939
6	952
6	986
6	1010
6	1068
6	1069
6	1071
6	1158
6	1239
6	1287
6	1292
6	1321
6	1437
6	1442
6	1449
6	1456
6	1460
6	1462
6	1465
6	1487
6	1523
6	1525
6	1530
6	1583
6	1597
6	1605
6	1612
6	1615
6	1622
6	1627
6	1635
6	1639
6	1643
6	1655
6	1676
6	1678
6	1679
6	1699
6	1718
6	1730
6	1740
6	1805
6	1833
6	1977
6	2017
6	2024
6	2033
6	2041
6	2088
6	2103
6	2109
6	2114
6	2139
6	2181
6	2191
6	2211
6	2217
6	2219
6	2222
6	2225
6	2254
6	2294
6	2305
6	2367
6	2406
6	2447
6	2558
6	2566
6	2586
6	2637
6	2665
6	2706
6	2776
6	2777
6	2778
6	2797
6	2803
6	2805
6	2868
6	2875
6	2876
6	2888
6	2901
6	2985
6	3004
6	3034
6	3031
6	3038
6	3043
6	3044
6	3068
6	3077
6	3122
6	3137
6	3148
6	3153
6	3157
6	3183
6	3184
6	3187
6	3284
6	3285
6	3286
6	3313
6	3356
6	3442
6	3446
6	3550
6	3576
6	3580
6	3596
7	3
7	15
8	3
8	19
8	21
8	26
8	35
8	43
8	46
8	48
8	50
8	49
8	66
8	68
8	73
8	77
8	78
8	87
8	92
8	93
8	96
8	97
8	112
8	159
8	160
8	161
8	172
8	174
8	229
8	323
8	345
8	366
8	403
8	405
8	410
8	424
8	425
8	501
8	506
8	511
8	517
8	551
8	557
8	577
8	575
8	587
8	592
8	606
8	603
8	630
8	686
8	724
8	737
8	755
8	834
8	848
8	863
8	880
8	894
8	913
8	925
8	926
8	954
8	986
8	1008
8	1014
8	1012
8	1017
8	1018
8	1019
8	1023
8	1024
8	1029
8	1038
8	1081
8	1085
8	1123
8	1124
8	1156
8	1181
8	1185
8	1214
8	1278
8	1287
8	1307
8	1310
8	1327
8	1329
8	1340
8	1348
8	1379
8	1388
8	1610
8	1619
8	1621
8	1626
8	1627
8	1629
8	1728
8	1798
8	1805
8	1850
8	1873
8	1898
8	1909
8	1910
8	1917
8	1977
8	2001
8	2004
8	2012
8	2020
8	2025
8	2028
8	2029
8	2031
8	2036
8	2037
8	2039
8	2062
8	2166
8	2183
8	2201
8	2204
8	2221
8	2225
8	2228
8	2230
8	2231
8	2250
8	2251
8	2253
8	2266
8	2265
8	2323
8	2330
8	2343
8	2370
8	2371
8	2378
8	2380
8	2415
8	2417
8	2456
8	2498
8	2586
8	2590
8	2595
8	2597
8	2598
8	2604
8	2617
8	2663
8	2667
8	2668
8	2692
8	2703
8	2705
8	2716
8	2744
8	2748
8	2753
8	2755
8	2760
8	2763
8	2764
8	2777
8	2778
8	2782
8	2785
8	2793
8	2794
8	2797
8	2800
8	2801
8	2805
8	2808
8	2814
8	1707
8	2861
8	2887
8	2889
8	2890
8	2895
8	2945
8	2991
8	2995
8	3001
8	3002
8	3006
8	3009
8	3010
8	3020
8	3023
8	3031
8	3038
8	3042
8	3043
8	3049
8	3063
8	3088
8	3093
8	3096
8	3101
8	3118
8	3119
8	3122
8	3131
8	3145
8	3151
8	3153
8	3179
8	3180
8	3186
8	3187
8	3196
8	3229
8	3245
8	3277
8	3283
8	3301
8	3307
8	3334
8	3347
8	3368
8	3398
8	3406
8	3407
8	3441
8	3445
8	3446
8	3453
8	3458
8	3510
8	3546
8	3550
8	3554
8	3559
8	3579
8	3581
8	3584
8	3586
8	3588
8	3589
8	3594
8	3596
8	3597
8	3598
8	3599
8	3604
8	3606
8	3629
9	3
10	9
10	16
10	17
10	21
10	39
10	41
10	48
10	73
10	77
10	78
10	91
10	92
10	93
10	3601
10	3602
11	10
12	9
12	15
12	18
12	19
12	2
12	20
12	23
12	22
12	37
12	1
12	42
12	41
12	45
12	44
12	49
12	54
12	64
12	78
12	87
12	91
12	92
12	103
12	118
12	158
12	159
12	160
12	165
12	167
12	168
12	169
12	173
12	279
12	292
12	295
12	323
12	327
12	343
12	345
12	398
12	400
12	413
12	416
12	425
12	427
12	429
12	503
12	511
12	501
12	515
12	544
12	551
12	583
12	587
12	592
12	606
12	605
12	615
12	604
12	637
12	636
12	635
12	640
12	668
12	671
12	672
12	678
12	686
12	689
12	693
12	711
12	712
12	724
12	726
12	734
12	737
12	755
12	834
12	841
12	849
12	855
12	858
12	860
12	853
12	866
12	867
12	873
12	885
12	888
12	886
12	890
12	900
12	899
12	903
12	908
12	909
12	910
12	911
12	915
12	917
12	926
12	940
12	941
12	952
12	954
12	955
12	967
12	991
12	999
12	996
12	1004
12	1005
12	1024
12	1041
12	1046
12	1064
12	1071
12	1076
12	1118
12	1124
12	1126
12	1149
12	1162
12	1161
12	1166
12	1178
12	1181
12	1182
12	1200
12	1206
12	1214
12	1265
12	1266
12	1293
12	1315
12	1319
12	1325
12	1326
12	1329
12	1330
12	1338
12	1387
12	1394
12	1411
12	1412
12	1478
12	1486
12	1488
12	1512
12	1525
12	1562
12	1585
12	1591
12	1595
12	1601
12	1606
12	1612
12	1621
12	1627
12	1633
12	1644
12	1655
12	1656
12	1673
12	1674
12	1685
12	1690
12	1700
12	1701
12	1724
12	1727
12	1731
12	1733
12	1751
12	1748
12	1763
12	1784
12	1785
12	1799
12	1827
12	1831
12	1850
12	1977
12	1978
12	1981
12	2019
12	2018
12	2017
12	2023
12	2024
12	2027
12	2033
12	2035
12	2041
12	2057
12	2061
12	2075
12	2085
12	2087
12	2091
12	2095
12	2116
12	2118
12	2119
12	2128
12	2188
12	2186
12	2192
12	2198
12	2204
12	2203
12	2202
12	2214
12	2216
12	2222
12	2225
12	2228
12	2230
12	2231
12	2249
12	2262
12	2278
12	2285
12	2286
12	2288
12	2323
12	2330
12	2331
12	2342
12	36
12	2371
12	2370
12	2374
12	2380
12	2382
12	2383
12	2389
12	2390
12	2392
12	2400
12	2404
12	2406
12	2410
12	2427
12	2445
12	2447
12	2457
12	2462
12	2470
12	2491
12	2501
12	2510
12	2517
12	2524
12	2537
12	2545
12	2564
12	2567
12	2572
12	2577
12	2579
12	2587
12	2597
12	2604
12	2608
12	2617
12	2627
12	2625
12	2637
12	2645
12	2646
12	2661
12	2662
12	2663
12	2667
12	2668
12	2670
12	2673
12	2674
12	2681
12	2687
12	2690
12	2744
12	2743
12	2748
12	2753
12	2758
12	2776
12	2778
12	2797
12	2811
12	2817
12	2822
12	2826
12	2827
12	2828
12	2830
12	1707
12	2861
12	2862
12	2867
12	2868
12	2870
12	2872
12	2873
12	2874
12	2875
12	2876
12	2187
12	2573
12	2882
12	2884
12	2893
12	2942
12	2981
12	2999
12	3017
12	3031
12	3043
12	3044
12	3049
12	3088
12	3093
12	3098
12	3107
12	3111
12	3112
12	3113
12	3114
12	3115
12	3116
12	3117
12	3118
12	3122
12	3137
12	3136
12	3150
12	3151
12	3152
12	3153
12	3157
12	3177
12	3180
12	3182
12	3185
12	3204
12	3217
12	3229
12	3237
12	3239
12	3244
12	3245
12	3247
12	3270
12	3271
12	3296
12	3301
12	3307
12	3330
12	3334
12	3333
12	3340
12	3356
12	3357
12	3377
12	3378
12	3392
12	3400
12	3440
12	3441
12	3443
12	3456
12	3458
12	3459
12	3526
12	3547
12	3576
12	3578
12	3587
12	3590
12	3591
12	3596
12	3597
12	3600
12	3603
12	3617
13	9
13	15
13	18
13	17
13	19
13	20
13	32
13	33
13	35
13	34
13	22
13	21
13	39
13	41
13	44
13	50
13	51
13	53
13	49
13	48
13	63
13	66
13	64
13	62
13	68
13	73
13	77
13	79
13	85
13	86
13	87
13	91
13	92
13	93
13	107
13	102
13	118
13	125
13	122
13	132
13	136
13	140
13	147
13	146
13	153
13	154
13	155
13	156
13	159
13	160
13	163
13	165
13	167
13	168
13	169
13	176
13	179
13	178
13	183
13	186
13	197
13	198
13	202
13	204
13	203
13	206
13	208
13	209
13	210
13	211
13	213
13	216
13	217
13	218
13	219
13	220
13	221
13	222
13	223
13	224
13	225
13	226
13	227
13	228
13	232
13	231
13	235
13	240
13	245
13	251
13	258
13	260
13	261
13	263
13	265
13	270
13	277
13	279
13	291
13	297
13	314
13	313
13	322
13	324
13	332
13	330
13	335
13	334
13	343
13	353
13	355
13	356
13	357
13	368
13	369
13	376
13	377
13	381
13	379
13	386
13	390
13	392
13	395
13	398
13	399
13	400
13	405
13	403
13	407
13	409
13	413
13	412
13	425
13	427
13	428
13	429
13	437
13	436
13	445
13	503
13	502
13	511
13	506
13	542
13	550
13	551
13	571
13	574
13	572
13	576
13	582
13	585
13	587
13	592
13	593
13	596
13	600
13	609
13	610
13	611
13	606
13	614
13	613
13	604
13	621
13	624
13	625
13	627
13	629
13	631
13	632
13	633
13	637
13	640
13	658
13	660
13	672
13	674
13	675
13	678
13	680
13	681
13	682
13	685
13	686
13	689
13	691
13	692
13	696
13	702
13	705
13	711
13	713
13	724
13	727
13	728
13	730
13	734
13	737
13	738
13	739
13	745
13	750
13	766
13	773
13	777
13	845
13	848
13	849
13	858
13	860
13	863
13	881
13	894
13	898
13	906
13	909
13	911
13	914
13	915
13	918
13	919
13	920
13	921
13	922
13	923
13	926
13	925
13	929
13	930
13	931
13	933
13	934
13	937
13	936
13	938
13	943
13	944
13	948
13	955
13	971
13	972
13	977
13	976
13	984
13	985
13	989
13	990
13	1024
13	1034
13	1046
13	1051
13	1054
13	1064
13	1071
13	1076
13	1079
13	1080
13	1090
13	1096
13	1121
13	1118
13	1117
13	1123
13	1130
13	1135
13	1136
13	1137
13	1138
13	1140
13	1141
13	1142
13	1144
13	1151
13	1150
13	1154
13	1157
13	1162
13	1161
13	1173
13	1175
13	1201
13	1239
13	1266
13	1272
13	1274
13	1277
13	1281
13	1293
13	1294
13	1303
13	1310
13	1312
13	1328
13	1329
13	1331
13	1333
13	1335
13	1336
13	1337
13	1338
13	1339
13	1348
13	1357
13	1358
13	1359
13	1363
13	1386
13	1387
13	1394
13	1393
13	1396
13	1398
13	1401
13	1410
13	1411
13	1417
13	1425
13	1430
13	1435
13	1447
13	1448
13	1458
13	1463
13	1466
13	1469
13	1472
13	1473
13	1478
13	1481
13	1488
13	1495
13	1496
13	1498
13	1497
13	1499
13	1503
13	1505
13	1514
13	1527
13	1528
13	1531
13	1563
13	1562
13	1565
13	1569
13	1570
13	1578
13	1582
13	1593
13	1596
13	1600
13	1610
13	1608
13	1607
13	1612
13	1615
13	1617
13	1620
13	1621
13	1627
13	1629
13	1630
13	1631
13	1632
13	1633
13	1635
13	1646
13	1647
13	1649
13	1661
13	1666
13	1667
13	1677
13	1684
13	1686
13	1687
13	1692
13	1706
13	1708
13	1705
13	1712
13	1718
13	1733
13	1734
13	1737
13	1738
13	1739
13	1741
13	1743
13	1744
13	1745
13	1748
13	1747
13	1752
13	1753
13	1754
13	1763
13	1764
13	1765
13	1766
13	1767
13	1770
13	1771
13	1778
13	1779
13	1782
13	1783
13	1784
13	1791
13	1797
13	1799
13	1804
13	1803
13	1809
13	1808
13	1812
13	1813
13	1815
13	1818
13	1819
13	1823
13	1824
13	1825
13	1830
13	1831
13	1832
13	1833
13	1834
13	1835
13	1836
13	1837
13	1838
13	1839
13	1840
13	1841
13	1842
13	1843
13	1844
13	1845
13	1846
13	1847
13	1848
13	1850
13	1852
13	1853
13	1854
13	1855
13	1856
13	1857
13	1858
13	1859
13	1860
13	1861
13	1862
13	1863
13	1864
13	1865
13	1866
13	1867
13	1868
13	1869
13	1870
13	1872
13	1871
13	1874
13	1875
13	1876
13	1877
13	1878
13	1879
13	1880
13	1882
13	1883
13	1884
13	1885
13	1886
13	1887
13	1888
13	1889
13	1890
13	1891
13	1892
13	1893
13	1894
13	1895
13	1896
13	1897
13	1899
13	1900
13	1901
13	1902
13	1903
13	1904
13	1905
13	1906
13	1907
13	1908
13	1914
13	1929
13	1977
13	1982
13	1994
13	1999
13	2006
13	2007
13	2008
13	2009
13	2012
13	2018
13	2023
13	2022
13	2024
13	2025
13	2026
13	2027
13	2029
13	2028
13	2032
13	2033
13	2034
13	2035
13	2037
13	2036
13	2040
13	2041
13	2042
13	2059
13	2061
13	2065
13	2067
13	2069
13	2071
13	2073
13	2078
13	2080
13	2085
13	2084
13	2087
13	2089
13	2091
13	2093
13	2095
13	2097
13	2099
13	2098
13	2100
13	2102
13	2104
13	2105
13	2107
13	2109
13	2112
13	2113
13	2115
13	2116
13	2118
13	2119
13	2122
13	2123
13	2125
13	2133
13	2137
13	2183
13	2188
13	2195
13	2214
13	2218
13	2221
13	2224
13	2225
13	2229
13	2233
13	2236
13	2234
13	2237
13	2238
13	2239
13	2242
13	2243
13	2244
13	2249
13	2251
13	2250
13	2252
13	2254
13	2257
13	2266
13	2265
13	2268
13	2270
13	2271
13	2272
13	2273
13	2275
13	2277
13	2289
13	2302
13	2304
13	2306
13	2319
13	2321
13	2322
13	2325
13	2331
13	2335
13	2338
13	2340
13	2342
13	2349
13	2351
13	2352
13	2353
13	2354
13	2355
13	2356
13	2357
13	2358
13	2359
13	2360
13	2361
13	2363
13	2374
13	2378
13	2381
13	2380
13	2383
13	2384
13	2386
13	2388
13	2389
13	2390
13	2398
13	2399
13	2396
13	2400
13	2402
13	2404
13	2406
13	2410
13	2409
13	2415
13	2424
13	2423
13	2426
13	2427
13	2428
13	2430
13	2433
13	2432
13	2434
13	2436
13	2438
13	2439
13	2440
13	2443
13	2444
13	2445
13	2459
13	2460
13	2463
13	2462
13	2453
13	2466
13	2470
13	2474
13	2475
13	2479
13	2482
13	2481
13	2484
13	2486
13	2485
13	2487
13	2489
13	2490
13	2491
13	2493
13	2501
13	2509
13	2510
13	2515
13	2516
13	2520
13	2524
13	2531
13	2535
13	2538
13	2545
13	2554
13	2557
13	2556
13	2558
13	2561
13	2566
13	2568
13	2572
13	2578
13	2582
13	2583
13	2579
13	2584
13	2587
13	2590
13	2593
13	2594
13	2598
13	2599
13	2600
13	2601
13	2605
13	2609
13	2611
13	2612
13	2613
13	2615
13	2616
13	2617
13	2627
13	2625
13	2641
13	2637
13	2643
13	2642
13	2645
13	2646
13	2647
13	2661
13	2663
13	2666
13	2673
13	2674
13	731
13	2690
13	2695
13	2701
13	2704
13	2713
13	2714
13	2718
13	2719
13	2720
13	2721
13	2722
13	2724
13	2725
13	2726
13	2727
13	2728
13	2729
13	2730
13	2731
13	2732
13	2733
13	2734
13	2735
13	2736
13	2737
13	2738
13	2739
13	2740
13	2741
13	2744
13	2747
13	2753
13	2755
13	2759
13	2762
13	2765
13	2768
13	2769
13	2773
13	2774
13	2776
13	2786
13	2787
13	2788
13	2789
13	2790
13	2791
13	2797
13	2804
13	2805
13	2806
13	2810
13	2811
13	2809
13	2812
13	2816
13	2817
13	2815
13	2819
13	2821
13	2823
13	2822
13	2826
13	2827
13	2828
13	2830
13	2831
13	2833
13	2834
13	2837
13	2841
13	2843
13	2851
13	2853
13	2854
13	2856
13	2864
13	2871
13	2872
13	2877
13	2878
13	2187
13	2883
13	2884
13	2886
13	2889
13	2888
13	2890
13	2891
13	2900
13	2903
13	2905
13	2908
13	2909
13	2911
13	2912
13	2928
13	2929
13	2934
13	2941
13	2943
13	2944
13	2947
13	2954
13	1669
13	2955
13	2967
13	2970
13	2972
13	2976
13	2977
13	2978
13	2979
13	2980
13	2986
13	2994
13	2998
13	3004
13	3006
13	3005
13	3007
13	3012
13	3015
13	3016
13	3017
13	3020
13	3019
13	3024
13	3028
13	3027
13	3034
13	3031
13	3040
13	3042
13	3046
13	3047
13	3048
13	3052
13	3049
13	3055
13	3056
13	3063
13	3069
13	3070
13	3074
13	3077
13	3082
13	3081
13	3083
13	3084
13	3085
13	3086
13	3092
13	3093
13	3094
13	3095
13	3096
13	3100
13	3098
13	3101
13	3102
13	3104
13	3103
13	3105
13	3106
13	3107
13	3108
13	3111
13	3113
13	3112
13	3114
13	3115
13	3116
13	3117
13	3118
13	3120
13	3121
13	3123
13	3125
13	3126
13	3130
13	3131
13	3133
13	3137
13	3143
13	3145
13	3144
13	3157
13	3160
13	3177
13	3175
13	3178
13	3179
13	3180
13	3182
13	3189
13	3190
13	3193
13	3195
13	3196
13	3201
13	3214
13	3215
13	3216
13	3217
13	3220
13	3224
13	3229
13	3235
13	3236
13	3237
13	3239
13	3241
13	3242
13	3243
13	3245
13	3247
13	3246
13	3248
13	3249
13	3267
13	3270
13	3271
13	3283
13	3289
13	3292
13	3303
13	3307
13	3306
13	3310
13	3311
13	3313
13	3315
13	3318
13	3319
13	3329
13	3330
13	3331
13	3334
13	3338
13	3339
13	3340
13	3341
13	3342
13	3347
13	3349
13	3351
13	3353
13	3352
13	3354
13	3355
13	3359
13	3365
13	3370
13	3371
13	3373
13	3376
13	3381
13	3383
13	3385
13	3389
13	3390
13	3391
13	3392
13	3393
13	3394
13	3395
13	3399
13	3400
13	3403
13	3407
13	3411
13	3412
13	3418
13	3417
13	3419
13	3421
13	3428
13	3434
13	3440
13	3441
13	3443
13	3452
13	3454
13	3458
13	3459
13	3460
13	3462
13	3461
13	3465
13	3468
13	3469
13	3470
13	3471
13	3472
13	3475
13	3477
13	3479
13	3483
13	3482
13	3481
13	3480
13	3493
13	3497
13	3498
13	3500
13	3501
13	3503
13	3505
13	3506
13	3510
13	3512
13	3513
13	3514
13	3515
13	3516
13	3517
13	3519
13	3521
13	3522
13	3524
13	3525
13	3530
13	3542
13	3543
13	3546
13	3547
13	3548
13	3550
13	3552
13	3554
13	3555
13	3559
13	3560
13	3561
13	3563
13	3565
13	3566
13	3576
13	3577
13	3578
13	3579
13	3584
13	3585
13	3588
13	3590
13	3591
13	3593
13	3596
13	3600
13	3599
13	3601
13	3603
13	3607
13	3615
13	3617
13	3626
13	3628
13	3630
14	3
15	3
16	15
16	20
16	37
16	68
16	157
16	3576
16	3577
16	3578
16	3580
16	3581
16	3595
17	2
17	3568
17	3575
18	17
18	103
18	122
18	140
18	146
18	551
18	967
18	1121
18	1478
18	1733
18	1802
18	1991
18	3001
19	2
19	1
19	78
19	158
19	2586
19	3088
19	3568
19	3580
19	3581
19	3584
19	3585
19	3586
19	3588
19	3589
19	3590
19	3591
19	3593
19	3594
19	3596
19	3602
19	3604
20	1
20	160
20	167
21	1
21	160
21	162
21	3590
21	3591
22	21
22	122
22	967
22	1289
22	1486
22	1521
22	1585
22	1733
22	2017
22	2062
22	2303
23	22
23	2018
23	2128
23	2203
23	2266
23	2276
23	2665
24	22
25	22
25	75
25	74
25	978
25	982
25	1159
25	1158
25	1314
25	1720
25	2433
25	2665
25	2899
25	3626
26	22
26	26
26	967
26	1420
26	1422
26	1480
26	2019
26	2101
26	2263
27	26
27	22
27	1
27	42
27	170
27	174
27	606
27	867
27	888
27	1071
27	1072
27	1278
27	1335
27	1336
27	1337
27	1338
27	1470
27	1529
27	1610
27	1608
27	1627
27	1646
27	1683
27	1687
27	1718
27	1731
27	1733
27	1743
27	1744
27	1755
27	1756
27	1758
27	1759
27	2181
27	2186
27	2219
27	2321
27	2323
27	2380
27	2400
27	2402
27	2410
27	2421
27	2426
27	2427
27	2440
27	2519
27	2546
27	2574
27	2578
27	2590
27	2593
27	2594
27	2595
27	2597
27	2600
27	2603
27	2604
27	2608
27	2641
27	2643
27	2642
27	2645
27	2646
27	2667
27	2668
27	2808
27	2814
27	2821
27	2823
27	2831
27	2834
27	2848
27	2849
27	2853
27	2854
27	2858
27	2871
27	2893
27	2932
27	2968
27	2971
27	3027
27	3031
27	3049
27	3096
27	3107
27	3121
27	3123
27	3277
27	3320
27	3396
27	3568
27	3587
28	22
28	1449
28	1649
29	22
29	44
29	18
29	64
29	66
29	28
29	172
29	182
29	222
29	267
29	295
29	323
29	343
29	349
29	414
29	425
29	530
29	545
29	550
29	556
29	557
29	566
29	604
29	640
29	829
29	860
29	878
29	896
29	905
29	925
29	934
29	951
29	967
29	985
29	1015
29	1059
29	1087
29	1161
29	1173
29	1236
29	1239
29	1266
29	1155
29	1303
29	1316
29	1371
29	1486
29	1492
29	1493
29	1558
29	1567
29	1603
29	1622
29	1633
29	1670
29	1718
29	1745
29	1822
29	1833
29	1976
29	1978
29	1993
29	2019
29	2055
29	2056
29	2057
29	2101
29	2172
29	2180
29	2198
29	2204
29	2208
29	2230
29	2242
29	2243
29	2244
29	2265
29	2332
29	36
29	2416
29	2431
29	2545
29	2546
29	2613
29	2636
29	2661
29	434
29	2744
29	2753
29	2755
29	2757
29	2778
29	2780
29	2781
29	2797
29	2805
29	2835
29	2949
29	2951
29	2952
29	2982
29	2997
29	2998
29	3000
29	3009
29	3026
29	3029
29	3031
29	3037
29	3049
29	3055
29	3056
29	3282
29	3287
29	3290
29	3291
29	3326
29	3328
29	3348
29	3366
29	3369
29	3374
29	3454
29	3456
29	3457
29	3498
29	3550
29	3568
29	3598
30	22
31	22
31	33
31	1
31	50
31	100
31	102
31	126
31	158
31	172
31	173
31	175
31	174
31	251
31	260
31	266
31	299
31	332
31	338
31	340
31	337
31	341
31	342
31	343
31	345
31	374
31	381
31	386
31	400
31	403
31	405
31	407
31	410
31	409
31	412
31	424
31	425
31	544
31	565
31	569
31	573
31	577
31	575
31	587
31	606
31	615
31	604
31	621
31	672
31	681
31	686
31	705
31	712
31	724
31	727
31	748
31	755
31	825
31	828
31	834
31	842
31	844
31	845
31	849
31	846
31	865
31	867
31	870
31	873
31	878
31	879
31	886
31	889
31	900
31	926
31	925
31	998
31	996
31	1024
31	1046
31	1064
31	1085
31	1116
31	1131
31	1156
31	1178
31	1214
31	1236
31	1266
31	1278
31	1331
31	1337
31	1371
31	1370
31	1458
31	1486
31	1562
31	1587
31	1588
31	1601
31	1610
31	1621
31	1629
31	1679
31	1682
31	1692
31	1708
31	1716
31	1721
31	1740
31	1747
31	1752
31	1774
31	2012
31	2011
31	2017
31	2020
31	2022
31	2023
31	2024
31	2025
31	2026
31	2027
31	2029
31	2028
31	2031
31	2032
31	2033
31	2034
31	2035
31	2036
31	2037
31	2039
31	2040
31	2041
31	2042
31	2181
31	2198
31	2204
31	2202
31	2211
31	2214
31	2217
31	2219
31	2222
31	2225
31	2228
31	2230
31	2237
31	2249
31	2251
31	2250
31	2253
31	2252
31	2254
31	2257
31	2259
31	2263
31	2280
31	2287
31	2331
31	2343
31	2344
31	2370
31	2389
31	2392
31	2396
31	2404
31	2409
31	2415
31	2425
31	2427
31	2439
31	2440
31	2445
31	2447
31	2449
31	2462
31	2469
31	2470
31	2474
31	2493
31	2498
31	2574
31	2577
31	2587
31	2595
31	2597
31	2600
31	2603
31	2604
31	2614
31	2637
31	2641
31	2645
31	2668
31	2669
31	2686
31	2695
31	2744
31	2753
31	2780
31	2781
31	2805
31	2827
31	2830
31	2837
31	2843
31	2844
31	2848
31	2853
31	2854
31	2866
31	2868
31	2875
31	2876
31	2878
31	2884
31	2887
31	2886
31	2889
31	2888
31	2890
31	2891
31	2895
31	2910
31	2917
31	2928
31	2939
31	2940
31	2945
31	2952
31	2956
31	3007
31	3038
31	3043
31	3049
31	3057
31	3088
31	3097
31	3098
31	3101
31	3107
31	3111
31	3112
31	3113
31	3114
31	3115
31	3116
31	3117
31	3121
31	3123
31	3122
31	3137
31	3145
31	3150
31	3151
31	3157
31	3177
31	3180
31	3181
31	3185
31	3186
31	3187
31	3188
31	3220
31	3241
31	3242
31	3277
31	3301
31	3307
31	3316
31	3319
31	3323
31	3330
31	3398
31	3443
31	3462
31	3587
31	3591
32	22
32	1486
32	1487
32	2087
32	2290
32	2291
32	2292
32	2293
32	2294
32	2296
32	2297
32	2298
32	2300
32	2301
32	2302
32	2303
32	2304
32	2305
33	22
34	22
34	34
34	21
34	59
34	91
34	168
35	34
35	40
35	63
35	132
35	1154
35	1157
35	1313
35	1806
35	1880
35	1935
35	2596
35	3368
35	3445
35	3453
36	34
36	40
36	63
37	1
37	62
37	67
37	167
37	3579
37	3604
38	37
38	1521
38	1579
38	1733
38	2772
38	3136
38	3576
39	1
39	161
39	162
39	167
39	3591
40	39
40	40
40	93
40	1289
41	1
41	167
41	3568
41	3575
42	41
42	1646
42	2323
42	2604
42	3587
44	5
45	44
45	57
46	9
46	3141
46	3154
46	3192
47	165
47	166
48	47
49	48
49	1708
49	1713
49	1720
49	2261
49	2263
49	2278
49	2555
50	49
50	51
51	49
51	2261
51	2266
52	51
52	983
52	1158
52	1437
52	1447
52	1465
52	1570
52	1583
52	2449
52	2451
52	2557
52	2665
52	2771
52	2869
52	2878
52	2880
52	2901
52	2947
52	2952
52	2986
52	1995
53	49
53	340
53	342
53	360
53	362
53	825
53	831
53	844
53	841
53	848
53	849
53	850
53	846
53	855
53	864
53	895
53	909
53	910
53	939
53	940
53	941
53	981
53	983
53	1116
53	1265
53	1439
53	1459
53	1462
53	1461
53	1464
53	1475
53	1501
53	1525
53	1690
53	1748
53	2067
53	2085
53	2088
53	2136
53	2149
53	2166
53	2168
53	2169
53	2176
53	2177
53	2298
53	2505
53	2522
53	3228
53	3295
53	3303
53	3313
53	3340
53	3442
53	3443
55	54
55	56
59	159
59	169
60	59
60	3605
61	60
62	61
63	62
64	62
64	64
64	511
64	1294
64	1733
64	3246
64	3266
64	3445
65	64
65	66
65	345
65	425
65	501
65	511
65	677
65	726
65	727
65	834
65	839
65	848
65	855
65	858
65	867
65	888
65	886
65	892
65	899
65	908
65	916
65	919
65	959
65	985
65	1002
65	1005
65	1007
65	1046
65	1059
65	1100
65	1116
65	1123
65	1124
65	1126
65	1130
65	1135
65	1136
65	1137
65	1138
65	1140
65	1141
65	1142
65	1144
65	1153
65	1161
65	1177
65	1176
65	1188
65	1189
65	1198
65	1217
65	1218
65	1222
65	1239
65	1252
65	1253
65	1257
65	1261
65	1262
65	1266
65	1274
65	1294
65	1303
65	1308
65	1314
65	1318
65	1371
65	1398
65	1627
65	1644
65	1646
65	1718
65	1748
65	2004
65	2005
65	2057
65	2109
65	2371
65	2380
65	2383
65	2389
65	2403
65	2404
65	2410
65	2415
65	2417
65	2422
65	2423
65	2427
65	2449
65	2457
65	2462
65	2466
65	2470
65	2475
65	2491
65	2516
65	2537
65	2570
65	2574
65	2586
65	2595
65	2597
65	2625
65	2637
65	2641
65	2644
65	2645
65	2662
65	2668
65	2701
65	2703
65	2704
65	2705
65	2706
65	2715
65	2744
65	2753
65	2774
65	2775
65	2797
65	2806
65	2809
65	2811
65	2812
65	2815
65	2817
65	2973
65	2981
65	3006
65	3018
65	3023
65	3029
65	3038
65	3047
65	3055
65	3056
65	3058
65	3061
65	3063
65	3065
65	3082
65	3204
65	3203
65	3202
65	3206
65	3209
65	3211
65	3212
65	3213
65	3217
65	3220
65	3224
65	3226
65	3237
65	3239
65	3241
65	3242
65	3244
65	3246
65	3297
65	3296
65	3347
65	3348
65	3349
65	3351
65	3352
65	3354
65	3355
65	3356
65	3375
65	3398
65	3407
65	3453
65	3459
65	3524
65	3529
65	3592
66	64
66	66
66	3248
67	61
67	3088
68	67
68	3603
69	68
69	343
69	345
69	528
69	527
69	530
69	531
69	550
69	587
69	590
69	724
69	726
69	734
69	738
69	739
69	743
69	753
69	845
69	881
69	907
69	954
69	1266
69	1314
69	999
69	1451
69	1579
69	2511
69	2597
69	2686
69	2717
69	2738
69	2745
69	2782
69	2783
69	2784
69	2785
69	2786
69	2787
69	2788
69	2789
69	2790
69	2791
69	2792
69	2798
69	2799
69	2836
69	2921
69	3150
69	3229
69	3245
69	3458
70	60
70	1117
70	2096
70	2099
70	2100
70	2501
70	2579
71	70
71	103
71	122
71	1121
71	1117
71	1563
71	1572
71	1578
71	1579
71	1991
71	2005
71	2293
71	3031
71	3038
71	3049
71	3088
71	3557
72	71
72	122
72	125
72	1000
72	1026
72	1024
72	1117
72	1285
72	1607
72	1642
72	1685
72	1684
72	1727
72	2002
72	2067
72	2085
72	2095
72	2189
72	2214
72	2222
72	2371
72	2379
72	2401
72	2408
72	2410
72	2414
72	2421
72	2424
72	2430
72	2440
72	2451
72	2488
72	2491
72	2512
72	2521
72	2579
72	2582
72	2583
72	2597
72	2608
72	2641
72	2807
72	2813
72	2825
72	2828
72	2830
72	2856
72	2870
72	2872
72	2573
72	3307
72	1995
72	2824
73	167
74	73
74	122
74	977
74	975
74	1100
74	1417
74	1432
74	1433
74	1486
74	1697
74	1727
74	1815
74	2062
75	74
75	125
75	570
75	983
75	1000
75	1675
75	2076
76	74
76	1093
76	1154
76	1157
76	1314
76	3625
76	3626
76	3627
78	3568
79	78
79	79
79	3454
80	78
80	180
80	223
80	502
80	505
80	501
80	554
80	557
80	682
80	710
80	720
80	724
80	914
80	918
80	920
80	922
80	930
80	933
80	943
80	951
80	1521
80	1589
80	1740
80	2192
80	2211
80	2214
80	2217
80	2222
80	2351
80	2352
80	2353
80	2354
80	2355
80	2356
80	2357
80	2358
80	2359
80	2360
80	2361
80	2719
80	2720
80	2722
80	2725
80	2728
80	2729
80	2730
80	2736
80	2739
80	2740
80	2741
80	2753
80	2772
80	2797
80	2803
80	3499
80	3566
80	3576
80	3602
81	80
82	80
83	80
83	738
83	3265
84	80
84	739
85	80
85	23
85	279
85	295
85	294
85	413
85	502
85	511
85	557
85	925
85	967
85	1128
85	1329
85	1493
85	2266
85	2288
85	2339
85	2341
85	2713
85	2744
85	3467
86	80
86	502
86	1117
86	1369
86	1371
86	1374
86	2500
86	2614
87	23
87	413
88	30
89	88
89	1475
89	1476
89	1477
90	89
90	1471
90	1637
90	1694
91	160
92	162
92	163
93	161
94	93
94	1645
94	1740
94	2192
94	2205
94	2212
94	2213
94	2214
94	2217
94	2222
94	3148
94	3410
94	3636
95	94
95	373
95	1000
95	1606
95	1607
95	1685
95	2189
95	2396
95	2425
95	2426
95	2440
95	2447
95	2459
95	2467
95	2468
95	2469
95	2568
95	2587
95	2601
95	2608
95	2669
95	2670
95	2672
95	371
95	2675
95	2676
95	2826
95	2828
95	2830
95	2866
95	2867
95	2868
95	2869
95	2870
95	2871
95	2872
95	2873
95	2874
95	2875
95	2876
95	2877
95	2878
95	2880
95	2187
95	2881
95	2573
95	2882
95	2883
95	3296
95	3307
95	3544
95	1691
99	98
99	205
99	275
99	680
99	1113
99	1332
99	1524
99	1625
99	2246
99	2329
99	2393
99	2442
99	2802
99	2906
99	2946
99	2963
99	3007
99	3014
99	3046
99	3109
99	3546
98	100
102	101
102	109
102	2560
102	2561
103	102
103	998
103	1641
103	1724
103	1991
103	2169
103	2177
104	103
104	1597
104	1917
104	1991
105	103
105	101
105	2559
105	2561
106	103
106	548
106	1020
106	1173
106	1486
106	2120
106	2308
106	2668
106	2821
106	2823
106	3540
107	103
107	266
107	280
107	287
107	286
107	288
107	290
107	293
107	296
107	299
107	343
107	348
107	352
107	354
107	396
107	422
107	838
107	839
107	893
107	901
107	899
107	911
107	917
107	1116
107	1118
107	1364
107	1531
107	1558
107	1567
107	1580
107	1650
107	1991
107	2004
107	2005
107	2007
107	2317
107	3070
107	3409
107	3466
107	3581
108	107
108	334
109	102
110	109
110	992
110	1393
110	1485
110	1484
110	1486
110	1722
110	2274
110	3524
111	109
111	1479
111	1480
111	1482
111	1486
111	1509
111	1510
111	1511
111	1722
111	2017
111	2260
111	2264
111	2266
111	2281
111	2881
111	2898
111	2900
111	2905
114	113
114	1704
114	1709
114	2571
116	115
116	121
116	120
116	1099
116	1100
116	1702
116	1703
116	1726
116	1725
116	1729
116	1733
116	2005
116	2562
116	2564
116	3526
118	117
118	989
118	990
118	1006
118	1007
118	1272
118	1402
118	1403
118	1404
118	1405
118	1406
118	1407
118	1408
118	1409
118	1411
118	1412
118	1413
118	1414
118	1415
118	1416
118	1420
118	1421
118	1423
118	1424
118	1425
118	1426
118	1427
118	1429
118	1430
118	1482
118	1483
118	1511
118	1590
118	2009
118	2505
119	118
119	1005
119	1478
119	1505
119	1508
121	120
121	1703
121	2564
121	3529
122	121
122	1100
122	1726
123	122
123	1802
124	122
124	1319
124	1589
124	1590
124	1595
124	1602
124	1604
124	1605
124	1612
124	1637
124	1648
124	1651
124	1655
124	1656
124	1660
124	1665
124	1670
124	1673
124	1682
124	1690
124	1694
124	2186
124	2214
124	2222
124	2564
124	3634
125	122
125	1727
125	1733
127	126
127	131
127	2168
127	2499
129	128
129	135
129	2126
129	2149
129	2150
129	2152
129	2165
130	129
130	2155
130	2158
130	2163
130	2166
130	2167
131	130
131	3204
131	3244
132	131
132	2158
134	133
135	134
135	2173
137	136
137	3391
137	3392
137	3393
137	3395
138	137
138	2576
138	3028
138	3283
138	3284
138	3285
138	3286
138	3300
138	3301
138	3305
138	3306
138	3308
138	3309
138	3313
138	3375
138	3385
138	3390
138	3396
138	3397
138	3441
140	139
140	3251
140	3252
140	3253
140	3254
140	3267
141	140
141	421
141	682
141	724
141	3266
142	140
142	146
142	421
142	425
142	590
142	678
142	682
142	724
142	726
142	734
142	2744
142	2743
142	3299
142	3374
144	143
144	3455
144	3456
146	145
146	3255
146	3256
146	3257
146	3258
146	3259
146	3260
146	3261
146	3262
146	3263
146	3264
147	146
147	425
147	429
147	726
147	2745
147	3374
148	146
148	152
150	149
150	3457
152	151
152	3250
152	3387
152	3421
152	3422
152	3436
157	158
169	3622
171	170
171	174
171	424
171	1024
171	2837
171	2852
172	173
175	174
175	606
175	3096
175	3097
175	3098
175	3101
175	3102
175	3111
175	3112
175	3113
175	3114
175	3115
175	3116
175	3117
175	3119
175	3122
175	3130
175	3132
177	176
177	495
177	499
177	516
177	518
177	519
177	520
177	521
177	522
177	525
177	526
177	3491
177	3500
177	3505
177	3507
177	3508
177	3509
177	3513
177	3521
179	178
179	181
179	186
179	188
179	187
179	191
179	195
179	197
179	198
179	199
179	200
179	201
179	202
179	958
179	959
179	961
179	962
179	963
179	1286
179	1288
179	1291
179	1515
179	1516
179	1517
179	2373
179	3197
179	3198
179	3231
179	3232
178	181
178	186
178	188
178	189
178	190
178	194
178	196
178	198
178	199
178	200
178	201
178	958
178	959
178	961
178	962
178	963
178	1286
178	1288
178	1291
178	1515
178	1516
178	1517
178	2369
178	2372
178	2373
178	3197
178	3198
178	3199
178	3200
178	3231
178	3232
178	3233
178	3234
181	180
181	182
182	180
185	184
188	187
188	192
188	193
188	195
188	202
188	3547
192	191
193	197
204	203
204	206
204	207
204	208
204	209
204	210
204	211
204	212
204	213
204	214
204	215
204	216
204	217
204	218
204	220
204	956
204	957
204	960
204	964
204	1513
205	204
205	254
205	262
205	264
205	277
205	358
205	419
205	423
205	541
205	555
205	562
205	754
205	757
205	758
205	759
205	760
205	761
205	762
205	763
205	771
205	772
205	872
205	904
205	924
205	1350
205	1351
205	1353
205	1354
205	1355
205	1356
205	1357
205	1360
205	1361
205	1362
205	1363
205	1364
205	1365
205	1367
205	1368
205	1375
205	1376
205	1377
205	1378
205	1379
205	1380
205	1381
205	1382
205	1383
205	1384
205	1389
205	1390
205	1391
205	1392
205	1581
205	2338
205	2340
205	2350
205	2362
205	2365
205	2366
205	2377
205	3450
205	3561
229	228
229	232
229	297
229	906
229	2342
230	229
230	228
230	345
232	231
232	235
232	236
232	241
232	243
232	244
232	247
232	256
232	1981
231	238
231	239
231	240
231	242
231	245
231	246
231	248
231	249
231	250
233	232
234	232
234	495
234	496
234	499
234	500
234	501
234	516
234	518
234	522
234	525
234	1266
234	1992
234	2170
234	2178
235	237
252	251
252	870
252	2830
252	3477
252	3530
252	3548
251	258
251	260
253	251
253	1718
253	1720
253	1721
253	1788
253	3008
256	255
256	257
259	258
259	2462
263	263
267	266
267	273
267	274
266	502
268	266
268	2667
268	2668
269	268
269	2668
271	270
270	437
270	713
270	2667
272	270
272	439
276	271
277	3523
279	278
279	322
279	332
279	900
279	1116
279	1568
279	1569
279	1582
279	2000
279	2004
279	2005
279	2006
279	2324
279	3540
278	287
278	293
280	279
280	347
280	351
280	352
281	279
281	347
281	348
281	351
281	352
281	3471
282	281
282	719
282	2320
282	3470
282	3587
283	279
283	291
283	377
283	1705
284	279
284	298
284	322
284	903
284	911
284	917
284	944
284	1385
284	2000
284	3469
285	279
285	347
285	351
285	352
285	2443
285	3464
287	286
287	288
287	289
287	290
287	296
293	292
293	294
292	501
295	294
295	1123
295	2001
298	946
300	299
300	720
299	323
299	349
301	302
302	303
303	304
303	305
305	306
305	309
305	310
305	311
305	312
306	307
307	308
314	313
314	369
314	496
314	500
314	515
314	517
314	523
314	548
314	1999
314	2689
314	3495
314	3496
314	3512
314	3516
314	3537
314	3541
314	3542
314	3543
314	3545
315	316
315	317
315	318
315	319
319	320
319	321
324	323
325	323
325	357
325	502
326	323
326	340
326	341
326	343
326	354
326	391
326	427
326	501
326	511
326	606
326	853
326	861
326	873
326	878
326	908
326	910
326	939
326	1054
326	1078
326	1214
326	1155
326	1495
326	1496
326	1636
326	1659
326	1670
326	1710
326	1799
326	1993
326	2000
326	2018
326	2172
326	2180
326	2186
326	2469
326	2637
326	2689
326	2692
326	2707
326	2744
326	2753
326	2776
326	2797
326	2805
326	2865
326	3194
326	3456
326	3471
326	3545
328	327
328	350
328	948
328	2444
329	328
329	327
329	330
329	948
329	1124
329	1126
330	327
331	330
332	331
332	1994
333	327
333	2828
333	3550
335	334
335	374
335	397
335	856
335	873
335	927
335	940
335	941
335	1115
335	1350
335	1458
336	335
336	3537
338	337
339	338
339	340
339	342
340	338
340	340
343	343
344	343
344	1338
344	1339
344	2686
346	345
347	378
347	945
347	1127
347	2443
348	1114
352	893
352	1386
352	2003
352	2010
352	2707
355	354
355	775
360	359
360	367
362	361
362	363
362	364
362	365
367	849
367	1090
371	370
371	716
371	718
372	370
372	388
372	707
372	717
372	723
372	733
372	741
372	940
372	941
372	2677
372	706
372	2687
372	3631
373	372
373	873
373	857
375	374
375	385
375	387
375	391
380	379
380	383
380	384
379	383
379	384
381	379
381	393
381	394
381	396
382	381
382	385
382	399
386	385
386	387
386	392
386	386
388	386
388	395
388	398
388	1115
388	2685
388	2687
388	2690
389	386
391	390
397	396
398	397
398	721
398	722
398	732
398	740
398	752
398	2671
398	2673
398	2674
398	2686
398	2688
398	3492
401	400
401	409
401	712
401	1024
401	2022
401	2023
401	2027
401	2032
401	2035
401	2040
401	2249
401	2252
401	2344
401	2837
401	2854
401	2884
401	2886
401	2995
401	3001
401	3002
401	3111
401	3112
401	3113
401	3114
401	3115
401	3116
401	3117
401	3316
401	3343
401	3370
401	3400
400	409
400	412
402	400
402	712
402	2023
402	2027
402	2035
402	2249
402	2839
402	2838
402	2849
402	2850
402	2854
402	2884
402	3111
402	3112
402	3113
402	3114
402	3115
402	3116
402	3117
402	3301
404	403
404	1632
404	2025
404	2028
404	2036
404	2250
404	2890
404	3100
404	3552
405	403
405	405
405	412
406	405
406	2029
406	2037
406	2251
406	2889
408	407
408	2026
408	2034
408	2042
408	2257
408	2891
410	409
410	412
409	412
411	409
411	416
411	684
411	2022
411	2032
411	2040
411	2252
411	2805
411	2886
411	2975
413	412
414	413
415	413
415	416
415	417
415	418
415	422
421	420
423	431
424	425
425	426
425	427
425	428
425	429
429	430
433	432
433	506
432	528
432	531
434	432
434	866
434	867
434	861
434	888
434	890
434	896
434	899
434	916
436	435
436	445
436	450
436	466
436	474
436	490
437	436
437	697
437	727
437	728
437	737
438	437
438	440
438	452
438	497
438	544
438	698
438	729
438	736
438	737
438	743
438	751
438	911
438	1161
438	2742
438	2744
438	2743
438	2753
438	2803
438	3485
438	3495
438	3510
439	438
439	714
439	743
439	751
439	3484
439	3496
440	436
440	442
440	446
440	451
440	467
440	475
440	491
441	436
441	435
441	445
441	444
441	443
441	450
441	449
441	457
441	456
441	460
441	462
441	464
441	466
441	468
441	470
441	472
441	474
441	476
441	479
441	478
441	482
441	484
441	486
441	488
441	490
441	532
441	534
441	536
441	538
441	737
442	435
444	443
444	457
444	460
444	472
444	484
444	488
444	532
445	444
445	454
445	462
445	468
446	445
446	447
446	455
446	469
447	444
447	448
447	458
447	461
447	473
447	485
447	489
447	533
448	443
450	449
450	464
450	470
450	479
451	450
451	453
451	465
451	471
451	480
452	451
452	453
452	515
452	727
452	737
452	743
452	751
452	2753
452	2800
452	3495
452	3496
452	3502
452	3509
452	3510
453	449
454	476
454	538
455	454
455	463
455	477
455	539
457	456
457	482
457	486
458	457
458	459
458	483
458	487
459	456
461	460
463	462
465	464
467	466
469	468
471	470
473	472
475	474
477	476
479	478
479	534
479	536
480	479
480	481
480	535
480	537
481	478
483	482
485	484
487	486
489	488
491	490
493	492
492	501
494	493
494	693
494	694
494	695
494	719
494	3497
498	497
502	501
502	503
502	710
502	719
502	751
502	2708
503	502
504	501
504	2726
504	2780
504	2805
505	504
505	710
506	501
507	506
507	720
508	507
509	508
509	506
509	715
510	506
510	900
510	903
510	912
510	917
510	921
510	923
510	944
510	951
511	506
511	511
512	511
513	511
513	543
514	506
514	898
514	903
514	911
514	914
514	917
514	918
514	920
514	922
514	930
514	933
514	943
514	3633
524	523
524	1606
524	2546
524	2669
524	2670
524	2673
524	2674
524	2687
524	2688
524	2826
524	2828
524	2862
524	2866
524	2867
524	2873
524	2874
524	2187
524	2882
524	2969
524	2982
524	3181
524	3185
524	3307
528	527
528	530
529	528
529	527
529	531
529	715
529	858
529	908
529	910
529	2668
529	2744
533	532
535	534
537	536
539	538
541	540
541	542
541	549
544	544
547	546
547	983
547	1003
547	1027
550	550
552	551
552	1329
552	2663
552	3093
552	3196
552	3229
552	3245
553	552
553	738
553	739
553	2371
553	2617
553	2706
553	2966
553	3137
557	3156
557	3188
558	557
558	1081
558	1763
558	1707
560	559
560	1593
560	2364
561	560
561	564
561	565
561	1584
561	1629
561	1809
561	2210
562	561
562	1297
562	2287
562	2664
562	3090
564	563
564	3219
564	3240
567	566
567	1589
568	567
568	1733
568	1740
568	2222
570	569
570	977
570	999
570	1462
570	1727
570	2168
570	2176
571	569
571	1004
571	1082
571	1103
571	1108
571	1749
571	1753
571	1754
571	1760
571	1761
571	1782
571	1783
571	1833
571	1977
571	1980
571	2291
571	2292
571	2296
573	572
573	576
573	575
573	600
573	604
573	615
573	624
573	627
573	628
573	637
573	682
573	686
573	689
572	575
572	627
572	628
574	572
574	600
574	628
574	630
574	632
576	575
576	596
577	576
577	600
577	604
577	637
578	577
578	584
578	588
578	636
578	655
578	672
579	578
579	583
579	637
580	575
581	575
583	582
583	587
583	592
583	624
584	582
584	592
586	585
586	604
586	691
588	587
588	624
589	588
590	681
590	3300
591	590
591	616
591	621
591	3039
595	594
598	597
597	604
599	597
599	621
600	637
602	601
602	603
603	601
604	603
604	621
605	604
605	605
605	615
605	2744
605	3083
605	3118
605	3270
606	605
607	606
607	613
608	607
608	605
608	613
609	606
609	3135
610	606
610	3096
610	3098
610	3100
610	3111
610	3112
610	3113
610	3114
610	3115
610	3116
610	3117
610	3122
610	3132
610	3135
611	606
612	611
612	3100
612	3107
613	604
613	2744
613	3096
614	613
615	604
616	604
617	616
617	681
617	3300
617	3632
618	616
618	3632
619	616
619	604
619	681
619	683
619	684
619	685
619	686
619	3300
619	3632
620	604
620	637
620	638
620	673
620	674
621	679
622	621
622	2225
624	623
624	672
626	625
630	629
634	633
636	635
636	655
636	669
635	671
635	674
637	636
637	640
637	659
637	670
637	672
638	636
638	672
639	635
639	2225
640	658
640	660
641	642
642	643
642	644
642	645
642	646
642	647
648	642
648	649
648	650
651	642
651	652
651	653
651	654
651	650
655	657
656	655
656	673
661	662
662	663
663	664
663	665
663	666
667	662
669	668
673	672
676	675
676	679
675	686
675	3301
678	677
679	678
681	682
682	3266
687	686
688	686
688	753
688	1894
688	1911
688	2220
688	2319
688	2331
688	2343
688	2345
688	2492
688	2744
688	2801
688	3412
690	689
697	696
697	702
697	745
698	697
698	701
698	703
698	746
698	3486
699	697
700	697
700	704
700	745
700	747
701	696
701	3487
703	702
703	3489
706	705
706	735
706	748
706	940
706	941
706	2679
706	2681
707	705
707	721
707	748
707	3500
708	705
708	728
708	748
708	751
708	752
708	2793
708	3492
708	3520
709	708
712	724
714	713
714	3494
717	716
717	718
717	752
717	3522
723	722
725	724
729	728
729	3504
731	730
733	732
733	3506
734	2744
736	735
736	737
736	3511
736	3510
736	3544
741	740
741	3514
743	742
744	743
744	3515
746	745
746	748
746	3518
749	748
749	841
749	940
749	941
749	1655
749	1665
749	1668
749	1685
749	1740
749	2447
749	2459
749	2468
749	2469
749	2565
749	2608
749	2670
749	2675
749	2676
749	2679
749	2825
749	2868
749	2869
749	2870
749	2874
749	2875
749	2876
749	2878
749	2881
749	2573
749	2964
750	751
756	755
765	764
765	774
765	775
767	766
769	768
769	770
777	776
777	779
777	780
777	781
777	782
777	783
777	784
777	785
777	786
777	787
777	788
777	789
777	790
777	791
777	792
777	793
777	794
777	795
777	796
777	797
777	798
777	799
777	800
777	801
777	802
777	803
777	804
777	805
777	806
777	807
777	808
777	809
777	810
777	811
777	812
777	813
777	814
777	815
777	816
777	817
777	818
777	819
777	820
777	821
777	822
777	823
777	2820
778	777
778	848
819	824
826	825
826	831
826	832
826	869
826	885
826	887
825	839
827	825
827	855
827	860
827	853
827	878
827	886
827	941
827	3096
829	891
830	829
830	845
830	878
830	881
830	891
830	2483
830	2577
830	2602
830	2848
830	2853
830	3277
833	832
833	839
833	855
833	887
832	908
834	832
834	839
834	845
834	865
834	878
834	885
834	887
834	889
834	927
835	834
835	848
835	850
836	832
836	858
836	873
836	908
836	916
837	836
837	840
838	836
838	840
838	900
838	903
838	911
838	927
840	839
840	867
840	887
840	888
840	899
842	841
842	847
842	856
843	842
843	843
843	844
843	855
844	842
844	855
844	864
845	844
845	845
845	870
847	846
847	897
846	873
848	847
849	847
849	846
849	879
850	847
850	856
850	855
850	853
850	864
850	874
851	846
851	853
852	846
852	854
853	846
854	853
854	855
854	846
854	873
855	853
855	869
855	873
856	855
857	856
857	897
857	2681
858	855
858	908
858	916
859	858
860	858
860	915
860	917
861	860
862	860
862	866
862	867
862	888
862	909
862	915
862	941
862	2688
863	853
868	867
868	888
868	899
872	871
872	950
876	875
876	877
876	880
876	934
882	881
882	891
883	882
883	884
884	881
884	891
884	892
886	888
887	886
887	892
888	887
891	891
896	908
896	916
900	899
900	916
900	942
899	908
899	935
901	900
901	899
901	916
902	901
902	908
902	909
902	910
902	916
902	942
902	944
902	949
905	905
908	919
908	932
909	908
909	942
910	909
910	944
912	911
911	915
911	919
911	931
913	915
914	914
915	921
915	923
915	929
915	934
926	925
928	927
937	936
937	938
937	939
939	940
939	941
946	947
951	951
953	952
958	963
959	958
966	965
966	987
966	1007
967	965
967	975
967	987
967	988
967	993
967	1007
967	1100
968	967
969	968
969	1100
969	1116
969	1149
969	1200
969	1266
969	1321
969	3576
970	965
970	971
970	972
974	973
974	1180
974	1183
974	1262
973	973
976	975
975	995
977	976
977	1431
977	1432
977	1433
977	1442
978	975
978	1014
978	1055
978	1057
978	1173
978	1239
979	978
979	1010
979	1011
980	975
980	1173
982	981
982	1002
983	981
984	983
984	1002
986	985
986	1151
986	1178
986	1265
986	1321
985	987
987	1271
988	987
988	1148
988	1198
992	991
992	1325
992	1326
992	1401
992	1479
992	1480
992	1493
992	1495
992	1496
992	1509
992	1510
992	1710
994	993
993	1145
993	1196
996	995
996	1672
996	1677
996	1692
996	1693
996	1697
996	1698
996	1699
996	2169
996	2177
997	996
997	1648
997	1650
997	1654
997	1660
997	1673
997	1674
997	1683
998	997
998	1319
998	1638
998	1655
998	1657
998	1665
998	1668
998	1671
998	1682
998	1689
998	1690
998	2565
999	998
999	1640
999	1643
999	1645
999	2181
999	2186
999	2219
1000	999
1000	997
1000	996
1000	1115
1000	1638
1000	1640
1000	1643
1000	1650
1000	1655
1000	1657
1000	1674
1000	1689
1000	1694
1000	1728
1000	1733
1000	2217
1001	999
1004	1181
1004	1182
1009	1008
1009	1017
1009	1018
1009	1019
1009	1029
1009	1034
1009	1038
1008	1039
1008	1089
1010	1009
1010	1014
1011	1009
1011	1018
1011	1019
1011	1029
1011	1038
1012	1008
1012	1069
1012	1071
1012	1321
1013	1012
1014	1013
1014	1055
1014	1057
1015	1012
1015	1069
1016	1015
1016	1056
1016	1059
1016	1071
1016	1088
1016	1094
1016	1095
1018	1032
1018	1033
1019	1030
1019	1031
1019	1035
1019	1037
1021	1020
1022	1021
1022	1023
1022	1028
1024	1023
1024	1046
1024	1064
1024	1325
1024	1326
1024	2128
1024	2198
1024	2228
1024	2230
1024	2232
1024	2235
1024	2238
1024	2269
1024	2274
1024	2276
1024	2285
1024	2846
1024	2861
1024	2892
1024	2895
1024	2900
1024	3335
1024	3386
1024	3425
1025	1024
1025	2856
1026	1025
1026	1024
1026	2856
1026	3337
1027	1056
1027	1070
1027	1071
1029	1036
1041	1040
1041	1043
1041	1044
1041	1045
1041	1048
1042	1041
1042	1149
1042	1200
1047	1046
1047	1064
1047	1065
1047	1066
1047	1067
1047	1073
1046	1049
1046	1050
1046	1051
1046	1052
1046	1053
1055	1054
1055	1061
1055	1068
1055	1069
1055	1070
1055	1071
1055	1072
1056	1054
1056	1062
1056	1063
1057	1056
1057	1077
1058	1056
1059	1054
1060	1059
1060	1089
1060	1566
1060	1706
1060	2117
1060	2209
1060	2572
1060	2581
1060	2579
1060	2583
1060	2585
1060	3217
1060	3314
1065	1078
1074	1073
1074	1076
1075	1073
1075	3183
1081	1173
1083	1082
1083	1108
1082	1180
1082	1181
1082	1182
1082	1183
1084	1083
1084	1111
1084	1112
1084	2771
1086	1085
1086	1124
1090	1089
1090	1090
1090	1097
1090	1475
1090	1636
1090	1665
1090	1672
1090	1800
1090	1801
1090	2291
1090	2292
1091	1089
1091	2570
1091	2572
1092	1089
1092	2560
1092	2572
1092	3066
1093	1089
1093	1095
1098	1097
1102	1101
1102	1104
1102	1108
1101	1103
1101	1105
1101	1106
1101	1107
1109	1108
1109	1827
1109	2269
1110	1109
1110	1108
1110	1397
1110	1819
1110	1827
1110	1829
1110	2232
1111	1108
1112	1108
1117	1116
1118	1117
1118	1571
1118	2579
1119	1118
1120	1119
1120	1532
1120	1565
1121	1120
1121	1566
1122	1118
1122	1579
1122	2511
1122	2931
1122	2933
1122	2930
1122	3247
1122	3277
1122	3371
1122	3372
1122	3637
1124	1123
1124	1133
1124	3576
1125	1124
1125	1126
1125	2756
1125	2760
1125	2763
1125	2764
1125	3137
1129	1128
1129	1145
1129	1146
1129	1148
1129	1172
1129	1174
1129	1176
1131	1130
1131	1135
1131	1136
1131	1137
1131	1138
1131	1140
1131	1141
1131	1142
1131	1144
1132	1131
1132	1185
1132	2766
1133	1132
1133	1149
1133	1161
1133	1162
1133	1178
1133	1200
1133	1266
1134	1132
1134	1149
1134	1200
1139	1138
1139	1153
1139	1188
1139	1189
1143	1142
1143	1153
1143	1192
1147	1146
1147	1149
1147	1194
1147	1200
1147	1237
1149	1163
1149	1164
1149	1165
1149	1166
1149	1167
1149	1168
1149	1169
1149	1170
1149	1171
1150	1149
1150	1175
1150	1200
1150	1239
1150	2766
1151	1150
1151	1200
1151	2766
1152	1149
1152	1174
1152	1200
1152	1276
1153	1149
1153	1200
1153	3576
1154	1153
1155	1154
1155	1157
1156	1153
1156	1300
1157	1153
1157	3590
1158	1153
1159	1158
1159	1314
1160	1149
1160	1200
1160	1267
1160	1320
1161	1149
1161	1200
1162	1161
1173	1172
1173	1274
1177	1176
1177	1226
1177	1261
1178	1177
1178	1214
1179	1178
1179	1266
1179	1320
1185	1184
1185	1186
1185	1187
1185	1188
1185	1189
1185	1190
1185	1191
1185	1192
1185	1193
1185	1228
1184	1227
1187	1229
1188	1230
1189	1231
1190	1232
1191	1233
1192	1234
1193	1235
1196	1195
1196	1238
1198	1197
1198	1239
1200	1199
1200	1206
1200	1240
1200	1315
1199	1202
1199	1203
1199	1204
1199	1207
1199	1208
1199	1209
1199	1210
1199	1211
1201	1200
1201	1212
1201	1239
1201	1250
1206	1205
1206	1244
1214	1213
1214	1251
1213	1217
1213	1218
1213	1219
1213	1220
1213	1221
1213	1222
1213	1223
1213	1224
1213	1225
1215	1214
1216	1214
1216	3156
1240	1241
1240	1242
1240	1243
1240	1245
1240	1246
1240	1247
1240	1248
1240	1249
1251	1252
1251	1253
1251	1254
1251	1255
1251	1256
1251	1257
1251	1258
1251	1259
1251	1260
1264	1263
1264	1732
1264	2652
1264	2955
1267	1266
1268	1266
1268	2637
1269	1266
1269	1370
1269	2637
1269	3307
1270	1266
1274	1273
1276	1275
1280	1279
1280	2102
1280	2506
1281	1280
1282	1281
1283	1280
1283	2102
1284	1280
1284	2017
1284	2112
1284	2113
1284	2115
1285	1284
1285	1612
1285	2085
1285	2604
1285	2972
1285	2973
1285	2974
1285	2975
1285	2976
1285	2977
1285	2978
1285	2979
1285	3310
1285	3311
1285	3336
1285	3337
1285	3338
1285	3426
1285	1995
1290	1289
1290	1627
1290	1733
1290	3182
1295	1294
1297	1296
1297	1298
1297	1299
1297	1309
1301	1300
1302	1300
1302	2202
1302	2753
1305	1304
1305	3157
1304	1319
1306	1304
1306	3150
1306	3157
1306	3177
1310	1311
1313	1314
1316	1317
1317	1318
1323	1322
1324	1322
1334	1333
1334	1337
1334	1339
1333	1335
1333	1336
1333	1338
1335	1335
1341	1340
1341	1343
1341	1345
1342	1341
1342	1627
1342	2186
1342	2716
1342	2848
1342	2853
1342	3118
1342	3301
1344	1343
1346	1345
1346	2705
1347	1345
1350	1349
1350	1366
1353	1352
1357	1358
1357	1359
1367	1388
1371	1370
1372	1371
1373	1371
1373	2614
1394	1393
1394	1488
1394	1822
1394	1976
1395	1394
1395	1816
1395	1819
1395	1821
1395	3635
1397	1396
1397	1802
1397	1825
1399	1398
1400	1398
1418	1417
1419	1418
1419	2122
1419	2127
1419	2128
1419	2276
1422	1421
1428	1427
1428	1706
1428	1714
1428	2617
1431	1436
1431	1439
1431	1455
1431	1457
1431	1463
1431	1464
1431	1466
1431	1471
1431	1473
1432	1435
1432	1444
1432	1446
1432	1448
1432	1449
1432	1451
1432	1459
1432	1461
1432	1469
1433	1438
1433	1440
1433	1450
1433	1452
1433	1454
1433	1474
1435	1434
1435	1445
1436	1473
1437	1436
1437	1464
1437	1650
1437	2314
1437	2315
1442	1441
1442	1468
1444	1443
1444	1453
1444	1456
1444	1460
1444	1467
1444	1470
1444	1472
1447	1446
1447	1452
1447	1459
1447	1694
1447	1814
1447	1917
1447	1956
1447	2176
1448	1693
1458	1457
1458	1672
1462	1461
1462	1501
1462	2168
1462	2169
1464	1466
1465	1464
1468	3524
1469	1698
1485	1484
1485	1498
1485	1500
1485	1503
1487	1486
1490	1489
1490	1491
1495	1494
1498	1497
1498	1499
1498	1506
1503	1502
1505	1504
1507	1507
1515	1518
1515	2368
1515	3232
1520	1519
1520	2773
1522	1521
1522	2772
1523	1523
1526	1525
1526	1528
1526	1529
1526	3218
1526	3238
1525	3237
1527	1525
1532	1531
1532	1558
1533	1534
1533	1535
1535	1536
1535	1537
1535	1538
1535	1539
1539	1540
1539	1542
1540	1541
1542	1541
1543	1544
1543	1537
1543	1545
1545	1546
1546	1547
1548	1549
1548	1552
1548	1554
1549	1550
1550	1551
1552	1535
1552	1553
1552	1551
1552	1546
1555	1556
1555	1557
1555	1535
1555	1541
1558	1559
1561	1560
1561	1559
1563	1562
1563	1567
1563	1574
1563	2096
1563	2100
1563	2629
1562	2811
1562	2817
1564	1563
1564	1578
1564	1582
1564	2002
1564	2371
1564	2379
1564	2401
1564	2410
1564	2414
1564	2421
1564	2424
1564	2430
1564	2451
1564	2488
1564	2491
1564	2501
1564	2512
1564	2521
1564	2579
1564	2582
1564	2583
1564	2597
1564	2641
1566	2099
1567	1580
1570	1571
1572	1578
1572	2501
1573	1572
1573	1579
1573	1591
1573	2098
1573	2811
1573	2817
1573	3049
1576	1575
1576	1577
1576	2502
1576	2503
1576	3136
1582	2583
1583	2301
1586	1585
1586	1587
1586	2238
1593	1592
1595	1594
1595	1596
1595	1603
1595	1615
1595	2558
1594	1618
1598	1597
1598	2318
1598	2334
1598	2349
1598	2418
1598	2970
1598	3003
1598	3433
1598	3490
1599	1597
1599	2371
1599	2966
1599	3428
1602	1601
1604	1603
1604	2181
1604	2219
1604	2225
1606	1605
1606	2425
1606	2642
1608	1607
1608	3292
1609	1608
1609	3301
1609	3377
1609	3389
1610	1608
1610	1610
1610	2186
1610	2188
1610	2893
1610	3400
1611	1610
1613	1612
1613	3317
1613	3337
1613	3338
1614	1612
1614	2333
1614	2335
1614	3316
1614	3333
1614	3367
1614	3379
1614	3380
1614	3383
1615	1616
1615	1617
1622	1621
1622	1627
1623	1621
1623	1627
1623	3407
1624	1621
1624	1627
1624	2109
1624	2992
1624	2999
1624	3153
1624	3155
1624	3159
1624	3407
1624	3559
1628	1627
1634	1633
1634	1635
1634	1636
1634	1670
1638	1637
1638	1670
1638	1694
1637	1658
1640	1639
1640	1641
1640	1642
1640	1644
1640	1646
1640	1731
1640	2563
1648	1647
1648	1649
1648	1666
1652	1651
1652	1654
1652	1662
1652	1676
1654	1653
1654	1663
1654	1678
1657	1656
1660	1659
1660	1661
1660	1679
1664	1663
1668	1667
1668	1686
1668	1687
1668	2566
1669	1667
1669	2459
1675	1674
1675	2168
1675	2176
1681	1680
1682	1681
1685	1684
1688	1687
1691	1690
1691	2679
1694	1695
1694	1696
1706	1705
1706	1708
1706	1717
1707	1706
1708	1705
1710	1711
1715	1714
1715	1716
1718	1717
1719	1718
1723	1722
1723	1724
1726	1725
1727	1728
1730	1730
1732	1733
1735	1734
1735	1737
1735	1738
1735	2101
1735	3342
1736	1735
1742	1741
1742	1743
1742	1744
1742	1755
1742	1774
1741	1756
1743	1752
1743	1759
1743	1781
1744	1747
1744	1758
1744	1763
1744	1766
1744	1770
1744	1776
1744	1777
1744	1780
1746	1745
1746	1800
1745	1753
1745	1754
1745	1757
1745	1760
1745	1761
1745	1762
1745	1764
1745	1765
1745	1767
1745	1771
1745	1775
1745	1778
1745	1779
1745	1782
1745	1783
1748	1747
1748	1752
1748	1766
1748	1770
1748	1776
1748	1777
1748	1780
1748	1781
1748	1785
1748	1786
1748	1788
1748	1789
1748	1791
1748	1792
1748	1794
1748	1796
1748	1798
1748	1803
1748	1921
1748	1936
1749	1748
1749	1800
1749	1801
1749	1805
1750	1748
1750	2599
1751	1748
1751	1998
1751	2227
1767	1768
1767	1769
1771	1772
1771	1773
1787	1786
1787	2600
1790	1789
1793	1792
1795	1794
1801	1800
1804	1803
1804	1831
1804	1837
1804	1838
1804	1839
1804	1840
1804	1841
1804	1842
1804	1843
1804	1844
1804	1845
1804	1854
1804	1855
1804	1856
1804	1857
1804	1859
1804	1861
1804	1865
1804	1874
1804	1875
1804	1876
1804	1877
1804	1889
1804	1892
1804	1893
1804	1897
1804	1899
1804	1906
1804	1907
1803	1868
1803	1901
1803	1902
1803	1903
1803	1904
1803	1905
1805	1804
1805	1811
1805	1812
1805	1813
1805	1814
1805	1815
1806	1805
1807	1803
1807	3277
1809	1808
1808	1810
1808	1817
1808	1823
1808	1824
1811	1818
1811	1879
1811	1898
1811	1909
1811	1910
1812	1830
1812	1834
1812	1846
1812	1847
1812	1852
1812	1853
1812	1860
1812	1862
1812	1863
1812	1864
1812	1866
1812	1867
1812	1869
1812	1882
1812	1884
1812	1885
1812	1887
1812	1888
1812	1890
1812	1891
1812	1895
1812	1900
1813	1836
1814	1832
1814	1833
1814	1835
1814	1850
1814	1872
1814	1880
1814	1886
1814	1894
1814	1896
1814	3525
1815	1848
1815	1870
1815	1883
1818	1873
1820	1820
1824	1914
1827	1826
1827	1828
1833	1849
1851	1850
1851	1917
1851	1919
1851	1956
1851	1980
1855	1858
1859	1908
1872	1871
1872	1878
1880	1956
1881	1880
1881	1911
1881	1912
1901	1938
1913	1912
1916	1915
1916	1918
1916	1920
1916	1925
1916	1926
1916	1928
1916	1930
1916	1933
1916	1937
1916	1938
1916	1939
1916	1942
1916	1947
1916	1948
1916	1949
1916	1950
1916	1951
1916	1952
1916	1953
1916	1954
1916	1955
1916	1957
1916	1958
1916	1959
1916	1960
1916	1961
1916	1962
1916	1963
1916	1964
1916	1967
1916	1969
1916	1972
1916	1973
1916	1974
1916	1975
1916	1981
1917	1916
1917	1922
1917	1924
1917	1940
1917	1944
1917	1965
1917	1971
1917	1989
1917	1990
1922	1921
1922	1935
1922	1936
1922	1943
1922	1946
1924	1923
1924	1927
1924	1931
1924	1932
1924	1966
1924	1968
1924	1970
1935	1934
1942	1941
1944	1945
1977	1980
1979	1978
1979	1982
1979	1986
1979	1992
1978	1978
1981	1983
1981	1985
1981	1987
1982	1984
1982	1986
1982	1988
1994	1996
1994	1997
1995	1994
1995	2821
1995	2823
2002	2001
2002	2584
2002	2598
2012	2011
2012	2012
2012	2024
2012	2025
2011	2011
2013	2012
2015	2014
2017	2016
2017	2030
2017	2038
2017	2047
2016	2024
2018	2017
2018	2255
2019	2018
2019	2222
2019	2225
2019	2263
2020	2016
2020	2022
2020	2024
2021	2016
2021	2885
2021	2892
2021	2894
2021	2897
2021	2898
2022	2024
2023	2022
2023	2024
2027	2032
2027	2033
2029	2028
2029	2029
2029	2033
2030	2033
2031	2030
2031	2032
2031	2033
2032	2033
2035	2040
2035	2041
2037	2036
2037	2037
2037	2041
2038	2041
2039	2038
2039	2040
2039	2041
2040	2041
2044	2043
2044	2049
2046	2045
2046	2048
2046	2050
2052	2051
2052	2054
2052	2308
2053	2052
2053	2237
2053	2306
2053	2309
2055	2055
2056	2056
2058	2057
2060	2059
2063	2062
2064	2062
2064	2608
2064	2637
2064	3020
2064	3030
2064	3031
2064	3280
2064	3281
2064	3407
2066	2065
2068	2067
2068	2072
2067	2069
2067	2070
2070	2071
2071	2082
2072	2071
2072	2301
2072	2304
2072	2314
2073	2075
2075	2074
2075	2079
2075	2092
2076	2075
2076	2078
2076	2080
2076	2082
2076	2088
2076	2089
2076	2091
2078	2077
2078	2090
2082	2081
2082	2083
2085	2084
2084	2095
2087	2086
2088	2087
2094	2093
2094	2104
2099	2098
2103	2103
2106	2105
2106	2109
2106	2110
2106	2111
2108	2107
2109	2110
2109	2111
2117	2116
2117	2118
2117	2119
2117	2122
2121	2120
2121	2862
2121	2863
2121	2864
2121	2865
2121	2878
2124	2123
2124	2126
2124	2130
2124	2132
2123	2130
2123	2132
2123	2136
2123	2139
2130	2129
2130	2143
2132	2131
2132	2133
2132	2134
2132	2137
2132	2138
2132	2140
2132	2141
2132	2144
2132	2145
2132	2146
2132	2147
2136	2135
2136	2142
2149	2148
2149	2151
2149	2162
2152	2153
2155	2154
2157	2156
2158	2157
2158	2160
2160	2159
2160	2161
2163	2164
2171	2170
2172	2172
2175	2174
2176	2175
2179	2178
2182	2181
2182	2219
2184	2183
2184	2200
2184	2218
2184	2221
2184	2231
2185	2184
2187	2186
2187	2211
2187	2467
2187	2893
2187	3179
2187	3186
2188	2186
2189	2188
2189	2893
2189	3399
2189	3400
2190	2186
2190	3157
2192	2191
2192	2224
2192	2226
2193	2192
2193	2191
2193	2744
2193	3544
2193	3554
2194	2191
2194	3377
2195	2194
2195	3287
2195	3288
2195	3289
2195	3290
2195	3291
2195	3329
2197	2196
2197	2577
2197	2822
2197	2852
2197	3054
2197	3568
2199	2198
2199	2202
2199	2205
2199	2230
2203	2202
2203	2218
2203	2232
2203	2235
2203	2269
2203	2274
2203	2285
2204	2203
2204	2331
2204	2336
2207	2206
2207	2337
2208	2206
2212	2211
2212	3183
2211	2215
2213	2211
2213	2214
2213	3178
2213	3184
2223	2222
2229	2228
2229	2230
2232	2233
2233	2238
2235	2234
2235	2237
2236	2234
2236	2238
2237	2238
2241	2240
2243	2243
2246	2245
2245	2247
2245	2248
2249	2252
2249	2254
2251	2250
2251	2251
2251	2254
2253	2252
2253	2254
2252	2254
2255	2254
2256	2255
2256	2258
2256	2259
2256	2263
2256	2267
2260	2262
2263	2262
2262	2266
2264	2263
2266	2265
2279	2278
2279	2280
2279	2281
2279	2284
2279	2285
2282	2281
2282	2283
2290	2295
2290	2299
2306	2307
2310	2311
2312	2313
2316	2315
2316	2317
2318	2319
2320	2321
2321	2323
2327	2326
2327	2328
2342	2342
2344	2344
2346	2345
2347	2345
2348	2345
2348	3345
2369	2373
2370	2369
2370	2417
2370	2586
2370	3601
2371	2370
2376	2375
2377	2376
2377	2419
2377	2441
2377	2458
2377	2649
2379	2378
2379	2381
2379	2385
2379	2386
2379	2389
2379	2625
2378	2383
2381	2380
2385	2384
2385	2387
2385	2388
2391	2390
2391	2392
2391	2402
2391	2415
2391	2421
2391	2425
2391	2427
2391	2641
2390	2427
2390	2432
2390	2462
2392	2394
2392	2397
2394	2462
2395	2394
2395	2470
2397	2396
2397	2436
2397	2462
2397	2466
2398	2397
2398	2465
2398	2472
2398	2489
2399	2396
2399	2440
2399	2587
2401	2400
2401	2402
2401	2406
2400	2403
2400	2404
2405	2404
2408	2407
2408	2409
2408	2412
2410	2409
2410	2413
2410	2422
2411	2410
2414	2413
2414	2415
2414	2641
2421	2420
2421	2422
2424	2423
2424	2427
2424	2429
2424	2517
2424	2645
2424	2646
2429	2428
2430	2430
2431	2430
2431	2510
2433	2432
2433	2463
2432	2436
2435	2434
2435	2438
2436	2439
2436	2474
2438	2437
2438	2453
2438	2473
2437	2440
2437	2448
2437	2454
2437	2468
2439	2440
2439	2467
2439	2468
2445	2449
2447	2446
2446	2448
2446	2455
2449	2448
2449	2455
2449	2464
2450	2449
2450	2486
2450	2489
2451	2450
2451	2470
2451	2482
2451	2484
2451	2517
2451	2645
2452	2449
2453	2452
2453	2454
2454	2449
2461	2460
2461	2464
2461	2465
2461	2472
2463	2462
2463	2466
2465	2464
2470	2469
2471	2470
2476	2475
2476	2478
2476	2479
2476	2480
2477	2475
2477	2480
2480	2480
2482	2481
2486	2485
2488	2487
2488	2490
2488	2597
2487	2489
2494	2493
2494	2507
2494	2510
2495	2493
2495	2944
2497	2496
2498	2496
2498	2538
2498	2545
2498	2616
2501	2500
2502	2501
2503	2501
2504	2500
2508	2507
2512	2511
2512	2515
2512	2516
2512	2517
2512	2519
2512	2552
2512	2575
2512	2645
2513	2511
2515	2514
2515	2518
2521	2520
2521	2523
2521	2597
2523	2522
2524	2522
2526	2525
2526	2527
2526	2529
2526	2540
2526	2631
2526	2632
2526	2633
2528	2527
2529	2527
2530	2529
2532	2531
2532	2538
2532	2542
2532	2545
2532	2634
2532	2635
2534	2533
2536	2535
2536	2538
2536	2545
2539	2538
2539	2545
2541	2540
2541	2544
2543	2542
2543	2544
2545	2544
2546	2552
2546	2553
2547	2548
2549	2550
2551	2547
2552	2575
2553	2593
2553	2594
2557	2556
2568	2567
2569	2567
2573	2572
2576	2575
2576	2593
2576	2594
2577	2575
2578	2575
2579	2575
2579	2637
2579	2636
2580	2579
2581	2579
2582	2581
2582	2585
2583	2579
2584	2579
2585	2579
2589	2588
2589	2591
2589	2592
2590	2588
2590	2591
2590	2592
2590	2597
2596	2595
2596	2836
2607	2606
2607	2609
2607	2610
2607	2611
2613	2625
2618	2617
2619	2617
2621	2620
2621	2622
2621	2623
2621	2624
2626	2625
2626	2645
2626	2646
2627	2625
2627	2629
2627	2636
2628	2627
2629	2627
2630	2627
2637	2636
2637	2650
2638	2637
2639	2637
2639	2867
2640	2637
2640	2653
2640	2654
2641	2637
2643	2642
2649	2648
2651	2650
2653	2655
2653	2656
2653	2657
2653	2658
2653	2659
2653	2660
2673	2672
2673	371
2678	2677
2680	2679
2682	2681
2683	2681
2684	2681
2692	2691
2692	2693
2692	2694
2696	2695
2696	2851
2697	2698
2699	2698
2699	2700
2702	2701
2702	2703
2702	2704
2702	2705
2702	3249
2706	2755
2709	434
2710	434
2711	434
2712	434
2722	2723
2744	2743
2744	2748
2745	2744
2746	2744
2747	2744
2750	2749
2751	2749
2751	2915
2752	2749
2752	2915
2754	2753
2757	2756
2757	2760
2757	2763
2757	2764
2761	2760
2761	2762
2761	2763
2761	2764
2766	2765
2767	2765
2771	2770
2778	2796
2778	2797
2779	2778
2795	2794
2804	2803
2804	2805
2804	3550
2804	3553
2803	3553
2805	3549
2807	2806
2807	2809
2807	3204
2807	3220
2807	3224
2808	2809
2810	2809
2810	3217
2811	2809
2813	2812
2813	2815
2813	3241
2813	3242
2813	3244
2814	2815
2816	2815
2816	3242
2817	2815
2819	2818
2823	2822
2823	2827
2823	2830
2824	2822
2826	2825
2827	2825
2827	2829
2829	2828
2832	2831
2832	2834
2835	2835
2839	2838
2839	2843
2840	2839
2840	2844
2840	2849
2840	2850
2842	2841
2845	2844
2847	2846
2848	2849
2848	2850
2856	2855
2857	1707
2859	2858
2859	2860
2859	2861
2874	2874
2879	2878
2884	2886
2884	2888
2885	2888
2887	2886
2887	2888
2886	2888
2889	2888
2889	2889
2889	2890
2893	2894
2896	2895
2899	2898
2899	2901
2899	2904
2899	2905
2899	2909
2900	3336
2900	3426
2902	2901
2904	2903
2904	2907
2904	2908
2904	2911
2906	2910
2907	2907
2914	2913
2914	2915
2914	2919
2914	2928
2914	2933
2914	2934
2914	2930
2916	2915
2916	2917
2916	2928
2916	2929
2916	2932
2916	2934
2918	2917
2917	2921
2920	2919
2922	2921
2922	2929
2922	2932
2923	2921
2924	2921
2924	2925
2924	2927
2926	2925
2926	2927
2930	2929
2930	2932
2930	2935
2931	2929
2931	2932
2936	2935
2937	2937
2938	2937
2946	2953
2949	2948
2949	2950
2957	2956
2957	2959
2957	2961
2958	2956
2960	2959
2962	2961
2965	2964
2972	2971
2983	2982
2982	3366
2984	2982
2988	2987
2990	2989
2992	2993
2992	3002
2993	2997
2993	2998
2993	3000
2993	3001
2995	2994
2996	2995
3004	3056
3006	3005
3006	3008
3005	3010
3011	3010
3010	3404
3010	3413
3013	3012
3016	3016
3020	3019
3020	3059
3019	3023
3021	3020
3021	3022
3021	3023
3021	3025
3021	3048
3021	3063
3021	3082
3028	3027
3028	3340
3028	3394
3028	3396
3032	3031
3031	3038
3031	3049
3033	3031
3033	3034
3034	3031
3034	3049
3035	3034
3037	3036
3036	3036
3041	3040
3043	3044
3044	3087
3044	3093
3045	3044
3050	3049
3051	3049
3052	3049
3053	3052
3058	3057
3058	3072
3059	3058
3059	3066
3059	3074
3059	3078
3060	3058
3060	3078
3060	3079
3060	3268
3060	3270
3060	3271
3060	3272
3060	3299
3060	3300
3060	3357
3060	3358
3060	3360
3060	3361
3060	3362
3060	3363
3060	3364
3060	3365
3060	3377
3062	3061
3062	3063
3062	3065
3064	3063
3066	3068
3066	3077
3068	3067
3068	3069
3072	3071
3074	3073
3074	3075
3074	3076
3080	3079
3082	3081
3082	3083
3082	3084
3082	3085
3090	3089
3090	3092
3092	3091
3096	3100
3096	3121
3097	3111
3097	3113
3097	3114
3097	3115
3097	3116
3097	3117
3098	3097
3098	3112
3099	3098
3099	3111
3099	3112
3099	3113
3099	3114
3099	3115
3099	3116
3099	3117
3100	3098
3102	3122
3104	3103
3104	3105
3106	3123
3106	3130
3109	3108
3111	3110
3113	3112
3120	3119
3123	3122
3125	3124
3125	3126
3126	3127
3126	3128
3126	3129
3132	3131
3134	3133
3137	3136
3137	3143
3137	3153
3137	3157
3136	3139
3136	3189
3136	3190
3136	3191
3138	3137
3138	3157
3138	3177
3140	3139
3140	3143
3140	3153
3140	3191
3142	3141
3142	3192
3143	3142
3143	3154
3145	3144
3145	3160
3145	3193
3146	3145
3148	3147
3148	3176
3149	3148
3149	3150
3151	3150
3151	3152
3151	3162
3153	3154
3153	3155
3153	3159
3156	3155
3156	3189
3157	3156
3157	3159
3157	3177
3157	3190
3158	3156
3158	3188
3162	3161
3162	3164
3162	3165
3162	3166
3162	3173
3162	3174
3164	3163
3164	3167
3164	3168
3164	3169
3164	3170
3164	3171
3164	3172
3176	3175
3176	3178
3176	3179
3175	3180
3177	3176
3177	3180
3177	3182
3178	3183
3178	3184
3179	3186
3179	3187
3182	3181
3182	3185
3181	3183
3181	3187
3185	3184
3185	3186
3203	3202
3203	3211
3203	3212
3203	3213
3204	3203
3204	3206
3204	3209
3206	3205
3206	3210
3208	3207
3209	3208
3216	3224
3218	3217
3221	3220
3221	3224
3222	3220
3222	3241
3223	3220
3223	3241
3225	3224
3227	3226
3228	3226
3230	3229
3238	3237
3238	3239
3246	3246
3247	3246
3250	3423
3250	3424
3269	3268
3269	3270
3269	3271
3269	3272
3269	3275
3269	3357
3271	3300
3274	3273
3277	3276
3278	3277
3278	3280
3278	3281
3278	3282
3278	3287
3279	3276
3283	3284
3283	3285
3283	3286
3292	3296
3292	3298
3292	3303
3293	3292
3293	3294
3293	3301
3296	3295
3296	3297
3303	3302
3303	3304
3306	3305
3306	3308
3306	3309
3312	3311
3317	3318
3318	3319
3319	3441
3321	3320
3320	3322
3320	3323
3320	3324
3320	3325
3327	3326
3327	3328
3329	3332
3329	3336
3329	3337
3329	3338
3329	3426
3333	3332
3333	3336
3333	3337
3333	3338
3333	3377
3333	3426
3334	3333
3334	3334
3334	3371
3334	3372
3334	3373
3341	3568
3344	3343
3344	3345
3346	3345
3348	3347
3348	3356
3350	3349
3350	3351
3350	3353
3350	3355
3353	3352
3353	3354
3356	3356
3359	3358
3359	3361
3359	3363
3359	3364
3367	3366
3367	3379
3367	3381
3377	3378
3383	3382
3385	3384
3388	3387
3388	3415
3388	3420
3397	3396
3399	3398
3401	3400
3401	3402
3405	3404
3405	3406
3405	3409
3405	3410
3408	3407
3408	3411
3408	3405
3414	3413
3416	3415
3416	3457
3417	3415
3417	3417
3417	3559
3418	3417
3420	3419
3420	3429
3428	3427
3428	3435
3429	3430
3429	3431
3429	3432
3436	3437
3436	3438
3436	3439
3441	3442
3441	3444
3442	3443
3448	3447
3450	3449
3449	3451
3449	3452
3449	3564
3449	3565
3462	3461
3462	3465
3462	3468
3462	3483
3462	3498
3462	3519
3463	3462
3463	3464
3463	3467
3463	3484
3463	3520
3463	3545
3464	3461
3466	3465
3467	3465
3467	3468
3467	3499
3473	3472
3473	3479
3474	3472
3474	3479
3476	3475
3478	3477
3478	3530
3478	3548
3481	3480
3481	3488
3481	3517
3482	3481
3482	3501
3482	3503
3482	3510
3483	3482
3483	3493
3484	3483
3484	3485
3484	3494
3485	3482
3485	3486
3485	3502
3485	3504
3485	3511
3486	3481
3486	3487
3486	3489
3486	3518
3487	3480
3489	3488
3494	3493
3499	3498
3502	3501
3504	3503
3511	3510
3518	3517
3520	3519
3526	3526
3527	3526
3527	3529
3528	3526
3530	3529
3531	3532
3531	3533
3531	3534
3531	3535
3535	3536
3536	304
3538	3539
3551	3550
3556	3555
3558	3557
3558	3559
3561	3562
3568	3567
3568	3570
3568	3571
3568	3572
3568	3573
3568	3574
3569	3568
3575	3583
3575	3584
3575	3585
3575	3586
3575	3588
3575	3589
3575	3590
3575	3591
3575	3593
3575	3594
3575	3596
3576	3575
3577	3575
3578	3583
3579	3582
3581	3585
3581	3588
3595	3596
3598	3615
3600	3599
3600	3608
3600	3609
3600	3611
3600	3612
3600	3613
3600	3616
3600	3618
3600	3620
3599	3614
3599	3617
3599	3621
3601	3603
3601	3623
3601	3624
3603	3604
3604	3605
