1	0
1	167
1	3593
1	3629
2	1
2	47
2	58
2	59
2	163
2	164
2	165
2	166
2	170
2	171
2	2811
2	2814
2	2817
2	2820
2	3097
2	3611
2	3620
3	2
3	161
3	2591
3	3577
3	3579
3	3586
3	3633
3	3634
4	3
5	4
6	4
6	19
6	22
6	43
6	45
6	44
6	46
6	14
6	18
6	62
6	64
6	28
6	88
6	96
6	162
6	166
6	171
6	172
6	207
6	296
6	351
6	415
6	555
6	559
6	842
6	861
6	871
6	864
6	882
6	892
6	903
6	907
6	911
6	912
6	915
6	921
6	923
6	925
6	927
6	929
6	931
6	933
6	935
6	943
6	956
6	990
6	1014
6	1072
6	1073
6	1075
6	1162
6	1243
6	1291
6	1296
6	1325
6	1442
6	1447
6	1454
6	1461
6	1465
6	1467
6	1470
6	1492
6	1528
6	1530
6	1535
6	1588
6	1602
6	1610
6	1617
6	1620
6	1627
6	1632
6	1640
6	1644
6	1648
6	1661
6	1682
6	1684
6	1685
6	1705
6	1723
6	1735
6	1745
6	1809
6	1837
6	1982
6	2021
6	2028
6	2037
6	2045
6	2092
6	2107
6	2113
6	2118
6	2143
6	2186
6	2197
6	2217
6	2223
6	2225
6	2228
6	2231
6	2259
6	2299
6	2310
6	2372
6	2411
6	2452
6	2563
6	2571
6	2591
6	2642
6	2670
6	2711
6	2781
6	2782
6	2783
6	2802
6	2808
6	2810
6	2877
6	2884
6	2885
6	2897
6	2910
6	2993
6	3014
6	3044
6	3041
6	3048
6	3053
6	3054
6	3077
6	3086
6	3131
6	3146
6	3157
6	3162
6	3166
6	3192
6	3193
6	3196
6	3300
6	3301
6	3302
6	3331
6	3378
6	3462
6	3466
6	3561
6	3587
6	3591
6	3607
7	3
7	15
8	3
8	19
8	21
8	26
8	35
8	43
8	46
8	48
8	50
8	49
8	66
8	68
8	73
8	77
8	78
8	87
8	92
8	93
8	96
8	97
8	112
8	162
8	163
8	164
8	175
8	177
8	232
8	326
8	348
8	369
8	406
8	408
8	413
8	427
8	428
8	504
8	509
8	514
8	520
8	554
8	560
8	580
8	578
8	590
8	595
8	609
8	606
8	633
8	689
8	727
8	740
8	758
8	837
8	851
8	866
8	884
8	898
8	917
8	929
8	930
8	958
8	990
8	1012
8	1018
8	1016
8	1021
8	1022
8	1023
8	1027
8	1028
8	1033
8	1042
8	1085
8	1089
8	1127
8	1128
8	1160
8	1185
8	1189
8	1218
8	1282
8	1291
8	1311
8	1314
8	1331
8	1333
8	1344
8	1352
8	1383
8	1392
8	1615
8	1624
8	1626
8	1631
8	1632
8	1634
8	1733
8	1802
8	1809
8	1854
8	1877
8	1901
8	1912
8	1913
8	1920
8	1982
8	2005
8	2008
8	2016
8	2024
8	2029
8	2032
8	2033
8	2035
8	2040
8	2041
8	2043
8	2066
8	2171
8	2189
8	2207
8	2210
8	2227
8	2231
8	2233
8	2235
8	2236
8	2255
8	2256
8	2258
8	2271
8	2270
8	2328
8	2335
8	2348
8	2375
8	2376
8	2383
8	2385
8	2420
8	2422
8	2461
8	2503
8	2591
8	2595
8	2600
8	2602
8	2603
8	2609
8	2622
8	2668
8	2672
8	2673
8	2697
8	2708
8	2710
8	2721
8	2749
8	2753
8	2758
8	2760
8	2765
8	2768
8	2769
8	2782
8	2783
8	2787
8	2790
8	2798
8	2799
8	2802
8	2805
8	2806
8	2810
8	2813
8	2819
8	1718
8	2870
8	2896
8	2898
8	2899
8	2904
8	2953
8	2999
8	3003
8	3010
8	3011
8	3012
8	3016
8	3017
8	3019
8	3020
8	3030
8	3033
8	3041
8	3048
8	3052
8	3053
8	3059
8	3072
8	3097
8	3102
8	3105
8	3110
8	3127
8	3128
8	3131
8	3140
8	3154
8	3160
8	3162
8	3188
8	3189
8	3195
8	3196
8	3205
8	3238
8	3257
8	3293
8	3299
8	3303
8	3311
8	3319
8	3325
8	3358
8	3369
8	3390
8	3419
8	3427
8	3428
8	3461
8	3465
8	3466
8	3472
8	3479
8	3531
8	3557
8	3561
8	3565
8	3570
8	3590
8	3592
8	3595
8	3597
8	3599
8	3600
8	3605
8	3607
8	3608
8	3609
8	3610
8	3615
8	3617
8	3639
9	3
10	9
10	16
10	17
10	21
10	39
10	41
10	48
10	73
10	77
10	78
10	91
10	92
10	93
10	3612
10	3613
11	10
12	9
12	15
12	18
12	19
12	2
12	20
12	23
12	22
12	37
12	1
12	42
12	41
12	45
12	44
12	49
12	54
12	64
12	78
12	87
12	91
12	92
12	103
12	118
12	161
12	162
12	163
12	168
12	170
12	171
12	172
12	176
12	282
12	295
12	298
12	326
12	330
12	346
12	348
12	401
12	403
12	416
12	419
12	428
12	430
12	432
12	506
12	514
12	504
12	518
12	547
12	554
12	586
12	590
12	595
12	609
12	608
12	618
12	607
12	640
12	639
12	638
12	643
12	671
12	674
12	675
12	681
12	689
12	692
12	696
12	714
12	715
12	727
12	729
12	737
12	740
12	758
12	837
12	844
12	852
12	858
12	861
12	863
12	856
12	869
12	871
12	877
12	889
12	892
12	890
12	894
12	904
12	903
12	907
12	912
12	913
12	914
12	915
12	919
12	921
12	930
12	944
12	945
12	956
12	958
12	959
12	971
12	995
12	1003
12	1000
12	1008
12	1009
12	1028
12	1045
12	1050
12	1068
12	1075
12	1080
12	1122
12	1128
12	1130
12	1153
12	1166
12	1165
12	1170
12	1182
12	1185
12	1186
12	1204
12	1210
12	1218
12	1269
12	1270
12	1297
12	1319
12	1323
12	1329
12	1330
12	1333
12	1334
12	1342
12	1391
12	1398
12	1417
12	1483
12	1491
12	1493
12	1517
12	1530
12	1567
12	1590
12	1596
12	1600
12	1606
12	1611
12	1617
12	1626
12	1632
12	1638
12	1649
12	1661
12	1662
12	1679
12	1680
12	1691
12	1696
12	1706
12	1707
12	1729
12	1732
12	1736
12	1738
12	1753
12	1767
12	1788
12	1789
12	1831
12	1835
12	1854
12	1982
12	1983
12	1986
12	2023
12	2022
12	2021
12	2027
12	2028
12	2031
12	2037
12	2039
12	2045
12	2061
12	2065
12	2079
12	2089
12	2091
12	2095
12	2099
12	2120
12	2122
12	2123
12	2132
12	2194
12	2192
12	2198
12	2204
12	2210
12	2209
12	2208
12	2220
12	2222
12	2228
12	2231
12	2233
12	2235
12	2236
12	2254
12	2267
12	2283
12	2290
12	2291
12	2293
12	2328
12	2335
12	2336
12	2347
12	36
12	2372
12	2376
12	2375
12	2379
12	2385
12	2387
12	2388
12	2394
12	2395
12	2397
12	2405
12	2409
12	2411
12	2415
12	2432
12	2450
12	2452
12	2462
12	2467
12	2475
12	2496
12	2506
12	2515
12	2522
12	2529
12	2542
12	2550
12	2569
12	2572
12	2577
12	2582
12	2584
12	2592
12	2602
12	2609
12	2613
12	2622
12	2632
12	2630
12	2642
12	2650
12	2651
12	2666
12	2667
12	2668
12	2672
12	2673
12	2675
12	2678
12	2679
12	2686
12	2692
12	2695
12	2749
12	2748
12	2753
12	2758
12	2763
12	2781
12	2783
12	2802
12	2816
12	2822
12	2832
12	2836
12	2837
12	2838
12	2840
12	1718
12	2870
12	2871
12	2876
12	2877
12	2879
12	2881
12	2882
12	2883
12	2884
12	2885
12	2193
12	2578
12	2891
12	2893
12	2902
12	2950
12	2989
12	3007
12	3027
12	3041
12	3053
12	3054
12	3059
12	3097
12	3102
12	3107
12	3116
12	3120
12	3121
12	3122
12	3123
12	3124
12	3125
12	3126
12	3127
12	3131
12	3146
12	3145
12	3159
12	3160
12	3161
12	3162
12	3166
12	3186
12	3189
12	3191
12	3194
12	3213
12	3226
12	3238
12	3249
12	3251
12	3256
12	3257
12	3259
12	3286
12	3287
12	3314
12	3319
12	3325
12	3353
12	3358
12	3357
12	3362
12	3378
12	3379
12	3399
12	3400
12	3413
12	3421
12	3428
12	3460
12	3461
12	3463
12	3477
12	3479
12	3480
12	3547
12	3558
12	3587
12	3589
12	3598
12	3601
12	3602
12	3607
12	3608
12	3611
12	3614
12	3627
13	9
13	15
13	18
13	17
13	19
13	20
13	32
13	33
13	35
13	34
13	22
13	21
13	39
13	41
13	44
13	50
13	51
13	53
13	49
13	48
13	63
13	66
13	64
13	62
13	68
13	73
13	77
13	79
13	85
13	86
13	87
13	91
13	92
13	93
13	107
13	102
13	118
13	125
13	122
13	132
13	136
13	140
13	150
13	149
13	156
13	157
13	158
13	159
13	162
13	163
13	166
13	168
13	170
13	171
13	172
13	179
13	182
13	181
13	186
13	189
13	200
13	201
13	205
13	207
13	206
13	209
13	211
13	212
13	213
13	214
13	216
13	219
13	220
13	221
13	222
13	223
13	224
13	225
13	226
13	227
13	228
13	229
13	230
13	231
13	235
13	234
13	238
13	243
13	248
13	254
13	261
13	263
13	264
13	266
13	268
13	273
13	280
13	282
13	294
13	300
13	317
13	316
13	325
13	327
13	335
13	333
13	338
13	337
13	346
13	356
13	358
13	359
13	360
13	371
13	372
13	379
13	380
13	384
13	382
13	389
13	393
13	395
13	398
13	401
13	402
13	403
13	408
13	406
13	410
13	412
13	416
13	415
13	428
13	430
13	431
13	432
13	440
13	439
13	448
13	506
13	505
13	514
13	509
13	545
13	553
13	554
13	574
13	577
13	575
13	579
13	585
13	588
13	590
13	595
13	596
13	599
13	603
13	612
13	613
13	614
13	609
13	617
13	616
13	607
13	624
13	627
13	628
13	630
13	632
13	634
13	635
13	636
13	640
13	643
13	661
13	663
13	675
13	677
13	678
13	681
13	683
13	684
13	685
13	688
13	689
13	692
13	694
13	695
13	699
13	705
13	708
13	714
13	716
13	727
13	730
13	731
13	733
13	737
13	740
13	741
13	742
13	748
13	753
13	769
13	776
13	780
13	848
13	851
13	852
13	861
13	863
13	866
13	885
13	898
13	902
13	910
13	913
13	915
13	918
13	919
13	922
13	923
13	924
13	925
13	926
13	927
13	930
13	929
13	933
13	934
13	935
13	937
13	938
13	941
13	940
13	942
13	947
13	948
13	952
13	959
13	975
13	976
13	981
13	980
13	988
13	989
13	993
13	994
13	1028
13	1038
13	1050
13	1055
13	1058
13	1068
13	1075
13	1080
13	1083
13	1084
13	1094
13	1100
13	1125
13	1122
13	1121
13	1127
13	1134
13	1139
13	1140
13	1141
13	1142
13	1144
13	1145
13	1146
13	1148
13	1155
13	1154
13	1158
13	1161
13	1166
13	1165
13	1177
13	1179
13	1205
13	1243
13	1270
13	1276
13	1278
13	1281
13	1285
13	1297
13	1298
13	1307
13	1314
13	1316
13	1332
13	1333
13	1335
13	1337
13	1339
13	1340
13	1341
13	1342
13	1343
13	1352
13	1361
13	1362
13	1363
13	1367
13	1390
13	1391
13	1398
13	1397
13	1401
13	1403
13	1406
13	1415
13	1417
13	1422
13	1430
13	1435
13	1440
13	1452
13	1453
13	1463
13	1468
13	1471
13	1474
13	1477
13	1478
13	1483
13	1486
13	1493
13	1500
13	1501
13	1503
13	1502
13	1504
13	1508
13	1510
13	1519
13	1532
13	1533
13	1536
13	1568
13	1567
13	1570
13	1574
13	1575
13	1583
13	1587
13	1598
13	1601
13	1605
13	1615
13	1613
13	1612
13	1617
13	1620
13	1622
13	1625
13	1626
13	1632
13	1634
13	1635
13	1636
13	1637
13	1638
13	1640
13	1652
13	1653
13	1655
13	1667
13	1672
13	1673
13	1683
13	1690
13	1692
13	1693
13	1698
13	1700
13	1711
13	1714
13	1717
13	1716
13	1723
13	1738
13	1739
13	1742
13	1743
13	1744
13	1746
13	1748
13	1749
13	1750
13	1753
13	1752
13	1756
13	1757
13	1758
13	1767
13	1768
13	1769
13	1770
13	1771
13	1774
13	1775
13	1782
13	1783
13	1786
13	1787
13	1788
13	1795
13	1801
13	1803
13	1808
13	1807
13	1813
13	1812
13	1816
13	1817
13	1819
13	1822
13	1823
13	1827
13	1828
13	1829
13	1834
13	1835
13	1836
13	1837
13	1838
13	1839
13	1840
13	1841
13	1842
13	1843
13	1844
13	1845
13	1846
13	1847
13	1848
13	1849
13	1850
13	1851
13	1852
13	1854
13	1856
13	1857
13	1858
13	1859
13	1860
13	1861
13	1862
13	1863
13	1864
13	1865
13	1866
13	1867
13	1868
13	1869
13	1870
13	1871
13	1872
13	1873
13	1874
13	1876
13	1875
13	1878
13	1879
13	1880
13	1881
13	1882
13	1883
13	1884
13	1886
13	1887
13	1888
13	1889
13	1890
13	1891
13	1892
13	1893
13	1894
13	1895
13	1896
13	1897
13	1898
13	1899
13	1900
13	1902
13	1903
13	1904
13	1905
13	1906
13	1907
13	1908
13	1909
13	1910
13	1911
13	1917
13	1932
13	1982
13	1987
13	1999
13	2003
13	2010
13	2011
13	2012
13	2013
13	2016
13	2022
13	2027
13	2026
13	2028
13	2029
13	2030
13	2031
13	2033
13	2032
13	2036
13	2037
13	2038
13	2039
13	2041
13	2040
13	2044
13	2045
13	2046
13	2063
13	2065
13	2069
13	2071
13	2073
13	2075
13	2077
13	2082
13	2084
13	2089
13	2088
13	2091
13	2093
13	2095
13	2097
13	2099
13	2101
13	2103
13	2102
13	2104
13	2106
13	2108
13	2109
13	2111
13	2113
13	2116
13	2117
13	2119
13	2121
13	2126
13	2127
13	2129
13	2137
13	2141
13	2189
13	2194
13	2201
13	2220
13	2224
13	2227
13	2230
13	2231
13	2234
13	2238
13	2241
13	2239
13	2242
13	2243
13	2244
13	2247
13	2248
13	2249
13	2254
13	2256
13	2255
13	2257
13	2259
13	2262
13	2271
13	2270
13	2273
13	2275
13	2276
13	2277
13	2278
13	2280
13	2282
13	2294
13	2307
13	2309
13	2311
13	2324
13	2326
13	2327
13	2330
13	2336
13	2340
13	2343
13	2345
13	2347
13	2354
13	2356
13	2357
13	2358
13	2359
13	2360
13	2361
13	2362
13	2363
13	2364
13	2365
13	2366
13	2368
13	2379
13	2383
13	2386
13	2385
13	2388
13	2389
13	2391
13	2393
13	2394
13	2395
13	2403
13	2404
13	2401
13	2405
13	2407
13	2409
13	2411
13	2415
13	2414
13	2420
13	2429
13	2428
13	2431
13	2432
13	2433
13	2435
13	2438
13	2437
13	2439
13	2441
13	2443
13	2444
13	2445
13	2448
13	2449
13	2450
13	2464
13	2465
13	2468
13	2467
13	2458
13	2471
13	2475
13	2479
13	2480
13	2484
13	2487
13	2486
13	2489
13	2491
13	2490
13	2492
13	2494
13	2495
13	2496
13	2498
13	2506
13	2514
13	2515
13	2520
13	2521
13	2525
13	2529
13	2536
13	2540
13	2543
13	2550
13	2559
13	2562
13	2561
13	2563
13	2566
13	2571
13	2573
13	2577
13	2583
13	2587
13	2588
13	2584
13	2589
13	2592
13	2595
13	2598
13	2599
13	2603
13	2604
13	2605
13	2606
13	2610
13	2614
13	2616
13	2617
13	2618
13	2620
13	2621
13	2622
13	2632
13	2630
13	2646
13	2642
13	2648
13	2647
13	2650
13	2651
13	2652
13	2666
13	2668
13	2671
13	2678
13	2679
13	734
13	2695
13	2700
13	2706
13	2709
13	2718
13	2719
13	2723
13	2724
13	2725
13	2726
13	2727
13	2729
13	2730
13	2731
13	2732
13	2733
13	2734
13	2735
13	2736
13	2737
13	2738
13	2739
13	2740
13	2741
13	2742
13	2743
13	2744
13	2745
13	2746
13	2749
13	2752
13	2758
13	2760
13	2764
13	2767
13	2770
13	2773
13	2774
13	2778
13	2779
13	2781
13	2791
13	2792
13	2793
13	2794
13	2795
13	2796
13	2802
13	2809
13	2810
13	2811
13	2815
13	2816
13	2814
13	2817
13	2821
13	2822
13	2820
13	2824
13	2826
13	2829
13	2830
13	2831
13	2833
13	2832
13	2836
13	2837
13	2838
13	2840
13	2841
13	2843
13	2844
13	2847
13	2851
13	2853
13	2861
13	2863
13	2865
13	2873
13	2880
13	2881
13	2886
13	2887
13	2193
13	2892
13	2893
13	2895
13	2898
13	2897
13	2899
13	2900
13	2909
13	2912
13	2914
13	2917
13	2918
13	2920
13	2921
13	2937
13	2938
13	2942
13	2949
13	2951
13	2952
13	2955
13	2962
13	1675
13	2963
13	2975
13	2978
13	2980
13	2984
13	2985
13	2986
13	2987
13	2988
13	2994
13	3002
13	3006
13	3014
13	3016
13	3015
13	3017
13	3022
13	3025
13	3026
13	3027
13	3030
13	3029
13	3034
13	3038
13	3037
13	3044
13	3041
13	3050
13	3052
13	3056
13	3057
13	3058
13	3062
13	3059
13	3065
13	3066
13	3072
13	3078
13	3079
13	3083
13	3086
13	3091
13	3090
13	3092
13	3093
13	3094
13	3095
13	3101
13	3102
13	3103
13	3104
13	3105
13	3109
13	3107
13	3110
13	3111
13	3113
13	3112
13	3114
13	3115
13	3116
13	3117
13	3120
13	3122
13	3121
13	3123
13	3124
13	3125
13	3126
13	3127
13	3129
13	3130
13	3132
13	3134
13	3135
13	3139
13	3140
13	3142
13	3146
13	3152
13	3154
13	3153
13	3166
13	3169
13	3186
13	3184
13	3187
13	3188
13	3189
13	3191
13	3198
13	3199
13	3202
13	3204
13	3205
13	3210
13	3223
13	3224
13	3225
13	3226
13	3229
13	3233
13	3238
13	3247
13	3248
13	3249
13	3251
13	3253
13	3254
13	3255
13	3257
13	3259
13	3258
13	3260
13	3261
13	3283
13	3286
13	3287
13	3299
13	3303
13	3306
13	3309
13	3311
13	3321
13	3325
13	3324
13	3328
13	3329
13	3331
13	3333
13	3336
13	3337
13	3342
13	3343
13	3353
13	3354
13	3358
13	3360
13	3361
13	3362
13	3363
13	3364
13	3369
13	3371
13	3373
13	3375
13	3374
13	3376
13	3377
13	3381
13	3387
13	3392
13	3393
13	3395
13	3398
13	3403
13	3405
13	3407
13	3410
13	3411
13	3412
13	3413
13	3414
13	3415
13	3416
13	3420
13	3421
13	3424
13	3428
13	3432
13	3433
13	3439
13	3438
13	3440
13	3441
13	3448
13	3454
13	3460
13	3461
13	3463
13	3471
13	3473
13	3476
13	3479
13	3480
13	3481
13	3483
13	3482
13	3486
13	3489
13	3490
13	3491
13	3492
13	3493
13	3496
13	3498
13	3500
13	3504
13	3503
13	3502
13	3501
13	3514
13	3518
13	3519
13	3521
13	3522
13	3524
13	3526
13	3527
13	3531
13	3533
13	3534
13	3535
13	3536
13	3537
13	3538
13	3540
13	3542
13	3543
13	3545
13	3546
13	3551
13	3553
13	3554
13	3557
13	3558
13	3559
13	3561
13	3563
13	3565
13	3566
13	3570
13	3571
13	3572
13	3574
13	3576
13	3577
13	3587
13	3588
13	3589
13	3590
13	3595
13	3596
13	3599
13	3601
13	3602
13	3604
13	3607
13	3611
13	3610
13	3612
13	3614
13	3618
13	3625
13	3627
13	3636
13	3638
13	3640
14	3
15	3
16	15
16	20
16	37
16	68
16	160
16	3587
16	3588
16	3589
16	3591
16	3592
16	3606
17	2
17	3579
17	3586
18	17
18	103
18	122
18	140
18	149
18	554
18	971
18	1125
18	1483
18	1738
18	1806
18	1996
18	3010
19	2
19	1
19	78
19	161
19	2591
19	3097
19	3579
19	3591
19	3592
19	3595
19	3596
19	3597
19	3599
19	3600
19	3601
19	3602
19	3604
19	3605
19	3607
19	3613
19	3615
20	1
20	163
20	170
21	1
21	163
21	165
21	3601
21	3602
22	21
22	122
22	971
22	1293
22	1491
22	1526
22	1590
22	1738
22	2021
22	2066
22	2308
23	22
23	2022
23	2132
23	2209
23	2271
23	2281
23	2346
23	2670
24	22
25	22
25	75
25	74
25	982
25	986
25	1163
25	1162
25	1318
25	1725
25	2438
25	2670
25	2908
25	3636
26	22
26	26
26	971
26	1425
26	1427
26	1485
26	2023
26	2105
26	2268
27	26
27	22
27	1
27	42
27	173
27	177
27	609
27	871
27	892
27	1075
27	1076
27	1282
27	1339
27	1340
27	1341
27	1342
27	1475
27	1534
27	1615
27	1613
27	1632
27	1652
27	1689
27	1693
27	1723
27	1736
27	1738
27	1748
27	1749
27	1759
27	1760
27	1762
27	1763
27	2186
27	2192
27	2225
27	2326
27	2328
27	2385
27	2405
27	2407
27	2415
27	2426
27	2431
27	2432
27	2445
27	2524
27	2551
27	2579
27	2583
27	2595
27	2598
27	2599
27	2600
27	2602
27	2605
27	2608
27	2609
27	2613
27	2646
27	2648
27	2647
27	2650
27	2651
27	2672
27	2673
27	2813
27	2819
27	2829
27	2831
27	2833
27	2841
27	2844
27	2858
27	2859
27	2863
27	2867
27	2880
27	2902
27	2941
27	2976
27	2979
27	3037
27	3041
27	3059
27	3105
27	3116
27	3130
27	3132
27	3293
27	3344
27	3417
27	3579
27	3598
28	22
28	1454
28	1655
29	22
29	44
29	18
29	64
29	66
29	28
29	175
29	185
29	225
29	270
29	298
29	326
29	346
29	352
29	417
29	428
29	533
29	548
29	553
29	559
29	560
29	569
29	607
29	643
29	832
29	863
29	882
29	900
29	909
29	929
29	938
29	955
29	971
29	989
29	1019
29	1063
29	1091
29	1165
29	1177
29	1240
29	1243
29	1270
29	1159
29	1307
29	1320
29	1375
29	1491
29	1497
29	1498
29	1563
29	1572
29	1608
29	1627
29	1638
29	1650
29	1676
29	1723
29	1750
29	1826
29	1837
29	1981
29	1983
29	1998
29	2023
29	2059
29	2060
29	2061
29	2105
29	2177
29	2185
29	2204
29	2210
29	2214
29	2235
29	2247
29	2248
29	2249
29	2270
29	2337
29	36
29	2421
29	2436
29	2550
29	2551
29	2618
29	2641
29	2666
29	437
29	2749
29	2758
29	2760
29	2762
29	2783
29	2785
29	2786
29	2802
29	2810
29	2845
29	2957
29	2959
29	2960
29	2990
29	3005
29	3006
29	3008
29	3009
29	3019
29	3036
29	3039
29	3041
29	3047
29	3059
29	3065
29	3066
29	3298
29	3304
29	3307
29	3308
29	3350
29	3352
29	3370
29	3388
29	3391
29	3396
29	3473
29	3477
29	3478
29	3519
29	3561
29	3579
29	3609
30	22
31	22
31	33
31	1
31	50
31	100
31	102
31	126
31	161
31	175
31	176
31	178
31	177
31	254
31	263
31	269
31	302
31	335
31	341
31	343
31	340
31	344
31	345
31	346
31	348
31	377
31	384
31	389
31	403
31	406
31	408
31	410
31	413
31	412
31	415
31	427
31	428
31	547
31	568
31	572
31	576
31	580
31	578
31	590
31	609
31	618
31	607
31	624
31	675
31	684
31	689
31	708
31	715
31	727
31	730
31	751
31	758
31	828
31	831
31	837
31	845
31	847
31	848
31	852
31	849
31	868
31	871
31	874
31	877
31	882
31	883
31	890
31	893
31	904
31	930
31	929
31	1002
31	1000
31	1028
31	1050
31	1068
31	1089
31	1120
31	1135
31	1160
31	1182
31	1218
31	1240
31	1270
31	1282
31	1335
31	1341
31	1375
31	1374
31	1463
31	1491
31	1567
31	1592
31	1593
31	1606
31	1615
31	1626
31	1634
31	1685
31	1688
31	1698
31	1721
31	1726
31	1745
31	1752
31	1756
31	1778
31	2016
31	2015
31	2021
31	2024
31	2026
31	2027
31	2028
31	2029
31	2030
31	2031
31	2033
31	2032
31	2035
31	2036
31	2037
31	2038
31	2039
31	2040
31	2041
31	2043
31	2044
31	2045
31	2046
31	2186
31	2204
31	2210
31	2208
31	2217
31	2220
31	2223
31	2225
31	2228
31	2231
31	2233
31	2235
31	2242
31	2254
31	2256
31	2255
31	2258
31	2257
31	2259
31	2262
31	2264
31	2268
31	2285
31	2292
31	2336
31	2348
31	2349
31	2375
31	2394
31	2397
31	2401
31	2409
31	2414
31	2420
31	2430
31	2432
31	2444
31	2445
31	2450
31	2452
31	2454
31	2467
31	2474
31	2475
31	2479
31	2498
31	2503
31	2579
31	2582
31	2592
31	2600
31	2602
31	2605
31	2608
31	2609
31	2619
31	2642
31	2646
31	2650
31	2673
31	2674
31	2691
31	2700
31	2749
31	2758
31	2785
31	2786
31	2810
31	2829
31	2837
31	2840
31	2847
31	2853
31	2854
31	2858
31	2863
31	2875
31	2877
31	2884
31	2885
31	2887
31	2893
31	2896
31	2895
31	2898
31	2897
31	2899
31	2900
31	2904
31	2919
31	2926
31	2937
31	2947
31	2948
31	2953
31	2960
31	2964
31	3017
31	3048
31	3053
31	3059
31	3067
31	3097
31	3106
31	3107
31	3110
31	3116
31	3120
31	3121
31	3122
31	3123
31	3124
31	3125
31	3126
31	3130
31	3132
31	3131
31	3146
31	3154
31	3159
31	3160
31	3166
31	3186
31	3189
31	3190
31	3194
31	3195
31	3196
31	3197
31	3229
31	3253
31	3254
31	3293
31	3319
31	3325
31	3340
31	3343
31	3347
31	3353
31	3419
31	3463
31	3483
31	3598
31	3602
32	22
32	1491
32	1492
32	2091
32	2295
32	2296
32	2297
32	2298
32	2299
32	2301
32	2302
32	2303
32	2305
32	2306
32	2307
32	2308
32	2309
32	2310
33	22
34	22
34	34
34	21
34	59
34	91
34	171
35	34
35	40
35	63
35	132
35	1158
35	1161
35	1317
35	1810
35	1884
35	1938
35	2601
35	3390
35	3465
35	3472
36	34
36	40
36	63
37	1
37	62
37	67
37	170
37	3590
37	3615
38	37
38	1526
38	1584
38	1738
38	2777
38	3145
38	3587
39	1
39	164
39	165
39	170
39	3602
40	39
40	40
40	93
40	1293
41	1
41	170
41	3579
41	3586
42	41
42	1652
42	2328
42	2609
42	3598
44	5
45	44
45	57
46	9
46	3150
46	3163
46	3201
47	168
47	169
48	47
49	48
49	1715
49	1716
49	1725
49	2266
49	2268
49	2283
49	2560
50	49
50	51
51	49
51	2266
51	2271
52	51
52	987
52	1162
52	1442
52	1452
52	1470
52	1575
52	1588
52	2454
52	2456
52	2562
52	2670
52	2776
52	2826
52	2878
52	2887
52	2889
52	2910
52	2955
52	2960
52	2994
52	2000
53	49
53	343
53	345
53	363
53	365
53	828
53	834
53	847
53	844
53	851
53	852
53	853
53	849
53	858
53	867
53	899
53	913
53	914
53	943
53	944
53	945
53	985
53	987
53	1120
53	1269
53	1444
53	1464
53	1467
53	1466
53	1469
53	1480
53	1506
53	1530
53	1696
53	1753
53	2071
53	2089
53	2092
53	2121
53	2140
53	2153
53	2171
53	2173
53	2174
53	2181
53	2182
53	2303
53	2324
53	2510
53	2527
53	3237
53	3313
53	3321
53	3331
53	3362
53	3462
53	3463
55	54
55	56
59	162
59	172
60	59
60	3616
61	60
62	61
63	62
64	62
64	64
64	514
64	1298
64	1738
64	3258
64	3281
64	3465
65	64
65	66
65	348
65	428
65	504
65	514
65	680
65	729
65	730
65	837
65	842
65	851
65	858
65	861
65	871
65	892
65	890
65	896
65	912
65	920
65	923
65	963
65	989
65	1006
65	1009
65	1011
65	1050
65	1063
65	1104
65	1120
65	1127
65	1128
65	1130
65	1134
65	1139
65	1140
65	1141
65	1142
65	1144
65	1145
65	1146
65	1148
65	1157
65	1165
65	1181
65	1180
65	1192
65	1193
65	1202
65	1221
65	1222
65	1226
65	1243
65	1256
65	1257
65	1261
65	1265
65	1266
65	1270
65	1278
65	1298
65	1307
65	1312
65	1318
65	1322
65	1375
65	1403
65	1632
65	1649
65	1652
65	1723
65	1753
65	2008
65	2009
65	2061
65	2113
65	2188
65	2376
65	2385
65	2388
65	2394
65	2408
65	2409
65	2415
65	2420
65	2422
65	2427
65	2428
65	2432
65	2454
65	2462
65	2467
65	2471
65	2475
65	2480
65	2496
65	2521
65	2542
65	2575
65	2579
65	2591
65	2600
65	2602
65	2630
65	2642
65	2646
65	2649
65	2650
65	2667
65	2673
65	2706
65	2708
65	2709
65	2710
65	2711
65	2720
65	2749
65	2758
65	2779
65	2780
65	2802
65	2811
65	2814
65	2816
65	2817
65	2820
65	2822
65	2981
65	2989
65	3016
65	3028
65	3033
65	3039
65	3048
65	3057
65	3065
65	3066
65	3068
65	3070
65	3072
65	3074
65	3091
65	3213
65	3212
65	3211
65	3215
65	3218
65	3220
65	3221
65	3222
65	3226
65	3229
65	3233
65	3235
65	3249
65	3251
65	3253
65	3254
65	3256
65	3258
65	3315
65	3314
65	3369
65	3370
65	3371
65	3373
65	3374
65	3376
65	3377
65	3378
65	3397
65	3419
65	3428
65	3472
65	3480
65	3545
65	3550
65	3603
66	64
66	66
66	3260
67	61
67	3097
68	67
68	3614
69	68
69	346
69	348
69	531
69	530
69	533
69	534
69	553
69	590
69	593
69	727
69	729
69	737
69	741
69	742
69	746
69	756
69	848
69	885
69	911
69	958
69	1270
69	1318
69	1003
69	1456
69	1584
69	2516
69	2602
69	2691
69	2722
69	2743
69	2750
69	2787
69	2788
69	2789
69	2790
69	2791
69	2792
69	2793
69	2794
69	2795
69	2796
69	2797
69	2803
69	2804
69	2846
69	2930
69	3159
69	3238
69	3257
69	3479
70	60
70	1121
70	2100
70	2103
70	2104
70	2506
70	2584
71	70
71	103
71	122
71	1125
71	1121
71	1568
71	1577
71	1583
71	1584
71	1996
71	2009
71	2298
71	3041
71	3048
71	3059
71	3097
71	3568
72	71
72	122
72	125
72	1004
72	1030
72	1028
72	1121
72	1289
72	1612
72	1647
72	1691
72	1690
72	1732
72	2006
72	2071
72	2089
72	2099
72	2195
72	2220
72	2228
72	2376
72	2384
72	2406
72	2413
72	2415
72	2419
72	2426
72	2429
72	2435
72	2445
72	2456
72	2493
72	2496
72	2517
72	2526
72	2584
72	2587
72	2588
72	2602
72	2613
72	2646
72	2812
72	2818
72	2835
72	2838
72	2840
72	2865
72	2879
72	2881
72	2578
72	3325
72	2000
72	2834
73	170
74	73
74	122
74	981
74	979
74	1104
74	1422
74	1437
74	1438
74	1491
74	1703
74	1732
74	1819
74	2066
75	74
75	125
75	573
75	987
75	1004
75	1681
75	2080
76	74
76	1097
76	1158
76	1161
76	1318
76	3635
76	3636
76	3637
78	3579
79	78
79	79
80	78
80	183
80	226
80	505
80	508
80	504
80	557
80	560
80	685
80	713
80	723
80	727
80	918
80	922
80	924
80	926
80	934
80	937
80	947
80	955
80	1526
80	1594
80	1745
80	2198
80	2217
80	2220
80	2223
80	2228
80	2356
80	2357
80	2358
80	2359
80	2360
80	2361
80	2362
80	2363
80	2364
80	2365
80	2366
80	2724
80	2725
80	2727
80	2730
80	2733
80	2734
80	2735
80	2741
80	2744
80	2745
80	2746
80	2758
80	2777
80	2802
80	2808
80	3520
80	3577
80	3587
80	3613
81	80
82	80
83	80
83	741
83	3280
84	80
84	742
85	80
85	23
85	282
85	298
85	297
85	416
85	505
85	514
85	560
85	929
85	971
85	1132
85	1333
85	1498
85	2271
85	2293
85	2344
85	2346
85	2718
85	2749
85	3488
86	80
86	505
86	1121
86	1373
86	1375
86	1378
86	2505
86	2619
87	23
87	416
88	30
89	88
89	1480
89	1481
89	1482
90	89
90	1476
90	1642
91	163
92	165
92	166
93	164
94	93
94	1651
94	1745
94	2198
94	2211
94	2218
94	2219
94	2220
94	2223
94	2228
94	3157
94	3431
94	3646
95	94
95	376
95	1004
95	1611
95	1612
95	1691
95	2195
95	2401
95	2430
95	2431
95	2445
95	2452
95	2464
95	2472
95	2473
95	2474
95	2573
95	2592
95	2606
95	2613
95	2674
95	2675
95	2677
95	374
95	2680
95	2681
95	2836
95	2838
95	2840
95	2875
95	2876
95	2877
95	2878
95	2879
95	2880
95	2881
95	2882
95	2883
95	2884
95	2885
95	2886
95	2887
95	2889
95	2193
95	2890
95	2578
95	2891
95	2892
95	3314
95	3325
95	3555
95	1697
99	98
99	208
99	278
99	683
99	1117
99	1336
99	1529
99	1630
99	2251
99	2334
99	2398
99	2447
99	2807
99	2827
99	2915
99	2954
99	2971
99	3017
99	3024
99	3056
99	3118
99	3557
98	100
102	101
102	109
102	2565
102	2566
103	102
103	1002
103	1646
103	1729
103	1996
103	2174
103	2182
104	103
104	1602
104	1920
104	1996
105	103
105	101
105	2564
105	2566
106	103
106	551
106	1024
106	1177
106	1491
106	2124
106	2313
106	2673
106	2831
106	2833
107	103
107	269
107	283
107	290
107	289
107	291
107	293
107	296
107	299
107	302
107	346
107	351
107	355
107	357
107	399
107	425
107	841
107	842
107	897
107	905
107	903
107	915
107	921
107	1120
107	1122
107	1368
107	1536
107	1563
107	1572
107	1585
107	1656
107	1996
107	2008
107	2009
107	2011
107	2322
107	3079
107	3430
107	3487
107	3592
108	107
108	337
109	102
110	109
110	996
110	1397
110	1490
110	1489
110	1491
110	1727
110	2279
110	3545
111	109
111	1484
111	1485
111	1487
111	1491
111	1514
111	1515
111	1516
111	1727
111	2021
111	2265
111	2269
111	2271
111	2286
111	2890
111	2907
111	2909
111	2914
114	113
114	1710
114	1711
114	2576
116	115
116	121
116	120
116	1103
116	1104
116	1708
116	1709
116	1731
116	1730
116	1734
116	1738
116	2009
116	2567
116	2569
116	3547
118	117
118	993
118	994
118	1010
118	1011
118	1276
118	1407
118	1408
118	1409
118	1410
118	1411
118	1412
118	1413
118	1414
118	1416
118	1417
118	1418
118	1419
118	1420
118	1421
118	1425
118	1426
118	1428
118	1429
118	1430
118	1431
118	1432
118	1434
118	1435
118	1487
118	1488
118	1516
118	1595
118	2013
118	2510
119	118
119	1009
119	1483
119	1510
119	1513
121	120
121	1709
121	2569
121	3550
122	121
122	1104
122	1731
123	122
123	1806
124	122
124	1323
124	1400
124	1594
124	1595
124	1600
124	1607
124	1609
124	1610
124	1617
124	1642
124	1654
124	1657
124	1661
124	1662
124	1666
124	1671
124	1676
124	1679
124	1688
124	1696
124	2121
124	2192
124	2220
124	2228
124	2569
124	3644
125	122
125	1732
125	1738
127	126
127	131
127	2173
127	2504
129	128
129	135
129	2130
129	2153
129	2154
129	2156
129	2170
130	129
130	2159
130	2162
130	2167
130	2171
130	2172
131	130
131	3213
131	3256
132	131
132	2162
134	133
135	134
135	2178
137	136
137	3412
137	3413
137	3414
137	3416
138	137
138	2581
138	3038
138	3299
138	3300
138	3301
138	3302
138	3311
138	3318
138	3319
138	3323
138	3324
138	3326
138	3327
138	3331
138	3397
138	3407
138	3411
138	3417
138	3418
138	3461
140	139
140	3263
140	3264
140	3265
140	3266
140	3267
140	3283
141	140
141	424
141	685
141	727
141	3281
141	3282
142	140
142	149
142	424
142	428
142	593
142	681
142	685
142	727
142	729
142	737
142	2749
142	2748
142	3317
142	3396
144	143
144	3474
144	3475
144	3477
146	145
146	3303
146	3467
146	3476
147	145
147	3068
147	3087
147	3088
147	3284
147	3286
147	3287
147	3288
147	3303
147	3317
147	3318
147	3379
147	3380
147	3382
147	3383
147	3384
147	3385
147	3386
147	3387
147	3399
147	3476
149	148
149	3268
149	3269
149	3270
149	3271
149	3272
149	3273
149	3274
149	3275
149	3276
149	3277
149	3278
149	3279
150	149
150	428
150	432
150	729
150	2750
150	3396
151	149
151	155
153	152
153	3478
155	154
155	3262
155	3409
155	3441
155	3442
155	3456
160	161
172	3632
174	173
174	177
174	427
174	1028
174	2847
174	2862
175	176
178	177
178	609
178	3105
178	3106
178	3107
178	3110
178	3111
178	3120
178	3121
178	3122
178	3123
178	3124
178	3125
178	3126
178	3128
178	3131
178	3139
178	3141
180	179
180	498
180	502
180	519
180	521
180	522
180	523
180	524
180	525
180	528
180	529
180	3512
180	3521
180	3526
180	3528
180	3529
180	3530
180	3534
180	3542
182	181
182	184
182	189
182	191
182	190
182	194
182	198
182	200
182	201
182	202
182	203
182	204
182	205
182	962
182	963
182	965
182	966
182	967
182	1290
182	1292
182	1295
182	1520
182	1521
182	1522
182	2378
182	3206
182	3207
182	3240
182	3244
181	184
181	189
181	191
181	192
181	193
181	197
181	199
181	201
181	202
181	203
181	204
181	962
181	963
181	965
181	966
181	967
181	1290
181	1292
181	1295
181	1520
181	1521
181	1522
181	2374
181	2377
181	2378
181	3206
181	3207
181	3208
181	3209
181	3240
181	3241
181	3242
181	3243
181	3244
181	3245
181	3246
184	183
184	185
185	183
188	187
191	190
191	195
191	196
191	198
191	205
191	3558
195	194
196	200
207	206
207	209
207	210
207	211
207	212
207	213
207	214
207	215
207	216
207	217
207	218
207	219
207	220
207	221
207	223
207	960
207	961
207	964
207	968
207	1518
208	207
208	257
208	265
208	267
208	280
208	361
208	422
208	426
208	544
208	558
208	565
208	757
208	760
208	761
208	762
208	763
208	764
208	765
208	766
208	774
208	775
208	876
208	908
208	928
208	1354
208	1355
208	1357
208	1358
208	1359
208	1360
208	1361
208	1364
208	1365
208	1366
208	1367
208	1368
208	1369
208	1371
208	1372
208	1379
208	1380
208	1381
208	1382
208	1383
208	1384
208	1385
208	1386
208	1387
208	1388
208	1393
208	1394
208	1395
208	1396
208	1586
208	2343
208	2345
208	2355
208	2367
208	2370
208	2371
208	2382
208	3469
208	3572
232	231
232	235
232	300
232	910
232	2347
233	232
233	231
233	348
235	234
235	238
235	239
235	244
235	246
235	247
235	250
235	259
235	1986
234	241
234	242
234	243
234	245
234	248
234	249
234	251
234	252
234	253
236	235
237	235
237	498
237	499
237	502
237	503
237	504
237	519
237	521
237	525
237	528
237	1270
237	1997
237	2175
237	2183
238	240
255	254
255	874
255	2840
255	3498
255	3551
255	3559
254	261
254	263
256	254
256	1723
256	1725
256	1726
256	1792
256	3018
259	258
259	260
262	261
262	2467
266	266
270	269
270	276
270	277
269	505
271	269
271	2672
271	2673
272	271
272	2673
274	273
273	440
273	716
273	2672
275	273
275	442
279	274
280	3544
282	281
282	325
282	335
282	904
282	1120
282	1573
282	1574
282	1587
282	2004
282	2008
282	2009
282	2010
282	2329
281	290
281	296
283	282
283	350
283	354
283	355
284	282
284	350
284	351
284	354
284	355
284	3492
285	284
285	722
285	2325
285	3491
285	3598
286	282
286	294
286	380
287	282
287	301
287	325
287	907
287	915
287	921
287	948
287	1389
287	2004
287	3490
288	282
288	350
288	354
288	355
288	2448
288	3485
290	289
290	291
290	292
290	293
290	299
296	295
296	297
295	504
298	297
298	1127
298	2005
301	950
303	302
303	723
302	326
302	352
304	305
305	306
306	307
306	308
308	309
308	312
308	313
308	314
308	315
309	310
310	311
317	316
317	372
317	499
317	503
317	518
317	520
317	526
317	551
317	2003
317	2694
317	3516
317	3517
317	3533
317	3537
317	3552
317	3553
317	3554
317	3556
318	319
318	320
318	321
318	322
322	323
322	324
327	326
328	326
328	360
328	505
329	326
329	343
329	344
329	346
329	357
329	394
329	430
329	504
329	514
329	609
329	856
329	864
329	877
329	882
329	912
329	914
329	943
329	1058
329	1082
329	1218
329	1159
329	1500
329	1501
329	1641
329	1665
329	1676
329	1712
329	1803
329	1998
329	2004
329	2022
329	2177
329	2185
329	2192
329	2474
329	2642
329	2694
329	2697
329	2712
329	2749
329	2758
329	2781
329	2802
329	2810
329	2874
329	3203
329	3477
329	3492
329	3556
331	330
331	353
331	952
331	2449
332	331
332	330
332	333
332	952
332	1128
332	1130
333	330
334	333
335	334
335	1999
336	330
336	2838
336	3561
338	337
338	377
338	400
338	859
338	877
338	931
338	944
338	945
338	1119
338	1354
338	1463
339	338
341	340
342	341
342	343
342	345
343	341
343	343
346	346
347	346
347	1342
347	1343
347	2691
349	348
350	381
350	949
350	1131
350	2448
351	1118
355	897
355	1390
355	2007
355	2014
355	2712
358	357
358	778
363	362
363	370
365	364
365	366
365	367
365	368
370	852
370	1094
374	373
374	719
374	721
375	373
375	391
375	710
375	720
375	726
375	736
375	744
375	944
375	945
375	2682
375	709
375	2692
375	3641
376	375
376	877
376	860
378	377
378	388
378	390
378	394
383	382
383	386
383	387
382	386
382	387
384	382
384	396
384	397
384	399
385	384
385	388
385	402
389	388
389	390
389	395
389	389
391	389
391	398
391	401
391	1119
391	2690
391	2692
391	2695
392	389
394	393
400	399
401	400
401	724
401	725
401	735
401	743
401	755
401	2676
401	2678
401	2679
401	2691
401	2693
401	3513
404	403
404	412
404	715
404	1028
404	2026
404	2027
404	2031
404	2036
404	2039
404	2044
404	2254
404	2257
404	2349
404	2829
404	2847
404	2893
404	2895
404	3003
404	3010
404	3011
404	3120
404	3121
404	3122
404	3123
404	3124
404	3125
404	3126
404	3340
404	3365
404	3392
404	3421
403	412
403	415
405	403
405	715
405	2027
405	2031
405	2039
405	2254
405	2829
405	2849
405	2848
405	2859
405	2860
405	2893
405	3120
405	3121
405	3122
405	3123
405	3124
405	3125
405	3126
405	3311
405	3319
407	406
407	1637
407	2029
407	2032
407	2040
407	2255
407	2899
407	3109
407	3563
408	406
408	408
408	415
409	408
409	2033
409	2041
409	2256
409	2898
411	410
411	2030
411	2038
411	2046
411	2262
411	2900
413	412
413	415
412	415
414	412
414	419
414	687
414	2026
414	2036
414	2044
414	2257
414	2810
414	2895
414	2983
416	415
417	416
418	416
418	419
418	420
418	421
418	425
424	423
426	434
427	428
428	429
428	430
428	431
428	432
432	433
436	435
436	509
435	531
435	534
437	435
437	869
437	871
437	864
437	892
437	894
437	900
437	903
437	920
439	438
439	448
439	453
439	469
439	477
439	493
440	439
440	700
440	730
440	731
440	740
441	440
441	443
441	455
441	500
441	547
441	701
441	732
441	739
441	740
441	746
441	754
441	915
441	1165
441	2747
441	2749
441	2748
441	2758
441	2808
441	3506
441	3516
441	3531
442	441
442	717
442	746
442	754
442	3505
442	3517
443	439
443	445
443	449
443	454
443	470
443	478
443	494
444	439
444	438
444	448
444	447
444	446
444	453
444	452
444	460
444	459
444	463
444	465
444	467
444	469
444	471
444	473
444	475
444	477
444	479
444	482
444	481
444	485
444	487
444	489
444	491
444	493
444	535
444	537
444	539
444	541
444	740
445	438
447	446
447	460
447	463
447	475
447	487
447	491
447	535
448	447
448	457
448	465
448	471
449	448
449	450
449	458
449	472
450	447
450	451
450	461
450	464
450	476
450	488
450	492
450	536
451	446
453	452
453	467
453	473
453	482
454	453
454	456
454	468
454	474
454	483
455	454
455	456
455	518
455	730
455	740
455	746
455	754
455	2758
455	2805
455	3516
455	3517
455	3523
455	3530
455	3531
456	452
457	479
457	541
458	457
458	466
458	480
458	542
460	459
460	485
460	489
461	460
461	462
461	486
461	490
462	459
464	463
466	465
468	467
470	469
472	471
474	473
476	475
478	477
480	479
482	481
482	537
482	539
483	482
483	484
483	538
483	540
484	481
486	485
488	487
490	489
492	491
494	493
496	495
495	504
497	496
497	696
497	697
497	698
497	722
497	3518
501	500
505	504
505	506
505	713
505	722
505	754
505	2713
506	505
507	504
507	2731
507	2785
507	2810
508	507
508	713
509	504
510	509
510	723
511	510
512	511
512	509
512	718
513	509
513	904
513	907
513	916
513	921
513	925
513	927
513	948
513	955
514	509
514	514
515	514
516	514
516	546
517	509
517	902
517	907
517	915
517	918
517	921
517	922
517	924
517	926
517	934
517	937
517	947
517	3643
527	526
527	1611
527	2551
527	2674
527	2675
527	2678
527	2679
527	2692
527	2693
527	2836
527	2838
527	2871
527	2875
527	2876
527	2882
527	2883
527	2193
527	2891
527	2977
527	2990
527	3190
527	3194
527	3325
531	530
531	533
532	531
532	530
532	534
532	718
532	861
532	912
532	914
532	2673
532	2749
536	535
538	537
540	539
542	541
544	543
544	545
544	552
547	547
550	549
550	987
550	1007
550	1031
553	553
555	554
555	1333
555	2668
555	3102
555	3205
555	3238
555	3257
556	555
556	741
556	742
556	2376
556	2622
556	2711
556	2974
556	3146
560	3165
560	3197
561	560
561	1085
561	1767
561	2828
561	1718
563	562
563	1598
563	2369
564	563
564	567
564	568
564	1589
564	1634
564	1813
564	2216
565	564
565	1301
565	2292
565	2669
565	3099
567	566
567	3228
567	3252
570	569
570	1594
571	570
571	1738
571	1745
571	2228
573	572
573	981
573	1003
573	1467
573	1732
573	2173
573	2181
574	572
574	1008
574	1086
574	1107
574	1112
574	1754
574	1757
574	1758
574	1764
574	1765
574	1786
574	1787
574	1837
574	1982
574	1985
574	2296
574	2297
574	2301
576	575
576	579
576	578
576	603
576	607
576	618
576	627
576	630
576	631
576	640
576	685
576	689
576	692
575	578
575	630
575	631
577	575
577	603
577	631
577	633
577	635
579	578
579	599
580	579
580	603
580	607
580	640
581	580
581	587
581	591
581	639
581	658
581	675
582	581
582	586
582	640
583	578
584	578
586	585
586	590
586	595
586	627
587	585
587	595
589	588
589	607
589	694
591	590
591	627
592	591
593	684
593	3318
594	593
594	619
594	624
594	3049
598	597
601	600
600	607
602	600
602	624
603	640
605	604
605	606
606	604
607	606
607	624
608	607
608	608
608	618
608	2749
608	3092
608	3127
608	3286
609	608
610	609
610	616
611	610
611	608
611	616
612	609
612	3144
613	609
613	3105
613	3107
613	3109
613	3120
613	3121
613	3122
613	3123
613	3124
613	3125
613	3126
613	3131
613	3141
613	3144
614	609
615	614
615	3109
615	3116
616	607
616	2749
616	3105
617	616
618	607
619	607
620	619
620	684
620	3318
620	3642
621	619
621	3642
622	619
622	607
622	684
622	686
622	687
622	688
622	689
622	3318
622	3642
623	607
623	640
623	641
623	676
623	677
624	682
625	624
625	2231
627	626
627	675
629	628
633	632
637	636
639	638
639	658
639	672
638	674
638	677
640	639
640	643
640	662
640	673
640	675
641	639
641	675
642	638
642	2231
643	661
643	663
644	645
645	646
645	647
645	648
645	649
645	650
651	645
651	652
651	653
654	645
654	655
654	656
654	657
654	653
658	660
659	658
659	676
664	665
665	666
666	667
666	668
666	669
670	665
672	671
676	675
679	678
679	682
678	689
678	3319
681	680
682	681
684	685
685	3281
690	689
691	689
691	756
691	1897
691	1914
691	2226
691	2336
691	2348
691	2350
691	2497
691	2749
691	2806
691	3433
693	692
700	699
700	705
700	748
701	700
701	704
701	706
701	749
701	3507
702	700
703	700
703	707
703	748
703	750
704	699
704	3508
706	705
706	3510
709	708
709	738
709	751
709	944
709	945
709	2684
709	2686
710	708
710	724
710	751
710	3521
711	708
711	731
711	751
711	754
711	755
711	2798
711	3513
711	3541
712	711
715	727
717	716
717	3515
720	719
720	721
720	755
720	3543
726	725
728	727
732	731
732	3525
734	733
734	2324
736	735
736	3527
737	2749
739	738
739	740
739	3532
739	3531
739	3555
744	743
744	3535
746	745
747	746
747	3536
749	748
749	751
749	3539
752	751
752	844
752	944
752	945
752	1661
752	1671
752	1674
752	1691
752	1745
752	2452
752	2464
752	2473
752	2474
752	2570
752	2613
752	2675
752	2680
752	2681
752	2684
752	2835
752	2877
752	2878
752	2879
752	2883
752	2884
752	2885
752	2887
752	2890
752	2578
752	2972
753	754
759	758
768	767
768	777
768	778
770	769
772	771
772	773
780	779
780	782
780	783
780	784
780	785
780	786
780	787
780	788
780	789
780	790
780	791
780	792
780	793
780	794
780	795
780	796
780	797
780	798
780	799
780	800
780	801
780	802
780	803
780	804
780	805
780	806
780	807
780	808
780	809
780	810
780	811
780	812
780	813
780	814
780	815
780	816
780	817
780	818
780	819
780	820
780	821
780	822
780	823
780	824
780	825
780	826
780	2825
781	780
781	851
822	827
829	828
829	834
829	835
829	873
829	889
829	891
828	842
830	828
830	858
830	863
830	856
830	882
830	890
830	945
830	3105
832	895
833	832
833	848
833	882
833	885
833	895
833	2488
833	2582
833	2607
833	2858
833	2863
833	3293
836	835
836	842
836	858
836	891
835	912
837	835
837	842
837	848
837	868
837	882
837	889
837	891
837	893
837	931
838	837
838	851
838	853
839	835
839	861
839	877
839	912
839	920
840	839
840	843
841	839
841	843
841	904
841	907
841	915
841	931
843	842
843	871
843	891
843	892
843	903
845	844
845	850
845	859
846	845
846	846
846	847
846	858
847	845
847	858
847	867
848	847
848	848
848	874
850	849
850	901
849	877
851	850
852	850
852	849
852	883
853	850
853	859
853	858
853	856
853	867
853	878
854	849
854	856
855	849
855	857
856	849
857	856
857	858
857	849
857	877
858	856
858	873
858	877
859	858
860	859
860	901
860	2686
861	858
861	912
861	920
862	861
863	861
863	919
863	921
864	863
865	863
865	869
865	871
865	892
865	913
865	919
865	945
865	2693
866	856
870	870
872	871
872	892
872	903
876	875
876	954
880	879
880	881
880	884
880	938
886	885
886	895
887	886
887	888
888	885
888	895
888	896
890	892
891	890
891	896
892	891
895	895
900	912
900	920
904	903
904	920
904	946
903	912
903	939
905	904
905	903
905	920
906	905
906	912
906	913
906	914
906	920
906	946
906	948
906	953
909	909
912	923
912	936
913	912
913	946
914	913
914	948
916	915
915	919
915	923
915	935
917	919
918	918
919	925
919	927
919	933
919	938
930	929
932	931
941	940
941	942
941	943
943	944
943	945
950	951
955	955
957	956
962	967
963	962
970	969
970	991
970	1011
971	969
971	979
971	991
971	992
971	997
971	1011
971	1104
972	971
973	972
973	1104
973	1120
973	1153
973	1204
973	1270
973	1325
973	3587
974	969
974	975
974	976
978	977
978	1184
978	1187
978	1266
977	977
980	979
979	999
981	980
981	1436
981	1437
981	1438
981	1447
982	979
982	1018
982	1059
982	1061
982	1177
982	1243
983	982
983	1014
983	1015
984	979
984	1177
986	985
986	1006
987	985
988	987
988	1006
990	989
990	1155
990	1182
990	1269
990	1325
989	991
991	1275
992	991
992	1152
992	1202
996	995
996	1329
996	1330
996	1406
996	1484
996	1485
996	1498
996	1500
996	1501
996	1514
996	1515
996	1712
998	997
997	1149
997	1200
1000	999
1000	1678
1000	1683
1000	1698
1000	1699
1000	1703
1000	1704
1000	1705
1000	2174
1000	2182
1001	1000
1001	1654
1001	1656
1001	1660
1001	1666
1001	1679
1001	1680
1001	1689
1002	1001
1002	1323
1002	1643
1002	1661
1002	1663
1002	1671
1002	1674
1002	1677
1002	1688
1002	1695
1002	1696
1002	1700
1002	2570
1003	1002
1003	1645
1003	1648
1003	1651
1003	2186
1003	2192
1003	2225
1004	1003
1004	1001
1004	1000
1004	1119
1004	1643
1004	1645
1004	1648
1004	1656
1004	1661
1004	1663
1004	1680
1004	1695
1004	1733
1004	1738
1004	2223
1005	1003
1008	1185
1008	1186
1013	1012
1013	1021
1013	1022
1013	1023
1013	1033
1013	1038
1013	1042
1012	1043
1012	1093
1014	1013
1014	1018
1015	1013
1015	1022
1015	1023
1015	1033
1015	1042
1016	1012
1016	1073
1016	1075
1016	1325
1017	1016
1018	1017
1018	1059
1018	1061
1019	1016
1019	1073
1020	1019
1020	1060
1020	1063
1020	1075
1020	1092
1020	1098
1020	1099
1022	1036
1022	1037
1023	1034
1023	1035
1023	1039
1023	1041
1025	1024
1026	1025
1026	1027
1026	1032
1028	1027
1028	1050
1028	1068
1028	1329
1028	1330
1028	2132
1028	2204
1028	2233
1028	2235
1028	2237
1028	2240
1028	2243
1028	2274
1028	2279
1028	2281
1028	2290
1028	2856
1028	2870
1028	2901
1028	2904
1028	2909
1028	3355
1028	3408
1028	3445
1029	1028
1029	2865
1030	1029
1030	1028
1030	2865
1030	3359
1031	1060
1031	1074
1031	1075
1033	1040
1045	1044
1045	1047
1045	1048
1045	1049
1045	1052
1046	1045
1046	1153
1046	1204
1051	1050
1051	1068
1051	1069
1051	1070
1051	1071
1051	1077
1050	1053
1050	1054
1050	1055
1050	1056
1050	1057
1059	1058
1059	1065
1059	1072
1059	1073
1059	1074
1059	1075
1059	1076
1060	1058
1060	1066
1060	1067
1061	1060
1061	1081
1062	1060
1063	1058
1064	1063
1064	1093
1064	1571
1064	1717
1064	2121
1064	2215
1064	2577
1064	2586
1064	2584
1064	2588
1064	2590
1064	3226
1064	3332
1069	1082
1078	1077
1078	1080
1079	1077
1079	3192
1085	1177
1087	1086
1087	1112
1086	1184
1086	1185
1086	1186
1086	1187
1088	1087
1088	1115
1088	1116
1088	2776
1090	1089
1090	1128
1094	1093
1094	1094
1094	1101
1094	1480
1094	1641
1094	1671
1094	1678
1094	1804
1094	1805
1094	2296
1094	2297
1095	1093
1095	2575
1095	2577
1096	1093
1096	2565
1096	2577
1096	3075
1097	1093
1097	1099
1102	1101
1106	1105
1106	1108
1106	1112
1105	1107
1105	1109
1105	1110
1105	1111
1113	1112
1113	1831
1113	2274
1114	1113
1114	1112
1114	1402
1114	1823
1114	1831
1114	1833
1114	2237
1115	1112
1116	1112
1121	1120
1122	1121
1122	1576
1122	2584
1123	1122
1124	1123
1124	1537
1124	1570
1125	1124
1125	1571
1126	1122
1126	1584
1126	2516
1126	2940
1126	2939
1126	3259
1126	3293
1126	3393
1126	3394
1126	3647
1128	1127
1128	1137
1128	3587
1129	1128
1129	1130
1129	2761
1129	2765
1129	2768
1129	2769
1129	3146
1133	1132
1133	1149
1133	1150
1133	1152
1133	1176
1133	1178
1133	1180
1135	1134
1135	1139
1135	1140
1135	1141
1135	1142
1135	1144
1135	1145
1135	1146
1135	1148
1136	1135
1136	1189
1136	2771
1137	1136
1137	1153
1137	1165
1137	1166
1137	1182
1137	1204
1137	1270
1138	1136
1138	1153
1138	1204
1143	1142
1143	1157
1143	1192
1143	1193
1147	1146
1147	1157
1147	1196
1151	1150
1151	1153
1151	1198
1151	1204
1151	1241
1153	1167
1153	1168
1153	1169
1153	1170
1153	1171
1153	1172
1153	1173
1153	1174
1153	1175
1154	1153
1154	1179
1154	1204
1154	1243
1154	2771
1155	1154
1155	1204
1155	2771
1156	1153
1156	1178
1156	1204
1156	1280
1157	1153
1157	1204
1157	3587
1158	1157
1159	1158
1159	1161
1160	1157
1160	1304
1161	1157
1161	3601
1162	1157
1163	1162
1163	1318
1164	1153
1164	1204
1164	1271
1164	1324
1165	1153
1165	1204
1166	1165
1177	1176
1177	1278
1181	1180
1181	1230
1181	1265
1182	1181
1182	1218
1183	1182
1183	1270
1183	1324
1189	1188
1189	1190
1189	1191
1189	1192
1189	1193
1189	1194
1189	1195
1189	1196
1189	1197
1189	1232
1188	1231
1191	1233
1192	1234
1193	1235
1194	1236
1195	1237
1196	1238
1197	1239
1200	1199
1200	1242
1202	1201
1202	1243
1204	1203
1204	1210
1204	1244
1204	1319
1203	1206
1203	1207
1203	1208
1203	1211
1203	1212
1203	1213
1203	1214
1203	1215
1205	1204
1205	1216
1205	1243
1205	1254
1210	1209
1210	1248
1218	1217
1218	1255
1217	1221
1217	1222
1217	1223
1217	1224
1217	1225
1217	1226
1217	1227
1217	1228
1217	1229
1219	1218
1220	1218
1220	3165
1244	1245
1244	1246
1244	1247
1244	1249
1244	1250
1244	1251
1244	1252
1244	1253
1255	1256
1255	1257
1255	1258
1255	1259
1255	1260
1255	1261
1255	1262
1255	1263
1255	1264
1268	1267
1268	1737
1268	2657
1268	2963
1271	1270
1272	1270
1272	2642
1273	1270
1273	1374
1273	2642
1273	3325
1274	1270
1278	1277
1280	1279
1284	1283
1284	2106
1284	2511
1285	1284
1286	1285
1287	1284
1287	2106
1288	1284
1288	2021
1288	2116
1288	2117
1288	2119
1289	1288
1289	1617
1289	2089
1289	2609
1289	2980
1289	2981
1289	2982
1289	2983
1289	2984
1289	2985
1289	2986
1289	2987
1289	3328
1289	3329
1289	3356
1289	3359
1289	3360
1289	3446
1289	2000
1294	1293
1294	1632
1294	1738
1294	3191
1299	1298
1301	1300
1301	1302
1301	1303
1301	1313
1305	1304
1306	1304
1306	2208
1306	2758
1309	1308
1309	3166
1308	1323
1310	1308
1310	3159
1310	3166
1310	3186
1314	1315
1317	1318
1320	1321
1321	1322
1327	1326
1328	1326
1338	1337
1338	1341
1338	1343
1337	1339
1337	1340
1337	1342
1339	1339
1345	1344
1345	1347
1345	1349
1346	1345
1346	1632
1346	2192
1346	2721
1346	2858
1346	2863
1346	3127
1346	3311
1346	3319
1348	1347
1350	1349
1350	2710
1351	1349
1354	1353
1354	1370
1357	1356
1361	1362
1361	1363
1371	1392
1375	1374
1376	1375
1377	1375
1377	2619
1398	1397
1398	1400
1398	1493
1398	1826
1398	1981
1399	1398
1399	1820
1399	1823
1399	1825
1399	3645
1402	1401
1402	1806
1402	1829
1404	1403
1405	1403
1423	1422
1424	1423
1424	2126
1424	2131
1424	2132
1424	2281
1427	1426
1433	1432
1433	1717
1433	1719
1433	2622
1436	1441
1436	1444
1436	1460
1436	1462
1436	1468
1436	1469
1436	1471
1436	1476
1436	1478
1437	1440
1437	1449
1437	1451
1437	1453
1437	1454
1437	1456
1437	1464
1437	1466
1437	1474
1438	1443
1438	1445
1438	1455
1438	1457
1438	1459
1438	1479
1440	1439
1440	1450
1441	1478
1442	1441
1442	1469
1442	1656
1442	2319
1442	2320
1447	1446
1447	1473
1449	1448
1449	1458
1449	1461
1449	1465
1449	1472
1449	1475
1449	1477
1452	1451
1452	1457
1452	1464
1452	1818
1452	1920
1452	1959
1452	2181
1453	1699
1463	1462
1463	1678
1467	1466
1467	1506
1467	2173
1467	2174
1469	1471
1470	1469
1473	3545
1474	1704
1490	1489
1490	1503
1490	1505
1490	1508
1492	1491
1495	1494
1495	1496
1500	1499
1503	1502
1503	1504
1503	1511
1508	1507
1510	1509
1512	1512
1520	1523
1520	2373
1520	3244
1525	1524
1525	2778
1527	1526
1527	2777
1528	1528
1531	1530
1531	1533
1531	1534
1531	3227
1531	3250
1530	3249
1532	1530
1537	1536
1537	1563
1538	1539
1538	1540
1540	1541
1540	1542
1540	1543
1540	1544
1544	1545
1544	1547
1545	1546
1547	1546
1548	1549
1548	1542
1548	1550
1550	1551
1551	1552
1553	1554
1553	1557
1553	1559
1554	1555
1555	1556
1557	1540
1557	1558
1557	1556
1557	1551
1560	1561
1560	1562
1560	1540
1560	1546
1563	1564
1566	1565
1566	1564
1568	1567
1568	1572
1568	1579
1568	2100
1568	2104
1568	2634
1567	2816
1567	2822
1569	1568
1569	1583
1569	1587
1569	2006
1569	2376
1569	2384
1569	2406
1569	2415
1569	2419
1569	2426
1569	2429
1569	2435
1569	2456
1569	2493
1569	2496
1569	2506
1569	2517
1569	2526
1569	2584
1569	2587
1569	2588
1569	2602
1569	2646
1571	2103
1572	1585
1575	1576
1577	1583
1577	2506
1578	1577
1578	1584
1578	1596
1578	2102
1578	2816
1578	2822
1578	3059
1581	1580
1581	1582
1581	2507
1581	2508
1581	3145
1587	2588
1588	2306
1591	1590
1591	1592
1591	2243
1598	1597
1600	1599
1600	1601
1600	1608
1600	1620
1600	2563
1599	1623
1603	1602
1603	2323
1603	2339
1603	2354
1603	2423
1603	2978
1603	3013
1603	3453
1603	3511
1604	1602
1604	2376
1604	2974
1604	3448
1607	1606
1609	1608
1609	2186
1609	2225
1609	2231
1611	1610
1611	2430
1611	2647
1611	2828
1613	1612
1613	3309
1614	1613
1614	3303
1614	3311
1614	3319
1614	3399
1614	3410
1614	3476
1615	1613
1615	1615
1615	2192
1615	2194
1615	2902
1615	3421
1616	1615
1618	1617
1618	3341
1618	3359
1618	3360
1619	1617
1619	2338
1619	2340
1619	3340
1619	3357
1619	3389
1619	3401
1619	3402
1619	3405
1620	1621
1620	1622
1627	1626
1627	1632
1627	2113
1628	1626
1628	1632
1628	3428
1629	1626
1629	1632
1629	2113
1629	3000
1629	3007
1629	3162
1629	3164
1629	3168
1629	3428
1629	3570
1633	1632
1639	1638
1639	1640
1639	1641
1639	1676
1643	1642
1643	1676
1642	1664
1645	1644
1645	1646
1645	1647
1645	1649
1645	1650
1645	1652
1645	1736
1645	2568
1654	1653
1654	1655
1654	1672
1658	1657
1658	1660
1658	1668
1658	1682
1660	1659
1660	1669
1660	1684
1663	1662
1666	1665
1666	1667
1666	1685
1670	1669
1674	1673
1674	1692
1674	1693
1674	2571
1675	1673
1675	2464
1681	1680
1681	2173
1681	2181
1687	1686
1688	1687
1691	1690
1694	1693
1697	1696
1697	2684
1700	1701
1700	1702
1712	1713
1717	1716
1717	1722
1718	1717
1720	1719
1720	1721
1723	1722
1724	1723
1728	1727
1728	1729
1731	1730
1732	1733
1735	1735
1737	1738
1740	1739
1740	1742
1740	1743
1740	2105
1740	3364
1741	1740
1747	1746
1747	1748
1747	1749
1747	1759
1747	1778
1746	1760
1748	1756
1748	1763
1748	1785
1749	1752
1749	1762
1749	1767
1749	1770
1749	1774
1749	1780
1749	1781
1749	1784
1751	1750
1751	1804
1750	1757
1750	1758
1750	1761
1750	1764
1750	1765
1750	1766
1750	1768
1750	1769
1750	1771
1750	1775
1750	1779
1750	1782
1750	1783
1750	1786
1750	1787
1753	1752
1753	1756
1753	1770
1753	1774
1753	1780
1753	1781
1753	1784
1753	1785
1753	1789
1753	1790
1753	1792
1753	1793
1753	1795
1753	1796
1753	1798
1753	1800
1753	1802
1753	1807
1753	1924
1753	1939
1754	1753
1754	1804
1754	1805
1754	1809
1755	1753
1755	2604
1771	1772
1771	1773
1775	1776
1775	1777
1791	1790
1791	2605
1794	1793
1794	1803
1797	1796
1799	1798
1805	1804
1808	1807
1808	1835
1808	1841
1808	1842
1808	1843
1808	1844
1808	1845
1808	1846
1808	1847
1808	1848
1808	1849
1808	1858
1808	1859
1808	1860
1808	1861
1808	1863
1808	1865
1808	1869
1808	1878
1808	1879
1808	1880
1808	1881
1808	1892
1808	1895
1808	1896
1808	1900
1808	1902
1808	1909
1808	1910
1807	1872
1807	1904
1807	1905
1807	1906
1807	1907
1807	1908
1809	1808
1809	1815
1809	1816
1809	1817
1809	1818
1809	1819
1810	1809
1811	1807
1811	3293
1813	1812
1812	1814
1812	1821
1812	1827
1812	1828
1815	1822
1815	1883
1815	1901
1815	1912
1815	1913
1816	1834
1816	1838
1816	1850
1816	1851
1816	1856
1816	1857
1816	1864
1816	1866
1816	1867
1816	1868
1816	1870
1816	1871
1816	1873
1816	1886
1816	1887
1816	1888
1816	1890
1816	1891
1816	1893
1816	1894
1816	1898
1816	1903
1817	1840
1818	1836
1818	1837
1818	1839
1818	1854
1818	1876
1818	1884
1818	1889
1818	1897
1818	1899
1818	3546
1819	1852
1819	1874
1822	1877
1824	1824
1828	1917
1831	1830
1831	1832
1837	1853
1855	1854
1855	1920
1855	1922
1855	1959
1855	1985
1859	1862
1863	1911
1876	1875
1876	1882
1884	1959
1885	1884
1885	1914
1885	1915
1904	1941
1916	1915
1919	1918
1919	1921
1919	1923
1919	1928
1919	1929
1919	1931
1919	1933
1919	1936
1919	1940
1919	1941
1919	1942
1919	1945
1919	1950
1919	1951
1919	1952
1919	1953
1919	1954
1919	1955
1919	1956
1919	1957
1919	1958
1919	1960
1919	1961
1919	1962
1919	1963
1919	1964
1919	1965
1919	1966
1919	1967
1919	1972
1919	1974
1919	1977
1919	1978
1919	1979
1919	1980
1919	1986
1920	1919
1920	1925
1920	1927
1920	1943
1920	1947
1920	1970
1920	1976
1920	1994
1920	1995
1925	1924
1925	1938
1925	1939
1925	1946
1925	1949
1927	1926
1927	1930
1927	1934
1927	1935
1927	1968
1927	1969
1927	1971
1927	1973
1927	1975
1938	1937
1945	1944
1947	1948
1982	1985
1984	1983
1984	1987
1984	1991
1984	1997
1983	1983
1986	1988
1986	1990
1986	1992
1987	1989
1987	1991
1987	1993
1999	2001
1999	2002
2000	1999
2000	2831
2000	2833
2006	2005
2006	2589
2006	2603
2016	2015
2016	2016
2016	2028
2016	2029
2015	2015
2017	2016
2019	2018
2021	2020
2021	2034
2021	2042
2021	2051
2020	2028
2022	2021
2022	2260
2023	2022
2023	2228
2023	2231
2023	2268
2024	2020
2024	2026
2024	2028
2025	2020
2025	2894
2025	2901
2025	2903
2025	2906
2025	2907
2026	2028
2027	2026
2027	2028
2031	2036
2031	2037
2033	2032
2033	2033
2033	2037
2034	2037
2035	2034
2035	2036
2035	2037
2036	2037
2039	2044
2039	2045
2041	2040
2041	2041
2041	2045
2042	2045
2043	2042
2043	2044
2043	2045
2044	2045
2048	2047
2048	2053
2050	2049
2050	2052
2050	2054
2056	2055
2056	2058
2056	2313
2057	2056
2057	2242
2057	2311
2057	2314
2059	2059
2060	2060
2062	2061
2064	2063
2067	2066
2068	2066
2068	2613
2068	2642
2068	3030
2068	3040
2068	3041
2068	3296
2068	3297
2068	3428
2070	2069
2072	2071
2072	2076
2071	2073
2071	2074
2074	2075
2075	2086
2076	2075
2076	2306
2076	2309
2076	2319
2077	2079
2079	2078
2079	2083
2079	2096
2080	2079
2080	2082
2080	2084
2080	2086
2080	2092
2080	2093
2080	2095
2082	2081
2082	2094
2086	2085
2086	2087
2089	2088
2088	2099
2091	2090
2092	2091
2098	2097
2098	2108
2103	2102
2107	2107
2110	2109
2110	2113
2110	2114
2110	2115
2112	2111
2113	2114
2113	2115
2121	2120
2121	2122
2121	2123
2121	2126
2125	2124
2125	2871
2125	2872
2125	2873
2125	2874
2125	2887
2128	2127
2128	2130
2128	2134
2128	2136
2127	2134
2127	2136
2127	2140
2127	2143
2134	2133
2134	2147
2136	2135
2136	2137
2136	2138
2136	2141
2136	2142
2136	2144
2136	2145
2136	2148
2136	2149
2136	2150
2136	2151
2140	2139
2140	2146
2153	2152
2153	2155
2153	2166
2156	2157
2159	2158
2159	2169
2161	2160
2162	2161
2162	2164
2164	2163
2164	2165
2167	2168
2176	2175
2177	2177
2180	2179
2181	2180
2184	2183
2187	2186
2187	2225
2190	2189
2190	2206
2190	2224
2190	2227
2190	2236
2191	2190
2193	2192
2193	2217
2193	2472
2193	2902
2193	3188
2193	3195
2194	2192
2195	2194
2195	2902
2195	3420
2195	3421
2196	2192
2196	3166
2198	2197
2198	2230
2198	2232
2199	2198
2199	2197
2199	2749
2199	3555
2199	3565
2200	2197
2200	3303
2200	3399
2201	2200
2201	3304
2201	3305
2201	3306
2201	3307
2201	3308
2201	3336
2203	2202
2203	2582
2203	2832
2203	2862
2203	3064
2203	3579
2205	2204
2205	2208
2205	2211
2205	2235
2209	2208
2209	2224
2209	2237
2209	2240
2209	2274
2209	2279
2209	2290
2210	2209
2210	2336
2210	2341
2213	2212
2213	2342
2214	2212
2218	2217
2218	3192
2217	2221
2219	2217
2219	2220
2219	3187
2219	3193
2229	2228
2234	2233
2234	2235
2237	2238
2238	2243
2240	2239
2240	2242
2241	2239
2241	2243
2242	2243
2246	2245
2248	2248
2251	2250
2250	2252
2250	2253
2254	2257
2254	2259
2256	2255
2256	2256
2256	2259
2258	2257
2258	2259
2257	2259
2260	2259
2261	2260
2261	2263
2261	2264
2261	2268
2261	2272
2265	2267
2268	2267
2267	2271
2269	2268
2271	2270
2284	2283
2284	2285
2284	2286
2284	2289
2284	2290
2287	2286
2287	2288
2295	2300
2295	2304
2311	2312
2315	2316
2317	2318
2321	2320
2321	2322
2323	2324
2325	2326
2326	2328
2332	2331
2332	2333
2347	2347
2349	2349
2351	2350
2352	2350
2353	2350
2353	3367
2374	2378
2375	2374
2375	2422
2375	2591
2375	3612
2376	2375
2381	2380
2382	2381
2382	2424
2382	2446
2382	2463
2382	2654
2384	2383
2384	2386
2384	2390
2384	2391
2384	2394
2384	2630
2383	2388
2386	2385
2390	2389
2390	2392
2390	2393
2396	2395
2396	2397
2396	2407
2396	2420
2396	2426
2396	2430
2396	2432
2396	2646
2395	2432
2395	2437
2395	2467
2397	2399
2397	2402
2399	2467
2400	2399
2400	2475
2402	2401
2402	2441
2402	2467
2402	2471
2403	2402
2403	2470
2403	2477
2403	2494
2404	2401
2404	2445
2404	2592
2406	2405
2406	2407
2406	2411
2405	2408
2405	2409
2410	2409
2413	2412
2413	2414
2413	2417
2415	2414
2415	2418
2415	2427
2416	2415
2419	2418
2419	2420
2419	2646
2426	2425
2426	2427
2429	2428
2429	2432
2429	2434
2429	2522
2429	2650
2429	2651
2434	2433
2435	2435
2436	2435
2436	2515
2438	2437
2438	2468
2437	2441
2440	2439
2440	2443
2441	2444
2441	2479
2443	2442
2443	2458
2443	2478
2442	2453
2442	2459
2442	2473
2444	2445
2444	2472
2444	2473
2450	2454
2452	2451
2451	2453
2451	2460
2454	2453
2454	2460
2454	2469
2455	2454
2455	2491
2455	2494
2456	2455
2456	2475
2456	2487
2456	2489
2456	2522
2456	2650
2457	2454
2458	2457
2458	2459
2459	2454
2466	2465
2466	2469
2466	2470
2466	2477
2468	2467
2468	2471
2470	2469
2475	2474
2476	2475
2481	2480
2481	2483
2481	2484
2481	2485
2482	2480
2482	2485
2485	2485
2487	2486
2491	2490
2493	2492
2493	2495
2493	2602
2492	2494
2499	2498
2499	2512
2499	2515
2500	2498
2500	2952
2502	2501
2503	2501
2503	2543
2503	2550
2503	2621
2506	2505
2507	2506
2508	2506
2509	2505
2513	2512
2517	2516
2517	2520
2517	2521
2517	2522
2517	2524
2517	2557
2517	2580
2517	2650
2518	2516
2520	2519
2520	2523
2526	2525
2526	2528
2526	2602
2528	2527
2529	2527
2531	2530
2531	2532
2531	2534
2531	2545
2531	2636
2531	2637
2531	2638
2533	2532
2534	2532
2535	2534
2537	2536
2537	2543
2537	2547
2537	2550
2537	2639
2537	2640
2539	2538
2541	2540
2541	2543
2541	2550
2544	2543
2544	2550
2546	2545
2546	2549
2548	2547
2548	2549
2550	2549
2551	2557
2551	2558
2552	2553
2554	2555
2556	2552
2557	2580
2558	2598
2558	2599
2562	2561
2573	2572
2574	2572
2578	2577
2581	2580
2581	2598
2581	2599
2582	2580
2583	2580
2584	2580
2584	2642
2584	2641
2585	2584
2586	2584
2587	2586
2587	2590
2588	2584
2589	2584
2590	2584
2594	2593
2594	2596
2594	2597
2595	2593
2595	2596
2595	2597
2595	2602
2601	2600
2601	2846
2612	2611
2612	2614
2612	2615
2612	2616
2618	2630
2623	2622
2624	2622
2626	2625
2626	2627
2626	2628
2626	2629
2631	2630
2631	2650
2631	2651
2632	2630
2632	2634
2632	2641
2633	2632
2634	2632
2635	2632
2642	2641
2642	2655
2643	2642
2644	2642
2644	2876
2645	2642
2645	2658
2645	2659
2646	2642
2648	2647
2654	2653
2656	2655
2658	2660
2658	2661
2658	2662
2658	2663
2658	2664
2658	2665
2678	2677
2678	374
2683	2682
2685	2684
2687	2686
2688	2686
2689	2686
2697	2696
2697	2698
2697	2699
2701	2700
2701	2861
2702	2703
2704	2703
2704	2705
2707	2706
2707	2708
2707	2709
2707	2710
2707	3261
2711	2760
2714	437
2715	437
2716	437
2717	437
2727	2728
2749	2748
2749	2753
2750	2749
2751	2749
2752	2749
2755	2754
2756	2754
2756	2924
2757	2754
2757	2924
2759	2758
2762	2761
2762	2765
2762	2768
2762	2769
2766	2765
2766	2767
2766	2768
2766	2769
2771	2770
2772	2770
2776	2775
2783	2801
2783	2802
2784	2783
2800	2799
2809	2808
2809	2810
2809	3561
2809	3564
2808	3564
2810	3560
2812	2811
2812	2814
2812	3213
2812	3229
2812	3233
2813	2814
2815	2814
2815	3226
2816	2814
2818	2817
2818	2820
2818	3253
2818	3254
2818	3256
2819	2820
2821	2820
2821	3254
2822	2820
2824	2823
2829	2828
2833	2832
2833	2837
2833	2840
2834	2832
2836	2835
2837	2835
2837	2839
2839	2838
2842	2841
2842	2844
2845	2845
2849	2848
2849	2853
2850	2849
2850	2854
2850	2859
2850	2860
2852	2851
2855	2854
2857	2856
2858	2859
2858	2860
2865	2864
2866	1718
2868	2867
2868	2869
2868	2870
2883	2883
2888	2887
2893	2895
2893	2897
2894	2897
2896	2895
2896	2897
2895	2897
2898	2897
2898	2898
2898	2899
2902	2903
2905	2904
2908	2907
2908	2910
2908	2913
2908	2914
2908	2918
2909	3356
2909	3446
2911	2910
2913	2912
2913	2916
2913	2917
2913	2920
2915	2919
2916	2916
2923	2922
2923	2924
2923	2928
2923	2937
2923	2942
2923	2939
2925	2924
2925	2926
2925	2937
2925	2938
2925	2941
2925	2942
2927	2926
2926	2930
2929	2928
2931	2930
2931	2938
2931	2941
2932	2930
2933	2930
2933	2934
2933	2936
2935	2934
2935	2936
2939	2938
2939	2941
2939	2943
2940	2938
2940	2941
2944	2943
2945	2945
2946	2945
2954	2961
2957	2956
2957	2958
2965	2964
2965	2967
2965	2969
2966	2964
2968	2967
2970	2969
2973	2972
2980	2979
2991	2990
2990	3388
2992	2990
2996	2995
2998	2997
3000	3001
3000	3011
3001	3005
3001	3006
3001	3008
3001	3009
3001	3010
3003	3002
3004	3003
3011	3012
3014	3066
3016	3015
3016	3018
3015	3020
3021	3020
3020	3425
3020	3434
3023	3022
3026	3026
3030	3029
3030	3069
3029	3033
3031	3030
3031	3032
3031	3033
3031	3035
3031	3058
3031	3072
3031	3091
3038	3037
3038	3362
3038	3415
3038	3417
3042	3041
3041	3048
3041	3059
3043	3041
3043	3044
3044	3041
3044	3059
3045	3044
3047	3046
3046	3046
3051	3050
3053	3054
3054	3096
3054	3102
3055	3054
3060	3059
3061	3059
3062	3059
3063	3062
3068	3067
3068	3081
3069	3068
3069	3075
3069	3083
3069	3087
3071	3070
3071	3072
3071	3074
3073	3072
3075	3077
3075	3086
3077	3076
3077	3078
3081	3080
3083	3082
3083	3084
3083	3085
3089	3088
3091	3090
3091	3092
3091	3093
3091	3094
3099	3098
3099	3101
3101	3100
3105	3109
3105	3130
3106	3120
3106	3122
3106	3123
3106	3124
3106	3125
3106	3126
3107	3106
3107	3121
3108	3107
3108	3120
3108	3121
3108	3122
3108	3123
3108	3124
3108	3125
3108	3126
3109	3107
3111	3131
3113	3112
3113	3114
3115	3132
3115	3139
3118	3117
3120	3119
3122	3121
3129	3128
3132	3131
3134	3133
3134	3135
3135	3136
3135	3137
3135	3138
3141	3140
3143	3142
3146	3145
3146	3152
3146	3162
3146	3166
3145	3148
3145	3198
3145	3199
3145	3200
3147	3146
3147	3166
3147	3186
3149	3148
3149	3152
3149	3162
3149	3200
3151	3150
3151	3201
3152	3151
3152	3163
3154	3153
3154	3169
3154	3202
3155	3154
3157	3156
3157	3185
3158	3157
3158	3159
3160	3159
3160	3161
3160	3171
3162	3163
3162	3164
3162	3168
3165	3164
3165	3198
3166	3165
3166	3168
3166	3186
3166	3199
3167	3165
3167	3197
3171	3170
3171	3173
3171	3174
3171	3175
3171	3182
3171	3183
3173	3172
3173	3176
3173	3177
3173	3178
3173	3179
3173	3180
3173	3181
3185	3184
3185	3187
3185	3188
3184	3189
3186	3185
3186	3189
3186	3191
3187	3192
3187	3193
3188	3195
3188	3196
3191	3190
3191	3194
3190	3192
3190	3196
3194	3193
3194	3195
3212	3211
3212	3220
3212	3221
3212	3222
3213	3212
3213	3215
3213	3218
3215	3214
3215	3219
3217	3216
3218	3217
3225	3233
3227	3226
3230	3229
3230	3233
3231	3229
3231	3253
3232	3229
3232	3253
3234	3233
3236	3235
3237	3235
3239	3238
3250	3249
3250	3251
3258	3258
3259	3258
3262	3443
3262	3444
3285	3284
3285	3286
3285	3287
3285	3288
3285	3291
3285	3379
3287	3318
3290	3289
3293	3292
3294	3293
3294	3296
3294	3297
3294	3298
3294	3304
3295	3292
3299	3300
3299	3301
3299	3302
3309	3314
3309	3316
3309	3321
3310	3309
3310	3311
3310	3312
3310	3319
3314	3313
3314	3315
3321	3320
3321	3322
3324	3323
3324	3326
3324	3327
3330	3329
3335	3334
3336	3334
3336	3356
3336	3359
3336	3360
3336	3446
3338	3337
3338	3440
3338	3449
3339	3338
3339	3409
3339	3436
3341	3342
3342	3343
3343	3461
3345	3344
3344	3346
3344	3347
3344	3348
3344	3349
3351	3350
3351	3352
3357	3356
3357	3359
3357	3360
3357	3399
3357	3446
3358	3357
3358	3358
3358	3393
3358	3394
3358	3395
3363	3579
3366	3365
3366	3367
3368	3367
3370	3369
3370	3378
3372	3371
3372	3373
3372	3375
3372	3377
3375	3374
3375	3376
3378	3378
3381	3380
3381	3383
3381	3385
3381	3386
3389	3388
3389	3401
3389	3403
3399	3400
3405	3404
3407	3406
3418	3417
3420	3419
3422	3421
3422	3423
3426	3425
3426	3427
3426	3430
3426	3431
3429	3428
3429	3432
3429	3426
3435	3434
3437	3436
3437	3478
3438	3436
3438	3438
3438	3570
3439	3438
3448	3447
3448	3455
3449	3450
3449	3451
3449	3452
3456	3457
3456	3458
3456	3459
3461	3462
3461	3464
3462	3463
3469	3468
3468	3470
3468	3471
3468	3575
3468	3576
3483	3482
3483	3486
3483	3489
3483	3504
3483	3519
3483	3540
3484	3483
3484	3485
3484	3488
3484	3505
3484	3541
3484	3556
3485	3482
3487	3486
3488	3486
3488	3489
3488	3520
3494	3493
3494	3500
3495	3493
3495	3500
3497	3496
3499	3498
3499	3551
3499	3559
3502	3501
3502	3509
3502	3538
3503	3502
3503	3522
3503	3524
3503	3531
3504	3503
3504	3514
3505	3504
3505	3506
3505	3515
3506	3503
3506	3507
3506	3523
3506	3525
3506	3532
3507	3502
3507	3508
3507	3510
3507	3539
3508	3501
3510	3509
3515	3514
3520	3519
3523	3522
3525	3524
3532	3531
3539	3538
3541	3540
3547	3547
3548	3547
3548	3550
3549	3547
3551	3550
3562	3561
3567	3566
3569	3568
3569	3570
3572	3573
3579	3578
3579	3581
3579	3582
3579	3583
3579	3584
3579	3585
3580	3579
3586	3594
3586	3595
3586	3596
3586	3597
3586	3599
3586	3600
3586	3601
3586	3602
3586	3604
3586	3605
3586	3607
3587	3586
3588	3586
3589	3594
3590	3593
3592	3596
3592	3599
3606	3607
3609	3625
3611	3610
3611	3619
3611	3621
3611	3622
3611	3623
3611	3626
3611	3628
3611	3630
3610	3624
3610	3627
3610	3631
3612	3614
3612	3633
3612	3634
3614	3615
3615	3616
