1	0
1	164
1	3599
1	3635
2	1
2	47
2	58
2	59
2	160
2	161
2	162
2	163
2	167
2	168
2	2818
2	2821
2	2824
2	2827
2	3101
2	3617
2	3626
3	2
3	158
3	2597
3	3583
3	3585
3	3592
3	3639
3	3640
4	3
5	4
6	4
6	19
6	22
6	43
6	45
6	44
6	46
6	14
6	18
6	62
6	28
6	85
6	93
6	159
6	163
6	168
6	169
6	204
6	292
6	348
6	412
6	514
6	555
6	559
6	842
6	861
6	871
6	864
6	882
6	892
6	903
6	907
6	911
6	912
6	915
6	921
6	923
6	925
6	927
6	929
6	931
6	933
6	935
6	943
6	956
6	990
6	1014
6	1072
6	1073
6	1075
6	1162
6	1243
6	1291
6	1297
6	1326
6	1442
6	1447
6	1454
6	1461
6	1465
6	1467
6	1470
6	1492
6	1528
6	1530
6	1535
6	1591
6	1605
6	1613
6	1620
6	1623
6	1630
6	1635
6	1643
6	1647
6	1651
6	1664
6	1685
6	1687
6	1688
6	1708
6	1726
6	1738
6	1749
6	1813
6	1842
6	1987
6	2026
6	2033
6	2042
6	2050
6	2096
6	2110
6	2116
6	2121
6	2146
6	2189
6	2200
6	2221
6	2227
6	2229
6	2232
6	2235
6	2263
6	2303
6	2314
6	2379
6	2419
6	2460
6	2569
6	2577
6	2597
6	2649
6	2677
6	2718
6	2788
6	2789
6	2790
6	2809
6	2815
6	2817
6	2884
6	2891
6	2892
6	2904
6	2917
6	3000
6	3021
6	3048
6	3045
6	3052
6	3057
6	3058
6	3081
6	3090
6	3135
6	3150
6	3161
6	3166
6	3170
6	3196
6	3197
6	3200
6	3304
6	3309
6	3310
6	3339
6	3386
6	3472
6	3476
6	3570
6	3593
6	3597
6	3613
7	3
7	15
8	3
8	19
8	21
8	26
8	35
8	43
8	46
8	48
8	50
8	49
8	65
8	70
8	74
8	75
8	84
8	89
8	90
8	93
8	94
8	109
8	159
8	160
8	161
8	172
8	174
8	228
8	322
8	344
8	366
8	403
8	405
8	410
8	414
8	425
8	426
8	502
8	507
8	512
8	515
8	520
8	554
8	560
8	580
8	578
8	590
8	595
8	609
8	606
8	633
8	689
8	727
8	740
8	758
8	837
8	851
8	866
8	884
8	898
8	917
8	929
8	930
8	958
8	990
8	1012
8	1018
8	1016
8	1021
8	1022
8	1023
8	1027
8	1028
8	1033
8	1042
8	1085
8	1089
8	1127
8	1128
8	1160
8	1185
8	1189
8	1218
8	1282
8	1291
8	1312
8	1315
8	1332
8	1334
8	1345
8	1353
8	1384
8	1392
8	1618
8	1627
8	1629
8	1634
8	1635
8	1637
8	1736
8	1806
8	1813
8	1859
8	1882
8	1906
8	1917
8	1918
8	1925
8	1987
8	2010
8	2013
8	2021
8	2029
8	2034
8	2037
8	2038
8	2040
8	2045
8	2046
8	2048
8	2070
8	2174
8	2192
8	2210
8	2213
8	2231
8	2235
8	2237
8	2239
8	2240
8	2259
8	2260
8	2262
8	2275
8	2274
8	2332
8	2339
8	2355
8	2382
8	2384
8	2391
8	2393
8	2428
8	2430
8	2469
8	2511
8	2597
8	2601
8	2606
8	2608
8	2609
8	2615
8	2629
8	2675
8	2679
8	2680
8	2704
8	2715
8	2717
8	2728
8	2756
8	2760
8	2765
8	2767
8	2772
8	2775
8	2776
8	2789
8	2790
8	2794
8	2797
8	2805
8	2806
8	2809
8	2812
8	2813
8	2817
8	2820
8	2826
8	1721
8	2877
8	2903
8	2905
8	2906
8	2911
8	2960
8	3006
8	3010
8	3017
8	3018
8	3019
8	3023
8	3024
8	3026
8	3027
8	3034
8	3037
8	3045
8	3052
8	3056
8	3057
8	3063
8	3076
8	3101
8	3106
8	3109
8	3114
8	3131
8	3132
8	3135
8	3144
8	3158
8	3164
8	3166
8	3192
8	3193
8	3199
8	3200
8	3209
8	3242
8	3261
8	3297
8	3303
8	3309
8	3311
8	3319
8	3327
8	3333
8	3398
8	3429
8	3437
8	3438
8	3471
8	3475
8	3476
8	3481
8	3488
8	3540
8	3566
8	3570
8	3574
8	3579
8	3596
8	3598
8	3601
8	3603
8	3605
8	3606
8	3611
8	3613
8	3614
8	3615
8	3616
8	3621
8	3623
8	3645
9	3
10	9
10	16
10	17
10	21
10	39
10	41
10	48
10	70
10	74
10	75
10	88
10	89
10	90
10	3618
10	3619
11	10
12	9
12	15
12	18
12	19
12	2
12	20
12	23
12	22
12	37
12	1
12	42
12	41
12	45
12	44
12	49
12	54
12	75
12	84
12	88
12	89
12	100
12	115
12	158
12	159
12	160
12	165
12	167
12	168
12	169
12	173
12	278
12	291
12	294
12	322
12	326
12	342
12	344
12	398
12	400
12	414
12	413
12	417
12	426
12	428
12	430
12	504
12	514
12	512
12	502
12	518
12	547
12	554
12	586
12	590
12	595
12	609
12	608
12	618
12	607
12	640
12	639
12	638
12	643
12	671
12	674
12	675
12	681
12	689
12	692
12	696
12	714
12	715
12	727
12	729
12	737
12	740
12	758
12	837
12	844
12	852
12	858
12	861
12	863
12	856
12	869
12	871
12	877
12	889
12	892
12	890
12	894
12	904
12	903
12	907
12	912
12	913
12	914
12	915
12	919
12	921
12	930
12	944
12	945
12	956
12	958
12	959
12	971
12	995
12	1003
12	1000
12	1008
12	1009
12	1028
12	1045
12	1050
12	1068
12	1075
12	1080
12	1122
12	1128
12	1130
12	1153
12	1166
12	1165
12	1170
12	1182
12	1185
12	1186
12	1204
12	1210
12	1218
12	1269
12	1270
12	1298
12	1320
12	1324
12	1330
12	1331
12	1334
12	1335
12	1343
12	1398
12	1417
12	1483
12	1491
12	1493
12	1517
12	1530
12	1570
12	1593
12	1599
12	1603
12	1609
12	1614
12	1620
12	1629
12	1635
12	1641
12	1652
12	1664
12	1665
12	1682
12	1683
12	1694
12	1699
12	1709
12	1710
12	1732
12	1735
12	1739
12	1741
12	1757
12	1771
12	1792
12	1793
12	1836
12	1840
12	1859
12	1987
12	1988
12	1991
12	2028
12	2027
12	2026
12	2032
12	2033
12	2036
12	2042
12	2044
12	2050
12	2065
12	2069
12	2083
12	2093
12	2095
12	2099
12	2103
12	2123
12	2125
12	2126
12	2135
12	2197
12	2195
12	2201
12	2207
12	2213
12	2212
12	2211
12	2224
12	2226
12	2232
12	2235
12	2237
12	2239
12	2240
12	2258
12	2271
12	2287
12	2294
12	2295
12	2297
12	2332
12	2339
12	2340
12	2343
12	2354
12	36
12	2379
12	2384
12	2382
12	2387
12	2393
12	2395
12	2396
12	2402
12	2403
12	2405
12	2413
12	2417
12	2419
12	2423
12	2440
12	2458
12	2460
12	2470
12	2475
12	2483
12	2504
12	2514
12	2521
12	2528
12	2548
12	2556
12	2575
12	2578
12	2583
12	2588
12	2590
12	2598
12	2608
12	2615
12	2619
12	2629
12	2639
12	2637
12	2649
12	2657
12	2658
12	2673
12	2674
12	2675
12	2679
12	2680
12	2682
12	2685
12	2686
12	2693
12	2699
12	2702
12	2756
12	2755
12	2760
12	2765
12	2770
12	2788
12	2790
12	2809
12	2823
12	2829
12	2839
12	2843
12	2844
12	2845
12	2847
12	1721
12	2877
12	2878
12	2883
12	2884
12	2886
12	2888
12	2889
12	2890
12	2891
12	2892
12	2196
12	2584
12	2898
12	2900
12	2909
12	2957
12	2996
12	3014
12	3045
12	3057
12	3058
12	3063
12	3101
12	3106
12	3111
12	3120
12	3124
12	3125
12	3126
12	3127
12	3128
12	3129
12	3130
12	3131
12	3135
12	3150
12	3149
12	3163
12	3164
12	3165
12	3166
12	3170
12	3190
12	3193
12	3195
12	3198
12	3217
12	3230
12	3242
12	3253
12	3255
12	3260
12	3261
12	3263
12	3290
12	3291
12	3322
12	3327
12	3333
12	3361
12	3365
12	3369
12	3386
12	3387
12	3407
12	3408
12	3425
12	3431
12	3438
12	3470
12	3471
12	3473
12	3486
12	3488
12	3489
12	3556
12	3567
12	3593
12	3595
12	3604
12	3607
12	3608
12	3613
12	3614
12	3617
12	3620
12	3633
13	9
13	15
13	18
13	17
13	19
13	20
13	32
13	33
13	35
13	34
13	22
13	21
13	39
13	41
13	44
13	50
13	51
13	53
13	49
13	48
13	63
13	62
13	65
13	70
13	74
13	76
13	82
13	83
13	84
13	88
13	89
13	90
13	104
13	99
13	115
13	122
13	119
13	129
13	133
13	137
13	147
13	146
13	153
13	154
13	155
13	156
13	159
13	160
13	163
13	165
13	167
13	168
13	169
13	176
13	179
13	178
13	183
13	186
13	197
13	198
13	202
13	204
13	203
13	206
13	208
13	209
13	210
13	211
13	213
13	216
13	217
13	218
13	219
13	220
13	221
13	222
13	223
13	224
13	225
13	226
13	227
13	231
13	230
13	234
13	239
13	244
13	250
13	257
13	259
13	260
13	262
13	264
13	269
13	276
13	278
13	290
13	296
13	313
13	312
13	321
13	323
13	331
13	329
13	334
13	333
13	342
13	353
13	355
13	356
13	357
13	368
13	369
13	376
13	377
13	381
13	379
13	386
13	390
13	392
13	395
13	398
13	399
13	400
13	405
13	403
13	407
13	409
13	414
13	413
13	412
13	426
13	428
13	429
13	430
13	438
13	437
13	446
13	504
13	503
13	515
13	514
13	512
13	507
13	545
13	553
13	554
13	574
13	577
13	575
13	579
13	585
13	588
13	590
13	595
13	596
13	599
13	603
13	612
13	613
13	614
13	609
13	617
13	616
13	607
13	624
13	627
13	628
13	630
13	632
13	634
13	635
13	636
13	640
13	643
13	661
13	663
13	675
13	677
13	678
13	681
13	683
13	684
13	685
13	688
13	689
13	692
13	694
13	695
13	699
13	705
13	708
13	714
13	716
13	727
13	730
13	731
13	733
13	737
13	740
13	741
13	742
13	748
13	753
13	776
13	780
13	848
13	851
13	852
13	861
13	863
13	866
13	885
13	898
13	902
13	910
13	913
13	915
13	918
13	919
13	922
13	923
13	924
13	925
13	926
13	927
13	930
13	929
13	933
13	934
13	935
13	937
13	938
13	941
13	940
13	942
13	947
13	948
13	952
13	959
13	975
13	976
13	981
13	980
13	988
13	989
13	993
13	994
13	1028
13	1038
13	1050
13	1055
13	1058
13	1068
13	1075
13	1080
13	1083
13	1084
13	1094
13	1100
13	1125
13	1122
13	1121
13	1127
13	1134
13	1139
13	1140
13	1141
13	1142
13	1144
13	1145
13	1146
13	1148
13	1155
13	1154
13	1158
13	1161
13	1166
13	1165
13	1177
13	1179
13	1205
13	1243
13	1270
13	1276
13	1278
13	1281
13	1285
13	1298
13	1299
13	1308
13	1315
13	1317
13	1333
13	1334
13	1336
13	1338
13	1340
13	1341
13	1342
13	1343
13	1344
13	1353
13	1362
13	1363
13	1364
13	1368
13	1391
13	1398
13	1397
13	1401
13	1403
13	1406
13	1415
13	1417
13	1422
13	1430
13	1435
13	1440
13	1452
13	1453
13	1463
13	1468
13	1471
13	1474
13	1477
13	1478
13	1483
13	1486
13	1493
13	1500
13	1501
13	1503
13	1502
13	1504
13	1508
13	1510
13	1519
13	1532
13	1533
13	1536
13	1571
13	1570
13	1573
13	1577
13	1578
13	1586
13	1590
13	1601
13	1604
13	1608
13	1618
13	1616
13	1615
13	1620
13	1623
13	1625
13	1628
13	1629
13	1635
13	1637
13	1638
13	1639
13	1640
13	1641
13	1643
13	1655
13	1656
13	1658
13	1670
13	1675
13	1676
13	1686
13	1693
13	1695
13	1696
13	1701
13	1703
13	1714
13	1717
13	1720
13	1719
13	1726
13	1741
13	1742
13	1745
13	1746
13	1747
13	1748
13	1750
13	1752
13	1753
13	1754
13	1757
13	1756
13	1760
13	1761
13	1762
13	1771
13	1772
13	1773
13	1774
13	1775
13	1778
13	1779
13	1786
13	1787
13	1790
13	1791
13	1792
13	1799
13	1805
13	1807
13	1812
13	1811
13	1817
13	1816
13	1820
13	1821
13	1823
13	1827
13	1828
13	1832
13	1833
13	1834
13	1839
13	1840
13	1841
13	1842
13	1843
13	1844
13	1845
13	1846
13	1847
13	1848
13	1849
13	1850
13	1851
13	1852
13	1853
13	1854
13	1855
13	1856
13	1857
13	1859
13	1861
13	1862
13	1863
13	1864
13	1865
13	1866
13	1867
13	1868
13	1869
13	1870
13	1871
13	1872
13	1873
13	1874
13	1875
13	1876
13	1877
13	1878
13	1879
13	1881
13	1880
13	1883
13	1884
13	1885
13	1886
13	1887
13	1888
13	1889
13	1891
13	1892
13	1893
13	1894
13	1895
13	1896
13	1897
13	1898
13	1899
13	1900
13	1901
13	1902
13	1903
13	1904
13	1905
13	1907
13	1908
13	1909
13	1910
13	1911
13	1912
13	1913
13	1914
13	1915
13	1916
13	1922
13	1937
13	1987
13	1992
13	2004
13	2008
13	2015
13	2016
13	2017
13	2018
13	2021
13	2027
13	2032
13	2031
13	2033
13	2034
13	2035
13	2036
13	2038
13	2037
13	2041
13	2042
13	2043
13	2044
13	2046
13	2045
13	2049
13	2050
13	2051
13	2067
13	2069
13	2073
13	2075
13	2077
13	2079
13	2081
13	2086
13	2088
13	2093
13	2092
13	2095
13	2097
13	2099
13	2101
13	2103
13	2106
13	2105
13	2107
13	2109
13	2111
13	2112
13	2114
13	2116
13	2119
13	2120
13	2122
13	2124
13	2129
13	2130
13	2132
13	2140
13	2144
13	2192
13	2197
13	2204
13	2224
13	2228
13	2231
13	2234
13	2235
13	2238
13	2242
13	2245
13	2243
13	2246
13	2247
13	2248
13	2251
13	2252
13	2253
13	2258
13	2260
13	2259
13	2261
13	2263
13	2266
13	2275
13	2274
13	2277
13	2279
13	2280
13	2281
13	2282
13	2284
13	2286
13	2298
13	2311
13	2313
13	2315
13	2328
13	2330
13	2331
13	2334
13	2340
13	2341
13	2342
13	2343
13	2347
13	2350
13	2352
13	2354
13	2361
13	2363
13	2364
13	2365
13	2366
13	2367
13	2368
13	2369
13	2370
13	2371
13	2372
13	2373
13	2375
13	2383
13	2387
13	2391
13	2394
13	2393
13	2396
13	2397
13	2399
13	2401
13	2402
13	2403
13	2411
13	2412
13	2409
13	2413
13	2415
13	2417
13	2419
13	2423
13	2422
13	2428
13	2437
13	2436
13	2439
13	2440
13	2441
13	2443
13	2446
13	2445
13	2447
13	2449
13	2451
13	2452
13	2453
13	2456
13	2457
13	2458
13	2472
13	2473
13	2476
13	2475
13	2466
13	2479
13	2483
13	2487
13	2488
13	2492
13	2495
13	2494
13	2497
13	2499
13	2498
13	2500
13	2502
13	2503
13	2504
13	2506
13	2514
13	2520
13	2521
13	2526
13	2527
13	2531
13	2535
13	2542
13	2546
13	2549
13	2556
13	2565
13	2568
13	2567
13	2569
13	2572
13	2577
13	2579
13	2583
13	2589
13	2593
13	2594
13	2590
13	2595
13	2598
13	2601
13	2604
13	2605
13	2609
13	2610
13	2611
13	2612
13	2616
13	2620
13	2622
13	2623
13	2624
13	2626
13	2628
13	2629
13	2639
13	2637
13	2653
13	2649
13	2655
13	2654
13	2657
13	2658
13	2659
13	2673
13	2675
13	2678
13	2685
13	2686
13	734
13	2702
13	2707
13	2713
13	2716
13	2725
13	2726
13	2730
13	2731
13	2732
13	2733
13	2734
13	2736
13	2737
13	2738
13	2739
13	2740
13	2741
13	2742
13	2743
13	2744
13	2745
13	2746
13	2747
13	2748
13	2749
13	2750
13	2751
13	2752
13	2753
13	2756
13	2759
13	2765
13	2767
13	2771
13	2774
13	2777
13	2780
13	2781
13	2785
13	2786
13	2788
13	2798
13	2799
13	2800
13	2801
13	2802
13	2803
13	2809
13	2816
13	2817
13	2818
13	2822
13	2823
13	2821
13	2824
13	2828
13	2829
13	2827
13	2831
13	2833
13	2836
13	2837
13	2838
13	2840
13	2839
13	2843
13	2844
13	2845
13	2847
13	2848
13	2850
13	2851
13	2854
13	2858
13	2860
13	2868
13	2870
13	2872
13	2880
13	2887
13	2888
13	2893
13	2894
13	2196
13	2899
13	2900
13	2902
13	2905
13	2904
13	2906
13	2907
13	2911
13	2916
13	2919
13	2921
13	2924
13	2925
13	2927
13	2928
13	2944
13	2945
13	2949
13	2956
13	2958
13	2959
13	2962
13	2969
13	1678
13	2970
13	2982
13	2985
13	2987
13	2991
13	2992
13	2993
13	2994
13	2995
13	3001
13	3009
13	3013
13	3021
13	3023
13	3022
13	3024
13	3029
13	3034
13	3033
13	3038
13	3042
13	3041
13	3048
13	3045
13	3054
13	3056
13	3060
13	3061
13	3062
13	3066
13	3063
13	3069
13	3070
13	3076
13	3082
13	3083
13	3087
13	3090
13	3095
13	3094
13	3096
13	3097
13	3098
13	3099
13	3105
13	3106
13	3107
13	3108
13	3109
13	3113
13	3111
13	3114
13	3115
13	3117
13	3116
13	3118
13	3119
13	3120
13	3121
13	3124
13	3126
13	3125
13	3127
13	3128
13	3129
13	3130
13	3131
13	3133
13	3134
13	3136
13	3138
13	3139
13	3143
13	3144
13	3146
13	3150
13	3156
13	3158
13	3157
13	3170
13	3173
13	3190
13	3188
13	3191
13	3192
13	3193
13	3195
13	3202
13	3203
13	3206
13	3208
13	3209
13	3214
13	3227
13	3228
13	3229
13	3230
13	3233
13	3237
13	3242
13	3251
13	3252
13	3253
13	3255
13	3257
13	3258
13	3259
13	3261
13	3263
13	3262
13	3264
13	3265
13	3287
13	3290
13	3291
13	3303
13	3311
13	3314
13	3317
13	3319
13	3329
13	3333
13	3332
13	3336
13	3337
13	3339
13	3341
13	3344
13	3345
13	3350
13	3351
13	3361
13	3362
13	3367
13	3368
13	3369
13	3370
13	3371
13	3376
13	3378
13	3380
13	3382
13	3381
13	3383
13	3385
13	3389
13	3395
13	3400
13	3401
13	3403
13	3406
13	3411
13	3413
13	3415
13	3418
13	3419
13	3421
13	3424
13	3425
13	3426
13	3427
13	3428
13	3430
13	3431
13	3434
13	3438
13	3442
13	3443
13	3449
13	3448
13	3450
13	3451
13	3458
13	3464
13	3470
13	3471
13	3473
13	3480
13	3482
13	3485
13	3488
13	3489
13	3490
13	3492
13	3491
13	3495
13	3498
13	3499
13	3500
13	3501
13	3502
13	3505
13	3507
13	3509
13	3513
13	3512
13	3511
13	3510
13	3523
13	3527
13	3528
13	3530
13	3531
13	3533
13	3535
13	3536
13	3540
13	3542
13	3543
13	3544
13	3545
13	3546
13	3547
13	3549
13	3551
13	3552
13	3554
13	3555
13	3560
13	3562
13	3563
13	3566
13	3567
13	3568
13	3570
13	3572
13	3574
13	3575
13	3579
13	3580
13	3581
13	3583
13	3593
13	3594
13	3595
13	3596
13	3601
13	3602
13	3605
13	3607
13	3608
13	3610
13	3613
13	3617
13	3616
13	3618
13	3620
13	3624
13	3631
13	3633
13	3642
13	3644
13	3646
14	3
15	3
16	15
16	20
16	37
16	65
16	157
16	3593
16	3594
16	3595
16	3597
16	3598
16	3612
17	2
17	3585
17	3592
18	17
18	100
18	119
18	137
18	146
18	554
18	971
18	1125
18	1483
18	1741
18	1810
18	2001
18	3017
19	2
19	1
19	75
19	158
19	2597
19	3101
19	3585
19	3597
19	3598
19	3601
19	3602
19	3603
19	3605
19	3606
19	3607
19	3608
19	3610
19	3611
19	3613
19	3619
19	3621
20	1
20	160
20	167
21	1
21	160
21	162
21	3607
21	3608
22	21
22	119
22	971
22	1293
22	1491
22	1526
22	1593
22	1741
22	2026
22	2070
22	2312
23	22
23	2027
23	2135
23	2212
23	2275
23	2285
23	2353
23	2677
24	22
25	22
25	72
25	71
25	982
25	986
25	1163
25	1162
25	1319
25	1728
25	2446
25	2677
25	2915
25	3642
26	22
26	26
26	971
26	1425
26	1427
26	1485
26	2028
26	2108
26	2272
27	26
27	22
27	1
27	42
27	170
27	174
27	609
27	871
27	892
27	1075
27	1076
27	1282
27	1340
27	1341
27	1342
27	1343
27	1475
27	1534
27	1618
27	1616
27	1635
27	1655
27	1692
27	1696
27	1726
27	1739
27	1741
27	1752
27	1753
27	1763
27	1764
27	1766
27	1767
27	2189
27	2195
27	2229
27	2330
27	2332
27	2393
27	2413
27	2415
27	2423
27	2434
27	2439
27	2440
27	2453
27	2530
27	2557
27	2585
27	2589
27	2601
27	2604
27	2605
27	2606
27	2608
27	2611
27	2614
27	2615
27	2619
27	2653
27	2655
27	2654
27	2657
27	2658
27	2679
27	2680
27	2820
27	2826
27	2836
27	2838
27	2840
27	2848
27	2851
27	2865
27	2866
27	2870
27	2874
27	2887
27	2909
27	2948
27	2983
27	2986
27	3041
27	3045
27	3063
27	3109
27	3120
27	3134
27	3136
27	3297
27	3352
27	3422
27	3585
27	3604
28	22
28	1454
28	1658
29	22
29	44
29	18
29	28
29	172
29	182
29	221
29	266
29	294
29	322
29	342
29	349
29	415
29	426
29	514
29	533
29	515
29	548
29	553
29	559
29	560
29	569
29	607
29	643
29	832
29	863
29	882
29	900
29	909
29	929
29	938
29	955
29	971
29	989
29	1019
29	1063
29	1091
29	1165
29	1177
29	1240
29	1243
29	1270
29	1159
29	1308
29	1321
29	1376
29	1491
29	1497
29	1498
29	1566
29	1575
29	1611
29	1630
29	1641
29	1653
29	1679
29	1726
29	1754
29	1831
29	1842
29	1986
29	1988
29	2003
29	2028
29	2063
29	2064
29	2065
29	2108
29	2180
29	2188
29	2207
29	2213
29	2217
29	2239
29	2251
29	2252
29	2253
29	2274
29	2344
29	36
29	2429
29	2444
29	2556
29	2557
29	2624
29	2648
29	2673
29	435
29	2756
29	2765
29	2767
29	2769
29	2790
29	2792
29	2793
29	2809
29	2817
29	2852
29	2964
29	2966
29	2967
29	2997
29	3012
29	3013
29	3015
29	3016
29	3026
29	3040
29	3043
29	3045
29	3051
29	3063
29	3069
29	3070
29	3302
29	3312
29	3315
29	3316
29	3358
29	3360
29	3377
29	3396
29	3399
29	3404
29	3482
29	3486
29	3487
29	3528
29	3570
29	3585
29	3615
30	22
31	22
31	33
31	1
31	50
31	97
31	99
31	123
31	158
31	172
31	173
31	175
31	174
31	250
31	259
31	265
31	298
31	331
31	337
31	339
31	336
31	340
31	341
31	342
31	344
31	374
31	381
31	386
31	400
31	403
31	405
31	407
31	410
31	409
31	412
31	425
31	426
31	547
31	568
31	572
31	576
31	580
31	578
31	590
31	609
31	618
31	607
31	624
31	675
31	684
31	689
31	708
31	715
31	727
31	730
31	751
31	758
31	828
31	831
31	837
31	845
31	847
31	848
31	852
31	849
31	868
31	871
31	874
31	877
31	882
31	883
31	890
31	893
31	904
31	930
31	929
31	1002
31	1000
31	1028
31	1050
31	1068
31	1089
31	1120
31	1135
31	1160
31	1182
31	1218
31	1240
31	1270
31	1282
31	1336
31	1342
31	1376
31	1375
31	1463
31	1491
31	1570
31	1595
31	1596
31	1609
31	1618
31	1629
31	1637
31	1688
31	1691
31	1701
31	1724
31	1729
31	1749
31	1756
31	1760
31	1782
31	2021
31	2020
31	2026
31	2029
31	2031
31	2032
31	2033
31	2034
31	2035
31	2036
31	2038
31	2037
31	2040
31	2041
31	2042
31	2043
31	2044
31	2045
31	2046
31	2048
31	2049
31	2050
31	2051
31	2189
31	2207
31	2213
31	2211
31	2221
31	2224
31	2227
31	2229
31	2232
31	2235
31	2237
31	2239
31	2246
31	2258
31	2260
31	2259
31	2262
31	2261
31	2263
31	2266
31	2268
31	2272
31	2289
31	2296
31	2340
31	2355
31	2356
31	2382
31	2402
31	2405
31	2409
31	2417
31	2422
31	2428
31	2438
31	2440
31	2452
31	2453
31	2458
31	2460
31	2462
31	2475
31	2482
31	2483
31	2487
31	2506
31	2511
31	2585
31	2588
31	2598
31	2606
31	2608
31	2611
31	2614
31	2615
31	2625
31	2627
31	2649
31	2653
31	2657
31	2680
31	2681
31	2698
31	2707
31	2756
31	2765
31	2792
31	2793
31	2817
31	2836
31	2844
31	2847
31	2854
31	2860
31	2861
31	2865
31	2870
31	2882
31	2884
31	2891
31	2892
31	2894
31	2900
31	2903
31	2902
31	2905
31	2904
31	2906
31	2907
31	2911
31	2926
31	2933
31	2944
31	2954
31	2955
31	2960
31	2967
31	2971
31	3024
31	3052
31	3057
31	3063
31	3071
31	3101
31	3110
31	3111
31	3114
31	3120
31	3124
31	3125
31	3126
31	3127
31	3128
31	3129
31	3130
31	3134
31	3136
31	3135
31	3150
31	3158
31	3163
31	3164
31	3170
31	3190
31	3193
31	3194
31	3198
31	3199
31	3200
31	3201
31	3233
31	3257
31	3258
31	3297
31	3327
31	3333
31	3348
31	3351
31	3355
31	3361
31	3429
31	3473
31	3492
31	3604
31	3608
32	22
32	1491
32	1492
32	2095
32	2299
32	2300
32	2301
32	2302
32	2303
32	2305
32	2306
32	2307
32	2309
32	2310
32	2311
32	2312
32	2313
32	2314
33	22
34	22
34	34
34	21
34	59
34	88
34	168
35	34
35	40
35	63
35	129
35	1158
35	1161
35	1318
35	1814
35	1889
35	1943
35	2607
35	3398
35	3475
35	3481
36	34
36	40
36	63
37	1
37	62
37	64
37	167
37	3596
37	3621
38	37
38	1526
38	1587
38	1741
38	2784
38	3149
38	3593
39	1
39	161
39	162
39	167
39	3608
40	39
40	40
40	90
40	1293
41	1
41	167
41	3585
41	3592
42	41
42	1655
42	2332
42	2615
42	3604
44	5
45	44
45	57
46	9
46	3154
46	3167
46	3205
47	165
47	166
48	47
49	48
49	1718
49	1719
49	1728
49	2270
49	2272
49	2287
49	2566
50	49
50	51
51	49
51	2270
51	2275
52	51
52	987
52	1162
52	1442
52	1452
52	1470
52	1578
52	1591
52	2462
52	2464
52	2568
52	2677
52	2783
52	2833
52	2885
52	2894
52	2896
52	2917
52	2962
52	2967
52	3001
52	2005
53	49
53	339
53	341
53	360
53	362
53	828
53	834
53	847
53	844
53	851
53	852
53	853
53	849
53	858
53	867
53	899
53	913
53	914
53	943
53	944
53	945
53	985
53	987
53	1120
53	1269
53	1444
53	1464
53	1467
53	1466
53	1469
53	1480
53	1506
53	1530
53	1699
53	1757
53	2075
53	2093
53	2096
53	2124
53	2143
53	2156
53	2174
53	2176
53	2177
53	2184
53	2185
53	2307
53	2328
53	2518
53	2533
53	3241
53	3321
53	3329
53	3339
53	3369
53	3472
53	3473
55	54
55	56
59	159
59	169
60	59
60	3622
61	60
62	61
63	62
64	61
64	3101
65	64
65	3620
66	65
66	342
66	344
66	531
66	530
66	533
66	534
66	553
66	590
66	593
66	727
66	729
66	737
66	741
66	742
66	746
66	756
66	848
66	885
66	911
66	958
66	1270
66	1319
66	1003
66	1456
66	1587
66	2522
66	2608
66	2698
66	2729
66	2750
66	2757
66	2794
66	2795
66	2796
66	2797
66	2798
66	2799
66	2800
66	2801
66	2802
66	2803
66	2804
66	2810
66	2811
66	2853
66	2937
66	3163
66	3242
66	3261
66	3488
67	60
67	1121
67	2104
67	2106
67	2107
67	2514
67	2590
68	67
68	100
68	119
68	1125
68	1121
68	1571
68	1580
68	1586
68	1587
68	2001
68	2014
68	2302
68	3045
68	3052
68	3063
68	3101
68	3577
69	68
69	119
69	122
69	1004
69	1030
69	1028
69	1121
69	1289
69	1615
69	1650
69	1694
69	1693
69	1735
69	2011
69	2075
69	2093
69	2103
69	2198
69	2224
69	2232
69	2384
69	2392
69	2414
69	2421
69	2423
69	2427
69	2434
69	2437
69	2443
69	2453
69	2464
69	2501
69	2504
69	2523
69	2532
69	2590
69	2593
69	2594
69	2608
69	2619
69	2653
69	2819
69	2825
69	2842
69	2845
69	2847
69	2872
69	2886
69	2888
69	2584
69	3333
69	2005
69	2841
70	167
71	70
71	119
71	981
71	979
71	1104
71	1422
71	1437
71	1438
71	1491
71	1706
71	1735
71	1823
71	2070
72	71
72	122
72	573
72	987
72	1004
72	1684
72	2084
73	71
73	1097
73	1158
73	1161
73	1319
73	3641
73	3642
73	3643
75	3585
76	75
76	76
77	75
77	180
77	222
77	503
77	506
77	502
77	557
77	560
77	685
77	713
77	723
77	727
77	918
77	922
77	924
77	926
77	934
77	937
77	947
77	955
77	1526
77	1597
77	1749
77	2201
77	2221
77	2224
77	2227
77	2232
77	2363
77	2364
77	2365
77	2366
77	2367
77	2368
77	2369
77	2370
77	2371
77	2372
77	2373
77	2731
77	2732
77	2734
77	2737
77	2740
77	2741
77	2742
77	2748
77	2751
77	2752
77	2753
77	2765
77	2784
77	2809
77	2815
77	3529
77	3583
77	3593
77	3619
78	77
79	77
80	77
80	741
80	3284
81	77
81	742
82	77
82	23
82	278
82	294
82	293
82	413
82	503
82	512
82	560
82	929
82	971
82	1132
82	1334
82	1498
82	2275
82	2297
82	2351
82	2353
82	2725
82	2756
82	3497
83	77
83	503
83	1121
83	1374
83	1376
83	1379
83	2513
83	2625
84	23
84	84
84	3365
84	3401
84	3402
84	3403
85	30
86	85
86	1480
86	1481
86	1482
87	86
87	1476
87	1645
88	160
89	162
89	163
90	161
91	90
91	1654
91	1748
91	1749
91	2201
91	2214
91	2222
91	2223
91	2224
91	2227
91	2232
91	3161
91	3441
91	3652
92	91
92	373
92	1004
92	1614
92	1615
92	1694
92	2198
92	2409
92	2438
92	2439
92	2453
92	2460
92	2472
92	2480
92	2481
92	2482
92	2579
92	2598
92	2612
92	2619
92	2681
92	2682
92	2684
92	371
92	2687
92	2688
92	2843
92	2845
92	2847
92	2882
92	2883
92	2884
92	2885
92	2886
92	2887
92	2888
92	2889
92	2890
92	2891
92	2892
92	2893
92	2894
92	2896
92	2196
92	2897
92	2584
92	2898
92	2899
92	3322
92	3333
92	3564
92	1700
96	95
96	205
96	274
96	683
96	1117
96	1337
96	1529
96	1633
96	2255
96	2338
96	2406
96	2455
96	2814
96	2834
96	2922
96	2961
96	2978
96	3024
96	3031
96	3060
96	3122
96	3566
95	97
99	98
99	106
99	2571
99	2572
100	99
100	1002
100	1649
100	1732
100	2001
100	2177
100	2185
101	100
101	1605
101	1925
101	2001
102	100
102	98
102	2570
102	2572
103	100
103	551
103	1024
103	1177
103	1491
103	2127
103	2317
103	2680
103	2838
103	2840
104	100
104	265
104	279
104	286
104	285
104	287
104	289
104	292
104	295
104	298
104	342
104	348
104	352
104	354
104	396
104	423
104	841
104	842
104	897
104	905
104	903
104	915
104	921
104	1120
104	1122
104	1369
104	1536
104	1566
104	1575
104	1588
104	1659
104	2001
104	2013
104	2014
104	2016
104	2326
104	3083
104	3440
104	3496
104	3598
105	104
105	333
106	99
107	106
107	996
107	1397
107	1490
107	1489
107	1491
107	1730
107	2283
107	3554
108	106
108	1484
108	1485
108	1487
108	1491
108	1514
108	1515
108	1516
108	1730
108	2026
108	2269
108	2273
108	2275
108	2290
108	2897
108	2914
108	2916
108	2921
111	110
111	1713
111	1714
111	2582
113	112
113	118
113	117
113	1103
113	1104
113	1711
113	1712
113	1734
113	1733
113	1737
113	1741
113	2014
113	2573
113	2575
113	3556
115	114
115	993
115	994
115	1010
115	1011
115	1276
115	1407
115	1408
115	1409
115	1410
115	1411
115	1412
115	1413
115	1414
115	1416
115	1417
115	1418
115	1419
115	1420
115	1421
115	1425
115	1426
115	1428
115	1429
115	1430
115	1431
115	1432
115	1434
115	1435
115	1487
115	1488
115	1516
115	1598
115	2018
115	2518
116	115
116	1009
116	1483
116	1510
116	1513
118	117
118	1712
118	2575
118	3559
119	118
119	1104
119	1734
120	119
120	1810
121	119
121	1324
121	1400
121	1597
121	1598
121	1603
121	1610
121	1612
121	1613
121	1620
121	1645
121	1657
121	1660
121	1664
121	1665
121	1669
121	1674
121	1679
121	1682
121	1691
121	1699
121	2124
121	2195
121	2224
121	2232
121	2575
121	3650
122	119
122	1735
122	1741
124	123
124	128
124	2176
124	2512
126	125
126	132
126	2133
126	2156
126	2157
126	2159
126	2173
127	126
127	2162
127	2165
127	2170
127	2174
127	2175
128	127
128	3217
128	3260
129	128
129	2165
131	130
132	131
132	2181
134	133
134	3424
134	3425
134	3426
134	3428
135	134
135	2587
135	3042
135	3303
135	3304
135	3309
135	3310
135	3319
135	3326
135	3327
135	3331
135	3332
135	3334
135	3335
135	3339
135	3405
135	3415
135	3421
135	3422
135	3423
135	3471
137	136
137	3267
137	3268
137	3269
137	3270
137	3271
137	3287
138	137
138	422
138	685
138	727
138	3285
138	3286
139	137
139	146
139	422
139	426
139	593
139	681
139	685
139	727
139	729
139	737
139	2756
139	2755
139	3325
139	3404
141	140
141	3483
141	3484
141	3486
143	142
143	3311
143	3477
143	3485
144	142
144	2027
144	3072
144	3091
144	3092
144	3288
144	3290
144	3291
144	3292
144	3311
144	3325
144	3326
144	3387
144	3388
144	3390
144	3391
144	3392
144	3393
144	3394
144	3395
144	3407
144	3485
146	145
146	3272
146	3273
146	3274
146	3275
146	3276
146	3277
146	3278
146	3279
146	3280
146	3281
146	3282
146	3283
147	146
147	426
147	430
147	729
147	2757
147	3404
148	146
148	152
150	149
150	3487
152	151
152	3266
152	3417
152	3451
152	3452
152	3466
157	158
169	3638
171	170
171	174
171	425
171	1028
171	2854
171	2869
172	173
175	174
175	609
175	3109
175	3110
175	3111
175	3114
175	3115
175	3124
175	3125
175	3126
175	3127
175	3128
175	3129
175	3130
175	3132
175	3135
175	3143
175	3145
177	176
177	496
177	500
177	519
177	521
177	522
177	523
177	524
177	525
177	528
177	529
177	3521
177	3530
177	3535
177	3537
177	3538
177	3539
177	3543
177	3551
179	178
179	181
179	186
179	188
179	187
179	191
179	195
179	197
179	198
179	199
179	200
179	201
179	202
179	962
179	963
179	965
179	966
179	967
179	1290
179	1292
179	1296
179	1520
179	1521
179	1522
179	2386
179	3210
179	3211
179	3244
179	3248
178	181
178	186
178	188
178	189
178	190
178	194
178	196
178	198
178	199
178	200
178	201
178	962
178	963
178	965
178	966
178	967
178	1290
178	1292
178	1296
178	1520
178	1521
178	1522
178	2381
178	2385
178	2386
178	3210
178	3211
178	3212
178	3213
178	3244
178	3245
178	3246
178	3247
178	3248
178	3249
178	3250
181	180
181	182
182	180
185	184
188	187
188	192
188	193
188	195
188	202
188	3567
192	191
193	197
204	203
204	206
204	207
204	208
204	209
204	210
204	211
204	212
204	213
204	214
204	215
204	216
204	217
204	219
204	960
204	961
204	964
204	968
204	1518
205	204
205	253
205	261
205	263
205	276
205	358
205	420
205	424
205	544
205	558
205	565
205	757
205	760
205	761
205	762
205	763
205	764
205	765
205	766
205	774
205	775
205	876
205	908
205	928
205	1355
205	1356
205	1358
205	1359
205	1360
205	1361
205	1362
205	1365
205	1366
205	1367
205	1368
205	1369
205	1370
205	1372
205	1373
205	1380
205	1381
205	1382
205	1383
205	1384
205	1385
205	1386
205	1387
205	1388
205	1389
205	1393
205	1394
205	1395
205	1396
205	1589
205	2350
205	2352
205	2362
205	2374
205	2377
205	2378
205	2390
205	3478
205	3581
228	227
228	231
228	296
228	910
228	2354
229	228
229	227
229	344
231	230
231	234
231	235
231	240
231	242
231	243
231	246
231	255
231	1991
230	237
230	238
230	239
230	241
230	244
230	245
230	247
230	248
230	249
232	231
233	231
233	496
233	497
233	500
233	501
233	502
233	519
233	521
233	525
233	528
233	1270
233	2002
233	2178
233	2186
234	236
251	250
251	874
251	2847
251	3507
251	3560
251	3568
250	257
250	259
252	250
252	1726
252	1728
252	1729
252	1796
252	3025
255	254
255	256
258	257
258	2475
262	262
266	265
266	272
266	273
265	503
267	265
267	2679
267	2680
268	267
268	2680
270	269
269	438
269	716
269	2679
271	269
271	440
275	270
276	3553
278	277
278	321
278	331
278	904
278	1120
278	1576
278	1577
278	1590
278	2009
278	2013
278	2014
278	2015
278	2333
277	286
277	292
279	278
279	347
279	351
279	352
280	278
280	347
280	348
280	351
280	352
280	3501
281	280
281	722
281	2329
281	3500
281	3604
282	278
282	290
282	377
283	278
283	297
283	321
283	907
283	915
283	921
283	948
283	1390
283	2009
283	3499
284	278
284	347
284	351
284	352
284	2456
284	3494
286	285
286	287
286	288
286	289
286	295
292	291
292	293
291	502
294	293
294	1127
294	2010
297	950
299	298
299	723
298	322
298	349
300	301
301	302
302	303
302	304
304	305
304	308
304	309
304	310
304	311
305	306
306	307
313	312
313	369
313	497
313	501
313	518
313	520
313	526
313	551
313	2008
313	2701
313	3525
313	3526
313	3542
313	3546
313	3561
313	3562
313	3563
313	3565
314	315
314	316
314	317
314	318
318	319
318	320
323	322
324	322
324	357
324	503
325	322
325	339
325	340
325	342
325	354
325	391
325	428
325	502
325	512
325	609
325	856
325	864
325	877
325	882
325	912
325	914
325	943
325	1058
325	1082
325	1218
325	1159
325	1500
325	1501
325	1644
325	1668
325	1679
325	1715
325	1807
325	2003
325	2009
325	2027
325	2180
325	2188
325	2195
325	2482
325	2649
325	2701
325	2704
325	2719
325	2756
325	2765
325	2788
325	2809
325	2817
325	2881
325	3207
325	3486
325	3501
325	3565
327	326
327	350
327	952
327	2457
328	327
328	326
328	329
328	952
328	1128
328	1130
329	326
330	329
331	330
331	2004
332	326
332	2845
332	3570
334	333
334	374
334	397
334	859
334	877
334	931
334	944
334	945
334	1119
334	1355
334	1463
335	334
337	336
338	337
338	339
338	341
339	337
339	339
342	342
343	342
343	1343
343	1344
343	2698
345	344
346	344
346	426
346	502
346	512
346	514
346	515
346	680
346	729
346	730
346	837
346	842
346	851
346	858
346	861
346	871
346	892
346	890
346	896
346	912
346	920
346	923
346	963
346	989
346	1006
346	1009
346	1011
346	1050
346	1063
346	1104
346	1120
346	1127
346	1128
346	1130
346	1134
346	1139
346	1140
346	1141
346	1142
346	1144
346	1145
346	1146
346	1148
346	1157
346	1165
346	1181
346	1180
346	1192
346	1193
346	1202
346	1221
346	1222
346	1226
346	1243
346	1256
346	1257
346	1261
346	1265
346	1266
346	1270
346	1278
346	1299
346	1308
346	1313
346	1319
346	1323
346	1376
346	1403
346	1635
346	1652
346	1655
346	1726
346	1757
346	2013
346	2014
346	2027
346	2065
346	2116
346	2191
346	2384
346	2393
346	2396
346	2402
346	2416
346	2417
346	2423
346	2428
346	2430
346	2435
346	2436
346	2440
346	2462
346	2470
346	2475
346	2479
346	2483
346	2488
346	2504
346	2527
346	2548
346	2581
346	2585
346	2597
346	2606
346	2608
346	2637
346	2649
346	2653
346	2656
346	2657
346	2674
346	2680
346	2713
346	2715
346	2716
346	2717
346	2718
346	2727
346	2756
346	2765
346	2786
346	2787
346	2809
346	2818
346	2821
346	2823
346	2824
346	2827
346	2829
346	2988
346	2996
346	3023
346	3032
346	3037
346	3043
346	3052
346	3061
346	3069
346	3070
346	3072
346	3074
346	3076
346	3078
346	3095
346	3217
346	3216
346	3215
346	3219
346	3222
346	3224
346	3225
346	3226
346	3230
346	3233
346	3237
346	3239
346	3253
346	3255
346	3257
346	3258
346	3260
346	3262
346	3323
346	3322
346	3376
346	3377
346	3378
346	3380
346	3381
346	3383
346	3385
346	3386
346	3405
346	3429
346	3438
346	3481
346	3489
346	3554
346	3559
346	3609
347	378
347	949
347	1131
347	2456
348	1118
352	897
352	1391
352	2012
352	2019
352	2719
355	354
355	778
360	359
360	367
362	361
362	363
362	364
362	365
367	852
367	1094
371	370
371	719
371	721
372	370
372	388
372	710
372	720
372	726
372	736
372	744
372	944
372	945
372	2689
372	709
372	2699
372	3647
373	372
373	877
373	860
375	374
375	385
375	387
375	391
380	379
380	383
380	384
379	383
379	384
381	379
381	393
381	394
381	396
382	381
382	385
382	399
386	385
386	387
386	392
386	386
388	386
388	395
388	398
388	1119
388	2697
388	2699
388	2702
389	386
391	390
397	396
398	397
398	724
398	725
398	735
398	743
398	755
398	2683
398	2685
398	2686
398	2698
398	2700
398	3522
401	400
401	409
401	715
401	1028
401	2031
401	2032
401	2036
401	2041
401	2044
401	2049
401	2258
401	2261
401	2356
401	2836
401	2854
401	2900
401	2902
401	3010
401	3017
401	3018
401	3124
401	3125
401	3126
401	3127
401	3128
401	3129
401	3130
401	3348
401	3372
401	3400
401	3431
400	409
400	412
402	400
402	715
402	2032
402	2036
402	2044
402	2258
402	2836
402	2856
402	2855
402	2866
402	2867
402	2900
402	3124
402	3125
402	3126
402	3127
402	3128
402	3129
402	3130
402	3319
402	3327
404	403
404	1640
404	2034
404	2037
404	2045
404	2259
404	2906
404	3113
404	3572
405	403
405	405
405	412
406	405
406	2038
406	2046
406	2260
406	2905
408	407
408	2035
408	2043
408	2051
408	2266
408	2907
410	409
410	412
409	412
411	409
411	417
411	687
411	2031
411	2041
411	2049
411	2261
411	2817
411	2902
411	2990
413	412
414	413
415	413
416	413
416	417
416	418
416	419
416	423
422	421
424	432
425	426
426	427
426	428
426	429
426	430
430	431
434	433
434	507
433	531
433	534
435	433
435	869
435	871
435	864
435	892
435	894
435	900
435	903
435	920
437	436
437	446
437	451
437	467
437	475
437	491
438	437
438	700
438	730
438	731
438	740
439	438
439	441
439	453
439	498
439	547
439	701
439	732
439	739
439	740
439	746
439	754
439	915
439	1165
439	2754
439	2756
439	2755
439	2765
439	2815
439	3515
439	3525
439	3540
440	439
440	717
440	746
440	754
440	3514
440	3526
441	437
441	443
441	447
441	452
441	468
441	476
441	492
442	437
442	436
442	446
442	445
442	444
442	451
442	450
442	458
442	457
442	461
442	463
442	465
442	467
442	469
442	471
442	473
442	475
442	477
442	480
442	479
442	483
442	485
442	487
442	489
442	491
442	535
442	537
442	539
442	541
442	740
443	436
445	444
445	458
445	461
445	473
445	485
445	489
445	535
446	445
446	455
446	463
446	469
447	446
447	448
447	456
447	470
448	445
448	449
448	459
448	462
448	474
448	486
448	490
448	536
449	444
451	450
451	465
451	471
451	480
452	451
452	454
452	466
452	472
452	481
453	452
453	454
453	518
453	730
453	740
453	746
453	754
453	2765
453	2812
453	3525
453	3526
453	3532
453	3539
453	3540
454	450
455	477
455	541
456	455
456	464
456	478
456	542
458	457
458	483
458	487
459	458
459	460
459	484
459	488
460	457
462	461
464	463
466	465
468	467
470	469
472	471
474	473
476	475
478	477
480	479
480	537
480	539
481	480
481	482
481	538
481	540
482	479
484	483
486	485
488	487
490	489
492	491
494	493
493	502
495	494
495	696
495	697
495	698
495	722
495	3527
499	498
503	502
503	504
503	713
503	722
503	754
503	2720
504	503
505	502
505	2738
505	2792
505	2817
506	505
506	713
507	502
508	507
508	723
509	508
510	509
510	507
510	718
511	507
511	904
511	907
511	916
511	921
511	925
511	927
511	948
511	955
512	507
512	512
513	512
514	512
514	514
514	1299
514	3262
514	3285
514	3475
515	514
515	515
515	3264
516	512
516	546
517	507
517	902
517	907
517	915
517	918
517	921
517	922
517	924
517	926
517	934
517	937
517	947
517	3649
527	526
527	1614
527	2557
527	2681
527	2682
527	2685
527	2686
527	2699
527	2700
527	2843
527	2845
527	2878
527	2882
527	2883
527	2889
527	2890
527	2196
527	2898
527	2984
527	2997
527	3194
527	3198
527	3333
531	530
531	533
532	531
532	530
532	534
532	718
532	861
532	912
532	914
532	2680
532	2756
536	535
538	537
540	539
542	541
544	543
544	545
544	552
547	547
550	549
550	987
550	1007
550	1031
553	553
555	554
555	1334
555	2675
555	3106
555	3209
555	3242
555	3261
556	555
556	741
556	742
556	2384
556	2629
556	2718
556	2981
556	3150
560	3169
560	3201
561	560
561	1085
561	1771
561	2835
561	1721
563	562
563	1601
563	2376
564	563
564	567
564	568
564	1592
564	1637
564	1817
564	2220
565	564
565	1302
565	2296
565	2676
565	3103
567	566
567	3232
567	3256
570	569
570	1597
571	570
571	1741
571	1749
571	2232
573	572
573	981
573	1003
573	1467
573	1735
573	2176
573	2184
574	572
574	1008
574	1086
574	1107
574	1112
574	1758
574	1761
574	1762
574	1768
574	1769
574	1790
574	1791
574	1842
574	1987
574	1990
574	2300
574	2301
574	2305
576	575
576	579
576	578
576	603
576	607
576	618
576	627
576	630
576	631
576	640
576	685
576	689
576	692
575	578
575	630
575	631
577	575
577	603
577	631
577	633
577	635
579	578
579	599
580	579
580	603
580	607
580	640
581	580
581	587
581	591
581	639
581	658
581	675
582	581
582	586
582	640
583	578
584	578
586	585
586	590
586	595
586	627
587	585
587	595
589	588
589	607
589	694
591	590
591	627
592	591
593	684
593	3326
594	593
594	619
594	624
594	3053
598	597
601	600
600	607
602	600
602	624
603	640
605	604
605	606
606	604
607	606
607	624
608	607
608	608
608	618
608	2756
608	3096
608	3131
608	3290
609	608
610	609
610	616
611	610
611	608
611	616
612	609
612	3148
613	609
613	3109
613	3111
613	3113
613	3124
613	3125
613	3126
613	3127
613	3128
613	3129
613	3130
613	3135
613	3145
613	3148
614	609
615	614
615	3113
615	3120
616	607
616	2756
616	3109
617	616
618	607
619	607
620	619
620	684
620	3326
620	3648
621	619
621	3648
622	619
622	607
622	684
622	686
622	687
622	688
622	689
622	3326
622	3648
623	607
623	640
623	641
623	676
623	677
624	682
625	624
625	2235
627	626
627	675
629	628
633	632
637	636
639	638
639	658
639	672
638	674
638	677
640	639
640	643
640	662
640	673
640	675
641	639
641	675
642	638
642	2235
643	661
643	663
644	645
645	646
645	647
645	648
645	649
645	650
651	645
651	652
651	653
654	645
654	655
654	656
654	657
654	653
658	660
659	658
659	676
664	665
665	666
666	667
666	668
666	669
670	665
672	671
676	675
679	678
679	682
678	689
678	3327
681	680
682	681
684	685
685	3285
690	689
691	689
691	756
691	1902
691	1919
691	2230
691	2340
691	2355
691	2357
691	2505
691	2756
691	2813
691	3443
693	692
700	699
700	705
700	748
701	700
701	704
701	706
701	749
701	3516
702	700
703	700
703	707
703	748
703	750
704	699
704	3517
706	705
706	3519
709	708
709	738
709	751
709	944
709	945
709	2691
709	2693
710	708
710	724
710	751
710	3530
711	708
711	731
711	751
711	754
711	755
711	2805
711	3522
711	3550
712	711
715	727
717	716
717	3524
720	719
720	721
720	755
720	3552
726	725
728	727
732	731
732	3534
734	733
734	2328
736	735
736	3536
737	2756
739	738
739	740
739	3541
739	3540
739	3564
744	743
744	3544
746	745
747	746
747	3545
749	748
749	751
749	3548
752	751
752	844
752	944
752	945
752	1664
752	1674
752	1677
752	1694
752	1749
752	2460
752	2472
752	2481
752	2482
752	2576
752	2619
752	2682
752	2687
752	2688
752	2691
752	2842
752	2884
752	2885
752	2886
752	2890
752	2891
752	2892
752	2894
752	2897
752	2584
752	2979
753	754
759	758
768	767
768	777
768	778
770	769
772	771
772	773
780	779
780	782
780	783
780	784
780	785
780	786
780	787
780	788
780	789
780	790
780	791
780	792
780	793
780	794
780	795
780	796
780	797
780	798
780	799
780	800
780	801
780	802
780	803
780	804
780	805
780	806
780	807
780	808
780	809
780	810
780	811
780	812
780	813
780	814
780	815
780	816
780	817
780	818
780	819
780	820
780	821
780	822
780	823
780	824
780	825
780	826
780	2832
781	780
781	851
822	827
829	828
829	834
829	835
829	873
829	889
829	891
828	842
830	828
830	858
830	863
830	856
830	882
830	890
830	945
830	3109
832	895
833	832
833	848
833	882
833	885
833	895
833	2496
833	2588
833	2613
833	2865
833	2870
833	3297
836	835
836	842
836	858
836	891
835	912
837	835
837	842
837	848
837	868
837	882
837	889
837	891
837	893
837	931
838	837
838	851
838	853
839	835
839	861
839	877
839	912
839	920
840	839
840	843
841	839
841	843
841	904
841	907
841	915
841	931
843	842
843	871
843	891
843	892
843	903
845	844
845	850
845	859
846	845
846	846
846	847
846	858
847	845
847	858
847	867
848	847
848	848
848	874
850	849
850	901
849	877
851	850
852	850
852	849
852	883
853	850
853	859
853	858
853	856
853	867
853	878
854	849
854	856
855	849
855	857
856	849
857	856
857	858
857	849
857	877
858	856
858	873
858	877
859	858
860	859
860	901
860	2693
861	858
861	912
861	920
862	861
863	861
863	919
863	921
864	863
865	863
865	869
865	871
865	892
865	913
865	919
865	945
865	2700
866	856
870	870
872	871
872	892
872	903
876	875
876	954
880	879
880	881
880	884
880	938
886	885
886	895
887	886
887	888
888	885
888	895
888	896
890	892
891	890
891	896
892	891
895	895
900	912
900	920
904	903
904	920
904	946
903	912
903	939
905	904
905	903
905	920
906	905
906	912
906	913
906	914
906	920
906	946
906	948
906	953
909	909
912	923
912	936
913	912
913	946
914	913
914	948
916	915
915	919
915	923
915	935
917	919
918	918
919	925
919	927
919	933
919	938
930	929
932	931
941	940
941	942
941	943
943	944
943	945
950	951
955	955
957	956
962	967
963	962
970	969
970	991
970	1011
971	969
971	979
971	991
971	992
971	997
971	1011
971	1104
972	971
973	972
973	1104
973	1120
973	1153
973	1204
973	1270
973	1326
973	3593
974	969
974	975
974	976
978	977
978	1184
978	1187
978	1266
977	977
980	979
979	999
981	980
981	1436
981	1437
981	1438
981	1447
982	979
982	1018
982	1059
982	1061
982	1177
982	1243
983	982
983	1014
983	1015
984	979
984	1177
986	985
986	1006
987	985
988	987
988	1006
990	989
990	1155
990	1182
990	1269
990	1326
989	991
991	1275
992	991
992	1152
992	1202
996	995
996	1330
996	1331
996	1406
996	1484
996	1485
996	1498
996	1500
996	1501
996	1514
996	1515
996	1715
998	997
997	1149
997	1200
1000	999
1000	1681
1000	1686
1000	1701
1000	1702
1000	1706
1000	1707
1000	1708
1000	2177
1000	2185
1001	1000
1001	1657
1001	1659
1001	1663
1001	1669
1001	1682
1001	1683
1001	1692
1002	1001
1002	1324
1002	1646
1002	1664
1002	1666
1002	1674
1002	1677
1002	1680
1002	1691
1002	1698
1002	1699
1002	1703
1002	2576
1003	1002
1003	1648
1003	1651
1003	1654
1003	2189
1003	2195
1003	2229
1004	1003
1004	1001
1004	1000
1004	1119
1004	1646
1004	1648
1004	1651
1004	1659
1004	1664
1004	1666
1004	1683
1004	1698
1004	1736
1004	1741
1004	2227
1005	1003
1008	1185
1008	1186
1013	1012
1013	1021
1013	1022
1013	1023
1013	1033
1013	1038
1013	1042
1012	1043
1012	1093
1014	1013
1014	1018
1015	1013
1015	1022
1015	1023
1015	1033
1015	1042
1016	1012
1016	1073
1016	1075
1016	1326
1017	1016
1018	1017
1018	1059
1018	1061
1019	1016
1019	1073
1020	1019
1020	1060
1020	1063
1020	1075
1020	1092
1020	1098
1020	1099
1022	1036
1022	1037
1023	1034
1023	1035
1023	1039
1023	1041
1025	1024
1026	1025
1026	1027
1026	1032
1028	1027
1028	1050
1028	1068
1028	1330
1028	1331
1028	2135
1028	2207
1028	2237
1028	2239
1028	2241
1028	2244
1028	2247
1028	2278
1028	2283
1028	2285
1028	2294
1028	2863
1028	2877
1028	2908
1028	2916
1028	3363
1028	3416
1028	3455
1029	1028
1029	2872
1030	1029
1030	1028
1030	2872
1030	3366
1031	1060
1031	1074
1031	1075
1033	1040
1045	1044
1045	1047
1045	1048
1045	1049
1045	1052
1046	1045
1046	1153
1046	1204
1051	1050
1051	1068
1051	1069
1051	1070
1051	1071
1051	1077
1050	1053
1050	1054
1050	1055
1050	1056
1050	1057
1059	1058
1059	1065
1059	1072
1059	1073
1059	1074
1059	1075
1059	1076
1060	1058
1060	1066
1060	1067
1061	1060
1061	1081
1062	1060
1063	1058
1064	1063
1064	1093
1064	1574
1064	1720
1064	2124
1064	2219
1064	2583
1064	2592
1064	2590
1064	2594
1064	2596
1064	3230
1064	3340
1069	1082
1078	1077
1078	1080
1079	1077
1079	3196
1085	1177
1087	1086
1087	1112
1086	1184
1086	1185
1086	1186
1086	1187
1088	1087
1088	1115
1088	1116
1088	2783
1090	1089
1090	1128
1094	1093
1094	1094
1094	1101
1094	1480
1094	1644
1094	1674
1094	1681
1094	1808
1094	1809
1094	2300
1094	2301
1095	1093
1095	2581
1095	2583
1096	1093
1096	2571
1096	2583
1096	3079
1097	1093
1097	1099
1102	1101
1106	1105
1106	1108
1106	1112
1105	1107
1105	1109
1105	1110
1105	1111
1113	1112
1113	1836
1113	2278
1114	1113
1114	1112
1114	1402
1114	1825
1114	1828
1114	1836
1114	1838
1114	2241
1115	1112
1116	1112
1121	1120
1122	1121
1122	1579
1122	2590
1123	1122
1124	1123
1124	1537
1124	1573
1125	1124
1125	1574
1126	1122
1126	1587
1126	2522
1126	2947
1126	2946
1126	3263
1126	3297
1126	3401
1126	3402
1126	3653
1128	1127
1128	1137
1128	3593
1129	1128
1129	1130
1129	2768
1129	2772
1129	2775
1129	2776
1129	3150
1133	1132
1133	1149
1133	1150
1133	1152
1133	1176
1133	1178
1133	1180
1135	1134
1135	1139
1135	1140
1135	1141
1135	1142
1135	1144
1135	1145
1135	1146
1135	1148
1136	1135
1136	1189
1136	2778
1137	1136
1137	1153
1137	1165
1137	1166
1137	1182
1137	1204
1137	1270
1138	1136
1138	1153
1138	1204
1143	1142
1143	1157
1143	1192
1143	1193
1147	1146
1147	1157
1147	1196
1151	1150
1151	1153
1151	1198
1151	1204
1151	1241
1153	1167
1153	1168
1153	1169
1153	1170
1153	1171
1153	1172
1153	1173
1153	1174
1153	1175
1154	1153
1154	1179
1154	1204
1154	1243
1154	2778
1155	1154
1155	1204
1155	2778
1156	1153
1156	1178
1156	1204
1156	1280
1157	1153
1157	1204
1157	3593
1158	1157
1159	1158
1159	1161
1160	1157
1160	1305
1161	1157
1161	3607
1162	1157
1163	1162
1163	1319
1164	1153
1164	1204
1164	1271
1164	1325
1165	1153
1165	1204
1166	1165
1177	1176
1177	1278
1181	1180
1181	1230
1181	1265
1182	1181
1182	1218
1183	1182
1183	1270
1183	1325
1189	1188
1189	1190
1189	1191
1189	1192
1189	1193
1189	1194
1189	1195
1189	1196
1189	1197
1189	1232
1188	1231
1191	1233
1192	1234
1193	1235
1194	1236
1195	1237
1196	1238
1197	1239
1200	1199
1200	1242
1202	1201
1202	1243
1204	1203
1204	1210
1204	1244
1204	1320
1203	1206
1203	1207
1203	1208
1203	1211
1203	1212
1203	1213
1203	1214
1203	1215
1205	1204
1205	1216
1205	1243
1205	1254
1210	1209
1210	1248
1218	1217
1218	1255
1217	1221
1217	1222
1217	1223
1217	1224
1217	1225
1217	1226
1217	1227
1217	1228
1217	1229
1219	1218
1220	1218
1220	3169
1244	1245
1244	1246
1244	1247
1244	1249
1244	1250
1244	1251
1244	1252
1244	1253
1255	1256
1255	1257
1255	1258
1255	1259
1255	1260
1255	1261
1255	1262
1255	1263
1255	1264
1268	1267
1268	1740
1268	2664
1268	2970
1271	1270
1272	1270
1272	2649
1273	1270
1273	1375
1273	2649
1273	3333
1274	1270
1278	1277
1280	1279
1284	1283
1284	2109
1284	2519
1285	1284
1286	1285
1287	1284
1287	2109
1288	1284
1288	2026
1288	2119
1288	2120
1288	2122
1289	1288
1289	1620
1289	2093
1289	2615
1289	2987
1289	2988
1289	2989
1289	2990
1289	2991
1289	2992
1289	2993
1289	2994
1289	3336
1289	3337
1289	3364
1289	3366
1289	3367
1289	3456
1289	2005
1294	1293
1294	1635
1294	1741
1294	3195
1295	1294
1300	1299
1300	3376
1302	1301
1302	1303
1302	1304
1302	1314
1306	1305
1307	1305
1307	2211
1307	2765
1310	1309
1310	3170
1309	1324
1311	1309
1311	3163
1311	3170
1311	3190
1315	1316
1318	1319
1321	1322
1322	1323
1328	1327
1329	1327
1339	1338
1339	1342
1339	1344
1338	1340
1338	1341
1338	1343
1340	1340
1346	1345
1346	1348
1346	1350
1347	1346
1347	1635
1347	2195
1347	2728
1347	2865
1347	2870
1347	3131
1347	3319
1347	3327
1349	1348
1351	1350
1351	2717
1352	1350
1355	1354
1355	1371
1358	1357
1362	1363
1362	1364
1372	1392
1376	1375
1377	1376
1378	1376
1378	2625
1398	1397
1398	1400
1398	1493
1398	1831
1398	1986
1399	1398
1399	1825
1399	1828
1399	1830
1399	3651
1402	1401
1402	1810
1402	1834
1404	1403
1405	1403
1423	1422
1424	1423
1424	2129
1424	2134
1424	2135
1424	2285
1427	1426
1433	1432
1433	1720
1433	1722
1433	2629
1436	1441
1436	1444
1436	1460
1436	1462
1436	1468
1436	1469
1436	1471
1436	1476
1436	1478
1437	1440
1437	1449
1437	1451
1437	1453
1437	1454
1437	1456
1437	1464
1437	1466
1437	1474
1438	1443
1438	1445
1438	1455
1438	1457
1438	1459
1438	1479
1440	1439
1440	1450
1441	1478
1442	1441
1442	1469
1442	1659
1442	2323
1442	2324
1447	1446
1447	1473
1449	1448
1449	1458
1449	1461
1449	1465
1449	1472
1449	1475
1449	1477
1452	1451
1452	1457
1452	1464
1452	1822
1452	1925
1452	1964
1452	2184
1453	1702
1463	1462
1463	1681
1467	1466
1467	1506
1467	2176
1467	2177
1469	1471
1470	1469
1473	3554
1474	1707
1490	1489
1490	1503
1490	1505
1490	1508
1492	1491
1495	1494
1495	1496
1500	1499
1503	1502
1503	1504
1503	1511
1508	1507
1510	1509
1512	1512
1520	1523
1520	2380
1520	3248
1525	1524
1525	2785
1527	1526
1527	2784
1528	1528
1531	1530
1531	1533
1531	1534
1531	3231
1531	3254
1530	3253
1532	1530
1537	1536
1537	1566
1538	1539
1538	1540
1540	1541
1540	1542
1540	1543
1540	1544
1544	1545
1544	1547
1545	1546
1547	1546
1548	1549
1548	1542
1548	1550
1550	1551
1551	1552
1553	1554
1553	1542
1553	1555
1553	1556
1557	1558
1557	1561
1557	1555
1558	1559
1559	1560
1561	1540
1561	1562
1561	1560
1561	1551
1563	1564
1563	1565
1563	1540
1563	1546
1566	1567
1569	1568
1569	1567
1571	1570
1571	1575
1571	1582
1571	2104
1571	2107
1571	2641
1570	2823
1570	2829
1572	1571
1572	1586
1572	1590
1572	2011
1572	2384
1572	2392
1572	2414
1572	2423
1572	2427
1572	2434
1572	2437
1572	2443
1572	2464
1572	2501
1572	2504
1572	2514
1572	2523
1572	2532
1572	2590
1572	2593
1572	2594
1572	2608
1572	2653
1574	2106
1575	1588
1578	1579
1580	1586
1580	2514
1581	1580
1581	1587
1581	1599
1581	2105
1581	2823
1581	2829
1581	3063
1584	1583
1584	1585
1584	2515
1584	2516
1584	3149
1590	2594
1591	2310
1594	1593
1594	1595
1594	2247
1601	1600
1603	1602
1603	1604
1603	1611
1603	1623
1603	2569
1602	1626
1606	1605
1606	2327
1606	2346
1606	2361
1606	2431
1606	2985
1606	3020
1606	3463
1606	3520
1607	1605
1607	2384
1607	2981
1607	3458
1610	1609
1612	1611
1612	2189
1612	2229
1612	2235
1614	1613
1614	2438
1614	2654
1614	2835
1616	1615
1616	3317
1617	1616
1617	3311
1617	3319
1617	3327
1617	3407
1617	3418
1617	3485
1618	1616
1618	1618
1618	2195
1618	2197
1618	2909
1618	3431
1619	1618
1621	1620
1621	3349
1621	3366
1621	3367
1622	1620
1622	2345
1622	2347
1622	3309
1622	3348
1622	3365
1622	3397
1622	3409
1622	3410
1622	3413
1623	1624
1623	1625
1630	1629
1630	1635
1630	2116
1631	1629
1631	1635
1631	3438
1632	1629
1632	1635
1632	2116
1632	3007
1632	3014
1632	3166
1632	3168
1632	3172
1632	3438
1632	3579
1636	1635
1642	1641
1642	1643
1642	1644
1642	1679
1646	1645
1646	1679
1645	1667
1648	1647
1648	1649
1648	1650
1648	1652
1648	1653
1648	1655
1648	1739
1648	2574
1657	1656
1657	1658
1657	1675
1661	1660
1661	1663
1661	1671
1661	1685
1663	1662
1663	1672
1663	1687
1666	1665
1669	1668
1669	1670
1669	1688
1673	1672
1677	1676
1677	1695
1677	1696
1677	2577
1678	1676
1678	2472
1684	1683
1684	2176
1684	2184
1690	1689
1691	1690
1694	1693
1697	1696
1700	1699
1700	2691
1703	1704
1703	1705
1715	1716
1720	1719
1720	1725
1721	1720
1723	1722
1723	1724
1726	1725
1727	1726
1731	1730
1731	1732
1734	1733
1735	1736
1738	1738
1740	1741
1743	1742
1743	1745
1743	1746
1743	2108
1743	3371
1744	1743
1751	1750
1751	1752
1751	1753
1751	1763
1751	1782
1750	1764
1752	1760
1752	1767
1752	1789
1753	1756
1753	1766
1753	1771
1753	1774
1753	1778
1753	1784
1753	1785
1753	1788
1755	1754
1755	1808
1754	1761
1754	1762
1754	1765
1754	1768
1754	1769
1754	1770
1754	1772
1754	1773
1754	1775
1754	1779
1754	1783
1754	1786
1754	1787
1754	1790
1754	1791
1757	1756
1757	1760
1757	1774
1757	1778
1757	1784
1757	1785
1757	1788
1757	1789
1757	1793
1757	1794
1757	1796
1757	1797
1757	1799
1757	1800
1757	1802
1757	1804
1757	1806
1757	1811
1757	1929
1757	1944
1758	1757
1758	1808
1758	1809
1758	1813
1759	1757
1759	2610
1775	1776
1775	1777
1779	1780
1779	1781
1795	1794
1795	2611
1798	1797
1798	1807
1801	1800
1803	1802
1809	1808
1812	1811
1812	1840
1812	1846
1812	1847
1812	1848
1812	1849
1812	1850
1812	1851
1812	1852
1812	1853
1812	1854
1812	1863
1812	1864
1812	1865
1812	1866
1812	1868
1812	1870
1812	1874
1812	1883
1812	1884
1812	1885
1812	1886
1812	1897
1812	1900
1812	1901
1812	1905
1812	1907
1812	1914
1812	1915
1811	1877
1811	1909
1811	1910
1811	1911
1811	1912
1811	1913
1813	1812
1813	1819
1813	1820
1813	1821
1813	1822
1813	1823
1814	1813
1815	1811
1815	3297
1817	1816
1817	1824
1816	1818
1816	1826
1816	1832
1816	1833
1819	1827
1819	1888
1819	1906
1819	1917
1819	1918
1820	1839
1820	1843
1820	1855
1820	1856
1820	1861
1820	1862
1820	1869
1820	1871
1820	1872
1820	1873
1820	1875
1820	1876
1820	1878
1820	1891
1820	1892
1820	1893
1820	1895
1820	1896
1820	1898
1820	1899
1820	1903
1820	1908
1821	1845
1822	1841
1822	1842
1822	1844
1822	1859
1822	1881
1822	1889
1822	1894
1822	1902
1822	1904
1822	3555
1823	1857
1823	1879
1827	1882
1829	1829
1833	1922
1836	1835
1836	1837
1842	1858
1860	1859
1860	1925
1860	1927
1860	1964
1860	1990
1864	1867
1868	1916
1881	1880
1881	1887
1889	1964
1890	1889
1890	1919
1890	1920
1909	1946
1921	1920
1924	1923
1924	1926
1924	1928
1924	1933
1924	1934
1924	1936
1924	1938
1924	1941
1924	1945
1924	1946
1924	1947
1924	1950
1924	1955
1924	1956
1924	1957
1924	1958
1924	1959
1924	1960
1924	1961
1924	1962
1924	1963
1924	1965
1924	1966
1924	1967
1924	1968
1924	1969
1924	1970
1924	1971
1924	1972
1924	1977
1924	1979
1924	1982
1924	1983
1924	1984
1924	1985
1924	1991
1925	1924
1925	1930
1925	1932
1925	1948
1925	1952
1925	1975
1925	1981
1925	1999
1925	2000
1930	1929
1930	1943
1930	1944
1930	1951
1930	1954
1932	1931
1932	1935
1932	1939
1932	1940
1932	1973
1932	1974
1932	1976
1932	1978
1932	1980
1943	1942
1950	1949
1952	1953
1987	1990
1989	1988
1989	1992
1989	1996
1989	2002
1988	1988
1991	1993
1991	1995
1991	1997
1992	1994
1992	1996
1992	1998
2004	2006
2004	2007
2005	2004
2005	2838
2005	2840
2011	2010
2011	2595
2011	2609
2021	2020
2021	2021
2021	2033
2021	2034
2020	2020
2022	2021
2024	2023
2026	2025
2026	2039
2026	2047
2025	2033
2027	2026
2027	2264
2028	2027
2028	2232
2028	2235
2028	2272
2029	2025
2029	2031
2029	2033
2030	2025
2030	2901
2030	2908
2030	2910
2030	2913
2030	2914
2031	2033
2032	2031
2032	2033
2036	2041
2036	2042
2038	2037
2038	2038
2038	2042
2039	2042
2040	2039
2040	2041
2040	2042
2041	2042
2044	2049
2044	2050
2046	2045
2046	2046
2046	2050
2047	2050
2048	2047
2048	2049
2048	2050
2049	2050
2053	2052
2053	2057
2055	2054
2055	2056
2055	2058
2060	2059
2060	2062
2060	2317
2061	2060
2061	2246
2061	2315
2061	2318
2063	2063
2064	2064
2066	2065
2068	2067
2071	2070
2072	2070
2072	2619
2072	2649
2072	3034
2072	3044
2072	3045
2072	3300
2072	3301
2072	3438
2074	2073
2076	2075
2076	2080
2075	2077
2075	2078
2078	2079
2079	2090
2080	2079
2080	2310
2080	2313
2080	2323
2081	2083
2083	2082
2083	2087
2083	2100
2084	2083
2084	2086
2084	2088
2084	2090
2084	2096
2084	2097
2084	2099
2086	2085
2086	2098
2090	2089
2090	2091
2093	2092
2092	2103
2095	2094
2096	2095
2102	2101
2102	2111
2106	2105
2110	2110
2113	2112
2113	2116
2113	2117
2113	2118
2115	2114
2116	2117
2116	2118
2124	2123
2124	2125
2124	2126
2124	2129
2128	2127
2128	2878
2128	2879
2128	2880
2128	2881
2128	2894
2131	2130
2131	2133
2131	2137
2131	2139
2130	2137
2130	2139
2130	2143
2130	2146
2137	2136
2137	2150
2139	2138
2139	2140
2139	2141
2139	2144
2139	2145
2139	2147
2139	2148
2139	2151
2139	2152
2139	2153
2139	2154
2143	2142
2143	2149
2156	2155
2156	2158
2156	2169
2159	2160
2162	2161
2162	2172
2164	2163
2165	2164
2165	2167
2167	2166
2167	2168
2170	2171
2179	2178
2180	2180
2183	2182
2184	2183
2187	2186
2190	2189
2190	2229
2193	2192
2193	2209
2193	2228
2193	2231
2193	2240
2194	2193
2196	2195
2196	2221
2196	2480
2196	2909
2196	3192
2196	3199
2197	2195
2198	2197
2198	2909
2198	3430
2198	3431
2199	2195
2199	3170
2201	2200
2201	2234
2201	2236
2202	2201
2202	2200
2202	2756
2202	3564
2202	3574
2203	2200
2203	3311
2203	3407
2204	2203
2204	3312
2204	3313
2204	3314
2204	3315
2204	3316
2204	3344
2206	2205
2206	2588
2206	2839
2206	2869
2206	3068
2206	3585
2208	2207
2208	2211
2208	2214
2208	2239
2212	2211
2212	2228
2212	2241
2212	2244
2212	2278
2212	2283
2212	2294
2213	2212
2213	2340
2213	2348
2216	2215
2216	2218
2216	2219
2216	2349
2217	2215
2222	2221
2222	3196
2221	2225
2223	2221
2223	2224
2223	3191
2223	3197
2233	2232
2238	2237
2238	2239
2241	2242
2242	2247
2244	2243
2244	2246
2245	2243
2245	2247
2246	2247
2250	2249
2252	2252
2255	2254
2254	2256
2254	2257
2258	2261
2258	2263
2260	2259
2260	2260
2260	2263
2262	2261
2262	2263
2261	2263
2264	2263
2265	2264
2265	2267
2265	2268
2265	2272
2265	2276
2269	2271
2272	2271
2271	2275
2273	2272
2275	2274
2288	2287
2288	2289
2288	2290
2288	2293
2288	2294
2291	2290
2291	2292
2299	2304
2299	2308
2315	2316
2319	2320
2321	2322
2325	2324
2325	2326
2327	2328
2329	2330
2330	2332
2336	2335
2336	2337
2342	2342
2354	2354
2356	2356
2358	2357
2359	2357
2360	2357
2360	3374
2381	2386
2382	2381
2382	2383
2382	2430
2382	2597
2382	3618
2383	2382
2384	2382
2389	2388
2390	2389
2390	2432
2390	2454
2390	2471
2390	2661
2392	2391
2392	2394
2392	2398
2392	2399
2392	2402
2392	2637
2391	2396
2394	2393
2398	2397
2398	2400
2398	2401
2404	2403
2404	2405
2404	2415
2404	2428
2404	2434
2404	2438
2404	2440
2404	2653
2403	2440
2403	2445
2403	2475
2405	2407
2405	2410
2407	2475
2408	2407
2408	2483
2410	2409
2410	2449
2410	2475
2410	2479
2411	2410
2411	2478
2411	2485
2411	2502
2412	2409
2412	2453
2412	2598
2414	2413
2414	2415
2414	2419
2413	2416
2413	2417
2418	2417
2421	2420
2421	2422
2421	2425
2423	2422
2423	2426
2423	2435
2424	2423
2427	2426
2427	2428
2427	2653
2434	2433
2434	2435
2437	2436
2437	2440
2437	2442
2437	2528
2437	2657
2437	2658
2442	2441
2443	2443
2444	2443
2444	2521
2446	2445
2446	2476
2445	2449
2448	2447
2448	2451
2449	2452
2449	2487
2451	2450
2451	2466
2451	2486
2450	2461
2450	2467
2450	2481
2452	2453
2452	2480
2452	2481
2458	2462
2460	2459
2459	2461
2459	2468
2462	2461
2462	2468
2462	2477
2463	2462
2463	2499
2463	2502
2464	2463
2464	2483
2464	2495
2464	2497
2464	2528
2464	2657
2465	2462
2466	2465
2466	2467
2467	2462
2474	2473
2474	2477
2474	2478
2474	2485
2476	2475
2476	2479
2478	2477
2483	2482
2484	2483
2489	2488
2489	2491
2489	2492
2489	2493
2490	2488
2490	2493
2493	2493
2495	2494
2499	2498
2501	2500
2501	2503
2501	2608
2500	2502
2507	2506
2507	2521
2508	2506
2508	2959
2510	2509
2511	2509
2511	2549
2511	2556
2511	2628
2514	2513
2515	2514
2516	2514
2517	2513
2523	2522
2523	2526
2523	2527
2523	2528
2523	2530
2523	2563
2523	2586
2523	2657
2524	2522
2526	2525
2526	2529
2532	2531
2532	2534
2532	2608
2534	2533
2535	2533
2537	2536
2537	2538
2537	2540
2537	2551
2537	2643
2537	2644
2537	2645
2539	2538
2540	2538
2541	2540
2543	2542
2543	2549
2543	2553
2543	2556
2543	2646
2543	2647
2545	2544
2547	2546
2547	2549
2547	2556
2550	2549
2550	2556
2552	2551
2552	2555
2554	2553
2554	2555
2556	2555
2557	2563
2557	2564
2558	2559
2560	2561
2562	2558
2563	2586
2564	2604
2564	2605
2568	2567
2579	2578
2580	2578
2584	2583
2587	2586
2587	2604
2587	2605
2588	2586
2589	2586
2590	2586
2590	2649
2590	2648
2591	2590
2592	2590
2593	2592
2593	2596
2594	2590
2595	2590
2596	2590
2600	2599
2600	2602
2600	2603
2601	2599
2601	2602
2601	2603
2601	2608
2607	2606
2607	2853
2618	2617
2618	2620
2618	2621
2618	2622
2624	2637
2630	2629
2631	2629
2633	2632
2633	2634
2633	2635
2633	2636
2638	2637
2638	2657
2638	2658
2639	2637
2639	2641
2639	2648
2640	2639
2641	2639
2642	2639
2649	2648
2649	2662
2650	2649
2651	2649
2651	2883
2652	2649
2652	2665
2652	2666
2653	2649
2655	2654
2661	2660
2663	2662
2665	2667
2665	2668
2665	2669
2665	2670
2665	2671
2665	2672
2685	2684
2685	371
2690	2689
2692	2691
2694	2693
2695	2693
2696	2693
2704	2703
2704	2705
2704	2706
2708	2707
2708	2868
2709	2710
2711	2710
2711	2712
2714	2713
2714	2715
2714	2716
2714	2717
2714	3265
2718	2767
2721	435
2722	435
2723	435
2724	435
2734	2735
2756	2755
2756	2760
2757	2756
2758	2756
2759	2756
2762	2761
2763	2761
2763	2931
2764	2761
2764	2931
2766	2765
2769	2768
2769	2772
2769	2775
2769	2776
2773	2772
2773	2774
2773	2775
2773	2776
2778	2777
2779	2777
2783	2782
2790	2808
2790	2809
2791	2790
2807	2806
2816	2815
2816	2817
2816	3570
2816	3573
2815	3573
2817	3569
2819	2818
2819	2821
2819	3217
2819	3233
2819	3237
2820	2821
2822	2821
2822	3230
2823	2821
2825	2824
2825	2827
2825	3257
2825	3258
2825	3260
2826	2827
2828	2827
2828	3258
2829	2827
2831	2830
2836	2835
2840	2839
2840	2844
2840	2847
2841	2839
2843	2842
2844	2842
2844	2846
2846	2845
2849	2848
2849	2851
2852	2852
2856	2855
2856	2860
2857	2856
2857	2861
2857	2866
2857	2867
2859	2858
2862	2861
2864	2863
2865	2866
2865	2867
2872	2871
2873	1721
2875	2874
2875	2876
2875	2877
2890	2890
2895	2894
2900	2902
2900	2904
2901	2904
2903	2902
2903	2904
2902	2904
2905	2904
2905	2905
2905	2906
2909	2910
2912	2911
2915	2914
2915	2917
2915	2920
2915	2921
2915	2925
2916	3364
2916	3456
2918	2917
2920	2919
2920	2923
2920	2924
2920	2927
2922	2926
2923	2923
2930	2929
2930	2931
2930	2935
2930	2944
2930	2949
2930	2946
2932	2931
2932	2933
2932	2944
2932	2945
2932	2948
2932	2949
2934	2933
2933	2937
2936	2935
2938	2937
2938	2945
2938	2948
2939	2937
2940	2937
2940	2941
2940	2943
2942	2941
2942	2943
2946	2945
2946	2948
2946	2950
2947	2945
2947	2948
2951	2950
2952	2952
2953	2952
2961	2968
2964	2963
2964	2965
2972	2971
2972	2974
2972	2976
2973	2971
2975	2974
2977	2976
2980	2979
2987	2986
2998	2997
2997	3396
2999	2997
3003	3002
3005	3004
3007	3008
3007	3018
3008	3012
3008	3013
3008	3015
3008	3016
3008	3017
3010	3009
3011	3010
3018	3019
3021	3070
3023	3022
3023	3025
3022	3027
3028	3027
3027	3435
3027	3444
3030	3029
3034	3033
3034	3073
3033	3037
3035	3034
3035	3036
3035	3037
3035	3039
3035	3062
3035	3076
3035	3095
3042	3041
3042	3369
3042	3422
3042	3427
3046	3045
3045	3052
3045	3063
3047	3045
3047	3048
3048	3045
3048	3063
3049	3048
3051	3050
3050	3050
3055	3054
3057	3058
3058	3100
3058	3106
3059	3058
3064	3063
3065	3063
3066	3063
3067	3066
3072	3071
3072	3085
3073	3072
3073	3079
3073	3087
3073	3091
3075	3074
3075	3076
3075	3078
3077	3076
3079	3081
3079	3090
3081	3080
3081	3082
3085	3084
3087	3086
3087	3088
3087	3089
3093	3092
3095	3094
3095	3096
3095	3097
3095	3098
3103	3102
3103	3105
3105	3104
3109	3113
3109	3134
3110	3124
3110	3126
3110	3127
3110	3128
3110	3129
3110	3130
3111	3110
3111	3125
3112	3111
3112	3124
3112	3125
3112	3126
3112	3127
3112	3128
3112	3129
3112	3130
3113	3111
3115	3135
3117	3116
3117	3118
3119	3136
3119	3143
3122	3121
3124	3123
3126	3125
3133	3132
3136	3135
3138	3137
3138	3139
3139	3140
3139	3141
3139	3142
3145	3144
3147	3146
3150	3149
3150	3156
3150	3166
3150	3170
3149	3152
3149	3202
3149	3203
3149	3204
3151	3150
3151	3170
3151	3190
3153	3152
3153	3156
3153	3166
3153	3204
3155	3154
3155	3205
3156	3155
3156	3167
3158	3157
3158	3173
3158	3206
3159	3158
3161	3160
3161	3189
3162	3161
3162	3163
3164	3163
3164	3165
3164	3175
3166	3167
3166	3168
3166	3172
3169	3168
3169	3202
3170	3169
3170	3172
3170	3190
3170	3203
3171	3169
3171	3201
3175	3174
3175	3177
3175	3178
3175	3179
3175	3186
3175	3187
3177	3176
3177	3180
3177	3181
3177	3182
3177	3183
3177	3184
3177	3185
3189	3188
3189	3191
3189	3192
3188	3193
3190	3189
3190	3193
3190	3195
3191	3196
3191	3197
3192	3199
3192	3200
3195	3194
3195	3198
3194	3196
3194	3200
3198	3197
3198	3199
3216	3215
3216	3224
3216	3225
3216	3226
3217	3216
3217	3219
3217	3222
3219	3218
3219	3223
3221	3220
3222	3221
3229	3237
3231	3230
3234	3233
3234	3237
3235	3233
3235	3257
3236	3233
3236	3257
3238	3237
3240	3239
3241	3239
3243	3242
3254	3253
3254	3255
3262	3262
3263	3262
3266	3453
3266	3454
3289	3288
3289	3290
3289	3291
3289	3292
3289	3295
3289	3387
3291	3326
3294	3293
3297	3296
3298	3297
3298	3300
3298	3301
3298	3302
3298	3312
3299	3296
3303	3304
3303	3310
3305	3306
3307	3308
3317	3322
3317	3324
3317	3329
3318	3317
3318	3319
3318	3320
3318	3327
3322	3321
3322	3323
3329	3328
3329	3330
3332	3331
3332	3334
3332	3335
3338	3337
3343	3342
3344	3342
3344	3364
3344	3366
3344	3367
3344	3456
3346	3345
3346	3450
3346	3459
3347	3346
3347	3417
3347	3446
3349	3350
3350	3351
3351	3471
3353	3352
3352	3354
3352	3355
3352	3356
3352	3357
3359	3358
3359	3360
3365	3364
3365	3366
3365	3367
3365	3407
3365	3456
3370	3585
3373	3372
3373	3374
3375	3374
3377	3376
3377	3386
3379	3378
3379	3380
3379	3382
3379	3384
3379	3385
3382	3381
3382	3383
3386	3386
3389	3388
3389	3391
3389	3393
3389	3394
3397	3396
3397	3409
3397	3411
3407	3408
3413	3412
3415	3414
3420	3419
3423	3422
3430	3429
3432	3431
3432	3433
3436	3435
3436	3437
3436	3440
3436	3441
3439	3438
3439	3442
3439	3436
3445	3444
3447	3446
3447	3487
3448	3446
3448	3448
3448	3579
3449	3448
3458	3457
3458	3465
3459	3460
3459	3461
3459	3462
3466	3467
3466	3468
3466	3469
3471	3472
3471	3474
3472	3473
3478	3479
3478	3480
3492	3491
3492	3495
3492	3498
3492	3513
3492	3528
3492	3549
3493	3492
3493	3494
3493	3497
3493	3514
3493	3550
3493	3565
3494	3491
3496	3495
3497	3495
3497	3498
3497	3529
3503	3502
3503	3509
3504	3502
3504	3509
3506	3505
3508	3507
3508	3560
3508	3568
3511	3510
3511	3518
3511	3547
3512	3511
3512	3531
3512	3533
3512	3540
3513	3512
3513	3523
3514	3513
3514	3515
3514	3524
3515	3512
3515	3516
3515	3532
3515	3534
3515	3541
3516	3511
3516	3517
3516	3519
3516	3548
3517	3510
3519	3518
3524	3523
3529	3528
3532	3531
3534	3533
3541	3540
3548	3547
3550	3549
3556	3556
3557	3556
3557	3559
3558	3556
3560	3559
3571	3570
3576	3575
3578	3577
3578	3579
3581	3582
3585	3584
3585	3587
3585	3588
3585	3589
3585	3590
3585	3591
3586	3585
3592	3600
3592	3601
3592	3602
3592	3603
3592	3605
3592	3606
3592	3607
3592	3608
3592	3610
3592	3611
3592	3613
3593	3592
3594	3592
3595	3600
3596	3599
3598	3602
3598	3605
3612	3613
3615	3631
3617	3616
3617	3625
3617	3627
3617	3628
3617	3629
3617	3632
3617	3634
3617	3636
3616	3630
3616	3633
3616	3637
3618	3620
3618	3639
3618	3640
3620	3621
3621	3622
