1	0
1	171
1	4068
1	4104
2	1
2	47
2	58
2	167
2	168
2	169
2	170
2	174
2	175
2	2817
2	2820
2	2823
2	2826
2	3073
2	3200
2	4086
2	4095
3	2
3	165
3	2592
3	4052
3	4054
3	4061
3	4108
3	4109
4	3
5	4
6	3
6	14
7	3
7	18
7	21
7	26
7	35
7	43
7	46
7	48
7	50
7	49
7	63
7	68
7	72
7	76
7	85
7	90
7	91
7	94
7	95
7	116
7	166
7	167
7	168
7	179
7	181
7	235
7	328
7	347
7	370
7	409
7	411
7	416
7	420
7	431
7	432
7	508
7	513
7	518
7	521
7	526
7	560
7	566
7	586
7	584
7	596
7	601
7	613
7	610
7	688
7	695
7	701
7	706
7	740
7	752
7	770
7	849
7	864
7	879
7	897
7	911
7	930
7	942
7	943
7	971
7	1003
7	1025
7	1031
7	1029
7	1034
7	1035
7	1036
7	1040
7	1041
7	1047
7	1056
7	1099
7	1103
7	1141
7	1142
7	1174
7	1199
7	1203
7	1232
7	1296
7	1305
7	1324
7	1327
7	1344
7	1346
7	1357
7	1365
7	1396
7	1403
7	1628
7	1637
7	1639
7	1644
7	1646
7	1648
7	1748
7	1817
7	1824
7	1870
7	1893
7	1917
7	1928
7	1929
7	1936
7	1998
7	2021
7	2024
7	2032
7	2039
7	2044
7	2047
7	2048
7	2050
7	2055
7	2056
7	2058
7	2080
7	2185
7	2203
7	2220
7	2223
7	2241
7	2245
7	2247
7	2249
7	2250
7	2270
7	2271
7	2273
7	2286
7	2285
7	2343
7	2350
7	2366
7	2394
7	2396
7	2403
7	2440
7	2442
7	2481
7	2544
7	2592
7	2596
7	2601
7	2603
7	2623
7	2629
7	2643
7	2688
7	2692
7	2693
7	2717
7	2728
7	2730
7	2741
7	2768
7	2773
7	2776
7	2777
7	2788
7	2789
7	2793
7	2796
7	2804
7	2805
7	2808
7	2811
7	2812
7	2816
7	2819
7	2825
7	1732
7	2899
7	2925
7	2927
7	2928
7	2933
7	2982
7	3029
7	3033
7	3040
7	3041
7	3042
7	3046
7	3047
7	3049
7	3050
7	3058
7	3060
7	3063
7	3073
7	3074
7	3075
7	3078
7	3086
7	3099
7	3103
7	3115
7	3125
7	3135
7	3138
7	3142
7	3152
7	3166
7	3186
7	3195
7	3200
7	3206
7	3432
7	3457
7	3462
7	3479
7	3480
7	3483
7	3492
7	3506
7	3512
7	3514
7	3540
7	3541
7	3547
7	3548
7	3557
7	3578
7	3615
7	3637
7	3673
7	3679
7	3685
7	3687
7	3694
7	3702
7	3249
7	3710
7	3780
7	3783
7	3834
7	3846
7	3850
7	3851
7	3854
7	3877
7	3893
7	3901
7	3902
7	3918
7	3933
7	3937
7	3938
7	3939
7	3943
7	3954
7	4007
7	4032
7	4038
7	4042
7	4047
7	4065
7	4067
7	4070
7	4072
7	4074
7	4075
7	4080
7	4082
7	4083
7	4084
7	4085
7	4090
7	4092
7	4125
8	3
9	8
9	15
9	16
9	21
9	39
9	41
9	48
9	68
9	72
9	73
9	76
9	89
9	90
9	91
9	4087
9	4088
10	9
11	8
11	14
11	17
11	18
11	2
11	20
11	23
11	22
11	37
11	1
11	42
11	41
11	45
11	44
11	49
11	54
11	76
11	85
11	89
11	90
11	108
11	122
11	165
11	166
11	167
11	172
11	174
11	175
11	176
11	180
11	286
11	299
11	302
11	328
11	331
11	344
11	347
11	404
11	406
11	420
11	419
11	423
11	432
11	434
11	436
11	510
11	520
11	518
11	508
11	524
11	553
11	560
11	592
11	596
11	601
11	613
11	612
11	626
11	611
11	639
11	638
11	637
11	642
11	670
11	673
11	674
11	680
11	688
11	690
11	699
11	695
11	694
11	701
11	706
11	709
11	727
11	728
11	740
11	742
11	752
11	770
11	849
11	856
11	865
11	871
11	874
11	876
11	869
11	882
11	884
11	890
11	902
11	905
11	903
11	907
11	917
11	916
11	920
11	925
11	926
11	927
11	928
11	932
11	934
11	943
11	957
11	958
11	969
11	971
11	972
11	984
11	1008
11	1016
11	1013
11	1021
11	1022
11	1041
11	1059
11	1064
11	1082
11	1089
11	1094
11	1136
11	1142
11	1144
11	1167
11	1180
11	1179
11	1184
11	1196
11	1199
11	1200
11	1218
11	1224
11	1232
11	1283
11	1284
11	1311
11	1332
11	1336
11	1342
11	1343
11	1346
11	1347
11	1355
11	1409
11	1428
11	1495
11	1501
11	1503
11	1528
11	1541
11	1580
11	1603
11	1609
11	1613
11	1619
11	1624
11	1630
11	1639
11	1646
11	1652
11	1663
11	1675
11	1676
11	1693
11	1694
11	1705
11	1710
11	1720
11	1721
11	1744
11	1747
11	1751
11	1753
11	1767
11	1782
11	1803
11	1804
11	1847
11	1851
11	1870
11	1998
11	1999
11	2002
11	2038
11	2037
11	2036
11	2042
11	2043
11	2046
11	2052
11	2054
11	2060
11	2075
11	2079
11	2093
11	2103
11	2105
11	2109
11	2113
11	2134
11	2136
11	2137
11	2146
11	2208
11	2206
11	2212
11	2217
11	2223
11	2222
11	2221
11	2234
11	2236
11	2242
11	2245
11	2247
11	2249
11	2250
11	2269
11	2282
11	2298
11	2305
11	2306
11	2308
11	2343
11	2350
11	2351
11	2354
11	2365
11	36
11	2391
11	2396
11	2394
11	2399
11	2405
11	2407
11	2408
11	2414
11	2415
11	2417
11	2425
11	2429
11	2431
11	2435
11	2452
11	2470
11	2472
11	2482
11	2487
11	2495
11	2525
11	2537
11	2543
11	2544
11	2570
11	2573
11	2578
11	2583
11	2585
11	2593
11	2603
11	2607
11	2613
11	2622
11	2629
11	2633
11	2643
11	2652
11	2650
11	2662
11	2670
11	2671
11	2686
11	2687
11	2688
11	2692
11	2693
11	2695
11	2698
11	2699
11	2706
11	2712
11	2715
11	2768
11	2771
11	2787
11	2789
11	2808
11	2822
11	2859
11	2863
11	2864
11	2865
11	2867
11	1732
11	2899
11	2900
11	2905
11	2906
11	2908
11	2910
11	2911
11	2912
11	2913
11	2914
11	2207
11	2579
11	2920
11	2922
11	2931
11	2979
11	3019
11	3037
11	3074
11	3075
11	3086
11	3115
11	3126
11	3132
11	3133
11	3138
11	3142
11	3143
11	3152
11	3195
11	3200
11	3203
11	3206
11	3228
11	3231
11	3223
11	3362
11	3365
11	3386
11	3418
11	3419
11	3421
11	3422
11	3423
11	3424
11	3426
11	3429
11	3430
11	3432
11	3459
11	3468
11	3472
11	3473
11	3474
11	3475
11	3476
11	3477
11	3478
11	3479
11	3483
11	3498
11	3497
11	3511
11	3512
11	3513
11	3514
11	3518
11	3538
11	3541
11	3543
11	3546
11	3565
11	3590
11	3603
11	3615
11	3636
11	3637
11	3639
11	3666
11	3667
11	3697
11	3702
11	3249
11	3739
11	3742
11	3749
11	3752
11	3756
11	3768
11	3769
11	3780
11	3792
11	3793
11	3814
11	3880
11	3895
11	3902
11	3918
11	3932
11	3933
11	3935
11	3952
11	3954
11	3955
11	4023
11	4033
11	4062
11	4064
11	4073
11	4076
11	4077
11	4082
11	4083
11	4086
11	4089
11	4102
12	8
12	14
12	17
12	16
12	18
12	20
12	32
12	33
12	35
12	34
12	22
12	21
12	39
12	41
12	44
12	50
12	51
12	53
12	49
12	48
12	61
12	63
12	68
12	72
12	74
12	77
12	83
12	84
12	85
12	89
12	90
12	91
12	102
12	101
12	112
12	107
12	122
12	129
12	126
12	136
12	140
12	144
12	154
12	153
12	160
12	161
12	162
12	163
12	166
12	167
12	170
12	172
12	174
12	175
12	176
12	183
12	186
12	185
12	190
12	193
12	198
12	204
12	205
12	211
12	210
12	213
12	215
12	216
12	217
12	218
12	220
12	223
12	224
12	225
12	226
12	227
12	228
12	229
12	230
12	231
12	232
12	233
12	234
12	237
12	239
12	238
12	242
12	247
12	251
12	257
12	265
12	267
12	268
12	270
12	272
12	277
12	284
12	286
12	298
12	304
12	320
12	319
12	327
12	329
12	336
12	334
12	344
12	346
12	357
12	359
12	360
12	361
12	372
12	373
12	378
12	382
12	383
12	387
12	385
12	392
12	396
12	398
12	401
12	404
12	405
12	406
12	411
12	409
12	413
12	415
12	420
12	419
12	418
12	432
12	434
12	435
12	436
12	444
12	443
12	452
12	510
12	509
12	521
12	520
12	518
12	513
12	551
12	559
12	560
12	580
12	581
12	585
12	591
12	594
12	596
12	601
12	602
12	605
12	609
12	616
12	617
12	618
12	613
12	625
12	624
12	611
12	629
12	632
12	633
12	635
12	639
12	642
12	660
12	662
12	674
12	676
12	677
12	680
12	682
12	683
12	684
12	687
12	688
12	690
12	692
12	693
12	699
12	695
12	697
12	706
12	712
12	718
12	721
12	727
12	729
12	740
12	743
12	744
12	746
12	752
12	753
12	754
12	760
12	765
12	788
12	792
12	860
12	864
12	865
12	874
12	876
12	879
12	898
12	911
12	915
12	923
12	926
12	928
12	931
12	932
12	935
12	936
12	937
12	938
12	939
12	940
12	943
12	942
12	946
12	947
12	948
12	950
12	951
12	954
12	953
12	955
12	960
12	961
12	965
12	972
12	988
12	989
12	994
12	993
12	1001
12	1002
12	1006
12	1007
12	1041
12	1052
12	1064
12	1069
12	1072
12	1082
12	1089
12	1094
12	1097
12	1098
12	1108
12	1114
12	1139
12	1136
12	1135
12	1141
12	1148
12	1153
12	1154
12	1155
12	1156
12	1158
12	1159
12	1160
12	1162
12	1169
12	1168
12	1172
12	1175
12	1180
12	1179
12	1191
12	1193
12	1219
12	1257
12	1284
12	1290
12	1292
12	1295
12	1299
12	1311
12	1312
12	1320
12	1327
12	1329
12	1345
12	1346
12	1348
12	1350
12	1352
12	1353
12	1354
12	1355
12	1356
12	1365
12	1374
12	1375
12	1376
12	1380
12	1402
12	1409
12	1408
12	1412
12	1414
12	1417
12	1426
12	1428
12	1433
12	1441
12	1446
12	1451
12	1464
12	1465
12	1475
12	1480
12	1483
12	1486
12	1489
12	1490
12	1495
12	1498
12	1503
12	1510
12	1511
12	1513
12	1512
12	1514
12	1518
12	1520
12	1530
12	1543
12	1544
12	1547
12	1581
12	1580
12	1583
12	1587
12	1588
12	1596
12	1600
12	1611
12	1614
12	1618
12	1628
12	1626
12	1625
12	1630
12	1633
12	1635
12	1638
12	1639
12	1646
12	1648
12	1649
12	1650
12	1651
12	1652
12	1654
12	1666
12	1667
12	1669
12	1681
12	1686
12	1687
12	1697
12	1704
12	1706
12	1707
12	1712
12	1714
12	1725
12	1728
12	1731
12	1730
12	1733
12	1738
12	1753
12	1754
12	1757
12	1758
12	1759
12	1760
12	1762
12	1763
12	1764
12	1767
12	1766
12	1770
12	1771
12	1772
12	1782
12	1783
12	1784
12	1785
12	1789
12	1801
12	1802
12	1803
12	1810
12	1816
12	1818
12	1823
12	1822
12	1828
12	1827
12	1831
12	1832
12	1834
12	1838
12	1839
12	1843
12	1844
12	1845
12	1850
12	1851
12	1852
12	1853
12	1854
12	1855
12	1856
12	1857
12	1858
12	1859
12	1860
12	1861
12	1862
12	1863
12	1864
12	1865
12	1866
12	1867
12	1868
12	1870
12	1872
12	1873
12	1874
12	1875
12	1876
12	1877
12	1878
12	1879
12	1880
12	1881
12	1882
12	1883
12	1884
12	1885
12	1886
12	1887
12	1888
12	1889
12	1890
12	1892
12	1891
12	1894
12	1895
12	1896
12	1897
12	1898
12	1899
12	1900
12	1902
12	1903
12	1904
12	1905
12	1906
12	1907
12	1908
12	1909
12	1910
12	1911
12	1912
12	1913
12	1914
12	1915
12	1916
12	1918
12	1919
12	1920
12	1921
12	1922
12	1923
12	1924
12	1925
12	1926
12	1927
12	1933
12	1948
12	1998
12	2003
12	2015
12	2019
12	2026
12	2027
12	2028
12	2029
12	2032
12	2037
12	2042
12	2041
12	2043
12	2044
12	2045
12	2046
12	2048
12	2047
12	2051
12	2052
12	2053
12	2054
12	2056
12	2055
12	2059
12	2060
12	2061
12	2077
12	2079
12	2083
12	2085
12	2087
12	2089
12	2091
12	2096
12	2098
12	2103
12	2102
12	2105
12	2107
12	2109
12	2111
12	2113
12	2116
12	2118
12	2120
12	2122
12	2123
12	2125
12	2127
12	2130
12	2131
12	2133
12	2135
12	2140
12	2141
12	2143
12	2151
12	2155
12	2203
12	2208
12	2214
12	2234
12	2238
12	2241
12	2244
12	2245
12	2248
12	2252
12	2255
12	2253
12	2256
12	2257
12	2259
12	2262
12	2263
12	2264
12	2269
12	2271
12	2270
12	2272
12	2274
12	2277
12	2286
12	2285
12	2288
12	2290
12	2291
12	2292
12	2293
12	2295
12	2297
12	2309
12	2322
12	2324
12	2326
12	2339
12	2341
12	2342
12	2345
12	2351
12	2352
12	2353
12	2354
12	2358
12	2361
12	2363
12	2365
12	2372
12	2374
12	2375
12	2376
12	2377
12	2378
12	2379
12	2380
12	2381
12	2382
12	2383
12	2384
12	2385
12	2387
12	2395
12	2399
12	2403
12	2406
12	2405
12	2408
12	2409
12	2411
12	2413
12	2414
12	2415
12	2423
12	2424
12	2421
12	2425
12	2427
12	2429
12	2431
12	2435
12	2434
12	2440
12	2449
12	2448
12	2451
12	2452
12	2453
12	2455
12	2458
12	2457
12	2459
12	2461
12	2463
12	2464
12	2465
12	2468
12	2469
12	2470
12	2484
12	2485
12	2488
12	2487
12	2478
12	2491
12	2495
12	2499
12	2508
12	2507
12	2510
12	2512
12	2511
12	2514
12	2519
12	2525
12	2531
12	2535
12	2538
12	2544
12	2547
12	2549
12	2550
12	2560
12	2563
12	2562
12	2564
12	2567
12	2572
12	2574
12	2578
12	2584
12	2588
12	2589
12	2585
12	2590
12	2593
12	2596
12	2599
12	2600
12	2606
12	2607
12	2611
12	2612
12	2615
12	2618
12	2619
12	2620
12	2621
12	2622
12	2623
12	2624
12	2625
12	2626
12	2630
12	2634
12	2636
12	2637
12	2638
12	2640
12	2642
12	2643
12	2652
12	2650
12	2666
12	2662
12	2668
12	2667
12	2670
12	2671
12	2672
12	2686
12	2688
12	2691
12	2698
12	2699
12	747
12	2715
12	2720
12	2726
12	2729
12	2738
12	2739
12	2743
12	2744
12	2745
12	2746
12	2747
12	2749
12	2750
12	2751
12	2752
12	2753
12	2754
12	2755
12	2756
12	2757
12	2758
12	2759
12	2760
12	2761
12	2762
12	2763
12	2764
12	2765
12	2766
12	2768
12	2772
12	2775
12	2778
12	2781
12	2782
12	2785
12	2787
12	2797
12	2798
12	2799
12	2800
12	2801
12	2802
12	2808
12	2815
12	2816
12	2817
12	2821
12	2822
12	2820
12	2823
12	2827
12	2828
12	2826
12	2830
12	2832
12	2834
12	2835
12	2836
12	2837
12	2838
12	2839
12	2848
12	2852
12	2856
12	2857
12	2858
12	2860
12	2859
12	2863
12	2864
12	2865
12	2867
12	2868
12	2870
12	2871
12	2874
12	2878
12	2880
12	2888
12	2889
12	2891
12	2892
12	2894
12	2902
12	2909
12	2910
12	2915
12	2916
12	2207
12	2921
12	2922
12	2924
12	2927
12	2926
12	2928
12	2929
12	2933
12	2938
12	2941
12	2943
12	2946
12	2947
12	2949
12	2950
12	2966
12	2967
12	2971
12	2978
12	2980
12	2981
12	2984
12	2991
12	1689
12	2992
12	3004
12	3008
12	3010
12	3014
12	3015
12	3016
12	3017
12	3018
12	3024
12	3032
12	3036
12	3044
12	3046
12	3045
12	3047
12	3052
12	3056
12	3058
12	3063
12	3068
12	3067
12	3072
12	3078
12	3086
12	3085
12	3089
12	3090
12	3091
12	3096
12	3101
12	3102
12	3104
12	3105
12	3108
12	3111
12	3110
12	3112
12	3118
12	3115
12	3123
12	3124
12	3127
12	3126
12	3133
12	3134
12	3135
12	3139
12	3142
12	3144
12	3147
12	3148
12	3150
12	3149
12	3155
12	3152
12	3158
12	3159
12	3166
12	3169
12	3175
12	3176
12	3177
12	3183
12	3184
12	3186
12	3191
12	3190
12	3192
12	3193
12	3194
12	3195
12	3197
12	3198
12	3203
12	3205
12	3206
12	3207
12	3213
12	3228
12	3231
12	3254
12	3223
12	3260
12	3267
12	3269
12	3271
12	3277
12	3282
12	3305
12	3315
12	3303
12	3322
12	3298
12	3331
12	3288
12	3363
12	3364
12	3365
12	3367
12	3370
12	3418
12	3419
12	3421
12	3422
12	3423
12	3424
12	3425
12	3426
12	3429
12	3430
12	3432
12	3445
12	3451
12	3449
12	3454
12	3456
12	3457
12	3461
12	3459
12	3462
12	3463
12	3465
12	3464
12	3466
12	3467
12	3468
12	3469
12	3472
12	3474
12	3473
12	3475
12	3476
12	3477
12	3478
12	3479
12	3481
12	3482
12	3484
12	3486
12	3487
12	3491
12	3492
12	3494
12	3498
12	3504
12	3506
12	3505
12	3518
12	3521
12	3538
12	3536
12	3539
12	3540
12	3541
12	3543
12	3550
12	3551
12	3554
12	3556
12	3557
12	3563
12	3564
12	3566
12	3570
12	3572
12	3574
12	3576
12	3578
12	3581
12	3582
12	3587
12	3600
12	3601
12	3602
12	3603
12	3606
12	3610
12	3615
12	3627
12	3628
12	3629
12	3631
12	3633
12	3634
12	3635
12	3637
12	3639
12	3638
12	3640
12	3641
12	3663
12	3666
12	3667
12	3679
12	3687
12	3690
12	3693
12	3694
12	3704
12	3249
12	3707
12	3711
12	3712
12	3714
12	3715
12	3717
12	3720
12	3721
12	3724
12	3726
12	3727
12	3737
12	3740
12	3741
12	3742
12	3743
12	3744
12	3749
12	3758
12	3760
12	3762
12	3764
12	3763
12	3765
12	3767
12	3771
12	3777
12	3780
12	3781
12	3785
12	3786
12	3788
12	3791
12	3796
12	3798
12	3800
12	3803
12	3804
12	3806
12	3810
12	3813
12	3814
12	3815
12	3816
12	3817
12	3829
12	3834
12	3837
12	3841
12	3846
12	3851
12	3852
12	3850
12	3854
12	3861
12	3862
12	3869
12	3872
12	3877
12	3878
12	3880
12	3883
12	3885
12	3886
12	3888
12	3889
12	3890
12	3891
12	3892
12	3894
12	3895
12	3898
12	3902
12	3906
12	3907
12	3912
12	3913
12	3920
12	3926
12	3932
12	3933
12	3935
12	3942
12	3944
12	3945
12	3951
12	3954
12	3955
12	3956
12	3958
12	3957
12	3961
12	3964
12	3965
12	3966
12	3967
12	3968
12	3970
12	3972
12	3974
12	3980
12	3979
12	3978
12	3977
12	3990
12	3994
12	3995
12	3997
12	3998
12	4000
12	4002
12	4003
12	4007
12	4009
12	4010
12	4011
12	4012
12	4013
12	4014
12	4016
12	4018
12	4019
12	4021
12	4022
12	4026
12	4028
12	4029
12	4031
12	4032
12	4034
12	4033
12	4035
12	4038
12	4040
12	4042
12	4043
12	4047
12	4048
12	4049
12	4054
12	4062
12	4063
12	4064
12	4065
12	4070
12	4071
12	4074
12	4076
12	4077
12	4079
12	4082
12	4086
12	4085
12	4087
12	4089
12	4093
12	4100
12	4122
12	4124
12	4125
12	4126
12	4127
12	4128
12	4129
12	4130
12	4132
12	4133
12	4134
12	4135
12	4136
12	4137
12	4138
12	4139
12	4140
12	4141
12	4142
13	3
14	3
15	14
15	20
15	37
15	63
15	164
15	4062
15	4063
15	4064
15	4066
15	4067
15	4081
16	2
16	4052
16	4061
17	16
17	108
17	126
17	144
17	153
17	560
17	984
17	1139
17	1495
17	1753
17	1821
17	2012
17	3040
18	2
18	1
18	73
18	76
18	165
18	2592
18	3073
18	3200
18	4066
18	4067
18	4070
18	4071
18	4072
18	4074
18	4075
18	4076
18	4077
18	4079
18	4080
18	4082
18	4088
18	4090
19	18
19	22
19	43
19	45
19	44
19	4
19	46
19	13
19	17
19	61
19	28
19	86
19	94
19	166
19	170
19	175
19	176
19	211
19	300
19	351
19	418
19	520
19	561
19	565
19	854
19	874
19	884
19	877
19	895
19	905
19	916
19	920
19	924
19	925
19	928
19	934
19	936
19	938
19	940
19	942
19	944
19	946
19	948
19	956
19	969
19	1003
19	1027
19	1086
19	1087
19	1089
19	1176
19	1257
19	1305
19	1310
19	1338
19	1453
19	1458
19	1466
19	1473
19	1477
19	1479
19	1482
19	1502
19	1539
19	1541
19	1546
19	1601
19	1615
19	1623
19	1630
19	1633
19	1640
19	1646
19	1654
19	1658
19	1662
19	1675
19	1696
19	1698
19	1699
19	1719
19	1738
19	1750
19	1761
19	1824
19	1853
19	1998
19	2036
19	2043
19	2052
19	2060
19	2106
19	2121
19	2127
19	2132
19	2157
19	2200
19	2211
19	2231
19	2237
19	2239
19	2242
19	2245
19	2274
19	2314
19	2325
19	2391
19	2431
19	2472
19	2564
19	2572
19	2592
19	2662
19	2690
19	2731
19	2787
19	2788
19	2789
19	2808
19	2814
19	2816
19	2832
19	2906
19	2913
19	2914
19	2926
19	2939
19	3023
19	3044
19	3118
19	3115
19	3125
19	3138
19	3143
19	3175
19	3183
19	3188
19	3432
19	3483
19	3498
19	3509
19	3514
19	3518
19	3544
19	3545
19	3548
19	3577
19	3680
19	3685
19	3686
19	3715
19	3768
19	3780
19	3837
19	3872
19	3886
19	3934
19	3939
19	4038
19	4062
19	4066
19	4082
20	1
20	167
20	174
21	1
21	167
21	169
21	4076
21	4077
22	21
22	126
22	984
22	1307
22	1501
22	1537
22	1603
22	1753
22	2036
22	2080
22	2323
22	2846
23	22
23	2037
23	2146
23	2222
23	2286
23	2296
23	2364
23	2690
24	22
24	2846
24	3449
24	3454
24	3829
24	3834
24	3837
24	3841
24	3846
24	3850
24	3851
24	3854
24	3861
24	3869
24	3872
24	3877
25	22
25	70
25	69
25	995
25	999
25	1177
25	1176
25	1331
25	1740
25	2458
25	2690
25	2937
25	4122
26	22
26	26
26	984
26	1436
26	1438
26	1497
26	2038
26	2119
26	2283
27	26
27	22
27	1
27	42
27	177
27	181
27	613
27	884
27	905
27	1089
27	1090
27	1296
27	1352
27	1353
27	1354
27	1355
27	1487
27	1545
27	1628
27	1626
27	1646
27	1666
27	1703
27	1707
27	1738
27	1751
27	1753
27	1763
27	1764
27	1773
27	1774
27	1776
27	1777
27	2200
27	2206
27	2239
27	2341
27	2343
27	2405
27	2425
27	2427
27	2435
27	2446
27	2451
27	2452
27	2465
27	2551
27	2580
27	2584
27	2596
27	2599
27	2600
27	2601
27	2603
27	2625
27	2628
27	2629
27	2633
27	2666
27	2668
27	2667
27	2670
27	2671
27	2692
27	2693
27	2819
27	2825
27	2858
27	2860
27	2868
27	2871
27	2885
27	2886
27	2891
27	2892
27	2896
27	2909
27	2931
27	2970
27	3005
27	3009
27	3056
27	3110
27	3112
27	3115
27	3152
27	3195
27	3228
27	3231
27	3256
27	3223
27	3266
27	3315
27	3457
27	3468
27	3482
27	3484
27	3673
27	3728
27	3811
27	3841
27	4052
27	4073
28	22
28	1466
28	1669
29	22
29	40
29	44
29	17
29	28
29	102
29	179
29	189
29	228
29	274
29	302
29	328
29	344
29	352
29	421
29	432
29	520
29	539
29	521
29	554
29	559
29	565
29	566
29	575
29	611
29	642
29	695
29	706
29	844
29	876
29	895
29	913
29	922
29	942
29	951
29	968
29	984
29	1002
29	1032
29	1077
29	1105
29	1179
29	1191
29	1254
29	1257
29	1284
29	1173
29	1320
29	1333
29	1388
29	1501
29	1507
29	1508
29	1576
29	1585
29	1621
29	1640
29	1652
29	1664
29	1690
29	1738
29	1765
29	1842
29	1853
29	1997
29	1999
29	2014
29	2038
29	2073
29	2074
29	2075
29	2119
29	2191
29	2199
29	2217
29	2223
29	2227
29	2249
29	2258
29	2262
29	2263
29	2264
29	2285
29	2355
29	36
29	2441
29	2456
29	2543
29	2551
29	2638
29	2661
29	2686
29	441
29	2768
29	2770
29	2789
29	2791
29	2792
29	2808
29	2816
29	2846
29	2872
29	2986
29	2988
29	2989
29	3007
29	3020
29	3035
29	3036
29	3038
29	3039
29	3049
29	3056
29	3067
29	3074
29	3109
29	3113
29	3115
29	3121
29	3152
29	3158
29	3159
29	3195
29	3362
29	3442
29	3577
29	3678
29	3688
29	3691
29	3692
29	3734
29	3736
29	3752
29	3756
29	3759
29	3778
29	3780
29	3784
29	3789
29	3819
29	3945
29	3952
29	3953
29	3995
29	4038
29	4084
30	22
31	22
31	33
31	1
31	50
31	98
31	99
31	107
31	130
31	165
31	179
31	180
31	182
31	181
31	257
31	267
31	273
31	306
31	336
31	339
31	341
31	338
31	342
31	343
31	344
31	347
31	380
31	387
31	392
31	406
31	409
31	411
31	413
31	416
31	415
31	418
31	431
31	432
31	553
31	574
31	578
31	582
31	586
31	584
31	596
31	613
31	626
31	611
31	629
31	674
31	683
31	688
31	695
31	706
31	721
31	728
31	740
31	743
31	763
31	770
31	840
31	843
31	849
31	857
31	859
31	860
31	865
31	862
31	881
31	884
31	887
31	890
31	895
31	896
31	903
31	906
31	917
31	943
31	942
31	1015
31	1013
31	1041
31	1064
31	1082
31	1103
31	1134
31	1149
31	1174
31	1196
31	1232
31	1254
31	1284
31	1296
31	1348
31	1354
31	1388
31	1387
31	1475
31	1501
31	1580
31	1605
31	1606
31	1619
31	1628
31	1639
31	1648
31	1699
31	1702
31	1712
31	1730
31	1736
31	1741
31	1761
31	1766
31	1770
31	1781
31	1793
31	2032
31	2031
31	2036
31	2039
31	2041
31	2042
31	2043
31	2044
31	2045
31	2046
31	2048
31	2047
31	2050
31	2051
31	2052
31	2053
31	2054
31	2055
31	2056
31	2058
31	2059
31	2060
31	2061
31	2200
31	2217
31	2223
31	2221
31	2231
31	2234
31	2237
31	2239
31	2242
31	2245
31	2247
31	2249
31	2256
31	2269
31	2271
31	2270
31	2273
31	2272
31	2274
31	2277
31	2279
31	2283
31	2300
31	2307
31	2351
31	2366
31	2367
31	2394
31	2414
31	2417
31	2421
31	2429
31	2434
31	2440
31	2450
31	2452
31	2464
31	2465
31	2470
31	2472
31	2474
31	2487
31	2494
31	2495
31	2499
31	2514
31	2580
31	2583
31	2593
31	2601
31	2603
31	2625
31	2628
31	2629
31	2639
31	2641
31	2652
31	2662
31	2666
31	2670
31	2693
31	2694
31	2711
31	2720
31	2791
31	2792
31	2816
31	2864
31	2867
31	2874
31	2880
31	2881
31	2885
31	2891
31	2892
31	2904
31	2906
31	2913
31	2914
31	2916
31	2922
31	2925
31	2924
31	2927
31	2926
31	2928
31	2929
31	2933
31	2948
31	2955
31	2966
31	2976
31	2977
31	2982
31	2989
31	2993
31	3047
31	3056
31	3075
31	3125
31	3138
31	3152
31	3160
31	3195
31	3200
31	3231
31	3458
31	3459
31	3462
31	3468
31	3472
31	3473
31	3474
31	3475
31	3476
31	3477
31	3478
31	3482
31	3484
31	3483
31	3498
31	3506
31	3511
31	3512
31	3518
31	3538
31	3541
31	3542
31	3546
31	3547
31	3548
31	3549
31	3566
31	3606
31	3633
31	3673
31	3702
31	3249
31	3724
31	3727
31	3731
31	3841
31	3879
31	3893
31	3918
31	3935
31	3958
31	4073
31	4077
32	22
32	1501
32	1502
32	2105
32	2310
32	2311
32	2312
32	2313
32	2314
32	2316
32	2317
32	2318
32	2320
32	2321
32	2322
32	2323
32	2324
32	2325
33	22
34	22
34	34
34	21
34	58
34	89
34	175
35	34
35	40
35	136
35	1172
35	1175
35	1330
35	1825
35	1900
35	1954
35	2602
35	3783
35	3938
35	3943
36	34
36	40
37	1
37	61
37	62
37	174
37	4065
37	4090
38	37
38	1537
38	1597
38	1753
38	3091
38	3142
38	3497
38	4062
39	1
39	168
39	169
39	174
39	4077
40	39
40	40
40	91
40	1307
41	1
41	174
41	4052
41	4061
42	41
42	1666
42	2343
42	2629
42	4073
44	5
45	44
45	57
46	8
46	3502
46	3515
46	3553
47	172
47	173
48	47
49	48
49	1729
49	1730
49	1733
49	1740
49	2281
49	2283
49	2298
49	2561
50	49
50	51
51	49
51	2281
51	2286
52	51
52	1000
52	1176
52	1453
52	1464
52	1482
52	1588
52	1601
52	2474
52	2476
52	2563
52	2690
52	2784
52	2856
52	2907
52	2916
52	2918
52	2939
52	2984
52	2989
52	3024
52	3780
52	2016
53	49
53	341
53	343
53	364
53	366
53	840
53	846
53	859
53	856
53	864
53	865
53	866
53	862
53	871
53	880
53	912
53	926
53	927
53	956
53	957
53	958
53	998
53	1000
53	1134
53	1283
53	1455
53	1476
53	1479
53	1478
53	1481
53	1492
53	1516
53	1541
53	1710
53	1767
53	2085
53	2103
53	2106
53	2135
53	2154
53	2167
53	2185
53	2187
53	2188
53	2195
53	2196
53	2318
53	2339
53	2529
53	2616
53	3260
53	3417
53	3444
53	3570
53	3575
53	3614
53	3696
53	3704
53	3715
53	3742
53	3781
53	3918
53	3934
53	3935
55	54
55	56
58	166
58	176
59	58
59	4091
60	59
61	60
62	60
62	3073
62	3200
63	62
63	4089
64	63
64	344
64	347
64	537
64	536
64	539
64	540
64	559
64	596
64	599
64	696
64	699
64	740
64	742
64	753
64	754
64	758
64	768
64	860
64	898
64	924
64	971
64	1284
64	1331
64	1016
64	1468
64	1597
64	2603
64	2608
64	2711
64	2742
64	2763
64	2793
64	2794
64	2795
64	2796
64	2797
64	2798
64	2799
64	2800
64	2801
64	2802
64	2803
64	2809
64	2810
64	2873
64	2959
64	3511
64	3615
64	3637
64	3954
65	59
65	1135
65	2115
65	2117
65	2118
65	2525
65	2585
66	65
66	108
66	126
66	1139
66	1135
66	1581
66	1590
66	1596
66	1597
66	2012
66	2025
66	2313
66	3067
66	3074
66	3115
66	3125
66	3152
66	3200
66	3297
66	3314
66	3318
66	3324
66	4045
67	66
67	126
67	129
67	1017
67	1043
67	1041
67	1135
67	1303
67	1625
67	1661
67	1705
67	1704
67	1747
67	2022
67	2085
67	2103
67	2114
67	2209
67	2234
67	2242
67	2396
67	2404
67	2426
67	2433
67	2435
67	2439
67	2446
67	2449
67	2455
67	2465
67	2476
67	2558
67	2585
67	2588
67	2589
67	2603
67	2604
67	2605
67	2622
67	2633
67	2666
67	2818
67	2824
67	2862
67	2865
67	2867
67	2894
67	2908
67	2910
67	2579
67	3249
67	3780
67	2016
67	2861
68	174
69	68
69	126
69	994
69	992
69	1118
69	1433
69	1448
69	1449
69	1501
69	1717
69	1747
69	1834
69	2080
70	69
70	129
70	579
70	1000
70	1017
70	1695
70	2094
71	69
71	1111
71	1172
71	1175
71	1331
71	4121
71	4122
71	4123
73	4052
74	73
74	3910
74	4047
75	73
75	328
75	341
75	342
75	344
75	358
75	397
75	434
75	508
75	518
75	613
75	695
75	706
75	869
75	877
75	890
75	895
75	925
75	927
75	956
75	1072
75	1096
75	1232
75	1173
75	1510
75	1511
75	1655
75	1679
75	1690
75	1726
75	1818
75	2014
75	2020
75	2037
75	2191
75	2199
75	2206
75	2494
75	2662
75	2714
75	2717
75	2732
75	2787
75	2808
75	2816
75	2903
75	3100
75	3555
75	3952
75	3967
76	4052
77	76
77	77
77	3336
77	3338
77	3339
77	3349
77	3351
77	3352
78	76
78	187
78	229
78	509
78	512
78	508
78	563
78	566
78	684
78	706
78	726
78	736
78	740
78	931
78	935
78	937
78	939
78	947
78	950
78	960
78	968
78	1537
78	1607
78	1761
78	2212
78	2231
78	2234
78	2237
78	2242
78	2375
78	2376
78	2377
78	2378
78	2379
78	2380
78	2381
78	2382
78	2383
78	2384
78	2385
78	2744
78	2745
78	2747
78	2750
78	2753
78	2754
78	2755
78	2761
78	2764
78	2765
78	2766
78	2808
78	2814
78	3135
78	3996
78	4054
78	4062
78	4088
79	78
80	78
81	78
81	753
81	3660
82	78
82	754
83	78
83	23
83	286
83	302
83	301
83	419
83	509
83	518
83	566
83	695
83	942
83	984
83	1146
83	1346
83	1508
83	2286
83	2308
83	2362
83	2364
83	2738
83	3963
84	78
84	509
84	1135
84	1386
84	1388
84	1391
84	2524
84	2639
85	23
85	85
85	3739
85	3786
85	3787
85	3788
86	30
87	86
87	1492
87	1493
87	1494
88	87
88	1488
88	1656
89	167
90	169
90	170
91	168
92	91
92	1665
92	1760
92	1761
92	2212
92	2224
92	2232
92	2233
92	2234
92	2237
92	2242
92	3509
92	3905
92	4147
93	92
93	377
93	1017
93	1624
93	1625
93	1705
93	2209
93	2421
93	2450
93	2451
93	2465
93	2472
93	2484
93	2492
93	2493
93	2494
93	2574
93	2593
93	2626
93	2633
93	2694
93	2695
93	2697
93	375
93	2700
93	2701
93	2863
93	2865
93	2867
93	2904
93	2905
93	2906
93	2907
93	2908
93	2909
93	2910
93	2911
93	2912
93	2913
93	2914
93	2915
93	2916
93	2918
93	2207
93	2919
93	2579
93	2920
93	2921
93	3697
93	3249
93	3780
93	3781
93	3880
93	3886
93	4030
93	1711
97	96
97	212
97	282
97	682
97	1131
97	1349
97	1540
97	1643
97	2266
97	2349
97	2418
97	2467
97	2813
97	2857
97	2944
97	2983
97	3000
97	3047
97	3054
97	3144
97	3470
97	4032
96	98
100	99
100	1762
100	1763
100	1764
100	1773
100	1781
100	1793
101	99
102	101
102	1771
102	1772
102	1775
102	1778
102	1779
102	1780
102	1783
102	1784
102	1786
102	1790
102	1794
102	1797
102	1798
102	1801
102	1802
103	102
103	1819
105	104
107	106
107	113
107	2566
107	2567
108	107
108	1015
108	1660
108	1744
108	2012
108	2188
108	2196
109	108
109	1615
109	1936
109	2012
110	108
110	106
110	2565
110	2567
111	108
111	557
111	1037
111	1191
111	1501
111	2138
111	2328
111	2693
111	2858
111	2860
111	3336
111	3338
111	3339
111	3349
111	3351
111	3352
112	108
112	273
112	287
112	293
112	295
112	294
112	297
112	300
112	303
112	306
112	344
112	351
112	355
112	356
112	358
112	402
112	429
112	853
112	854
112	910
112	918
112	916
112	928
112	934
112	1134
112	1136
112	1381
112	1547
112	1576
112	1585
112	1598
112	1670
112	2012
112	2024
112	2025
112	2027
112	2337
112	3169
112	3177
112	3300
112	3317
112	3319
112	3325
112	3567
112	3904
112	3962
112	4067
113	107
114	113
114	1009
114	1408
114	1500
114	1499
114	1501
114	1524
114	1742
114	2294
114	2844
114	4021
115	113
115	1496
115	1497
115	1501
115	1524
115	1525
115	1526
115	1527
115	1742
115	2036
115	2280
115	2284
115	2286
115	2301
115	2919
115	2936
115	2938
115	2943
118	117
118	1724
118	1725
118	2577
118	3569
120	119
120	125
120	124
120	1117
120	1118
120	1722
120	1723
120	1746
120	1745
120	1749
120	1753
120	2025
120	2568
120	2570
120	4023
122	121
122	1006
122	1007
122	1023
122	1024
122	1290
122	1418
122	1419
122	1420
122	1421
122	1422
122	1423
122	1424
122	1425
122	1427
122	1428
122	1429
122	1430
122	1431
122	1432
122	1436
122	1437
122	1439
122	1440
122	1441
122	1442
122	1443
122	1445
122	1446
122	1524
122	1527
122	1608
122	2029
122	2529
123	122
123	1022
123	1495
123	1520
123	1523
125	124
125	1723
125	2570
125	4025
126	125
126	1118
126	1746
127	126
127	1821
128	126
128	1336
128	1411
128	1607
128	1608
128	1613
128	1620
128	1622
128	1623
128	1630
128	1656
128	1668
128	1671
128	1675
128	1676
128	1680
128	1685
128	1690
128	1693
128	1702
128	1710
128	2135
128	2206
128	2234
128	2242
128	2570
128	3565
129	126
129	1747
129	1753
131	130
131	135
131	2187
131	2523
133	132
133	139
133	2144
133	2167
133	2168
133	2170
133	2184
134	133
134	2173
134	2176
134	2181
134	2185
134	2186
135	134
135	3590
135	3636
136	135
136	2176
138	137
139	138
139	2192
141	140
141	3813
141	3814
141	3815
141	3817
142	141
142	2582
142	3111
142	3269
142	3323
142	3578
142	3679
142	3680
142	3685
142	3686
142	3694
142	3701
142	3702
142	3706
142	3707
142	3708
142	3709
142	3715
142	3790
142	3800
142	3806
142	3810
142	3811
142	3812
142	3885
142	3918
142	3933
142	4052
144	143
144	3643
144	3644
144	3645
144	3646
144	3647
144	3663
145	144
145	428
145	684
145	740
145	3661
145	3662
146	144
146	153
146	428
146	432
146	599
146	680
146	684
146	699
146	695
146	694
146	740
146	742
146	3700
146	3789
148	147
148	3580
148	3947
148	3948
148	3949
148	3950
148	3952
150	149
150	3581
150	3687
150	3710
150	3940
150	3946
150	3951
151	149
151	2037
151	3161
151	3185
151	3188
151	3581
151	3664
151	3666
151	3667
151	3668
151	3687
151	3700
151	3701
151	3710
151	3769
151	3770
151	3772
151	3773
151	3774
151	3775
151	3776
151	3777
151	3792
151	3951
153	152
153	3648
153	3649
153	3650
153	3651
153	3652
153	3653
153	3654
153	3655
153	3656
153	3657
153	3658
153	3659
154	153
154	432
154	436
154	696
154	742
154	3789
155	153
155	159
155	3892
155	3937
157	156
157	3953
159	158
159	3642
159	3802
159	3913
159	3915
159	3928
164	165
176	4107
178	177
178	181
178	431
178	1041
178	2874
178	2890
178	3315
178	3323
178	3298
179	180
182	181
182	613
182	3457
182	3458
182	3459
182	3462
182	3463
182	3472
182	3473
182	3474
182	3475
182	3476
182	3477
182	3478
182	3480
182	3483
182	3491
182	3493
184	183
184	502
184	506
184	525
184	527
184	528
184	529
184	530
184	531
184	534
184	535
184	3988
184	3997
184	4002
184	4004
184	4005
184	4006
184	4010
184	4018
186	185
186	188
186	193
186	195
186	194
186	198
186	202
186	204
186	205
186	206
186	207
186	208
186	209
186	975
186	976
186	978
186	979
186	980
186	1304
186	1306
186	1309
186	1531
186	1532
186	1533
186	2398
186	3583
186	3584
186	3619
186	3624
186	4036
185	188
185	193
185	195
185	196
185	197
185	201
185	203
185	205
185	206
185	207
185	208
185	975
185	976
185	978
185	979
185	980
185	1304
185	1306
185	1309
185	1531
185	1532
185	1533
185	2393
185	2397
185	2398
185	3583
185	3584
185	3585
185	3586
185	3619
185	3620
185	3621
185	3622
185	3623
185	3624
185	3625
185	3626
185	4036
188	187
188	189
189	187
192	191
195	194
195	199
195	200
195	202
195	209
195	4033
199	198
200	204
211	210
211	213
211	214
211	215
211	216
211	217
211	218
211	219
211	220
211	221
211	222
211	223
211	224
211	226
211	973
211	974
211	977
211	981
211	1529
212	211
212	260
212	269
212	271
212	284
212	362
212	426
212	430
212	550
212	564
212	571
212	769
212	772
212	773
212	774
212	775
212	776
212	777
212	778
212	786
212	787
212	889
212	921
212	941
212	1367
212	1368
212	1370
212	1371
212	1372
212	1373
212	1374
212	1377
212	1378
212	1379
212	1380
212	1381
212	1382
212	1384
212	1385
212	1392
212	1393
212	1394
212	1395
212	1396
212	1397
212	1398
212	1399
212	1400
212	1404
212	1405
212	1406
212	1407
212	1599
212	2361
212	2363
212	2373
212	2386
212	2389
212	2390
212	2402
212	3882
212	4049
235	234
235	237
235	239
235	304
235	923
235	2365
236	235
236	234
236	237
236	347
236	2618
239	238
239	242
239	243
239	248
239	250
239	253
239	262
239	264
239	2002
238	245
238	246
238	247
238	249
238	251
238	252
238	254
238	255
238	256
240	239
241	239
241	502
241	503
241	506
241	507
241	508
241	525
241	527
241	531
241	534
241	1284
241	2013
241	2189
241	2197
242	244
258	257
258	887
258	2867
258	3972
258	4026
258	4035
257	265
257	267
259	257
259	1738
259	1740
259	1741
259	1807
259	3048
262	261
262	263
266	265
266	2487
270	270
274	273
274	280
274	281
273	509
275	273
275	2692
275	2693
276	275
276	2693
278	277
277	444
277	729
277	2692
279	277
279	446
283	278
284	4020
286	285
286	327
286	336
286	917
286	1134
286	1586
286	1587
286	1600
286	2020
286	2024
286	2025
286	2026
286	2344
286	3560
285	293
285	295
285	300
287	286
287	350
287	354
287	355
288	286
288	350
288	351
288	354
288	355
288	3967
289	288
289	735
289	2340
289	3966
289	4073
290	286
290	298
290	383
291	286
291	305
291	327
291	920
291	928
291	934
291	961
291	1401
291	2020
291	3965
292	286
292	350
292	354
292	355
292	2468
292	3960
295	294
295	296
295	297
295	303
300	299
300	301
299	508
302	301
302	1141
302	2021
305	963
307	306
307	736
306	328
306	352
308	309
309	310
310	311
310	312
312	313
312	316
312	317
312	318
313	314
314	315
320	319
320	373
320	503
320	507
320	524
320	526
320	532
320	557
320	2019
320	2714
320	3563
320	3564
320	3992
320	3993
320	4009
320	4013
320	4027
320	4028
320	4029
320	4031
321	322
321	323
321	324
324	325
324	326
329	328
330	328
330	361
330	509
332	331
332	353
332	965
332	2469
333	332
333	331
333	334
333	965
333	1142
333	1144
334	331
335	334
336	335
336	2015
337	331
337	2865
337	4038
339	338
340	339
340	341
340	343
341	339
341	341
344	344
345	344
345	1355
345	1356
345	2711
348	347
349	347
349	432
349	508
349	518
349	520
349	521
349	679
349	695
349	706
349	742
349	743
349	849
349	854
349	864
349	871
349	874
349	884
349	905
349	903
349	909
349	925
349	933
349	936
349	976
349	1002
349	1019
349	1022
349	1024
349	1064
349	1077
349	1118
349	1134
349	1141
349	1142
349	1144
349	1148
349	1153
349	1154
349	1155
349	1156
349	1158
349	1159
349	1160
349	1162
349	1171
349	1179
349	1195
349	1194
349	1206
349	1207
349	1216
349	1235
349	1236
349	1240
349	1257
349	1270
349	1271
349	1275
349	1279
349	1280
349	1284
349	1292
349	1312
349	1320
349	1325
349	1331
349	1335
349	1388
349	1414
349	1646
349	1663
349	1666
349	1738
349	1767
349	2024
349	2025
349	2037
349	2075
349	2127
349	2202
349	2396
349	2405
349	2408
349	2414
349	2428
349	2429
349	2435
349	2440
349	2442
349	2447
349	2448
349	2452
349	2474
349	2482
349	2487
349	2491
349	2495
349	2537
349	2576
349	2580
349	2592
349	2601
349	2603
349	2612
349	2622
349	2650
349	2662
349	2666
349	2669
349	2670
349	2687
349	2693
349	2726
349	2728
349	2729
349	2730
349	2731
349	2740
349	2785
349	2786
349	2808
349	2817
349	2820
349	2822
349	2823
349	2826
349	2828
349	3011
349	3019
349	3046
349	3058
349	3064
349	3070
349	3076
349	3088
349	3103
349	3113
349	3125
349	3147
349	3149
349	3158
349	3159
349	3161
349	3164
349	3166
349	3168
349	3191
349	3197
349	3590
349	3589
349	3588
349	3592
349	3595
349	3597
349	3598
349	3599
349	3603
349	3606
349	3610
349	3612
349	3629
349	3631
349	3633
349	3636
349	3638
349	3698
349	3697
349	3758
349	3759
349	3760
349	3762
349	3763
349	3765
349	3767
349	3768
349	3780
349	3790
349	3893
349	3902
349	3943
349	3955
349	4021
349	4025
349	4078
350	384
350	962
350	1145
350	2468
351	1132
355	910
355	1402
355	2023
355	2030
355	2732
359	358
359	790
364	363
364	371
366	365
366	367
366	368
366	369
371	865
371	1108
375	374
375	732
375	734
376	374
376	394
376	723
376	733
376	739
376	749
376	756
376	957
376	958
376	2702
376	722
376	2712
376	4143
377	376
377	890
377	873
379	378
378	380
378	403
378	872
378	890
378	944
378	957
378	958
378	1133
378	1367
378	1475
381	380
381	391
381	393
381	397
386	385
386	389
386	390
385	389
385	390
387	385
387	399
387	400
387	402
388	387
388	391
388	405
392	391
392	393
392	398
392	392
394	392
394	401
394	404
394	1133
394	2710
394	2712
394	2715
395	392
397	396
403	402
404	403
404	737
404	738
404	748
404	755
404	767
404	2696
404	2698
404	2699
404	2711
404	2713
404	3989
407	406
407	415
407	728
407	1041
407	2041
407	2042
407	2046
407	2051
407	2054
407	2059
407	2269
407	2272
407	2367
407	2874
407	2892
407	2922
407	2924
407	3033
407	3040
407	3041
407	3472
407	3473
407	3474
407	3475
407	3476
407	3477
407	3478
407	3582
407	3724
407	3745
407	3785
407	3895
406	415
406	418
408	406
408	728
408	2042
408	2046
408	2054
408	2269
408	2876
408	2875
408	2886
408	2887
408	2892
408	2922
408	3472
408	3473
408	3474
408	3475
408	3476
408	3477
408	3478
408	3578
408	3694
408	3702
410	409
410	1651
410	2044
410	2047
410	2055
410	2270
410	2928
410	3461
410	4040
411	409
411	411
411	418
412	411
412	2032
412	2048
412	2056
412	2271
412	2927
412	3449
412	3829
412	3834
412	3837
412	3841
412	3846
412	3850
412	3851
412	3854
412	3861
412	3869
412	3872
412	3877
414	413
414	2045
414	2053
414	2061
414	2277
414	2929
416	415
416	418
415	418
417	415
417	423
417	686
417	2041
417	2051
417	2059
417	2272
417	2816
417	2924
417	3013
419	418
420	419
421	419
422	419
422	423
422	424
422	425
422	429
428	427
430	438
431	432
432	433
432	434
432	435
432	436
436	437
440	439
440	513
439	537
439	540
441	439
441	882
441	884
441	877
441	905
441	907
441	913
441	916
441	933
443	442
443	452
443	457
443	473
443	481
443	497
444	443
444	713
444	743
444	744
444	752
445	444
445	447
445	459
445	504
445	553
445	695
445	694
445	706
445	714
445	745
445	751
445	752
445	758
445	766
445	928
445	1179
445	2767
445	2814
445	3069
445	3982
445	3992
445	4007
446	445
446	730
446	758
446	766
446	3981
446	3993
447	443
447	449
447	453
447	458
447	474
447	482
447	498
448	443
448	442
448	452
448	451
448	450
448	457
448	456
448	464
448	463
448	467
448	469
448	471
448	473
448	475
448	477
448	479
448	481
448	483
448	486
448	485
448	489
448	491
448	493
448	495
448	497
448	541
448	543
448	545
448	547
448	752
449	442
451	450
451	464
451	467
451	479
451	491
451	495
451	541
452	451
452	461
452	469
452	475
453	452
453	454
453	462
453	476
454	451
454	455
454	465
454	468
454	480
454	492
454	496
454	542
455	450
457	456
457	471
457	477
457	486
458	457
458	460
458	472
458	478
458	487
459	458
459	460
459	524
459	706
459	743
459	752
459	758
459	766
459	2811
459	3091
459	3992
459	3993
459	3999
459	4006
459	4007
460	456
461	483
461	547
462	461
462	470
462	484
462	548
464	463
464	489
464	493
465	464
465	466
465	490
465	494
466	463
468	467
470	469
472	471
474	473
476	475
478	477
480	479
482	481
484	483
486	485
486	543
486	545
487	486
487	488
487	544
487	546
488	485
490	489
492	491
494	493
496	495
498	497
500	499
499	508
501	500
501	709
501	710
501	711
501	735
501	3994
505	504
509	508
509	510
509	726
509	735
509	766
509	2733
510	509
511	508
511	2751
511	2791
511	2816
512	511
512	726
513	508
514	513
514	736
515	514
516	515
516	513
516	731
517	513
517	917
517	920
517	929
517	934
517	938
517	940
517	961
517	968
518	513
518	518
519	518
520	518
520	520
520	1312
520	3638
520	3661
520	3938
521	520
521	521
521	3640
522	518
522	552
523	513
523	915
523	920
523	928
523	931
523	934
523	935
523	937
523	939
523	947
523	950
523	960
523	4145
533	532
533	1624
533	2551
533	2694
533	2695
533	2698
533	2699
533	2712
533	2713
533	2863
533	2865
533	2900
533	2904
533	2905
533	2911
533	2912
533	2207
533	2920
533	3006
533	3020
533	3228
533	3231
533	3223
533	3440
533	3542
533	3546
533	3249
537	536
537	539
538	537
538	536
538	540
538	695
538	731
538	874
538	925
538	927
538	2693
542	541
544	543
546	545
548	547
550	549
550	551
550	558
553	553
556	555
556	1000
556	1020
556	1045
559	559
561	560
561	1346
561	2688
561	3206
561	3557
561	3615
561	3637
562	561
562	753
562	754
562	2396
562	2643
562	2731
562	3003
562	3498
566	3517
566	3549
567	566
567	1099
567	1782
567	1732
569	568
569	1611
569	2388
570	569
570	573
570	574
570	1602
570	1648
570	1828
570	2230
571	570
571	1315
571	2307
571	2689
571	3202
573	572
573	3605
573	3632
576	575
576	1607
577	576
577	1753
577	1761
577	2242
579	578
579	994
579	1016
579	1479
579	1747
579	2187
579	2195
580	578
580	1021
580	1100
580	1121
580	1126
580	1768
580	1853
580	1998
580	2001
580	2311
580	2312
580	2316
582	581
582	585
582	584
582	609
582	611
582	626
582	632
582	635
582	636
582	639
582	684
582	688
582	690
581	584
581	635
581	636
583	581
583	688
583	695
583	768
583	1913
583	1930
583	2240
583	2351
583	2366
583	2368
583	2513
583	2812
583	3907
585	584
585	605
586	585
586	609
586	611
586	639
587	586
587	593
587	597
587	638
587	657
587	674
588	587
588	592
588	639
589	584
590	584
592	591
592	596
592	601
592	632
593	591
593	601
595	594
595	611
595	692
597	596
597	632
598	597
599	683
599	3701
600	599
600	620
600	629
600	3077
600	3129
604	603
607	606
606	611
608	606
608	629
609	639
611	610
611	629
612	611
612	612
612	626
612	695
612	3192
612	3479
612	3666
613	612
614	613
614	624
615	614
615	612
615	624
616	613
616	3496
617	613
617	3457
617	3459
617	3461
617	3472
617	3473
617	3474
617	3475
617	3476
617	3477
617	3478
617	3483
617	3493
617	3496
618	613
619	618
619	3461
619	3468
620	611
621	620
621	683
621	3701
621	4144
622	620
622	4144
623	620
623	611
623	683
623	685
623	686
623	687
623	688
623	3701
623	4144
624	611
624	695
624	3457
625	624
626	611
627	611
627	639
627	640
627	675
627	676
628	610
629	681
630	629
630	2245
632	631
632	674
634	633
638	637
638	657
638	671
637	673
637	676
639	638
639	642
639	661
639	672
639	674
640	638
640	674
641	637
641	2245
642	660
642	662
643	644
644	645
644	646
644	647
644	648
644	649
650	644
650	651
650	652
653	644
653	654
653	655
653	656
653	652
657	659
658	657
658	675
663	664
664	665
665	666
665	667
665	668
669	664
671	670
675	674
678	677
678	681
677	688
677	3702
680	679
681	680
683	684
684	3661
689	688
691	690
695	694
695	701
696	695
697	695
698	695
699	695
700	695
700	2212
700	2211
700	4030
700	4042
703	702
704	702
704	2953
705	702
705	2953
707	706
708	706
708	1318
708	2221
713	712
713	718
713	760
714	713
714	717
714	719
714	761
714	3983
715	713
716	713
716	720
716	760
716	762
717	712
717	3984
719	718
719	3986
722	721
722	750
722	763
722	957
722	958
722	2704
722	2706
723	721
723	737
723	763
723	3997
724	721
724	744
724	763
724	766
724	767
724	2804
724	3989
724	4017
725	724
728	740
730	729
730	3991
733	732
733	734
733	767
733	4019
739	738
741	740
745	744
745	4001
747	746
747	2339
749	748
749	4003
751	750
751	752
751	4008
751	4007
751	4030
756	755
756	4011
758	757
759	758
759	4012
761	760
761	763
761	4015
764	763
764	856
764	957
764	958
764	1675
764	1685
764	1688
764	1705
764	1761
764	2472
764	2484
764	2493
764	2494
764	2571
764	2633
764	2695
764	2700
764	2701
764	2704
764	2862
764	2906
764	2907
764	2908
764	2912
764	2913
764	2914
764	2916
764	2919
764	2579
764	3001
765	766
771	770
780	779
780	789
780	790
782	781
784	783
784	785
792	791
792	794
792	795
792	796
792	797
792	798
792	799
792	800
792	801
792	802
792	803
792	804
792	805
792	806
792	807
792	808
792	809
792	810
792	811
792	812
792	813
792	814
792	815
792	816
792	817
792	818
792	819
792	820
792	821
792	822
792	823
792	824
792	825
792	826
792	827
792	828
792	829
792	830
792	831
792	832
792	833
792	834
792	835
792	836
792	837
792	838
792	2831
793	792
793	864
834	839
841	840
841	846
841	847
841	886
841	902
841	904
840	854
842	840
842	871
842	876
842	869
842	895
842	903
842	958
842	3457
844	908
845	844
845	2885
845	2891
848	847
848	854
848	871
848	904
847	925
849	847
849	854
849	860
849	881
849	895
849	902
849	904
849	906
849	944
850	849
850	864
850	866
851	847
851	874
851	890
851	925
851	933
852	851
852	855
853	851
853	855
853	917
853	920
853	928
853	944
855	854
855	884
855	904
855	905
855	916
857	856
857	863
857	872
858	857
858	858
858	859
858	871
859	857
859	871
859	880
860	859
860	860
860	887
861	860
861	895
861	898
861	908
861	2509
861	2583
861	2627
861	3673
861	3841
863	862
863	914
862	890
864	863
865	863
865	862
865	896
866	863
866	872
866	871
866	869
866	880
866	891
867	862
867	869
868	862
868	870
869	862
870	869
870	871
870	862
870	890
871	869
871	886
871	890
872	871
873	872
873	914
873	2706
874	871
874	925
874	933
875	874
876	874
876	932
876	934
877	876
878	876
878	882
878	884
878	905
878	926
878	932
878	958
878	2713
879	869
883	883
885	884
885	905
885	916
889	888
889	967
893	892
893	894
893	897
893	951
899	898
899	908
900	899
900	901
901	898
901	908
901	909
903	905
904	903
904	909
905	904
908	908
913	925
913	933
917	916
917	933
917	959
916	925
916	952
918	917
918	916
918	933
919	918
919	925
919	926
919	927
919	933
919	959
919	961
919	966
922	922
925	936
925	949
926	925
926	959
927	926
927	961
929	928
928	932
928	936
928	948
930	932
931	931
932	938
932	940
932	946
932	951
943	942
945	944
954	953
954	955
954	956
956	957
956	958
963	964
968	968
970	969
975	980
976	975
983	982
983	1004
983	1024
984	982
984	992
984	1004
984	1005
984	1010
984	1024
984	1118
985	984
986	985
986	1118
986	1134
986	1167
986	1218
986	1284
986	1338
986	4062
987	982
987	988
987	989
991	990
991	1198
991	1201
991	1280
990	990
993	992
992	1012
994	993
994	1447
994	1448
994	1449
994	1458
995	992
995	1031
995	1073
995	1075
995	1191
995	1257
996	995
996	1027
996	1028
997	992
997	1191
999	998
999	1019
1000	998
1001	1000
1001	1019
1003	1002
1003	1169
1003	1196
1003	1283
1003	1338
1002	1004
1004	1289
1005	1004
1005	1166
1005	1216
1009	1008
1009	1342
1009	1343
1009	1417
1009	1496
1009	1497
1009	1508
1009	1510
1009	1511
1009	1525
1009	1526
1009	1726
1011	1010
1010	1163
1010	1214
1013	1012
1013	1692
1013	1697
1013	1712
1013	1713
1013	1717
1013	1718
1013	1719
1013	2188
1013	2196
1013	3566
1014	1013
1014	1668
1014	1670
1014	1674
1014	1680
1014	1693
1014	1694
1014	1703
1014	3567
1015	1014
1015	1336
1015	1657
1015	1675
1015	1677
1015	1685
1015	1688
1015	1691
1015	1702
1015	1709
1015	1710
1015	1714
1015	2571
1015	3565
1016	1015
1016	1659
1016	1662
1016	1665
1016	2200
1016	2206
1016	2239
1017	1016
1017	1014
1017	1013
1017	1133
1017	1657
1017	1659
1017	1662
1017	1670
1017	1675
1017	1677
1017	1694
1017	1709
1017	1748
1017	1753
1017	2237
1017	3567
1018	1016
1018	3228
1018	3223
1021	1199
1021	1200
1026	1025
1026	1034
1026	1035
1026	1036
1026	1047
1026	1052
1026	1056
1025	1057
1025	1107
1027	1026
1027	1031
1028	1026
1028	1035
1028	1036
1028	1047
1028	1056
1029	1025
1029	1087
1029	1089
1029	1338
1030	1029
1031	1030
1031	1073
1031	1075
1032	1029
1032	1087
1033	1032
1033	1074
1033	1077
1033	1089
1033	1106
1033	1112
1033	1113
1035	1050
1035	1051
1036	1048
1036	1049
1036	1053
1036	1055
1038	1037
1039	1038
1039	1040
1039	1046
1041	1040
1041	1064
1041	1082
1041	1342
1041	1343
1041	2146
1041	2217
1041	2247
1041	2249
1041	2251
1041	2254
1041	2257
1041	2289
1041	2294
1041	2296
1041	2305
1041	2883
1041	2899
1041	2930
1041	2938
1041	3801
1041	3914
1041	3918
1042	1041
1042	2894
1043	1042
1043	1041
1043	2894
1043	3305
1043	3303
1043	3322
1043	3738
1044	1043
1044	1308
1044	3878
1044	3885
1045	1074
1045	1088
1045	1089
1047	1054
1059	1058
1059	1061
1059	1062
1059	1063
1059	1066
1060	1059
1060	1167
1060	1218
1065	1064
1065	1082
1065	1083
1065	1084
1065	1085
1065	1091
1064	1067
1064	1068
1064	1069
1064	1070
1064	1071
1073	1072
1073	1079
1073	1086
1073	1087
1073	1088
1073	1089
1073	1090
1074	1072
1074	1080
1074	1081
1075	1074
1075	1095
1076	1074
1077	1072
1078	1077
1078	1107
1078	1584
1078	1731
1078	2135
1078	2229
1078	2578
1078	2587
1078	2585
1078	2589
1078	2591
1078	2856
1078	3603
1078	3716
1083	1096
1092	1091
1092	1094
1093	1091
1093	3544
1099	1191
1101	1100
1101	1126
1100	1198
1100	1199
1100	1200
1100	1201
1102	1101
1102	1129
1102	1130
1102	2784
1104	1103
1104	1142
1108	1107
1108	1108
1108	1115
1108	1492
1108	1655
1108	1685
1108	1692
1108	1819
1108	1820
1108	2311
1108	2312
1109	1107
1109	2576
1109	2578
1110	1107
1110	2566
1110	2578
1110	3149
1110	3173
1111	1107
1111	1113
1116	1115
1120	1119
1120	1122
1120	1126
1119	1121
1119	1123
1119	1124
1119	1125
1127	1126
1127	1847
1127	2289
1128	1127
1128	1126
1128	1413
1128	1836
1128	1839
1128	1847
1128	1849
1128	2251
1128	2841
1129	1126
1130	1126
1135	1134
1136	1135
1136	1589
1136	2585
1137	1136
1138	1137
1138	1548
1138	1583
1139	1138
1139	1584
1140	1136
1140	1597
1140	2608
1140	2969
1140	2968
1140	3639
1140	3673
1140	3786
1140	3787
1140	4148
1142	1141
1142	1151
1142	4062
1143	1142
1143	1144
1143	2769
1143	2773
1143	2776
1143	2777
1143	3498
1147	1146
1147	1163
1147	1164
1147	1166
1147	1190
1147	1192
1147	1194
1149	1148
1149	1153
1149	1154
1149	1155
1149	1156
1149	1158
1149	1159
1149	1160
1149	1162
1150	1149
1150	1203
1150	2779
1151	1150
1151	1167
1151	1179
1151	1180
1151	1196
1151	1218
1151	1284
1152	1150
1152	1167
1152	1218
1157	1156
1157	1171
1157	1206
1157	1207
1161	1160
1161	1171
1161	1210
1165	1164
1165	1167
1165	1212
1165	1218
1165	1255
1167	1181
1167	1182
1167	1183
1167	1184
1167	1185
1167	1186
1167	1187
1167	1188
1167	1189
1168	1167
1168	1193
1168	1218
1168	1257
1168	2779
1169	1168
1169	1218
1169	2779
1170	1167
1170	1192
1170	1218
1170	1294
1171	1167
1171	1218
1171	4062
1172	1171
1173	1172
1173	1175
1174	1171
1174	1318
1175	1171
1175	4076
1176	1171
1177	1176
1177	1331
1178	1167
1178	1218
1178	1285
1178	1337
1179	1167
1179	1218
1180	1179
1191	1190
1191	1292
1195	1194
1195	1244
1195	1279
1196	1195
1196	1232
1197	1196
1197	1284
1197	1337
1203	1202
1203	1204
1203	1205
1203	1206
1203	1207
1203	1208
1203	1209
1203	1210
1203	1211
1203	1246
1202	1245
1205	1247
1206	1248
1207	1249
1208	1250
1209	1251
1210	1252
1211	1253
1214	1213
1214	1256
1216	1215
1216	1257
1218	1217
1218	1224
1218	1258
1218	1332
1217	1220
1217	1221
1217	1222
1217	1225
1217	1226
1217	1227
1217	1228
1217	1229
1219	1218
1219	1230
1219	1257
1219	1268
1224	1223
1224	1262
1232	1231
1232	1269
1231	1235
1231	1236
1231	1237
1231	1238
1231	1239
1231	1240
1231	1241
1231	1242
1231	1243
1233	1232
1234	1232
1234	3517
1258	1259
1258	1260
1258	1261
1258	1263
1258	1264
1258	1265
1258	1266
1258	1267
1269	1270
1269	1271
1269	1272
1269	1273
1269	1274
1269	1275
1269	1276
1269	1277
1269	1278
1282	1281
1282	1752
1282	2677
1282	2992
1282	3089
1282	3096
1285	1284
1286	1284
1286	2662
1287	1284
1287	1387
1287	2662
1287	3228
1287	3223
1287	3249
1288	1284
1292	1291
1294	1293
1298	1297
1298	2120
1298	2530
1299	1298
1300	1299
1301	1298
1301	2120
1302	1298
1302	2036
1302	2130
1302	2131
1302	2133
1303	1302
1303	1630
1303	2103
1303	2629
1303	3010
1303	3011
1303	3012
1303	3013
1303	3014
1303	3015
1303	3016
1303	3017
1303	3711
1303	3712
1303	3738
1303	3740
1303	2016
1308	1307
1308	1646
1308	1753
1308	3543
1313	1312
1313	3758
1315	1314
1315	1316
1315	1317
1315	1326
1319	1318
1322	1321
1322	3518
1321	1336
1323	1321
1323	3511
1323	3518
1323	3538
1327	1328
1330	1331
1333	1334
1334	1335
1340	1339
1341	1339
1351	1350
1351	1354
1351	1356
1350	1352
1350	1353
1350	1355
1352	1352
1358	1357
1358	1360
1358	1362
1359	1358
1359	1646
1359	2206
1359	2741
1359	2885
1359	2891
1359	3246
1359	3256
1359	3479
1359	3578
1359	3694
1359	3702
1359	3886
1361	1360
1363	1362
1363	2730
1364	1362
1367	1366
1367	1383
1370	1369
1374	1375
1374	1376
1384	1403
1388	1387
1389	1388
1390	1388
1390	2639
1409	1408
1409	1411
1409	1503
1409	1842
1409	1997
1410	1409
1410	1836
1410	1839
1410	1841
1410	4146
1413	1412
1413	1821
1413	1845
1415	1414
1416	1414
1434	1433
1435	1434
1435	2140
1435	2145
1435	2146
1435	2296
1435	2845
1438	1437
1444	1443
1444	1731
1444	1734
1444	2643
1447	1452
1447	1455
1447	1472
1447	1474
1447	1480
1447	1481
1447	1483
1447	1488
1447	1490
1448	1451
1448	1460
1448	1463
1448	1465
1448	1466
1448	1468
1448	1476
1448	1478
1448	1486
1449	1454
1449	1456
1449	1467
1449	1469
1449	1471
1449	1491
1451	1450
1451	1462
1452	1490
1453	1452
1453	1481
1453	1670
1453	2334
1453	2335
1453	3565
1453	3567
1453	3568
1458	1457
1458	1485
1460	1459
1460	1470
1460	1473
1460	1477
1460	1487
1460	1489
1459	1461
1459	1484
1464	1463
1464	1469
1464	1476
1464	1833
1464	1936
1464	1975
1464	2195
1465	1713
1475	1474
1475	1692
1479	1478
1479	1516
1479	2187
1479	2188
1481	1483
1482	1481
1485	4021
1486	1718
1500	1499
1500	1513
1500	1515
1500	1518
1502	1501
1505	1504
1505	1506
1510	1509
1513	1512
1513	1514
1513	1521
1518	1517
1520	1519
1522	1522
1531	1534
1531	2392
1531	3624
1536	1535
1538	1537
1539	1539
1542	1541
1542	1544
1542	1545
1542	3604
1542	3630
1541	3629
1543	1541
1548	1547
1548	1576
1549	1550
1549	1551
1551	1552
1551	1553
1551	1554
1551	1555
1555	1556
1555	1558
1556	1557
1558	1557
1559	1560
1559	1553
1559	1561
1561	1562
1562	1563
1564	1565
1564	1553
1564	1566
1564	1567
1568	1569
1568	1570
1568	1566
1570	1551
1570	1571
1570	1572
1570	1562
1573	1574
1573	1575
1573	1551
1573	1557
1576	1577
1579	1578
1579	1577
1581	1580
1581	1585
1581	1592
1581	2115
1581	2118
1581	2654
1581	3108
1580	2822
1580	2828
1582	1581
1582	1596
1582	1600
1582	2022
1582	2396
1582	2404
1582	2426
1582	2435
1582	2439
1582	2446
1582	2449
1582	2455
1582	2476
1582	2525
1582	2558
1582	2585
1582	2588
1582	2589
1582	2603
1582	2604
1582	2605
1582	2622
1582	2666
1584	2117
1585	1598
1588	1589
1590	1596
1590	2525
1591	1590
1591	1597
1591	1609
1591	2116
1591	2822
1591	2828
1591	3152
1594	1593
1594	1595
1594	2526
1594	2527
1594	3497
1600	2589
1601	2321
1604	1603
1604	1605
1604	2257
1611	1610
1613	1612
1613	1614
1613	1621
1613	1633
1613	2564
1612	1636
1616	1615
1616	2338
1616	2357
1616	2372
1616	2443
1616	3008
1616	3043
1616	3925
1616	3987
1617	1615
1617	2396
1617	3003
1617	3920
1620	1619
1622	1621
1622	2200
1622	2239
1622	2245
1624	1623
1624	2450
1624	2667
1624	3782
1624	3886
1626	1625
1626	3693
1627	1626
1627	3231
1627	3578
1627	3581
1627	3687
1627	3694
1627	3702
1627	3710
1627	3792
1627	3803
1627	3951
1628	1626
1628	1628
1628	2206
1628	2208
1628	2931
1628	3895
1629	1628
1631	1630
1631	3305
1631	3303
1631	3322
1631	3725
1631	3738
1631	3740
1632	1630
1632	2356
1632	2358
1632	3685
1632	3724
1632	3739
1632	3779
1632	3794
1632	3795
1632	3798
1632	3885
1632	3918
1633	1634
1633	1635
1640	1639
1640	1646
1640	2127
1641	1639
1641	1646
1641	3902
1642	1639
1642	1646
1642	2127
1642	3030
1642	3037
1642	3514
1642	3516
1642	3520
1642	3902
1642	4047
1645	1644
1647	1646
1653	1652
1653	1654
1653	1655
1653	1690
1657	1656
1657	1690
1656	1678
1659	1658
1659	1660
1659	1661
1659	1663
1659	1664
1659	1666
1659	1751
1659	2569
1668	1667
1668	1669
1668	1686
1672	1671
1672	1674
1672	1682
1672	1696
1674	1673
1674	1683
1674	1698
1677	1676
1680	1679
1680	1681
1680	1699
1684	1683
1688	1687
1688	1706
1688	1707
1688	2572
1689	1687
1689	2484
1695	1694
1695	2187
1695	2195
1701	1700
1702	1701
1705	1704
1708	1707
1711	1710
1711	2704
1711	3565
1714	1715
1714	1716
1726	1727
1731	1730
1731	1733
1731	1737
1732	1731
1735	1734
1735	1736
1738	1737
1739	1738
1743	1742
1743	1744
1746	1745
1747	1748
1750	1750
1752	1753
1755	1754
1755	1757
1755	1758
1755	2119
1755	3744
1756	1755
1762	1774
1763	1770
1763	1777
1763	1800
1764	1766
1764	1776
1764	1782
1764	1785
1764	1789
1764	1795
1764	1796
1764	1799
1767	1766
1767	1770
1767	1785
1767	1789
1767	1795
1767	1796
1767	1799
1767	1800
1767	1804
1767	1805
1767	1807
1767	1808
1767	1810
1767	1811
1767	1813
1767	1815
1767	1817
1767	1822
1767	1940
1767	1955
1768	1767
1768	1819
1768	1820
1768	1824
1769	1767
1769	2624
1786	1787
1786	1788
1790	1791
1790	1792
1806	1805
1806	2625
1809	1808
1809	1818
1812	1811
1814	1813
1820	1819
1823	1822
1823	1851
1823	1857
1823	1858
1823	1859
1823	1860
1823	1861
1823	1862
1823	1863
1823	1864
1823	1865
1823	1874
1823	1875
1823	1876
1823	1877
1823	1879
1823	1881
1823	1885
1823	1894
1823	1895
1823	1896
1823	1897
1823	1908
1823	1911
1823	1912
1823	1916
1823	1918
1823	1925
1823	1926
1822	1888
1822	1920
1822	1921
1822	1922
1822	1923
1822	1924
1824	1823
1824	1830
1824	1831
1824	1832
1824	1833
1824	1834
1825	1824
1826	1822
1826	3673
1828	1827
1828	1835
1827	1829
1827	1837
1827	1843
1827	1844
1830	1838
1830	1899
1830	1917
1830	1928
1830	1929
1831	1850
1831	1854
1831	1866
1831	1867
1831	1872
1831	1873
1831	1880
1831	1882
1831	1883
1831	1884
1831	1886
1831	1887
1831	1889
1831	1902
1831	1903
1831	1904
1831	1906
1831	1907
1831	1909
1831	1910
1831	1914
1831	1919
1832	1856
1833	1852
1833	1853
1833	1855
1833	1870
1833	1892
1833	1900
1833	1905
1833	1913
1833	1915
1833	4022
1834	1868
1834	1890
1838	1893
1840	1840
1844	1933
1847	1846
1847	1848
1853	1869
1871	1870
1871	1936
1871	1938
1871	1975
1871	2001
1875	1878
1879	1927
1892	1891
1892	1898
1900	1975
1901	1900
1901	1930
1901	1931
1920	1957
1932	1931
1935	1934
1935	1937
1935	1939
1935	1944
1935	1945
1935	1947
1935	1949
1935	1952
1935	1956
1935	1957
1935	1958
1935	1961
1935	1966
1935	1967
1935	1968
1935	1969
1935	1970
1935	1971
1935	1972
1935	1973
1935	1974
1935	1976
1935	1977
1935	1978
1935	1979
1935	1980
1935	1981
1935	1982
1935	1983
1935	1988
1935	1990
1935	1993
1935	1994
1935	1995
1935	1996
1935	2002
1936	1935
1936	1941
1936	1943
1936	1959
1936	1963
1936	1986
1936	1992
1936	2010
1936	2011
1941	1940
1941	1954
1941	1955
1941	1962
1941	1965
1943	1942
1943	1946
1943	1950
1943	1951
1943	1984
1943	1985
1943	1987
1943	1989
1943	1991
1954	1953
1961	1960
1963	1964
1998	2001
2000	1999
2000	2003
2000	2007
2000	2013
1999	1999
2002	2004
2002	2006
2002	2008
2003	2005
2003	2007
2003	2009
2015	2017
2015	2018
2016	2015
2016	2858
2016	2860
2022	2021
2022	2590
2022	2623
2032	2031
2032	2032
2032	2043
2032	2044
2031	2031
2034	2033
2036	2035
2036	2049
2036	2057
2035	2043
2037	2036
2037	2275
2038	2037
2038	2242
2038	2245
2038	2283
2039	2035
2039	2041
2039	2043
2040	2035
2040	2923
2040	2930
2040	2932
2040	2935
2040	2936
2041	2043
2042	2041
2042	2043
2046	2051
2046	2052
2048	2047
2048	2048
2048	2052
2049	2052
2050	2049
2050	2051
2050	2052
2051	2052
2054	2059
2054	2060
2056	2055
2056	2056
2056	2060
2057	2060
2058	2057
2058	2059
2058	2060
2059	2060
2063	2062
2063	2067
2065	2064
2065	2066
2065	2068
2070	2069
2070	2072
2070	2328
2071	2070
2071	2256
2071	2326
2071	2329
2071	2840
2073	2073
2074	2074
2076	2075
2078	2077
2081	2080
2082	2080
2082	2633
2082	2662
2082	3067
2082	3086
2082	3114
2082	3115
2082	3123
2082	3676
2082	3677
2082	3902
2084	2083
2086	2085
2086	2090
2085	2087
2085	2088
2088	2089
2089	2100
2090	2089
2090	2321
2090	2324
2090	2334
2091	2093
2093	2092
2093	2097
2093	2110
2094	2093
2094	2096
2094	2098
2094	2100
2094	2106
2094	2107
2094	2109
2096	2095
2096	2108
2100	2099
2100	2101
2103	2102
2102	2113
2105	2104
2106	2105
2112	2111
2112	2122
2114	2113
2117	2116
2121	2121
2124	2123
2124	2127
2124	2128
2124	2129
2126	2125
2127	2128
2127	2129
2135	2134
2135	2136
2135	2137
2135	2140
2139	2138
2139	2900
2139	2901
2139	2902
2139	2903
2139	2916
2142	2141
2142	2144
2142	2148
2142	2150
2141	2148
2141	2150
2141	2154
2141	2157
2148	2147
2148	2161
2150	2149
2150	2151
2150	2152
2150	2155
2150	2156
2150	2158
2150	2159
2150	2162
2150	2163
2150	2164
2150	2165
2154	2153
2154	2160
2167	2166
2167	2169
2167	2180
2170	2171
2173	2172
2173	2183
2175	2174
2176	2175
2176	2178
2178	2177
2178	2179
2181	2182
2190	2189
2191	2191
2194	2193
2195	2194
2198	2197
2201	2200
2201	2239
2204	2203
2204	2219
2204	2238
2204	2241
2204	2250
2205	2204
2207	2206
2207	2231
2207	2492
2207	2931
2207	3540
2207	3547
2208	2206
2209	2208
2209	2931
2209	3894
2209	3895
2210	2206
2210	3247
2210	3518
2212	2211
2212	2244
2212	2246
2213	2211
2213	3687
2213	3792
2214	2213
2214	3688
2214	3689
2214	3690
2214	3691
2214	3692
2214	3720
2216	2215
2216	2583
2216	2859
2216	2889
2216	2890
2216	3157
2216	4052
2218	2217
2218	2221
2218	2224
2218	2249
2222	2221
2222	2238
2222	2251
2222	2254
2222	2289
2222	2294
2222	2305
2223	2222
2223	2351
2223	2359
2226	2225
2226	2228
2226	2229
2226	2360
2227	2225
2232	2231
2232	3544
2231	2235
2233	2231
2233	2234
2233	3539
2233	3545
2243	2242
2248	2247
2248	2249
2251	2252
2252	2257
2254	2253
2254	2256
2255	2253
2255	2257
2256	2257
2258	2258
2261	2260
2263	2263
2266	2265
2265	2267
2265	2268
2269	2272
2269	2274
2271	2270
2271	2271
2271	2274
2273	2272
2273	2274
2272	2274
2275	2274
2276	2275
2276	2278
2276	2279
2276	2283
2276	2287
2280	2282
2283	2282
2282	2286
2284	2283
2286	2285
2299	2298
2299	2300
2299	2301
2299	2304
2299	2305
2302	2301
2302	2303
2310	2315
2310	2319
2326	2327
2330	2331
2332	2333
2336	2335
2336	2337
2338	2339
2340	2341
2341	2343
2347	2346
2347	2348
2353	2353
2365	2365
2367	2367
2369	2368
2370	2368
2370	3747
2371	2368
2393	2398
2394	2393
2394	2395
2394	2442
2394	2592
2394	3142
2394	4087
2395	2394
2396	2394
2401	2400
2402	2401
2402	2444
2402	2466
2402	2483
2402	2674
2404	2403
2404	2406
2404	2410
2404	2411
2404	2414
2404	2650
2403	2408
2406	2405
2410	2409
2410	2412
2410	2413
2416	2415
2416	2417
2416	2427
2416	2440
2416	2446
2416	2450
2416	2452
2416	2666
2415	2452
2415	2457
2415	2487
2417	2419
2417	2422
2419	2487
2420	2419
2420	2495
2422	2421
2422	2461
2422	2487
2422	2491
2423	2422
2423	2490
2423	2497
2423	2620
2424	2421
2424	2465
2424	2593
2426	2425
2426	2427
2426	2431
2425	2428
2425	2429
2430	2429
2433	2432
2433	2434
2433	2437
2435	2434
2435	2438
2435	2447
2436	2435
2439	2438
2439	2440
2439	2666
2446	2445
2446	2447
2449	2448
2449	2452
2449	2454
2449	2613
2449	2670
2449	2671
2454	2453
2455	2455
2456	2455
2456	2607
2458	2457
2458	2488
2457	2461
2460	2459
2460	2463
2461	2464
2461	2499
2463	2462
2463	2478
2463	2498
2462	2473
2462	2479
2462	2493
2464	2465
2464	2492
2464	2493
2470	2474
2472	2471
2471	2473
2471	2480
2474	2473
2474	2480
2474	2489
2475	2474
2475	2512
2475	2620
2476	2475
2476	2495
2476	2508
2476	2510
2476	2613
2476	2670
2477	2474
2478	2477
2478	2479
2479	2474
2486	2485
2486	2489
2486	2490
2486	2497
2488	2487
2488	2491
2490	2489
2495	2494
2496	2495
2501	2500
2501	2504
2501	2502
2501	2506
2501	2539
2501	2656
2501	2657
2501	2658
2503	2502
2503	2506
2504	2502
2505	2504
2505	2506
2508	2507
2512	2511
2515	2514
2515	2607
2516	2514
2516	2981
2518	2517
2519	2517
2519	2537
2519	2538
2519	2550
2519	2642
2520	2519
2521	2520
2522	2519
2525	2524
2525	3091
2525	3142
2526	2525
2527	2525
2528	2524
2532	2531
2532	2538
2532	2541
2532	2544
2532	2659
2532	2660
2534	2533
2536	2535
2536	2538
2536	2544
2540	2539
2540	2543
2542	2541
2542	2543
2543	2544
2545	2544
2546	2544
2547	2548
2551	2557
2551	2559
2552	2553
2554	2555
2556	2552
2557	2581
2558	2557
2558	2581
2558	2608
2558	2611
2558	2612
2558	2613
2558	2670
2559	2599
2559	2600
2563	2562
2574	2573
2575	2573
2579	2578
2582	2581
2582	2599
2582	2600
2583	2581
2584	2581
2585	2581
2585	2662
2585	2661
2586	2585
2587	2585
2588	2587
2588	2591
2589	2585
2590	2585
2591	2585
2595	2594
2595	2597
2595	2598
2596	2594
2596	2597
2596	2598
2596	2603
2602	2601
2602	2873
2604	2603
2604	2619
2604	2621
2605	2603
2605	2615
2605	2617
2609	2608
2611	2610
2611	2614
2617	2616
2618	2616
2619	2620
2632	2631
2632	2634
2632	2635
2632	2636
2638	2650
2644	2643
2646	2645
2646	2647
2646	2648
2646	2649
2651	2650
2651	2670
2651	2671
2652	2650
2652	2654
2652	2661
2653	2652
2654	2652
2655	2652
2662	2661
2662	2675
2663	2662
2664	2662
2664	2905
2665	2662
2665	2678
2665	2679
2666	2662
2668	2667
2674	2673
2676	2675
2678	2680
2678	2681
2678	2682
2678	2683
2678	2684
2678	2685
2698	2697
2698	375
2703	2702
2705	2704
2707	2706
2708	2706
2709	2706
2717	2716
2717	2718
2717	2719
2721	2720
2721	2888
2722	2723
2724	2723
2724	2725
2727	2726
2727	2728
2727	2729
2727	2730
2727	3641
2731	2768
2734	441
2735	441
2736	441
2737	441
2747	2748
2770	2769
2770	2773
2770	2776
2770	2777
2774	2773
2774	2775
2774	2776
2774	2777
2779	2778
2780	2778
2784	2783
2789	2807
2789	2808
2790	2789
2806	2805
2815	2814
2815	2816
2815	4038
2815	4041
2814	4041
2816	4037
2818	2817
2818	2820
2818	3590
2818	3606
2818	3610
2819	2820
2821	2820
2821	3603
2822	2820
2824	2823
2824	2826
2824	3633
2824	3634
2824	3636
2825	2826
2827	2826
2828	2826
2830	2829
2833	2832
2833	2834
2833	2835
2833	2836
2833	2837
2833	2838
2834	2854
2835	2846
2836	2854
2837	2854
2838	2854
2839	2840
2839	2841
2839	2842
2839	2844
2839	2845
2843	2842
2846	2848
2846	2852
2846	2854
2847	2846
2849	2848
2849	2852
2849	2854
2850	2848
2850	2852
2850	2854
2851	2848
2851	2852
2851	2854
2853	2852
2855	2854
2860	2859
2860	2864
2860	2867
2861	2859
2863	2862
2864	2862
2864	2866
2866	2865
2869	2868
2869	2871
2872	2872
2876	2875
2876	2880
2877	2876
2877	2881
2877	2886
2877	2887
2879	2878
2882	2881
2884	2883
2885	2886
2885	2887
2894	2893
2895	1732
2897	2896
2897	2898
2897	2899
2912	2912
2917	2916
2922	2924
2922	2926
2923	2926
2925	2924
2925	2926
2924	2926
2927	2926
2927	2927
2927	2928
2931	2932
2934	2933
2937	2936
2937	2939
2937	2942
2937	2943
2937	2947
2940	2939
2942	2941
2942	2945
2942	2946
2942	2949
2944	2948
2945	2945
2952	2951
2952	2953
2952	2957
2952	2966
2952	2971
2952	2968
2954	2953
2954	2955
2954	2966
2954	2967
2954	2970
2954	2971
2956	2955
2955	2959
2958	2957
2960	2959
2960	2967
2960	2970
2961	2959
2962	2959
2962	2963
2962	2965
2964	2963
2964	2965
2968	2967
2968	2970
2968	2972
2969	2967
2969	2970
2973	2972
2974	2974
2975	2974
2983	2990
2986	2985
2986	2987
2985	3067
2994	2993
2994	2996
2994	2998
2995	2993
2997	2996
2999	2998
3002	3001
3010	3009
3021	3020
3020	3778
3022	3020
3026	3025
3028	3027
3030	3031
3030	3041
3031	3035
3031	3036
3031	3038
3031	3039
3031	3040
3033	3032
3034	3033
3041	3042
3046	3045
3046	3048
3045	3050
3051	3050
3050	3899
3050	3908
3053	3052
3054	3055
3056	3056
3056	3081
3056	3099
3057	3056
3059	3058
3061	3060
3060	3062
3060	3063
3066	3065
3066	3069
3067	3065
3067	3067
3067	3123
3067	3152
3068	3067
3071	3070
3074	3073
3074	3132
3075	3073
3075	3078
3078	3078
3079	3078
3080	3078
3080	3143
3082	3081
3083	3082
3083	3091
3083	3098
3084	3083
3084	3093
3084	3095
3084	3097
3085	3084
3085	3099
3085	3146
3086	3085
3086	3090
3086	3151
3086	3197
3087	3086
3087	3092
3087	3094
3087	3101
3087	3103
3087	3106
3087	3107
3087	3148
3087	3166
3087	3191
3089	3088
3090	3103
3111	3110
3111	3112
3111	3742
3111	3811
3111	3816
3111	3818
3116	3115
3115	3125
3115	3152
3117	3115
3117	3118
3117	3124
3118	3115
3118	3152
3119	3118
3121	3120
3121	3122
3120	3120
3122	3122
3123	3123
3123	3152
3124	3152
3127	3126
3128	3126
3128	3133
3131	3130
3131	3132
3131	3134
3131	3139
3137	3136
3138	3143
3140	3139
3141	3139
3143	3199
3143	3206
3146	3145
3145	3170
3150	3149
3150	3180
3150	3181
3150	3182
3151	3150
3151	3161
3151	3173
3151	3185
3153	3152
3153	3195
3154	3152
3155	3152
3156	3155
3161	3160
3161	3179
3160	3163
3163	3162
3165	3164
3165	3166
3165	3168
3167	3166
3170	3172
3172	3171
3173	3175
3173	3183
3175	3174
3175	3176
3179	3178
3187	3186
3189	3188
3191	3190
3191	3192
3191	3193
3191	3194
3196	3195
3202	3201
3202	3205
3205	3204
3209	3208
3209	3211
3209	3215
3209	3218
3209	3219
3209	3220
3209	3261
3209	3262
3209	3263
3209	3264
3209	3265
3210	3209
3210	3213
3210	3271
3210	3272
3213	3212
3213	3214
3213	3216
3213	3217
3222	3221
3222	3232
3222	3240
3222	3242
3222	3243
3223	3222
3223	3225
3225	3224
3225	3237
3225	3238
3225	3239
3225	3241
3225	3244
3227	3226
3228	3227
3228	3234
3230	3229
3231	3230
3231	3236
3234	3233
3236	3235
3245	3228
3245	3231
3245	3254
3245	3223
3245	3260
3246	3228
3246	3256
3246	3247
3247	3228
3247	3223
3247	3268
3247	3270
3248	3228
3248	3231
3248	3223
3248	3369
3248	3442
3248	3443
3249	3228
3249	3223
3250	3228
3250	3223
3251	3231
3252	3231
3253	3231
3254	3257
3254	3258
3254	3259
3255	3254
3256	3223
3256	3266
3269	3247
3272	3273
3272	3274
3272	3275
3277	3276
3277	3279
3277	3280
3277	3283
3277	3284
3277	3285
3278	3277
3278	3282
3278	3331
3278	3288
3282	3281
3287	3286
3287	3289
3287	3292
3287	3293
3287	3295
3288	3287
3288	3291
3288	3330
3288	3332
3288	3333
3288	3334
3288	3335
3291	3290
3291	3294
3297	3296
3297	3311
3298	3297
3298	3300
3298	3324
3298	3325
3300	3299
3300	3309
3300	3310
3300	3312
3302	3301
3303	3302
3303	3308
3303	3320
3303	3321
3305	3304
3306	3305
3306	3315
3306	3303
3306	3322
3306	3323
3306	3298
3306	3326
3308	3307
3314	3313
3315	3314
3315	3317
3315	3318
3315	3319
3317	3316
3323	3328
3323	3329
3327	3326
3337	3336
3337	3338
3337	3339
3336	3341
3336	3346
3336	3347
3338	3340
3338	3345
3339	3342
3339	3343
3339	3344
3339	3348
3350	3349
3350	3351
3350	3352
3349	3354
3349	3359
3349	3360
3351	3355
3351	3356
3351	3357
3351	3361
3352	3353
3352	3358
3366	3365
3366	3383
3366	3420
3366	3422
3366	3424
3366	3427
3366	3428
3366	3431
3368	3367
3368	3375
3368	3376
3368	3377
3368	3378
3369	3368
3369	3371
3369	3384
3369	3385
3371	3370
3371	3379
3371	3380
3371	3381
3373	3372
3373	3374
3382	3369
3382	3386
3382	3395
3382	3407
3382	3408
3382	3413
3382	3414
3382	3416
3382	3418
3382	3419
3382	3421
3382	3423
3382	3426
3382	3429
3382	3430
3386	3387
3386	3388
3386	3390
3386	3392
3390	3389
3390	3393
3392	3391
3392	3394
3395	3396
3395	3397
3395	3399
3395	3404
3399	3398
3399	3400
3399	3401
3399	3402
3404	3403
3404	3405
3404	3406
3407	3409
3407	3411
3408	3410
3408	3412
3416	3415
3416	3417
3433	3432
3434	3432
3435	3432
3437	3436
3439	3438
3441	3440
3441	3442
3441	3443
3441	3444
3440	3447
3440	3448
3440	3453
3444	3443
3445	3444
3445	3449
3445	3454
3446	3445
3446	3862
3449	3448
3450	3449
3450	3454
3450	3829
3450	3834
3450	3837
3450	3841
3450	3846
3450	3850
3450	3851
3450	3854
3450	3861
3450	3869
3450	3872
3450	3877
3451	3449
3452	3451
3452	3852
3452	4127
3452	4128
3452	4129
3452	4132
3452	4133
3452	4134
3452	4135
3452	4136
3452	4137
3452	4138
3452	4139
3452	4140
3452	4141
3454	3453
3455	3454
3457	3461
3457	3482
3458	3472
3458	3474
3458	3475
3458	3476
3458	3477
3458	3478
3459	3458
3459	3473
3460	3459
3460	3472
3460	3473
3460	3474
3460	3475
3460	3476
3460	3477
3460	3478
3461	3459
3463	3483
3465	3464
3465	3466
3467	3484
3467	3491
3470	3469
3472	3471
3474	3473
3481	3480
3484	3483
3486	3485
3486	3487
3487	3488
3487	3489
3487	3490
3493	3492
3495	3494
3498	3497
3498	3504
3498	3514
3498	3518
3497	3500
3497	3550
3497	3551
3497	3552
3499	3498
3499	3518
3499	3538
3501	3500
3501	3504
3501	3514
3501	3552
3503	3502
3503	3553
3504	3503
3504	3515
3506	3505
3506	3521
3506	3554
3507	3506
3509	3508
3509	3537
3510	3509
3510	3511
3512	3511
3512	3513
3512	3523
3514	3515
3514	3516
3514	3520
3517	3516
3517	3550
3518	3517
3518	3520
3518	3538
3518	3551
3519	3517
3519	3549
3523	3522
3523	3525
3523	3526
3523	3527
3523	3534
3523	3535
3525	3524
3525	3528
3525	3529
3525	3530
3525	3531
3525	3532
3525	3533
3537	3536
3537	3539
3537	3540
3536	3541
3538	3537
3538	3541
3538	3543
3539	3544
3539	3545
3540	3547
3540	3548
3543	3542
3543	3546
3542	3544
3542	3548
3546	3545
3546	3547
3559	3558
3559	3562
3560	3559
3561	3560
3561	3565
3561	3574
3561	3577
3571	3570
3573	3572
3573	3576
3579	3578
3579	3693
3579	3694
3579	3695
3579	3702
3589	3588
3589	3597
3589	3598
3589	3599
3590	3589
3590	3592
3590	3595
3592	3591
3592	3596
3594	3593
3595	3594
3602	3610
3604	3603
3607	3606
3607	3610
3608	3606
3608	3633
3609	3606
3609	3617
3611	3610
3613	3612
3614	3612
3616	3615
3618	3617
3630	3629
3630	3631
3638	3638
3639	3638
3642	3916
3642	3917
3665	3664
3665	3666
3665	3667
3665	3668
3665	3671
3665	3769
3667	3701
3670	3669
3673	3672
3674	3673
3674	3676
3674	3677
3674	3678
3674	3688
3675	3672
3679	3680
3679	3686
3681	3682
3683	3684
3693	3697
3693	3699
3693	3704
3697	3696
3697	3698
3704	3703
3704	3705
3707	3706
3707	3708
3707	3709
3713	3712
3719	3718
3720	3718
3720	3738
3720	3740
3722	3721
3722	3912
3722	3921
3723	3722
3723	3802
3723	3891
3723	3910
3723	3937
3725	3726
3726	3727
3727	3933
3729	3728
3728	3730
3728	3731
3728	3732
3728	3733
3735	3734
3735	3736
3739	3738
3739	3740
3739	3792
3743	4052
3746	3745
3746	3747
3748	3747
3751	3750
3753	3752
3755	3754
3757	3756
3759	3758
3759	3768
3761	3760
3761	3762
3761	3764
3761	3766
3761	3767
3764	3763
3764	3765
3768	3768
3771	3770
3771	3773
3771	3775
3771	3776
3779	3778
3779	3794
3779	3796
3782	3781
3782	3880
3792	3793
3798	3797
3800	3799
3805	3804
3805	3810
3807	3682
3808	3809
3810	3880
3812	3811
3819	3820
3821	3820
3823	3822
3823	3826
3823	3830
3823	3832
3823	3839
3823	3842
3823	3844
3823	3848
3823	3856
3823	3858
3823	3863
3823	3865
3823	3873
3823	3875
3825	3824
3825	3831
3825	3835
3825	3838
3825	3843
3825	3847
3825	3857
3825	3864
3825	3867
3825	3870
3825	3874
3828	3827
3828	3833
3828	3836
3828	3840
3828	3845
3828	3849
3828	3853
3828	3855
3828	3859
3828	3860
3828	3866
3828	3868
3828	3871
3828	3876
3851	3850
3852	3850
3882	3881
3882	3941
3882	3942
3884	3883
3884	3888
3887	3886
3894	3893
3896	3895
3896	3897
3900	3899
3900	3901
3900	3904
3900	3905
3903	3902
3903	3906
3903	3900
3909	3908
3911	3910
3911	3953
3920	3919
3920	3927
3921	3922
3921	3923
3921	3924
3928	3929
3928	3930
3928	3931
3933	3934
3933	3936
3934	3935
3958	3957
3958	3961
3958	3964
3958	3980
3958	3995
3958	4016
3959	3958
3959	3960
3959	3963
3959	3981
3959	4017
3960	3957
3962	3961
3963	3961
3963	3964
3963	3996
3969	3968
3969	4023
3969	4025
3971	3970
3973	3972
3973	4026
3973	4035
3975	3974
3976	3974
3978	3977
3978	3985
3978	4014
3979	3978
3979	3998
3979	4000
3979	4007
3980	3979
3980	3990
3981	3980
3981	3982
3981	3991
3982	3979
3982	3983
3982	3999
3982	4001
3982	4008
3983	3978
3983	3984
3983	3986
3983	4015
3984	3977
3986	3985
3991	3990
3996	3995
3999	3998
4001	4000
4008	4007
4015	4014
4017	4016
4023	4023
4024	4023
4026	4025
4034	4033
4034	4036
4039	4038
4044	4043
4046	4045
4046	4047
4049	4050
4052	4051
4052	4055
4052	4056
4052	4057
4052	4058
4052	4059
4052	4060
4053	4052
4061	4069
4061	4070
4061	4071
4061	4072
4061	4074
4061	4075
4061	4076
4061	4077
4061	4079
4061	4080
4061	4082
4062	4061
4063	4061
4064	4069
4065	4068
4067	4071
4067	4074
4081	4082
4084	4100
4086	4085
4086	4094
4086	4096
4086	4097
4086	4098
4086	4101
4086	4103
4086	4105
4085	4099
4085	4102
4085	4106
4087	4089
4087	4108
4087	4109
4089	4090
4090	4091
4111	4110
4112	4110
4113	4110
4114	4110
4115	4110
4116	4110
4117	4110
4118	4110
4119	4110
4120	4110
4131	4130
