1	0
1	178
1	4088
1	4123
2	1
2	46
2	55
2	174
2	175
2	176
2	177
2	181
2	182
2	240
2	243
2	251
2	254
2	657
2	818
2	4081
2	4106
2	4114
2	4127
2	4128
3	2
3	172
3	3900
3	4072
3	4074
4	3
5	4
6	4
6	12
6	20
6	43
6	42
6	11
6	15
6	17
6	50
6	57
6	64
6	67
6	90
6	93
6	34
6	104
6	173
6	177
6	182
6	183
6	192
6	198
6	215
6	216
6	217
6	225
6	236
6	238
6	264
6	303
6	331
6	330
6	348
6	354
6	359
6	362
6	373
6	429
6	436
6	437
6	451
6	471
6	577
6	695
6	726
6	723
6	734
6	744
6	745
6	793
6	801
6	806
6	827
6	828
6	845
6	882
6	1144
6	1176
6	1182
6	1211
6	1223
6	1229
6	1233
6	1264
6	1266
6	1269
6	1292
6	1303
6	1315
6	1503
6	1508
6	1506
6	1546
6	1549
6	1574
6	1611
6	1632
6	1766
6	1880
6	1898
6	1908
6	1900
6	1919
6	1929
6	1940
6	1944
6	1948
6	1949
6	1952
6	1958
6	1960
6	1962
6	1964
6	1966
6	1968
6	1970
6	1972
6	1981
6	1993
6	2043
6	2048
6	2049
6	2087
6	2154
6	2212
6	2247
6	2263
6	2311
6	2316
6	2363
6	2381
6	2435
6	2436
6	2438
6	2517
6	2594
6	2639
6	2643
6	2668
6	2801
6	2808
6	2813
6	2815
6	2817
6	2825
6	2838
6	2839
6	2873
6	2875
6	2877
6	2927
6	2941
6	2947
6	2949
6	2950
6	2957
6	2961
6	2969
6	2973
6	2977
6	2990
6	3010
6	3012
6	3013
6	3032
6	3045
6	3062
6	3073
6	3161
6	3333
6	3370
6	3376
6	3385
6	3393
6	3416
6	3418
6	3436
6	3452
6	3453
6	3459
6	3464
6	3487
6	3529
6	3536
6	3549
6	3553
6	3555
6	3558
6	3560
6	3589
6	3640
6	3650
6	3679
6	3713
6	3734
6	3755
6	3758
6	3795
6	3881
6	3889
6	3900
6	3956
6	3989
6	4022
6	4082
6	4086
6	4102
7	3
7	11
7	19
7	26
7	29
7	42
7	47
7	49
7	48
7	52
7	59
7	60
7	64
7	67
7	68
7	69
7	73
7	81
7	83
7	95
7	96
7	102
7	101
7	120
7	131
7	133
7	151
7	161
7	160
7	167
7	168
7	169
7	170
7	173
7	174
7	175
7	179
7	181
7	182
7	186
7	188
7	189
7	192
7	198
7	199
7	204
7	207
7	208
7	209
7	210
7	211
7	212
7	213
7	216
7	217
7	219
7	222
7	225
7	228
7	233
7	238
7	242
7	245
7	253
7	255
7	260
7	262
7	302
7	303
7	304
7	315
7	319
7	333
7	336
7	344
7	350
7	400
7	416
7	450
7	449
7	452
7	454
7	460
7	465
7	470
7	475
7	482
7	509
7	513
7	558
7	561
7	566
7	565
7	573
7	574
7	575
7	578
7	581
7	582
7	590
7	594
7	625
7	642
7	645
7	649
7	652
7	656
7	657
7	658
7	659
7	663
7	671
7	674
7	677
7	678
7	690
7	708
7	711
7	712
7	713
7	714
7	723
7	726
7	731
7	732
7	733
7	734
7	736
7	735
7	742
7	745
7	746
7	749
7	753
7	754
7	755
7	752
7	761
7	771
7	777
7	778
7	784
7	787
7	793
7	795
7	801
7	802
7	804
7	809
7	808
7	810
7	811
7	812
7	813
7	815
7	816
7	818
7	822
7	824
7	825
7	830
7	880
7	888
7	891
7	904
7	1010
7	1008
7	1028
7	1069
7	1070
7	1137
7	1144
7	1159
7	1164
7	1165
7	1170
7	1172
7	1174
7	1180
7	1183
7	1182
7	1188
7	1189
7	1190
7	1191
7	1192
7	1193
7	1194
7	1195
7	1196
7	1197
7	1198
7	1200
7	1201
7	1205
7	1206
7	1218
7	1220
7	1219
7	1227
7	1229
7	1236
7	1239
7	1254
7	1259
7	1260
7	1268
7	1269
7	1275
7	1278
7	1310
7	1311
7	1314
7	1313
7	1316
7	1319
7	1328
7	1329
7	1331
7	1333
7	1339
7	1346
7	1399
7	1404
7	1427
7	1483
7	1508
7	1522
7	1521
7	1550
7	1558
7	1574
7	1593
7	1608
7	1609
7	1612
7	1622
7	1626
7	1627
7	1628
7	1629
7	1640
7	1645
7	1643
7	1662
7	1665
7	1666
7	1671
7	1674
7	1675
7	1677
7	1680
7	1683
7	1706
7	1708
7	1731
7	1735
7	1745
7	1750
7	1753
7	1781
7	1788
7	1789
7	1790
7	1878
7	1889
7	1903
7	1921
7	1935
7	1954
7	1955
7	1959
7	1960
7	1961
7	1962
7	1963
7	1964
7	1966
7	1967
7	1970
7	1971
7	1972
7	1974
7	1975
7	1985
7	1995
7	2023
7	2033
7	2041
7	2048
7	2050
7	2064
7	2072
7	2074
7	950
7	2086
7	2099
7	2107
7	2110
7	2132
7	2136
7	2138
7	2137
7	2139
7	2141
7	2154
7	2158
7	2177
7	2209
7	2221
7	2225
7	2226
7	2227
7	2229
7	2252
7	2268
7	2273
7	2276
7	2277
7	2283
7	2295
7	2297
7	2309
7	2310
7	2314
7	2315
7	2316
7	2319
7	2320
7	2321
7	2330
7	2331
7	2332
7	2333
7	2363
7	2362
7	2379
7	2385
7	2383
7	2388
7	2389
7	2390
7	2394
7	2397
7	2402
7	2406
7	2419
7	2422
7	2431
7	2445
7	2446
7	2447
7	2451
7	2482
7	2483
7	2487
7	2492
7	2493
7	2494
7	2495
7	2497
7	2498
7	2499
7	2501
7	2509
7	2508
7	2512
7	2511
7	2516
7	2531
7	2537
7	2541
7	2557
7	2570
7	2594
7	2626
7	2629
7	2630
7	2637
7	2639
7	2644
7	2645
7	2652
7	2657
7	2674
7	2676
7	2682
7	2687
7	2693
7	2710
7	2725
7	2733
7	2866
7	2954
7	2955
7	2956
7	2959
7	2961
7	2963
7	2964
7	3045
7	3060
7	3066
7	3069
7	3070
7	3079
7	3093
7	3094
7	3095
7	3125
7	3126
7	3127
7	3131
7	3158
7	3159
7	3160
7	3161
7	3162
7	3163
7	3164
7	3165
7	3166
7	3167
7	3168
7	3169
7	3170
7	3171
7	3172
7	3173
7	3174
7	3175
7	3176
7	3178
7	3180
7	3181
7	3182
7	3183
7	3184
7	3185
7	3186
7	3187
7	3188
7	3189
7	3190
7	3191
7	3192
7	3193
7	3194
7	3195
7	3196
7	3197
7	3198
7	3199
7	3201
7	3204
7	3205
7	3206
7	3207
7	3208
7	3209
7	3211
7	3212
7	3213
7	3214
7	3215
7	3216
7	3217
7	3218
7	3219
7	3220
7	3221
7	3222
7	3223
7	3224
7	3225
7	3226
7	3227
7	3228
7	3229
7	3230
7	3231
7	3232
7	3233
7	3234
7	3235
7	3237
7	3238
7	3245
7	3283
7	3333
7	3355
7	3358
7	3366
7	3371
7	3373
7	3374
7	3377
7	3380
7	3381
7	3383
7	3384
7	3388
7	3389
7	3391
7	3392
7	3412
7	3439
7	3459
7	3515
7	3532
7	3542
7	3554
7	3557
7	3559
7	3560
7	3563
7	3562
7	3564
7	3565
7	3571
7	3585
7	3586
7	3588
7	3587
7	3601
7	3600
7	3624
7	3664
7	3668
7	3675
7	3676
7	3691
7	3692
7	3697
7	3698
7	3699
7	3700
7	3701
7	3702
7	3703
7	3704
7	3705
7	3706
7	3707
7	3709
7	3718
7	3722
7	3731
7	3734
7	3748
7	3749
7	3751
7	3755
7	3762
7	3764
7	3771
7	3770
7	3793
7	3804
7	3860
7	3865
7	3866
7	3900
7	3904
7	3908
7	3911
7	3917
7	3926
7	3929
7	3935
7	3941
7	3942
7	3944
7	3947
7	3956
7	3970
7	3987
7	3989
7	3993
7	4010
7	4013
7	4019
7	4020
7	4021
7	4029
7	4032
7	4034
7	4035
7	4036
7	4037
7	4038
7	4040
7	4041
7	4042
7	4043
7	4044
7	4045
7	4046
7	4047
7	4049
7	4051
7	4052
7	4053
7	4054
7	4055
7	4056
7	4057
7	4058
7	4059
7	4060
7	4065
7	4067
7	4068
7	4070
7	4085
7	4087
7	4090
7	4091
7	4092
7	4094
7	4095
7	4096
7	4097
7	4099
7	4100
7	4102
7	4103
7	4104
7	4107
7	4108
7	4105
7	4111
7	4112
7	4119
7	4129
7	4130
7	4131
7	4132
7	4133
7	4134
7	4135
7	4136
7	4137
7	4138
7	4140
7	4141
7	4143
7	4144
7	4145
7	4147
8	3
9	8
9	14
9	16
9	18
9	19
9	35
9	38
9	40
9	47
9	59
9	60
9	64
9	65
9	73
9	94
9	95
9	96
9	171
9	4082
9	4083
9	4084
9	4086
9	4087
9	4101
9	4109
9	4110
10	9
11	8
11	1216
11	1230
11	1274
12	8
12	14
12	16
12	2
12	18
12	19
12	38
12	1
12	40
12	47
12	57
12	59
12	60
12	64
12	65
12	73
12	94
12	95
12	96
12	172
12	173
12	174
12	177
12	179
12	181
12	182
12	183
12	240
12	243
12	251
12	254
12	657
12	818
12	3900
12	4072
12	4074
12	4082
12	4083
12	4084
12	4085
12	4086
12	4087
12	4090
12	4091
12	4092
12	4094
12	4095
12	4096
12	4097
12	4099
12	4100
12	4102
12	4107
12	4109
12	4105
12	4110
12	4121
13	12
13	8
13	14
13	17
13	2
13	18
13	21
13	20
13	35
13	1
13	41
13	40
13	43
13	42
13	48
13	80
13	73
13	83
13	82
13	81
13	94
13	95
13	102
13	113
13	108
13	125
13	172
13	173
13	174
13	179
13	181
13	182
13	183
13	187
13	195
13	215
13	217
13	225
13	247
13	246
13	257
13	303
13	319
13	353
13	361
13	367
13	369
13	371
13	373
13	400
13	416
13	421
13	423
13	427
13	429
13	431
13	433
13	434
13	435
13	436
13	437
13	441
13	443
13	444
13	446
13	459
13	464
13	473
13	483
13	505
13	549
13	570
13	588
13	658
13	659
13	671
13	679
13	686
13	692
13	685
13	684
13	695
13	723
13	735
13	741
13	742
13	744
13	745
13	753
13	755
13	752
13	764
13	766
13	771
13	787
13	795
13	813
13	818
13	822
13	828
13	825
13	832
13	844
13	847
13	870
13	877
13	880
13	888
13	895
13	929
13	932
13	924
13	1068
13	1071
13	1098
13	1130
13	1131
13	1133
13	1134
13	1135
13	1136
13	1138
13	1141
13	1142
13	1144
13	1170
13	1183
13	1182
13	1181
13	1188
13	1189
13	1190
13	1191
13	1192
13	1193
13	1194
13	1195
13	1205
13	1211
13	1210
13	1225
13	1227
13	1228
13	1229
13	1233
13	1256
13	1260
13	1262
13	1267
13	1306
13	1308
13	1319
13	1316
13	1320
13	1329
13	1331
13	1333
13	1401
13	1399
13	1403
13	1421
13	1501
13	1512
13	1521
13	1534
13	1532
13	1538
13	1561
13	1575
13	1593
13	1611
13	1619
13	1627
13	1628
13	1629
13	1653
13	1649
13	1647
13	1663
13	1666
13	1671
13	1672
13	1674
13	1686
13	1685
13	1688
13	1717
13	1720
13	1721
13	1727
13	1735
13	1738
13	1748
13	1745
13	1744
13	1750
13	1753
13	1757
13	1769
13	1770
13	1781
13	1782
13	1788
13	1878
13	1882
13	1890
13	1899
13	1898
13	1896
13	1895
13	1906
13	1908
13	1914
13	1926
13	1929
13	1927
13	1931
13	1941
13	1940
13	1944
13	1951
13	1950
13	1949
13	1952
13	1956
13	1958
13	1967
13	1982
13	1983
13	1993
13	1995
13	1997
13	2026
13	2027
13	2067
13	2072
13	2074
13	950
13	2089
13	2110
13	2109
13	2108
13	2112
13	2116
13	2123
13	2126
13	2130
13	2143
13	2154
13	2157
13	2166
13	2167
13	2177
13	2189
13	2253
13	2256
13	2261
13	2262
13	2266
13	2267
13	2270
13	2277
13	2295
13	2303
13	2309
13	2310
13	2312
13	2328
13	2330
13	2331
13	2333
13	2345
13	2368
13	2375
13	2376
13	2402
13	2409
13	2414
13	2431
13	2438
13	2442
13	2483
13	2484
13	2509
13	2508
13	2506
13	2522
13	2534
13	2537
13	2538
13	2556
13	2562
13	2570
13	2619
13	2620
13	2637
13	2644
13	2662
13	2666
13	2672
13	2673
13	2676
13	2677
13	2678
13	2685
13	2740
13	2750
13	2762
13	2774
13	2776
13	2779
13	2822
13	2821
13	2831
13	2837
13	2846
13	2847
13	2864
13	2875
13	2929
13	2935
13	2939
13	2943
13	2949
13	2956
13	2961
13	2967
13	2978
13	2982
13	2984
13	2990
13	2991
13	3007
13	3008
13	3019
13	3021
13	3023
13	3033
13	3034
13	3044
13	3056
13	3059
13	3063
13	3065
13	3069
13	3078
13	3079
13	3081
13	3093
13	3096
13	3100
13	3114
13	3115
13	3155
13	3159
13	3178
13	3333
13	3334
13	3337
13	3372
13	3371
13	3370
13	3375
13	3376
13	3379
13	3385
13	3387
13	3393
13	3407
13	3411
13	3423
13	3426
13	3428
13	3435
13	3439
13	3443
13	3454
13	3467
13	3466
13	3468
13	3469
13	3476
13	3535
13	3537
13	3539
13	3543
13	3550
13	3552
13	3558
13	3560
13	3562
13	3564
13	3565
13	3571
13	3584
13	3597
13	3605
13	3612
13	3613
13	3620
13	3621
13	3623
13	3668
13	3675
13	3676
13	3679
13	3691
13	27
13	3713
13	3718
13	3724
13	3726
13	3727
13	3731
13	3734
13	3737
13	3740
13	3746
13	3749
13	3748
13	3753
13	3755
13	3762
13	3774
13	3777
13	3793
13	3795
13	3805
13	3807
13	3809
13	3817
13	3853
13	3859
13	3860
13	760
13	3881
13	3884
13	3887
13	3890
13	3895
13	3899
13	3900
13	3901
13	3908
13	3907
13	3910
13	3913
13	3918
13	3922
13	3925
13	3926
13	3927
13	3935
13	3937
13	3938
13	3947
13	3954
13	3956
13	3970
13	3971
13	3986
13	3987
13	3996
13	1774
13	4002
13	4006
13	4008
13	4070
13	4072
13	4082
13	4084
13	4093
13	4096
13	4097
13	4102
13	4103
13	4106
13	4108
13	4121
14	3
15	3
16	2
16	4072
17	16
17	17
17	113
17	129
17	151
17	160
17	573
17	1629
17	2345
17	2481
17	2479
17	2633
17	2745
17	2748
17	2774
17	2831
17	2961
17	3065
17	3130
17	3347
17	3409
17	3454
17	3455
17	3457
17	3459
17	3467
18	1
18	174
18	181
19	1
19	174
19	176
19	4096
19	4097
20	19
20	129
20	133
20	264
20	267
20	268
20	269
20	270
20	271
20	283
20	2345
20	2641
20	2837
20	2871
20	2929
20	2961
20	3065
20	3370
20	3634
20	3648
21	20
21	2109
21	3371
21	3452
21	3463
21	3476
21	3601
21	3611
21	3689
22	20
22	283
22	1157
22	1162
22	2204
22	2209
22	2212
22	2216
22	2221
22	2225
22	2226
22	2229
22	2236
22	2244
22	2247
22	2252
23	20
23	62
23	61
23	413
23	469
23	2356
23	2360
23	2661
23	3052
23	3452
23	3780
23	4147
24	20
24	39
24	42
24	17
24	69
24	83
24	34
24	102
24	186
24	200
24	203
24	217
24	225
24	238
24	244
24	255
24	272
24	283
24	297
24	303
24	304
24	349
24	382
24	480
24	514
24	534
24	550
24	568
24	569
24	571
24	572
24	581
24	631
24	640
24	644
24	646
24	658
24	684
24	718
24	723
24	729
24	771
24	777
24	778
24	784
24	813
24	829
24	847
24	877
24	883
24	1068
24	1078
24	1153
24	1159
24	1157
24	1162
24	1183
24	1236
24	1307
24	1317
24	1329
24	1407
24	1422
24	1427
24	1435
24	1468
24	1546
24	1549
24	1609
24	1632
24	1636
24	1649
24	1688
24	1745
24	1747
24	1753
24	1871
24	1899
24	1919
24	1937
24	1946
24	1966
24	1975
24	1992
24	2040
24	2055
24	2060
24	2061
24	2105
24	2106
24	2110
24	2115
24	2117
24	2126
24	2130
24	2152
24	2154
24	2159
24	2163
24	2170
24	2194
24	2204
24	2209
24	2212
24	2216
24	2221
24	2226
24	2227
24	2225
24	2229
24	2236
24	2237
24	2244
24	2247
24	2252
24	2282
24	2303
24	2321
24	2328
24	2329
24	2345
24	2362
24	2386
24	2427
24	2453
24	2508
24	2529
24	2591
24	2594
24	2620
24	2515
24	2652
24	2663
24	2718
24	2752
24	2751
24	2775
24	2843
24	2844
24	2908
24	2914
24	2945
24	2957
24	2966
24	2967
24	2979
24	3004
24	3045
24	3066
24	3077
24	3147
24	3161
24	3332
24	3334
24	3349
24	3372
24	3405
24	3406
24	3407
24	3450
24	3528
24	3539
24	3547
24	3564
24	3573
24	3576
24	3577
24	3578
24	3600
24	3633
24	3680
24	27
24	3763
24	3778
24	3832
24	3859
24	3868
24	3877
24	3880
24	3881
24	692
24	3942
24	3954
24	3965
24	3989
24	1337
24	4070
24	4104
24	4130
24	4131
24	4132
24	4133
24	4134
24	4135
24	4136
24	4137
24	4138
24	4140
24	4141
24	4143
24	4144
24	4145
25	20
25	25
25	19
25	55
25	94
25	182
26	25
26	39
26	71
26	142
26	383
26	1511
26	1593
26	1628
26	1629
26	2158
26	2315
26	2320
26	2514
26	2518
26	2660
26	2676
26	2745
26	2781
26	2964
26	3143
26	3160
26	3209
26	3289
26	3459
26	3709
26	3947
26	3987
27	25
27	39
28	20
29	20
29	29
29	2345
29	2769
29	2771
29	2833
29	3372
29	3450
29	3598
30	29
30	20
30	1
30	41
30	83
30	184
30	188
30	242
30	253
30	358
30	359
30	362
30	377
30	379
30	380
30	402
30	405
30	411
30	412
30	419
30	432
30	449
30	452
30	454
30	456
30	460
30	459
30	532
30	537
30	561
30	578
30	640
30	642
30	674
30	705
30	710
30	719
30	721
30	723
30	765
30	771
30	802
30	804
30	808
30	813
30	825
30	929
30	932
30	959
30	924
30	969
30	1021
30	1070
30	1165
30	1170
30	1183
30	1181
30	1184
30	1198
30	1207
30	1310
30	1311
30	1312
30	1313
30	1419
30	1500
30	1681
30	1730
30	1738
30	1908
30	1929
30	2033
30	2063
30	2100
30	2186
30	2216
30	2319
30	2438
30	2439
30	2630
30	2682
30	2683
30	2684
30	2685
30	2732
30	2736
30	2823
30	2876
30	2937
30	2961
30	2963
30	2981
30	2996
30	3017
30	3021
30	3045
30	3063
30	3065
30	3075
30	3076
30	3084
30	3085
30	3087
30	3088
30	3134
30	3133
30	3148
30	3149
30	3242
30	3366
30	3374
30	3377
30	3378
30	3381
30	3380
30	3384
30	3386
30	3389
30	3388
30	3392
30	3394
30	3473
30	3481
30	3485
30	3529
30	3535
30	3555
30	3586
30	3585
30	3587
30	3592
30	3666
30	3668
30	3724
30	3749
30	3748
30	3751
30	3768
30	3773
30	3774
30	3789
30	3868
30	3877
30	3896
30	3904
30	3907
30	3908
30	3910
30	3911
30	3925
30	3931
30	3934
30	3935
30	3937
30	699
30	3956
30	3967
30	3966
30	3970
30	3971
30	3972
30	3991
30	4072
30	4093
31	20
32	31
32	20
32	33
32	1
32	49
32	50
32	52
32	86
32	87
32	88
32	83
32	89
32	81
32	102
32	99
32	108
32	136
32	172
32	186
32	187
32	188
32	197
32	200
32	203
32	238
32	247
32	369
32	373
32	388
32	396
32	397
32	400
32	402
32	407
32	411
32	412
32	426
32	429
32	436
32	437
32	439
32	446
32	450
32	449
32	452
32	451
32	454
32	456
32	460
32	465
32	481
32	498
32	502
32	503
32	506
32	509
32	517
32	521
32	548
32	561
32	578
32	593
32	598
32	606
32	610
32	617
32	624
32	640
32	659
32	685
32	695
32	699
32	705
32	734
32	745
32	754
32	753
32	761
32	771
32	779
32	794
32	813
32	818
32	824
32	832
32	851
32	872
32	874
32	871
32	875
32	876
32	877
32	880
32	895
32	932
32	1164
32	1167
32	1166
32	1165
32	1169
32	1170
32	1174
32	1178
32	1179
32	1183
32	1182
32	1181
32	1188
32	1189
32	1190
32	1191
32	1192
32	1193
32	1194
32	1197
32	1198
32	1201
32	1205
32	1206
32	1211
32	1218
32	1220
32	1225
32	1227
32	1233
32	1256
32	1254
32	1259
32	1260
32	1261
32	1267
32	1268
32	1269
32	1270
32	1277
32	1279
32	1281
32	1286
32	1288
32	1292
32	1308
32	1310
32	1311
32	1312
32	1314
32	1313
32	1315
32	1328
32	1329
32	1332
32	1421
32	1429
32	1504
32	1510
32	1533
32	1538
32	1537
32	1544
32	1546
32	1571
32	1580
32	1616
32	1622
32	1624
32	1625
32	1626
32	1639
32	1641
32	1645
32	1653
32	1649
32	1644
32	1643
32	1665
32	1666
32	1677
32	1683
32	1721
32	1729
32	1731
32	1735
32	1738
32	1745
32	1753
32	1766
32	1770
32	1781
32	1783
32	1796
32	1868
32	1870
32	1878
32	1886
32	1885
32	1883
32	1890
32	1887
32	1899
32	1898
32	1905
32	1908
32	1911
32	1914
32	1919
32	1920
32	1927
32	1930
32	1941
32	1950
32	1966
32	1967
32	1997
32	2033
32	2072
32	950
32	2096
32	2099
32	2102
32	2110
32	2108
32	2216
32	2255
32	2265
32	2268
32	2270
32	2283
32	2295
32	2309
32	2312
32	2414
32	2431
32	2438
32	2451
32	2459
32	2481
32	2478
32	2482
32	2488
32	2516
32	2534
32	2557
32	2570
32	2591
32	2620
32	2629
32	2630
32	2678
32	2680
32	2682
32	2683
32	2684
32	2685
32	2686
32	2718
32	2717
32	2731
32	2751
32	2779
32	2781
32	2810
32	2825
32	2831
32	2931
32	2932
32	2943
32	2956
32	2963
32	2981
32	3013
32	3016
32	3024
32	3043
32	3046
32	3050
32	3053
32	3073
32	3078
32	3081
32	3092
32	3104
32	3127
32	3365
32	3366
32	3370
32	3373
32	3374
32	3375
32	3376
32	3377
32	3378
32	3379
32	3380
32	3381
32	3383
32	3384
32	3385
32	3386
32	3387
32	3388
32	3389
32	3391
32	3392
32	3393
32	3394
32	3441
32	3472
32	3529
32	3539
32	3543
32	3549
32	3550
32	3553
32	3555
32	3558
32	3560
32	3563
32	3562
32	3564
32	3567
32	3570
32	3568
32	3571
32	3572
32	3584
32	3586
32	3585
32	3588
32	3587
32	3589
32	3592
32	3594
32	3598
32	3603
32	3606
32	3607
32	3608
32	3610
32	3612
32	3615
32	3622
32	3664
32	3666
32	3676
32	3690
32	3692
32	3722
32	3734
32	3740
32	3746
32	3744
32	3748
32	3753
32	3755
32	3758
32	3762
32	3772
32	3774
32	3780
32	3779
32	3783
32	3788
32	3789
32	3793
32	3795
32	3797
32	3809
32	3816
32	3817
32	3821
32	3836
32	3866
32	3896
32	3899
32	3901
32	3908
32	3911
32	3922
32	3925
32	3926
32	3930
32	3931
32	3934
32	3935
32	3942
32	3943
32	3945
32	3947
32	3956
32	3968
32	3970
32	3995
32	4005
32	4013
32	4030
32	4067
32	4066
32	4068
32	4093
32	4097
32	4147
33	20
33	2822
33	2837
33	2838
33	3139
33	3435
33	3636
33	3637
33	3638
33	3640
33	3642
33	3643
33	3644
33	3646
33	3647
33	3648
33	3649
33	3650
34	20
34	2789
34	2801
34	2984
35	1
35	57
35	58
35	181
35	4085
35	4107
36	35
36	678
36	752
36	1210
36	2871
36	2923
36	3065
36	4082
37	36
37	246
37	257
37	674
37	680
37	771
37	2923
37	2935
37	3447
38	1
38	175
38	176
38	181
38	4097
39	38
39	39
39	96
39	2641
40	1
40	181
40	4072
40	4081
41	40
41	561
41	2981
41	3668
41	3904
41	3935
41	4093
42	5
43	42
44	10
45	14
45	674
45	705
45	2618
45	3064
45	3977
46	179
46	180
47	46
48	47
48	48
48	3041
48	3042
48	3045
48	3043
48	3046
48	3052
48	3596
48	3598
48	3613
48	3878
49	48
49	50
50	48
50	3596
50	3601
51	50
51	93
51	104
51	355
51	430
51	440
51	514
51	553
51	2154
51	2361
51	2517
51	2817
51	2917
51	2927
51	3452
51	3797
51	3799
51	3880
51	360
52	48
52	52
52	146
52	633
52	787
52	795
52	874
52	876
52	898
52	900
52	907
52	963
52	1076
52	1129
52	1316
52	1432
52	1429
52	1437
52	1442
52	1501
52	1506
52	1514
52	1516
52	1517
52	1542
52	1546
52	1547
52	1548
52	1592
52	1611
52	1617
52	1626
52	1785
52	1868
52	1872
52	1885
52	1882
52	1889
52	1890
52	1891
52	1887
52	1896
52	1904
52	1936
52	1951
52	1950
52	1981
52	1982
52	1983
52	1986
52	2066
52	2074
52	2087
52	2108
52	2114
52	2116
52	2155
52	2180
52	2191
52	2295
52	2303
52	2309
52	2311
52	2312
52	2349
52	2350
52	2361
52	2359
52	2478
52	2619
52	2767
52	2792
52	2800
52	2810
52	2812
52	2815
52	2814
52	2818
52	2822
52	2821
52	2828
52	2834
52	2852
52	2916
52	2926
52	2940
52	2965
52	2982
52	3023
52	3068
52	3079
52	3362
52	3371
52	3412
52	3414
52	3420
52	3428
52	3436
52	3439
52	3467
52	3471
52	3484
52	3497
52	3515
52	3517
52	3518
52	3524
52	3525
52	3644
52	3664
52	3667
52	3670
52	3678
52	3700
52	3845
52	3910
52	3923
52	3932
52	4048
52	4050
53	52
54	52
54	59
54	204
54	205
54	206
54	207
54	208
54	209
54	210
54	211
54	212
54	213
54	214
54	226
54	227
54	237
54	384
54	433
54	491
54	639
54	640
54	880
54	888
54	891
54	1195
54	1225
54	1300
54	1406
54	1405
54	1407
54	1408
54	1427
54	1438
54	1439
54	1516
54	1517
54	1520
54	1534
54	1593
54	1628
54	1629
54	1666
54	1669
54	1746
54	1748
54	1769
54	1781
54	1782
54	1789
54	1790
54	1793
54	1800
54	1886
54	1922
54	1948
54	1995
54	950
54	2330
54	2620
54	2661
54	2803
54	2923
54	2956
54	3065
54	3908
54	3914
54	4005
54	4033
54	4054
55	173
55	183
56	55
57	56
58	56
58	657
58	818
59	58
59	4108
60	181
61	60
61	129
61	133
61	1504
61	2353
61	2463
61	2760
61	2767
61	2779
61	2786
61	2787
61	2837
61	2839
61	3030
61	3059
61	3139
62	61
62	131
62	1505
62	1535
62	2361
62	3009
62	3424
63	61
63	2456
63	2514
63	2518
63	2661
63	4146
63	4147
63	4148
65	4072
66	65
66	66
66	2093
66	2286
66	4065
67	66
67	67
67	73
67	151
67	1042
67	1044
67	1045
67	1055
67	1057
67	1058
67	1553
67	2123
67	2321
67	2327
68	67
68	582
68	2332
69	68
69	579
69	584
69	816
70	69
70	189
70	191
70	240
70	243
70	246
70	251
70	254
70	257
70	303
70	304
70	319
70	541
70	549
70	561
70	569
70	642
70	646
70	653
70	654
70	660
70	671
70	670
70	673
70	695
70	699
70	705
70	712
70	734
70	755
70	764
70	766
70	770
70	771
70	777
70	778
70	782
70	784
70	786
70	809
70	813
70	815
70	825
70	828
70	829
70	880
70	914
70	929
70	932
70	957
70	924
70	970
70	976
70	982
70	987
70	1010
70	1021
70	1008
70	1028
70	1003
70	1037
70	993
70	1071
70	1130
70	1131
70	1133
70	1134
70	1135
70	1136
70	1138
70	1141
70	1142
70	1211
70	1220
70	1233
70	1257
70	1259
70	1260
70	1262
70	1271
70	1272
70	1275
70	1329
70	1339
70	1399
70	1501
70	1514
70	1561
70	1560
70	1559
70	1563
70	1566
70	1568
70	1569
70	1570
70	1575
70	1580
70	1587
70	1590
70	1610
70	1614
70	1622
70	1625
70	1627
70	1629
70	1726
70	1745
70	1748
70	1753
70	1781
70	1782
70	1783
70	1788
70	1878
70	1880
70	1889
70	1896
70	1898
70	1908
70	1927
70	1929
70	1933
70	1949
70	1957
70	1960
70	1996
70	2068
70	2067
70	2132
70	2134
70	2136
70	2137
70	2139
70	2141
70	2145
70	2151
70	2154
70	2164
70	2268
70	2277
70	2320
70	2331
70	2337
70	2362
70	2373
70	2376
70	2378
70	2414
70	2427
70	2463
70	2478
70	2482
70	2483
70	2484
70	2487
70	2492
70	2493
70	2494
70	2495
70	2497
70	2498
70	2499
70	2501
70	2508
70	2513
70	2533
70	2532
70	2544
70	2545
70	2554
70	2572
70	2573
70	2577
70	2594
70	2607
70	2608
70	2612
70	2616
70	2617
70	2620
70	2626
70	2645
70	2652
70	2655
70	2661
70	2665
70	2718
70	2745
70	2956
70	2961
70	2978
70	2981
70	3044
70	3045
70	3079
70	3333
70	3358
70	3359
70	3371
70	3407
70	3411
70	3459
70	3531
70	3550
70	3724
70	3727
70	3731
70	3734
70	3749
70	3752
70	3753
70	3762
70	3764
70	3769
70	3770
70	3774
70	3797
70	3805
70	3809
70	3813
70	3817
70	3829
70	3833
70	3853
70	3854
70	3860
70	3884
70	3893
70	3896
70	3900
70	3904
70	3908
70	3911
70	3917
70	3922
70	3929
70	3946
70	3947
70	3954
70	3969
70	3970
70	3986
70	3987
70	4018
70	4019
70	4020
70	4021
70	4022
70	4031
70	4098
71	66
72	65
72	83
72	215
72	225
72	238
72	245
72	302
72	319
72	425
72	695
72	709
72	874
72	875
72	877
72	892
72	1276
72	1299
72	1303
72	1331
72	1399
72	1435
72	1516
72	1517
72	1520
72	1644
72	1745
72	1747
72	1753
72	1895
72	1900
72	1914
72	1919
72	1949
72	1951
72	1977
72	1981
72	2303
72	2328
72	2422
72	2444
72	2570
72	2515
72	2775
72	2846
72	2847
72	2966
72	2967
72	2969
72	2970
72	2994
72	2996
72	3004
72	3039
72	3074
72	3075
72	3127
72	3349
72	3354
72	3371
72	3528
72	3535
72	3816
72	3954
72	4007
72	4010
72	4023
73	4072
74	73
74	202
74	225
74	236
74	296
74	350
74	746
74	1236
74	1400
74	1399
74	1453
74	1630
74	1731
74	1753
74	1768
74	1777
74	1781
74	1939
74	1955
74	1959
74	1961
74	1963
74	1971
74	1974
74	1985
74	1992
74	2704
74	2871
74	2933
74	3073
74	3537
74	3549
74	3550
74	3553
74	3558
74	3697
74	3698
74	3699
74	3700
74	3701
74	3702
74	3703
74	3704
74	3705
74	3706
74	3707
74	4035
74	4036
74	4038
74	4041
74	4044
74	4045
74	4046
74	4052
74	4055
74	4056
74	4057
74	4058
74	4059
74	4074
74	4082
74	4110
75	74
76	74
77	74
77	1400
77	1468
77	1789
77	2020
78	74
78	1400
78	1790
79	74
79	79
79	21
79	319
79	832
79	847
79	846
79	1236
79	1316
79	1400
79	1434
79	1729
79	1745
79	1966
79	2188
79	2345
79	2485
79	2676
79	2844
79	3601
79	3623
79	3687
79	3689
79	3709
79	4029
80	74
80	1400
80	2481
80	2479
80	2716
80	2718
80	2720
80	3841
80	3943
81	21
81	81
81	801
81	2112
81	2160
81	2161
81	2162
82	81
82	82
82	810
82	1195
82	1319
82	1653
82	1649
82	1745
82	2026
82	2693
82	3114
83	82
83	1172
84	83
84	1166
85	84
85	82
85	1166
86	83
86	188
86	1165
86	1169
86	1170
86	1174
86	1176
86	1182
86	1186
86	1188
86	1189
86	1190
86	1191
86	1192
86	1193
86	1194
86	1196
86	1205
87	83
87	1209
88	83
88	1165
88	1170
88	1172
88	1182
88	1186
88	1188
88	1189
88	1190
88	1191
88	1192
88	1193
88	1194
88	1209
89	83
90	28
91	90
91	2828
91	2829
91	2830
92	91
92	2824
92	2971
93	31
93	1530
93	1532
93	1537
93	1540
93	2790
93	2818
93	2985
93	3649
93	3659
93	3660
94	174
95	176
95	177
96	175
97	96
97	1223
97	1258
97	1265
97	2281
97	2980
97	3071
97	3073
97	3537
97	3544
97	3550
97	3553
97	3558
98	97
98	367
98	371
98	373
98	426
98	427
98	429
98	430
98	431
98	432
98	433
98	434
98	435
98	436
98	437
98	438
98	439
98	440
98	441
98	442
98	443
98	444
98	445
98	462
98	1296
98	1518
98	1535
98	2067
98	950
98	2154
98	2157
98	2155
98	2256
98	2263
98	2948
98	3019
98	3744
98	3772
98	3773
98	3789
98	3795
98	3807
98	3814
98	3815
98	3816
98	3891
98	3901
98	3932
98	3937
98	3995
98	3996
98	3998
98	1536
100	99
100	3074
100	3075
100	3076
100	3084
100	3092
100	3104
101	99
102	101
102	3082
102	3083
102	3086
102	3089
102	3090
102	3091
102	3094
102	3095
102	3097
102	3101
102	3105
102	3108
102	3109
102	3112
102	3113
103	102
103	3128
104	102
104	104
104	1507
104	2760
104	2762
104	2799
104	2804
104	2812
104	3200
104	3245
104	3310
104	3524
106	105
108	107
108	109
108	3011
108	3883
108	3884
109	108
110	109
110	280
110	1501
110	2369
110	2739
110	2743
110	2750
110	2836
110	2835
110	2837
110	2849
110	2860
110	3054
110	3609
111	109
111	442
111	468
111	470
111	475
111	2832
111	2833
111	2837
111	2854
111	2860
111	2861
111	2862
111	2863
111	3054
111	3144
111	3370
111	3595
111	3599
111	3601
111	3616
111	3729
112	108
112	121
112	1541
112	3037
112	3038
112	3894
113	108
113	1533
113	2975
113	3056
113	3347
113	3518
113	3525
113	3895
114	113
114	2941
114	3245
114	3347
115	113
115	108
115	107
115	3882
115	3884
116	113
116	116
116	257
116	632
116	686
116	787
116	795
116	833
116	838
116	840
116	839
116	842
116	845
116	848
116	851
116	877
116	882
116	887
116	890
116	892
116	1005
116	1023
116	1025
116	1031
116	1284
116	1304
116	1326
116	1433
116	1435
116	1540
116	1729
116	1877
116	1880
116	1934
116	1942
116	1940
116	1952
116	1958
116	2084
116	2189
116	2280
116	2303
116	2478
116	2711
116	2878
116	2908
116	2912
116	2914
116	2924
116	2985
116	3347
116	3358
116	3359
116	3361
116	3467
116	3471
116	3662
116	3792
116	4087
117	113
117	255
117	359
117	362
117	545
117	870
117	1042
117	1044
117	1045
117	1055
117	1057
117	1058
117	1425
117	2253
117	2303
117	2391
117	2529
117	2848
117	2850
117	2917
117	2952
117	3066
117	3151
117	3153
117	3360
117	3470
117	3471
117	3653
118	113
118	129
118	248
118	644
118	658
118	674
118	680
118	717
118	723
118	734
118	771
118	787
118	795
118	802
118	818
118	1002
118	1020
118	1024
118	1030
118	2083
118	2188
118	2303
118	2481
118	2479
118	2633
118	2878
118	2922
118	2923
118	2926
118	3347
118	3359
118	3360
118	3446
118	3454
118	3455
118	3457
118	3639
118	3904
118	4064
119	118
119	129
119	131
119	241
119	252
119	366
119	371
119	373
119	386
119	400
119	415
119	431
119	433
119	443
119	462
119	539
119	685
119	689
119	699
119	755
119	1535
119	950
119	2108
119	2154
119	2479
119	2948
119	2976
119	3019
119	3018
119	3059
119	3356
119	3414
119	3444
119	3550
119	3558
119	3723
119	3728
119	3749
119	3757
119	3761
119	3768
119	3771
119	3777
119	3789
119	3799
119	3843
119	3844
119	3875
119	3908
119	3909
119	3922
119	3937
119	360
119	149
123	122
123	128
123	127
123	1512
123	2462
123	2463
123	3035
123	3036
123	3058
123	3057
123	3061
123	3065
123	3359
123	3885
123	3887
125	124
125	2366
125	2367
125	2377
125	2378
125	2624
125	2749
125	2750
125	2753
125	2754
125	2755
125	2756
125	2757
125	2758
125	2759
125	2761
125	2762
125	2763
125	2764
125	2765
125	2766
125	2769
125	2770
125	2772
125	2773
125	2774
125	2776
125	2777
125	2778
125	2780
125	2781
125	2860
125	2863
125	2934
125	3363
125	3845
126	125
126	2739
126	2831
126	2854
126	2856
126	2859
128	127
128	1514
128	3036
128	3887
129	128
129	2463
129	3058
130	129
130	3130
131	129
131	3059
131	3065
132	129
132	1532
132	1615
132	2633
132	2666
132	2742
132	2933
132	2934
132	2939
132	2942
132	2944
132	2946
132	2947
132	2949
132	2950
132	2971
132	2983
132	2986
132	2990
132	2991
132	2995
132	2996
132	3000
132	3004
132	3007
132	3016
132	3023
132	3025
132	3454
132	3455
132	3467
132	3535
132	3550
132	3558
132	3879
132	3887
133	129
134	133
135	133
135	644
135	671
135	695
135	722
135	723
135	731
135	764
135	2038
135	2039
135	2277
135	3748
135	3937
135	3938
135	3940
137	136
137	141
137	3517
137	3840
139	138
139	145
139	3474
139	3497
139	3498
139	3500
139	3514
140	139
140	3503
140	3506
140	3511
140	3515
140	3516
141	140
141	1561
141	1627
142	141
142	142
142	3506
144	143
145	144
145	3521
147	146
147	2188
147	2189
147	2190
147	2192
148	147
148	720
148	972
148	1029
148	1550
148	2041
148	2043
148	2048
148	2049
148	2062
148	2064
148	2071
148	2072
148	2076
148	2077
148	2079
148	2080
148	2087
148	2164
148	2174
148	2181
148	2185
148	2186
148	2187
148	2257
148	2262
148	2295
148	2310
148	3898
148	4072
149	146
149	361
149	2190
149	2192
149	3414
151	150
151	2003
151	2004
151	2005
151	2006
151	2007
151	2023
152	151
152	1325
152	1731
152	1781
152	2021
152	2022
153	151
153	160
153	1325
153	1329
153	1669
153	1727
153	1731
153	1745
153	1748
153	1744
153	1781
153	1782
153	2070
153	2163
155	154
155	1552
155	2323
155	2324
155	2325
155	2326
155	2328
157	156
157	1553
157	2050
157	2081
157	2317
157	2322
157	2327
158	156
158	770
158	803
158	806
158	1553
158	2024
158	2026
158	2027
158	2028
158	2050
158	2070
158	2071
158	2081
158	2143
158	2144
158	2146
158	2147
158	2148
158	2149
158	2150
158	2151
158	2166
158	2327
158	3371
160	159
160	2008
160	2009
160	2010
160	2011
160	2012
160	2013
160	2014
160	2015
160	2016
160	2017
160	2018
160	2019
161	160
161	1329
161	1333
161	1746
161	1782
161	2163
162	160
162	166
162	2267
162	2314
164	163
164	2329
166	165
166	2002
166	2176
166	2290
166	2292
166	2305
171	172
183	4126
185	184
185	188
185	388
185	400
185	410
185	415
185	1021
185	1029
185	1003
185	1328
186	187
190	189
190	371
190	3758
190	3989
194	193
194	235
194	332
194	358
194	476
194	512
194	578
194	586
194	637
194	761
194	1185
194	1730
194	2475
194	2679
194	2874
194	2958
194	3581
194	3674
194	3741
194	3791
193	197
196	195
201	200
201	238
201	1399
201	4042
202	201
202	1768
215	225
217	224
217	225
218	217
218	486
218	489
218	498
220	219
220	1496
220	1766
220	1784
220	1796
220	1798
220	1799
221	220
223	222
229	228
229	245
229	319
229	338
229	341
229	346
229	350
229	352
229	678
229	746
229	1352
229	1353
229	1403
229	1466
229	1467
229	1473
229	1482
229	1483
229	1522
229	1558
229	1608
229	1753
229	1783
229	1788
229	1793
229	1798
229	1939
229	2333
229	2866
229	3686
229	3688
229	3697
229	3698
229	3699
229	3700
229	3701
229	3702
229	3703
229	3704
229	3706
229	3707
229	3718
229	4034
229	4035
229	4037
229	4038
229	4040
229	4041
229	4043
229	4044
229	4045
229	4046
229	4047
229	4051
229	4052
229	4053
229	4054
229	4055
229	4056
229	4057
229	4058
229	4059
230	229
230	236
230	245
230	298
230	319
230	331
230	333
230	339
230	345
230	350
230	351
230	746
230	1340
230	1342
230	1396
230	1421
230	1454
230	1456
230	1466
230	1476
230	1485
230	1483
230	1558
230	1608
230	1745
230	1744
230	1753
230	1788
230	1793
230	1798
230	1939
230	1952
230	2333
230	2508
230	2644
230	2659
230	2705
230	2706
230	2866
230	3697
230	3698
230	3699
230	3700
230	3701
230	3702
230	3703
230	3704
230	3705
230	3706
230	3707
230	3718
230	4034
230	4035
230	4036
230	4038
230	4040
230	4041
230	4042
230	4043
230	4044
230	4045
230	4046
230	4047
230	4049
230	4051
230	4052
230	4053
230	4054
230	4055
230	4056
230	4057
230	4058
230	4059
230	4060
231	230
231	347
231	1452
231	1465
231	1467
231	1491
231	1793
231	1798
232	231
232	633
234	233
234	1170
234	1174
234	1176
234	1640
234	1735
234	1745
234	1800
234	2027
234	2283
234	2956
234	3222
234	3239
234	3556
234	3664
234	3676
234	3692
234	3693
234	3835
237	236
237	238
237	3989
237	3992
236	3992
238	3988
239	238
239	449
239	543
239	1313
239	1320
239	1733
239	3374
239	3384
239	3392
239	3587
241	240
241	244
241	246
241	243
241	1561
241	1575
241	1580
241	1587
242	243
244	243
244	1575
245	244
245	1580
245	1587
246	243
247	246
247	257
248	247
248	717
248	2914
248	2919
248	3445
248	3449
248	3958
249	248
249	679
249	685
249	689
249	699
249	755
249	2922
249	2926
249	3356
249	3723
249	3728
249	3749
249	3761
249	3768
249	3771
249	3777
249	3799
249	3843
249	3844
249	3875
249	3908
249	3909
249	3922
250	247
250	1576
250	1611
250	1613
250	2875
250	2876
250	2922
252	251
252	254
252	257
252	1610
252	1614
252	1622
252	1625
252	1627
253	254
255	254
255	1610
255	1614
255	1619
255	1622
255	1625
256	255
256	644
257	254
258	257
258	1610
258	1614
260	259
262	261
262	1821
262	1822
262	1823
262	1824
262	1825
262	1826
262	1827
262	1828
262	1829
262	1830
262	1831
262	1832
262	1833
262	1834
262	1835
262	1836
262	1837
262	1838
262	1839
262	1840
262	1841
262	1842
262	1843
262	1844
262	1845
262	1846
262	1847
262	1848
262	1849
262	1850
262	1851
262	1852
262	1853
262	1854
262	1855
262	1856
262	1857
262	1858
262	1859
262	1860
262	1861
262	1862
262	1863
262	1864
262	1865
262	1866
263	262
263	1889
265	264
265	267
265	268
265	269
265	270
265	271
264	289
266	89
266	1172
266	1181
267	285
267	289
267	291
268	283
269	291
270	285
270	289
270	291
271	285
271	289
271	291
272	274
272	276
272	278
272	280
272	281
273	272
273	1264
273	2440
273	2752
275	274
275	3403
275	3571
275	3651
275	3654
277	276
277	2472
277	2471
277	2744
277	3141
277	3144
277	3155
277	3157
277	3566
279	278
282	281
282	2768
282	3471
282	3475
282	3476
282	3611
283	285
283	289
283	291
284	283
286	285
286	289
286	291
287	285
287	289
287	291
288	285
288	289
288	291
290	289
292	291
294	293
294	295
294	294
294	302
294	306
294	305
294	311
294	314
294	325
294	326
294	327
294	328
294	329
294	339
294	1523
294	1554
294	1555
294	1598
294	1604
294	1605
294	2336
294	2337
294	2339
294	2340
294	2341
294	2638
294	2640
294	2642
294	2867
294	2868
294	3717
293	295
293	302
293	306
293	307
293	308
293	310
293	312
293	325
293	326
293	327
293	328
293	1523
293	1554
293	1555
293	1556
293	1557
293	1598
293	1599
293	1600
293	1601
293	1602
293	1603
293	1604
293	1605
293	1606
293	1607
293	2336
293	2337
293	2339
293	2340
293	2341
293	2638
293	2640
293	2642
293	2867
293	2868
293	3715
293	3716
293	3717
295	294
295	296
295	297
297	296
299	298
301	300
303	302
303	303
303	319
303	1996
303	2021
303	2315
303	2645
304	303
304	304
304	1998
306	305
306	309
306	311
306	313
306	329
306	1521
309	314
315	314
315	315
315	325
315	1399
316	315
316	323
316	1772
317	315
317	1941
317	1944
317	1953
317	1958
317	1962
317	1964
317	1986
317	1992
318	315
318	1336
319	315
319	319
320	319
320	1420
321	319
322	315
322	1777
323	322
324	315
324	1939
324	1944
324	1952
324	1955
324	1958
324	1959
324	1961
324	1963
324	1971
324	1974
324	1985
324	4157
331	330
331	333
331	335
331	336
331	337
331	338
331	339
331	340
331	341
331	342
331	343
331	344
331	345
331	347
331	2334
331	2335
331	2338
331	2342
331	2865
332	331
332	618
332	626
332	629
332	639
332	821
332	896
332	1323
332	1327
332	1418
332	1631
332	1801
332	1803
332	1804
332	1805
332	1806
332	1807
332	1808
332	1809
332	1817
332	1818
332	1913
332	1945
332	1965
332	2260
332	2695
332	2697
332	2699
332	2700
332	2702
332	2703
332	2704
332	2707
332	2708
332	2710
332	2711
332	2712
332	2714
332	2715
332	2721
332	2722
332	2723
332	2724
332	2725
332	2726
332	2727
332	2728
332	2729
332	2734
332	2735
332	2737
332	2738
332	2925
332	3686
332	3688
332	3696
332	3708
332	3711
332	3712
332	3721
332	4068
334	333
334	337
334	594
334	639
334	849
334	1195
334	1395
334	1398
334	1445
334	2620
334	3348
334	3519
334	3526
348	348
349	349
351	351
353	353
354	354
355	355
356	355
356	689
356	4001
357	355
357	367
357	366
357	371
357	429
357	430
357	431
357	433
357	435
357	436
357	437
357	438
357	439
357	441
357	442
357	443
357	445
357	526
357	1165
357	1303
357	1306
357	1766
357	1796
357	1882
357	1982
357	1983
357	2990
357	2996
357	3000
357	3003
357	3019
357	3025
357	3073
357	3795
357	3807
357	3815
357	3816
357	3888
357	3891
357	3932
357	3937
357	3996
357	3998
357	4001
357	4008
360	359
360	362
360	3350
362	361
362	369
362	373
363	361
363	369
363	373
364	361
364	409
364	410
364	776
364	2253
364	2262
364	3538
364	3899
364	4072
365	361
365	369
365	373
367	366
366	2996
368	367
368	371
368	421
368	426
368	427
368	434
368	435
368	441
368	444
368	533
368	550
368	553
368	929
368	932
368	924
368	1152
368	1261
368	1267
368	950
368	2157
368	3868
368	3995
368	3996
368	1774
368	4006
369	366
369	372
370	369
370	371
370	373
370	528
370	535
370	755
370	2297
370	2941
372	371
374	373
374	617
374	1442
374	1911
373	3020
375	373
376	373
376	3021
378	377
378	379
378	380
378	3350
381	380
382	382
383	384
383	2084
383	3911
386	385
386	400
386	415
386	1010
386	1008
386	1028
386	2111
386	2113
386	2174
386	2949
385	400
385	415
387	386
387	1263
387	2253
387	2262
389	388
389	396
389	400
389	412
389	446
389	449
389	506
389	513
389	566
389	573
389	574
389	1165
389	1188
389	1189
389	1190
389	1191
389	1192
389	1193
389	1194
389	1313
389	1745
389	1770
389	2096
389	2118
389	2270
389	2675
389	2710
389	3374
389	3375
389	3379
389	3384
389	3387
389	3392
389	3584
389	3587
389	3690
389	3836
389	3912
389	3913
391	390
391	396
392	391
392	390
392	394
392	405
392	406
392	412
392	446
392	1188
392	1189
392	1190
392	1191
392	1192
392	1193
392	1194
392	1308
392	1550
392	1770
392	2064
392	2072
392	3375
392	3379
392	3387
392	3584
393	391
393	397
393	405
393	406
393	412
395	394
395	396
398	397
400	399
400	400
400	458
400	465
400	470
400	2108
400	2175
400	2261
400	2291
400	2295
400	2297
400	2310
400	2394
400	2414
400	2431
400	2637
400	2672
400	2673
400	3441
400	3443
400	3476
400	3539
400	3562
400	3564
400	3566
400	3569
400	3572
400	3604
400	3609
400	3611
400	3620
401	399
403	402
403	411
403	947
403	959
403	1195
403	1550
403	2064
403	2072
403	2263
403	2688
403	2961
403	3535
403	3901
403	4032
402	405
402	406
402	411
404	402
404	411
404	412
404	504
404	506
404	1871
404	1886
404	1919
404	1922
404	1932
404	2216
404	3532
404	3557
404	3747
404	3831
404	3899
404	3901
404	3933
404	3947
408	407
408	506
408	4013
409	409
412	464
412	2270
413	2517
413	2661
415	414
417	416
416	3044
418	416
418	464
418	1236
418	2270
418	2447
418	3093
420	419
420	2637
420	4149
422	421
422	423
422	425
422	1395
422	1398
422	1403
422	1404
422	1425
422	1466
422	1467
422	1490
422	1491
422	1515
422	1516
422	1517
422	1520
422	1529
422	1531
422	3353
422	3470
422	3997
422	4007
422	4150
424	423
424	791
424	906
424	1785
424	1889
424	2455
424	3664
424	3883
424	3895
424	1774
428	427
428	546
428	695
428	950
435	435
441	459
441	1259
441	1268
441	2063
441	3535
441	3549
441	3814
443	3895
446	449
446	451
448	447
448	458
448	463
448	467
448	468
448	3369
447	451
450	449
450	451
449	451
452	451
452	452
452	454
453	452
453	1157
453	1311
453	2204
453	2209
453	2212
453	2216
453	2221
453	2225
453	2226
453	2229
453	2236
453	2244
453	2247
453	2252
453	3366
453	3381
453	3389
453	3586
455	454
455	1172
455	1310
455	2966
455	3377
455	3380
455	3388
455	3585
455	3991
457	456
457	1312
457	3378
457	3386
457	3394
457	3592
459	463
460	459
460	460
460	464
460	2063
460	2270
460	3535
461	460
462	459
462	464
462	2063
462	2154
462	2269
462	2270
464	3535
466	465
469	468
469	471
469	474
469	475
469	480
472	471
474	473
474	477
474	478
474	482
476	481
477	477
479	478
479	3079
479	3116
479	3931
485	484
485	486
485	489
485	498
485	499
487	486
487	498
487	1751
488	486
488	498
488	1751
490	489
490	491
490	499
490	632
490	686
490	1997
490	2026
490	2033
490	2160
490	2161
490	2923
490	3724
490	3914
490	4153
492	491
492	4152
493	491
493	2455
493	3893
493	3895
494	491
494	495
494	497
496	495
496	497
500	500
500	3065
501	500
507	506
507	3836
508	506
508	1429
509	3901
509	3926
511	510
511	3693
512	516
515	514
515	3880
519	518
518	3002
518	3807
520	518
522	521
522	524
523	521
525	524
527	526
529	528
529	755
529	827
529	1211
529	1789
529	1790
529	3947
529	4022
531	530
531	877
531	2685
531	2686
531	4005
536	535
536	576
536	1462
536	2302
536	2941
536	3663
536	3682
536	3695
536	3765
538	537
539	538
539	541
539	542
539	543
539	544
539	545
539	546
539	547
539	2083
539	2084
539	2108
539	2111
539	2113
539	2636
539	2949
539	3935
539	360
540	538
540	544
540	547
551	550
550	2152
552	550
553	3677
553	3895
555	554
557	556
560	559
560	3914
561	3897
563	562
563	570
563	1229
563	1231
563	1238
563	2277
563	2956
563	2961
563	3459
563	4065
562	564
562	574
564	568
564	569
564	571
564	572
564	573
566	565
567	566
574	575
576	577
577	816
580	579
580	617
580	1292
580	3045
580	3052
580	3053
580	3117
583	582
582	2274
582	2284
585	584
586	587
590	589
590	592
590	594
590	849
590	1947
590	3691
591	590
591	589
591	592
591	879
591	880
591	1609
591	1947
591	2117
591	3362
591	3925
591	4053
594	593
594	594
594	598
594	600
594	607
594	609
594	612
594	620
594	622
594	3337
594	3338
593	603
593	604
593	605
593	606
593	608
593	610
593	611
593	613
593	614
593	615
593	616
595	594
596	594
597	593
597	617
597	623
597	1159
597	2227
597	3809
597	4130
597	4131
597	4132
597	4133
597	4134
597	4135
597	4136
597	4137
597	4140
597	4143
597	4144
597	4145
598	601
599	598
599	2264
599	3079
599	3123
599	3931
603	602
617	623
617	624
620	619
620	621
628	627
628	1406
628	1405
628	1408
628	1745
628	1772
628	1898
628	1951
628	1949
627	627
631	630
631	632
631	635
631	636
632	633
632	1400
634	633
633	1340
633	1771
638	634
639	1500
640	640
640	642
640	666
640	708
641	640
641	677
643	642
644	642
644	644
644	731
644	771
645	644
646	644
646	726
646	723
646	732
647	644
648	642
650	649
649	651
649	652
655	654
658	657
658	741
659	657
659	663
662	661
662	738
662	1658
662	1673
662	1677
663	663
664	663
665	663
665	744
667	666
668	667
668	678
668	707
669	668
669	675
669	702
669	704
669	706
670	669
670	708
670	763
671	670
671	677
671	769
671	815
672	671
672	701
672	703
672	710
672	712
672	715
672	716
672	765
672	784
672	809
674	673
676	675
677	712
679	678
679	752
679	3841
680	679
680	2922
681	679
682	681
682	683
682	1210
682	1429
682	2920
682	2921
683	679
684	679
685	684
685	689
685	695
685	3897
685	3907
685	3910
685	3956
685	3965
686	685
686	2479
686	2918
687	686
688	685
689	685
690	685
691	685
692	685
693	685
693	2778
693	3038
693	3044
693	3049
693	3947
694	685
695	684
695	3956
695	3965
695	3975
696	695
697	695
697	3978
697	3979
698	695
698	929
698	924
698	2620
698	2717
699	695
699	3956
700	695
700	717
700	2620
720	719
720	721
720	2116
720	2186
720	2191
720	2193
724	723
723	734
723	771
725	723
725	726
725	732
726	723
726	771
727	726
729	728
729	730
728	728
730	730
731	731
731	771
732	771
733	732
736	735
737	735
737	742
740	739
740	741
740	743
740	749
744	743
744	817
744	825
745	744
748	747
750	749
751	749
753	752
753	754
753	692
753	3715
753	3764
753	3900
753	4109
754	753
755	753
756	692
756	752
756	3838
756	3853
756	3854
756	3866
756	3946
757	756
758	757
759	756
760	756
760	3864
763	762
763	768
762	788
767	766
768	766
768	798
768	799
768	800
769	768
769	770
769	791
769	803
770	768
770	779
770	797
771	774
772	771
772	3956
773	771
773	813
774	771
775	774
779	781
781	780
783	782
783	784
783	786
785	784
788	790
790	789
791	793
791	801
793	792
793	794
797	796
805	804
807	806
809	808
809	810
809	811
809	812
814	813
820	819
820	824
821	820
821	1579
821	2647
821	3622
821	3994
824	823
826	825
827	825
827	1278
827	1593
827	1628
827	1629
827	2676
827	3987
828	825
828	828
828	1996
829	828
829	1998
829	2132
832	831
832	870
832	1288
832	1526
832	1941
832	2478
832	2915
832	2916
832	2926
832	3354
832	3358
832	3359
832	3360
832	3669
831	838
831	840
831	845
833	832
833	887
834	832
834	850
834	870
834	1437
834	1944
834	1952
834	1958
834	1986
834	2730
834	3354
835	832
835	882
835	887
835	1435
836	835
836	1438
836	1776
836	3665
836	4093
837	832
837	843
837	1282
840	839
840	841
840	842
840	848
844	843
844	1399
845	844
845	846
847	846
847	2482
847	3355
850	1987
852	851
852	1777
851	883
853	854
853	855
853	856
853	857
858	859
858	861
858	862
858	863
859	860
859	853
864	865
864	866
864	867
864	858
867	868
867	869
872	871
873	872
873	874
873	876
874	872
874	874
878	877
877	877
881	880
882	2476
885	884
885	1989
885	3792
886	885
886	1989
886	2483
886	2484
886	689
887	1934
887	2731
887	3357
887	3364
887	4023
888	1802
889	888
889	2718
891	891
893	892
893	893
893	894
893	1820
898	897
898	905
900	899
900	901
900	902
900	903
905	1616
905	1890
906	906
906	1286
908	907
908	1469
908	1478
908	1487
908	1498
908	1897
908	1938
908	4002
907	907
907	1279
907	1305
907	1442
907	1531
907	1897
907	1914
907	1968
907	1982
907	1983
907	2178
907	2477
907	2694
907	2810
907	2826
907	3024
907	3353
910	909
910	912
910	916
910	919
910	920
910	921
910	964
910	965
910	966
910	967
910	968
911	910
911	914
911	976
911	977
914	913
914	915
914	917
914	918
923	922
923	933
923	941
923	943
923	944
924	923
924	926
926	925
926	938
926	939
926	940
926	942
926	945
928	927
929	928
929	935
931	930
932	931
932	937
935	934
937	936
946	929
946	932
946	957
946	924
946	963
947	929
947	959
947	948
948	929
948	924
948	971
948	975
949	929
949	932
949	924
949	1075
949	1153
949	1154
950	929
950	924
951	929
951	924
951	1534
952	929
952	924
953	932
953	1550
953	1553
953	2050
953	2063
953	2064
953	2072
953	2081
953	2166
953	2177
953	2327
954	932
955	932
956	932
957	960
957	961
957	962
958	957
958	963
959	924
959	969
972	948
973	972
973	2077
974	948
974	1233
974	3535
977	978
977	979
977	980
982	981
982	984
982	985
982	988
982	989
982	990
983	982
983	987
983	1037
983	993
987	986
992	991
992	994
992	997
992	998
992	1000
993	992
993	996
993	1036
993	1038
993	1039
993	1040
993	1041
996	995
996	999
1002	1001
1002	1017
1003	1002
1003	1005
1003	1030
1003	1031
1005	1004
1005	1015
1005	1016
1005	1018
1007	1006
1008	1007
1008	1014
1008	1026
1008	1027
1010	1009
1011	1010
1011	1021
1011	1008
1011	1028
1011	1029
1011	1003
1011	1032
1012	1010
1012	1008
1012	1028
1012	2096
1012	2097
1012	2111
1012	2113
1012	2174
1012	2297
1012	2949
1014	1013
1020	1019
1021	1020
1021	1023
1021	1024
1021	1025
1023	1022
1029	1034
1029	1035
1033	1032
1043	1042
1043	1044
1043	1045
1042	1047
1042	1052
1042	1053
1044	1046
1044	1051
1045	1048
1045	1049
1045	1050
1045	1054
1056	1055
1056	1057
1056	1058
1055	1060
1055	1065
1055	1066
1057	1061
1057	1062
1057	1063
1057	1067
1058	1059
1058	1064
1072	1071
1072	1095
1072	1132
1072	1134
1072	1136
1072	1139
1072	1140
1072	1143
1074	1073
1074	1087
1074	1088
1074	1089
1074	1090
1075	1074
1075	1083
1075	1096
1075	1097
1076	1073
1076	1082
1076	1154
1077	1076
1077	1152
1077	1153
1077	1154
1078	1076
1078	1157
1078	1162
1078	2262
1078	2265
1079	1078
1079	2237
1080	1078
1080	1157
1080	1162
1080	2209
1080	2212
1080	2216
1080	2221
1080	2226
1080	2225
1080	2229
1080	2237
1080	2247
1080	2252
1081	1078
1081	1157
1081	1162
1081	2204
1081	2209
1081	2212
1081	2216
1081	2221
1081	2226
1081	2225
1081	2229
1081	2236
1081	2237
1081	2244
1081	2247
1081	2252
1083	1082
1083	1091
1083	1092
1083	1093
1085	1084
1085	1086
1094	1075
1094	1098
1094	1107
1094	1119
1094	1120
1094	1125
1094	1126
1094	1128
1094	1130
1094	1131
1094	1133
1094	1135
1094	1138
1094	1141
1094	1142
1098	1099
1098	1100
1098	1102
1098	1104
1102	1101
1102	1105
1104	1103
1104	1106
1107	1108
1107	1109
1107	1111
1107	1116
1111	1110
1111	1112
1111	1113
1111	1114
1116	1115
1116	1117
1116	1118
1119	1121
1119	1123
1120	1122
1120	1124
1128	1127
1128	1129
1145	1144
1146	1144
1147	1144
1149	1148
1151	1150
1152	1155
1152	1156
1152	1161
1157	1156
1157	2262
1158	1157
1158	1162
1158	2204
1158	2209
1158	2212
1158	2216
1158	2221
1158	2225
1158	2226
1158	2229
1158	2236
1158	2244
1158	2247
1158	2252
1159	1157
1160	1159
1160	2227
1160	4130
1160	4131
1160	4132
1160	4133
1160	4134
1160	4135
1160	4136
1160	4137
1160	4138
1160	4140
1160	4143
1160	4144
1160	4145
1162	1161
1162	2262
1163	1162
1164	1165
1166	1165
1166	1319
1166	1640
1166	1649
1166	1745
1166	2099
1166	2160
1166	2693
1165	1172
1165	1198
1165	1206
1167	1166
1168	1165
1168	1868
1168	1896
1168	1899
1168	1895
1168	1919
1168	1927
1168	1983
1169	1188
1169	1190
1169	1191
1169	1192
1169	1193
1169	1194
1170	1169
1170	1172
1170	1189
1171	1170
1171	1188
1171	1189
1171	1190
1171	1191
1171	1192
1171	1193
1171	1194
1172	1170
1173	1170
1175	1174
1175	1685
1175	1688
1175	3560
1176	1182
1177	1176
1177	1177
1177	1178
1177	1179
1180	1183
1180	1205
1182	1181
1183	1182
1183	1200
1185	1184
1186	1184
1186	1206
1188	1187
1190	1189
1197	1196
1200	1199
1200	1201
1200	1205
1201	1202
1201	1203
1201	1204
1205	1205
1208	1207
1211	1210
1211	1218
1211	1229
1211	1233
1210	1214
1210	1271
1210	1272
1210	1273
1212	1211
1212	2483
1212	2484
1213	1211
1213	1233
1213	1256
1215	1214
1215	1218
1215	1229
1215	1273
1217	1216
1217	1274
1218	1217
1218	1230
1220	1219
1220	1239
1220	1275
1221	1220
1223	1222
1223	1255
1224	1223
1224	1225
1226	1225
1226	1233
1226	1256
1226	2653
1227	1225
1227	1228
1227	1241
1229	1230
1229	1231
1229	1238
1232	1231
1232	1271
1233	1232
1233	1238
1233	1256
1233	1272
1234	1233
1234	2653
1235	1232
1235	2570
1236	1232
1236	1270
1237	1232
1237	1270
1241	1240
1241	1243
1241	1244
1241	1245
1241	1252
1241	1253
1243	1242
1243	1246
1243	1247
1243	1248
1243	1249
1243	1250
1243	1251
1255	1254
1255	1257
1255	1259
1254	1260
1256	1255
1256	1260
1256	1262
1257	1264
1257	1266
1258	1257
1258	1266
1258	3549
1258	3550
1259	1268
1259	1269
1262	1261
1262	1267
1261	1264
1261	1269
1263	1262
1263	2641
1263	2961
1263	3065
1265	1264
1265	3549
1267	1266
1267	1268
1280	1279
1280	1291
1280	1293
1280	1299
1280	1298
1283	1282
1284	1283
1284	1290
1285	1284
1285	1283
1285	1288
1285	1290
1286	1284
1286	1301
1286	1302
1286	1304
1287	1286
1287	1291
1287	1307
1288	1289
1288	3350
1292	1291
1292	1293
1292	1292
1292	1300
1294	1292
1294	1303
1294	1306
1294	2477
1294	3999
1294	1979
1294	4006
1294	4008
1295	1294
1295	1471
1295	1479
1295	1488
1295	1499
1295	1780
1295	1982
1295	1983
1295	1767
1295	4006
1295	4155
1296	1295
1296	1914
1296	908
1297	1292
1299	1298
1305	1304
1306	1305
1306	1778
1306	1779
1306	1786
1306	1791
1306	1799
1306	1774
1306	4005
1309	1308
1308	1313
1308	1315
1311	1310
1311	1311
1311	1315
1314	1313
1314	1315
1313	1315
1316	1315
1317	1316
1318	1316
1318	1320
1318	1321
1318	1322
1318	1326
1319	1316
1325	1324
1327	1335
1328	1329
1329	1330
1329	1331
1329	1332
1329	1333
1333	1334
1336	1406
1336	1408
1337	1336
1337	1906
1337	1908
1337	1900
1337	1929
1337	1931
1337	1937
1337	1940
1337	1957
1339	1338
1339	1346
1339	1351
1339	1366
1339	1374
1339	1390
1340	1339
1340	1761
1340	1783
1340	1784
1340	1788
1341	1340
1341	1339
1341	1338
1341	1346
1341	1345
1341	1344
1341	1351
1341	1350
1341	1357
1341	1356
1341	1360
1341	1362
1341	1364
1341	1366
1341	1368
1341	1370
1341	1372
1341	1374
1341	1376
1341	1379
1341	1378
1341	1382
1341	1384
1341	1386
1341	1388
1341	1390
1341	1409
1341	1411
1341	1413
1341	1415
1341	1760
1341	1764
1341	1771
1341	1783
1341	1784
1341	1788
1341	1794
1342	1339
1342	1343
1342	1347
1342	1352
1342	1367
1342	1375
1342	1391
1343	1338
1345	1344
1345	1357
1345	1360
1345	1372
1345	1384
1345	1388
1345	1409
1346	1345
1346	1354
1346	1362
1346	1368
1347	1346
1347	1348
1347	1355
1347	1369
1347	4042
1348	1345
1348	1349
1348	1358
1348	1361
1348	1373
1348	1385
1348	1389
1348	1410
1349	1344
1351	1350
1351	1364
1351	1370
1351	1379
1352	1351
1352	1353
1352	1365
1352	1371
1352	1380
1353	1350
1354	1376
1354	1415
1355	1354
1355	1363
1355	1377
1355	1416
1357	1356
1357	1382
1357	1386
1358	1357
1358	1359
1358	1383
1358	1387
1359	1356
1361	1360
1363	1362
1365	1364
1367	1366
1369	1368
1371	1370
1373	1372
1375	1374
1375	4042
1377	1376
1379	1378
1379	1411
1379	1413
1380	1379
1380	1381
1380	1412
1380	1414
1381	1378
1383	1382
1385	1384
1387	1386
1389	1388
1391	1390
1393	1392
1392	1399
1394	1393
1394	1757
1394	1758
1394	1759
1394	1776
1397	1396
1400	1399
1400	1401
1400	1768
1400	1776
1400	1797
1400	1798
1400	4024
1401	1400
1402	1399
1406	1405
1406	1407
1410	1409
1412	1411
1414	1413
1416	1415
1418	1417
1418	1419
1418	1426
1421	1421
1424	1423
1424	2361
1424	2374
1424	2395
1427	1427
1429	1428
1429	1436
1429	1451
1429	1468
1429	1495
1430	1429
1430	1433
1430	1434
1430	1445
1430	1452
1430	1489
1430	1496
1430	1520
1431	1429
1431	1428
1431	1436
1431	1451
1431	1450
1431	1449
1431	1448
1431	1463
1431	1468
1431	1472
1431	1474
1431	1483
1431	1492
1431	1495
1432	1429
1432	1437
1432	1439
1432	1501
1432	1506
1432	1512
1432	1514
1432	1516
1432	1517
1433	1428
1433	1435
1433	1468
1434	1428
1434	1436
1434	1453
1435	1428
1440	1431
1441	1431
1443	1442
1444	1442
1446	1445
1447	1445
1449	1448
1449	1459
1449	1492
1450	1449
1450	1472
1450	1474
1450	1483
1451	1450
1451	1463
1452	1451
1452	1454
1452	1464
1453	1451
1453	1468
1453	1469
1453	1477
1453	1486
1453	1495
1453	1497
1454	1450
1454	1455
1454	1473
1454	1475
1454	1484
1455	1449
1455	1457
1455	1460
1455	1493
1456	1455
1456	1458
1456	1461
1456	1494
1456	1761
1456	1766
1457	1448
1458	1457
1458	1760
1460	1459
1461	1460
1461	1764
1464	1463
1465	1464
1465	1771
1470	1469
1470	1477
1470	1480
1470	1481
1470	1482
1470	1486
1470	1497
1470	1615
1470	2117
1470	3067
1470	4151
1470	4154
1470	4159
1471	1469
1471	1766
1471	1778
1471	1796
1473	1472
1475	1474
1476	1475
1476	1784
1479	1478
1479	1786
1484	1483
1485	1484
1485	1483
1485	1518
1485	1787
1485	1788
1488	1487
1488	1791
1490	1489
1490	1793
1493	1492
1494	1493
1494	1794
1494	1796
1496	1495
1499	1498
1499	1773
1499	1775
1499	1799
1502	1501
1503	1502
1503	2794
1504	1503
1504	2354
1504	2785
1504	2786
1504	2787
1505	1504
1505	1534
1505	1639
1505	2815
1505	3059
1505	3517
1505	3524
1507	1506
1507	3160
1507	3161
1507	3163
1507	3178
1507	3200
1507	3209
1507	3214
1507	3222
1507	3224
1508	1507
1508	3132
1508	3136
1508	3137
1508	3138
1508	3139
1509	1508
1509	3079
1509	3128
1509	3129
1510	1509
1510	1639
1510	2375
1510	2448
1510	2466
1510	2471
1510	2776
1510	3001
1510	3075
1510	3076
1510	3132
1510	3137
1510	3138
1510	3161
1510	3164
1510	3200
1510	3333
1510	3336
1510	3637
1510	3638
1510	3642
1511	1508
1512	1512
1513	1512
1519	1518
1519	1745
1519	3537
1519	3536
1519	3993
1522	1521
1522	1523
1525	1524
1525	1528
1526	1525
1527	1526
1527	1532
1527	1542
1527	1546
1527	1549
1530	1529
1533	1532
1533	1539
1533	2666
1533	2972
1533	2990
1533	2992
1533	3000
1533	3003
1533	3005
1533	3016
1533	3022
1533	3023
1533	3027
1533	3888
1534	1533
1534	2974
1534	2977
1534	2980
1534	3529
1534	3535
1534	3555
1535	1534
1535	1539
1535	1538
1535	1540
1535	2477
1535	2972
1535	2974
1535	2977
1535	2985
1535	2990
1535	2992
1535	3002
1535	3008
1535	3018
1535	3020
1535	3021
1535	3022
1535	3027
1535	3060
1535	3065
1535	3553
1535	3889
1536	1532
1536	3023
1536	4001
1538	1537
1538	2372
1538	3006
1538	3011
1538	3024
1538	3026
1538	3030
1538	3031
1538	3032
1538	3518
1538	3525
1539	1538
1539	1540
1539	2983
1539	2985
1539	2989
1539	2995
1539	2996
1539	3007
1539	3008
1539	3017
1543	1542
1545	1544
1545	1548
1551	1550
1551	2062
1551	2064
1551	2065
1551	2072
1560	1559
1560	1568
1560	1569
1560	1570
1561	1560
1561	1563
1561	1566
1563	1562
1563	1567
1565	1564
1566	1565
1572	1571
1573	1571
1576	1575
1578	1577
1578	1620
1578	1635
1579	1578
1579	1624
1579	1634
1579	2928
1579	2963
1579	3134
1579	3548
1581	1580
1581	1587
1582	1580
1582	1595
1582	1619
1582	1622
1583	1580
1583	1595
1583	1622
1584	1580
1584	1622
1585	1580
1585	1622
1586	1580
1586	1622
1588	1587
1589	1587
1589	1625
1591	1590
1592	1590
1594	1593
1597	1596
1597	1781
1605	1604
1605	3714
1611	1610
1612	1611
1613	1610
1613	1614
1616	1615
1616	1616
1616	2455
1616	2460
1616	2776
1616	2828
1616	2940
1616	2970
1616	2982
1616	3000
1616	3006
1616	3129
1616	3128
1616	3637
1616	3638
1618	1617
1618	1626
1618	3122
1622	1621
1624	1623
1634	1633
1634	2937
1634	3710
1637	1636
1637	2933
1638	1637
1638	3065
1638	3073
1638	3558
1641	1640
1641	1644
1641	1648
1641	1649
1641	1653
1641	1647
1641	1643
1641	1680
1641	1683
1641	1684
1641	1731
1641	1735
1641	1738
1640	1640
1640	1648
1640	1643
1640	1683
1640	1684
1642	1640
1642	1646
1642	1647
1642	1663
1644	1643
1644	1674
1645	1644
1645	1648
1645	1649
1645	1647
1646	1645
1646	1664
1646	1667
1646	1686
1646	1703
1646	1721
1647	1644
1647	1686
1647	1688
1647	1707
1647	1719
1647	1721
1648	1647
1649	1648
1649	1666
1649	1675
1649	1677
1650	1649
1651	1650
1652	1650
1652	1677
1652	1742
1653	1649
1654	1649
1654	1647
1654	1687
1654	1722
1654	1723
1655	1649
1655	1658
1655	1729
1655	1732
1655	1733
1655	1734
1655	1735
1655	2071
1655	4156
1656	1649
1656	1665
1656	1740
1657	1649
1657	1658
1657	4156
1658	1649
1659	1658
1659	1729
1659	2071
1659	4156
1660	1643
1661	1643
1663	1662
1663	1666
1663	1671
1663	1680
1664	1662
1664	1671
1667	1666
1667	1680
1668	1667
1669	1729
1669	2071
1670	1669
1675	1724
1675	1731
1676	1675
1677	1728
1678	1677
1678	1742
1678	3560
1680	1679
1680	1721
1680	1723
1682	1681
1686	1685
1686	1703
1686	1718
1685	1720
1685	1723
1687	1686
1687	1721
1688	1706
1688	1708
1689	1690
1689	1696
1689	1697
1690	1691
1690	1692
1690	1693
1690	1694
1690	1695
1698	1690
1698	1699
1698	1700
1698	1701
1698	1697
1702	1690
1703	1705
1704	1703
1704	1722
1709	1710
1710	1711
1711	1712
1711	1713
1711	1714
1711	1715
1716	1710
1718	1717
1722	1721
1725	1724
1725	1728
1724	1735
1724	2072
1727	1726
1728	1727
1729	1727
1729	1731
1731	2021
1736	1735
1737	1735
1739	1738
1741	1740
1741	3558
1743	1742
1745	1744
1745	1750
1744	1753
1746	1745
1747	1745
1748	1745
1749	1745
1752	1751
1754	1753
1755	1753
1756	1753
1756	2650
1756	3543
1761	1760
1761	1764
1761	1794
1762	1761
1763	1761
1763	1765
1763	1794
1763	1795
1767	1766
1767	1787
1767	1796
1767	1982
1767	1983
1767	4001
1767	4002
1770	1781
1774	1773
1774	1775
1780	1779
1793	1792
1797	1798
1811	1810
1811	1819
1811	1820
1813	1812
1815	1814
1815	1816
1862	1867
1869	1868
1869	1872
1869	1873
1869	1910
1869	1926
1869	1928
1868	1880
1871	1932
1874	1873
1874	1880
1874	1896
1874	1928
1873	1949
1875	1873
1875	1898
1875	1914
1875	1949
1875	1957
1876	1875
1876	1881
1877	1875
1877	1881
1877	1941
1877	1944
1877	1952
1877	1968
1878	1873
1878	1880
1878	1886
1878	1905
1878	1919
1878	1926
1878	1928
1878	1930
1878	1968
1879	1878
1879	1889
1879	1891
1881	1880
1881	1908
1881	1929
1881	1928
1881	1940
1883	1882
1883	1888
1883	1897
1884	1883
1884	1884
1884	1885
1884	1896
1885	1883
1885	1896
1885	1904
1886	1885
1886	1886
1886	1911
1888	1887
1888	1938
1887	1914
1889	1888
1890	1888
1890	1890
1890	1887
1890	1920
1891	1888
1891	1897
1891	1896
1891	1895
1891	1904
1891	1915
1892	1887
1892	1895
1893	1887
1893	1894
1894	1887
1894	1895
1894	1896
1894	1914
1895	1887
1896	1895
1896	1910
1896	1914
1897	1896
1898	1896
1898	1949
1898	1957
1899	1898
1899	1956
1899	1958
1900	1899
1901	1899
1901	1906
1901	1908
1901	1929
1901	1950
1901	1956
1901	1983
1902	1898
1903	1895
1903	1903
1907	1907
1909	1908
1909	1929
1909	1940
1913	1912
1913	1991
1917	1916
1917	1918
1917	1921
1917	1975
1918	1956
1923	1922
1923	1932
1924	1923
1924	1925
1925	1922
1925	1932
1925	1933
1927	1929
1928	1927
1928	1933
1929	1928
1932	1932
1935	1935
1937	1949
1937	1957
1941	1940
1941	1957
1941	1984
1941	1989
1940	1949
1940	1976
1942	1941
1942	1940
1942	1957
1943	1942
1943	1949
1943	1950
1943	1951
1943	1957
1943	1984
1943	1986
1943	1990
1946	1946
1949	1960
1949	1973
1950	1949
1950	1984
1951	1950
1951	1986
1953	1952
1952	1956
1952	1960
1952	1972
1954	1956
1955	1955
1956	1962
1956	1964
1956	1970
1956	1975
1967	1966
1969	1968
1978	1977
1978	1980
1978	1981
1979	1978
1981	1980
1981	1982
1981	1983
1987	1988
1992	1992
1994	1993
1996	1996
1997	1996
2000	1999
2000	4018
2000	4019
2000	4020
2000	4021
2001	1999
2001	2134
2001	2136
2001	2138
2001	2140
2001	2141
2002	2293
2002	2294
2025	2024
2025	2026
2025	2027
2025	2028
2025	2031
2025	2143
2027	2071
2030	2029
2033	2032
2034	2033
2034	2038
2034	2039
2034	2040
2034	2055
2034	2059
2035	2033
2036	2033
2036	3131
2037	2032
2041	2043
2041	2049
2042	2041
2042	2048
2042	950
2042	2096
2042	2099
2042	2107
2042	2112
2042	2153
2042	2168
2042	2169
2042	2172
2042	2185
2042	2257
2042	2256
2042	2262
2042	2264
2042	2295
2042	2297
2042	2310
2042	2949
2042	3681
2042	3683
2042	3913
2044	2045
2046	2047
2051	2050
2051	2166
2051	3536
2052	2051
2052	2059
2052	2060
2052	2092
2052	2105
2053	2052
2053	2165
2054	2052
2054	2165
2056	2055
2056	2100
2058	2057
2058	2061
2058	2106
2063	2062
2063	2948
2062	2067
2062	2069
2062	2074
2067	2066
2067	2068
2074	2073
2074	2075
2077	2076
2077	2079
2077	2080
2078	950
2082	2081
2082	2654
2085	2084
2088	2087
2089	2098
2091	2090
2092	2090
2092	2092
2092	2099
2092	2107
2092	2111
2092	2113
2092	2310
2094	2093
2094	2288
2094	2298
2095	2094
2095	2176
2095	2266
2095	2286
2095	2314
2097	2098
2098	2099
2099	2310
2100	2101
2100	2102
2100	2103
2100	2104
2108	3432
2109	2108
2109	3441
2109	3443
2109	3543
2109	3554
2109	3566
2109	3569
2109	3604
2109	3609
2109	3620
2110	2109
2110	3676
2110	3684
2112	2111
2112	2113
2112	2166
2115	2114
2115	2116
2115	4072
2114	2116
2117	2117
2119	2118
2119	2120
2121	2120
2121	3693
2122	2120
2125	2124
2127	2126
2129	2128
2131	2130
2133	2132
2135	2134
2135	4018
2138	2137
2138	2139
2142	2141
2142	2691
2142	2693
2142	4021
2145	2144
2145	2147
2145	2149
2145	2150
2153	2152
2153	2168
2153	2170
2154	2155
2156	2155
2156	2256
2157	2156
2157	2263
2157	2947
2157	3772
2157	3966
2166	2167
2172	2171
2174	2173
2179	2178
2179	2185
2180	2178
2180	2361
2180	2373
2180	2819
2182	2045
2183	2184
2185	2256
2187	2186
2194	2195
2196	2195
2198	2197
2198	2201
2198	2205
2198	2207
2198	2214
2198	2217
2198	2219
2198	2223
2198	2231
2198	2233
2198	2238
2198	2240
2198	2248
2198	2250
2200	2199
2200	2206
2200	2210
2200	2213
2200	2218
2200	2222
2200	2232
2200	2239
2200	2242
2200	2245
2200	2249
2203	2202
2203	2208
2203	2211
2203	2215
2203	2220
2203	2224
2203	2228
2203	2230
2203	2234
2203	2235
2203	2241
2203	2243
2203	2246
2203	2251
2204	2265
2212	2253
2212	2263
2226	2225
2227	2225
2237	2256
2237	2262
2244	2265
2254	2253
2254	2256
2254	2262
2254	2263
2257	2256
2258	2257
2258	2261
2260	2259
2260	2318
2260	2319
2269	2268
2271	2270
2271	2272
2275	2274
2275	2276
2275	2280
2275	2281
2278	2277
2278	2282
2278	4065
2278	2275
2279	2277
2279	2956
2279	2961
2285	2284
2287	2286
2287	2329
2289	2288
2289	2290
2297	2296
2297	2304
2298	2299
2298	2300
2298	2301
2305	2306
2305	2307
2305	2308
2310	2311
2310	2313
2311	2312
2336	2341
2337	2336
2344	2343
2344	2364
2344	2378
2345	2343
2345	2353
2345	2364
2345	2365
2345	2366
2345	2367
2345	2370
2345	2378
2345	2463
2345	2529
2345	2624
2346	2345
2347	2346
2347	2463
2347	2479
2347	2478
2347	2506
2347	2556
2347	2620
2347	2668
2347	4082
2348	2343
2348	2349
2348	2350
2352	2351
2352	2536
2352	2539
2352	2617
2351	2351
2354	2353
2353	2372
2355	2354
2356	2353
2356	2385
2356	2423
2356	2425
2356	2529
2356	2594
2357	2356
2357	2381
2357	2382
2358	2353
2358	2529
2360	2359
2360	2373
2361	2359
2363	2362
2363	2512
2363	2534
2363	2619
2363	2668
2362	2364
2364	2623
2365	2364
2365	2505
2365	2554
2369	2368
2369	2672
2369	2673
2369	2748
2369	2783
2369	2832
2369	2833
2369	2844
2369	2846
2369	2847
2369	2861
2369	2862
2369	3039
2371	2370
2370	2502
2370	2552
2375	2537
2375	2538
2380	2379
2380	2388
2380	2389
2380	2390
2380	2397
2380	2402
2380	2406
2379	2407
2379	2455
2381	2380
2381	2385
2382	2380
2382	2389
2382	2390
2382	2397
2382	2402
2382	2406
2383	2379
2383	2436
2383	2438
2383	2668
2384	2383
2385	2384
2385	2423
2385	2425
2386	2383
2386	2436
2387	2386
2387	2424
2387	2427
2387	2438
2387	2454
2387	2457
2387	2458
2389	2400
2389	2401
2390	2398
2390	2399
2390	2403
2390	2405
2392	2391
2393	2392
2393	2394
2393	2396
2395	2424
2395	2437
2395	2438
2397	2404
2409	2408
2409	2411
2409	2412
2409	2413
2409	2416
2410	2409
2410	2506
2410	2556
2415	2414
2415	2431
2415	2432
2415	2433
2415	2434
2415	2440
2414	2417
2414	2418
2414	2419
2414	2420
2414	2421
2423	2422
2423	2428
2423	2435
2423	2436
2423	2437
2423	2438
2423	2439
2424	2422
2424	2429
2424	2430
2425	2424
2425	2443
2426	2424
2427	2422
2432	2444
2441	2440
2441	2442
2447	2529
2449	2448
2449	2471
2448	2536
2448	2537
2448	2538
2448	2539
2450	2449
2450	2473
2450	2474
2452	2451
2452	2483
2456	2455
2456	2458
2461	2460
2465	2464
2465	2467
2465	2471
2464	2466
2464	2468
2464	2469
2464	2470
2472	2471
2472	3155
2472	3604
2473	2471
2474	2471
2479	2478
2480	687
2480	2879
2480	2912
2481	2480
2481	2913
2483	2482
2483	2490
2483	4082
2486	2485
2486	2502
2486	2503
2486	2505
2486	2528
2486	2530
2486	2532
2488	2487
2488	2492
2488	2493
2488	2494
2488	2495
2488	2497
2488	2498
2488	2499
2488	2501
2489	2488
2489	2541
2490	2489
2490	2506
2490	2508
2490	2509
2490	2534
2490	2556
2490	2620
2491	2489
2491	2506
2491	2556
2496	2495
2496	2513
2496	2544
2496	2545
2500	2499
2500	2513
2500	2548
2504	2503
2504	2506
2504	2550
2504	2556
2504	2592
2506	2519
2506	2520
2506	2521
2506	2522
2506	2523
2506	2524
2506	2525
2506	2526
2506	2527
2507	2506
2507	2556
2507	2621
2507	2667
2508	2506
2508	2556
2509	2508
2510	2506
2510	2530
2510	2556
2510	2628
2511	2506
2511	2531
2511	2556
2511	2594
2512	2511
2512	2556
2513	2506
2513	2556
2513	4082
2514	2513
2514	2514
2515	2514
2515	2518
2516	2513
2516	2650
2517	2513
2518	2513
2518	2518
2518	4096
2529	2528
2529	2626
2533	2532
2533	2581
2533	2616
2534	2533
2534	2570
2535	2534
2535	2620
2535	2667
2541	2540
2541	2542
2541	2543
2541	2544
2541	2545
2541	2546
2541	2547
2541	2548
2541	2549
2541	2583
2540	2582
2543	2584
2544	2585
2545	2586
2546	2587
2547	2588
2548	2589
2549	2590
2552	2551
2552	2593
2554	2553
2554	2594
2556	2555
2556	2562
2556	2595
2556	2662
2555	2558
2555	2559
2555	2560
2555	2563
2555	2564
2555	2565
2555	2566
2555	2567
2557	2556
2557	2568
2557	2594
2557	2605
2562	2561
2562	2599
2570	2569
2570	2606
2569	2572
2569	2573
2569	2574
2569	2575
2569	2576
2569	2577
2569	2578
2569	2579
2569	2580
2571	2570
2595	2596
2595	2597
2595	2598
2595	2600
2595	2601
2595	2602
2595	2603
2595	2604
2606	2607
2606	2608
2606	2609
2606	2610
2606	2611
2606	2612
2606	2613
2606	2614
2606	2615
2619	2620
2621	2620
2622	2620
2626	2625
2628	2627
2632	2631
2632	3451
2632	3846
2633	2632
2634	2633
2634	3457
2635	2632
2635	3451
2635	3455
2636	2632
2636	3370
2636	3451
2636	3462
2636	3463
2636	3465
2647	2646
2647	2648
2647	2649
2647	2656
2651	2650
2653	2666
2657	2658
2660	2661
2663	2664
2664	2665
2670	2669
2671	2669
2680	2682
2680	2683
2680	2685
2681	2680
2681	2684
2681	2686
2682	2682
2688	2687
2688	2689
2688	2691
2690	2689
2692	2691
2695	2694
2695	2701
2695	2709
2694	2696
2694	2713
2694	2732
2694	2736
2699	2698
2704	2705
2704	2706
2714	2733
2718	2717
2719	2718
2719	3943
2740	2739
2740	2742
2740	3147
2740	3332
2740	3631
2740	3632
2741	2740
2741	2854
2741	3141
2741	3144
2741	3146
2741	3635
2741	4158
2744	2743
2744	3130
2744	3151
2744	3153
2746	2745
2747	2745
2751	2750
2752	2751
2752	2783
2760	2762
2768	2767
2771	2770
2775	2774
2775	2775
2775	3467
2783	2782
2783	2784
2785	2790
2785	2792
2785	2807
2785	2809
2785	2816
2785	2818
2785	2819
2785	2824
2785	2826
2786	2789
2786	2796
2786	2799
2786	2800
2786	2801
2786	2803
2786	2812
2786	2814
2786	2821
2787	2791
2787	2793
2787	2802
2787	2804
2787	2806
2787	2827
2789	2788
2789	2798
2790	2826
2796	2795
2796	2805
2796	2808
2796	2813
2796	2823
2796	2825
2795	2797
2795	2820
2797	2839
2799	2839
2800	3025
2800	3026
2801	2839
2808	2839
2810	2809
2810	3006
2811	2810
2811	3472
2811	3474
2811	3478
2811	3480
2813	2839
2813	3011
2815	2814
2815	2852
2815	3517
2815	3518
2817	2816
2817	2818
2818	2819
2820	2839
2821	3031
2822	2821
2823	2839
2836	2835
2836	2849
2836	2851
2836	2854
2838	2837
2841	2840
2841	2842
2841	3577
2846	2845
2849	2848
2849	2850
2849	2857
2854	2853
2856	2855
2858	2858
2870	2869
2872	2871
2873	2873
2879	2878
2879	2908
2880	2881
2880	2882
2880	2894
2882	2883
2882	2890
2882	2891
2882	2893
2883	2884
2883	2885
2883	2886
2886	2887
2886	2889
2887	2888
2889	2888
2891	2892
2893	2892
2895	2896
2895	2884
2895	2897
2897	2893
2898	2899
2898	2883
2900	2901
2900	2902
2900	2883
2900	2888
2903	2904
2903	2884
2903	2894
2903	2905
2903	2906
2906	2907
2908	2909
2911	2910
2911	2909
2913	3448
2914	2924
2917	2918
2920	2922
2921	2922
2926	689
2927	3647
2930	2929
2930	2931
2930	3572
2930	3634
2937	2936
2939	2938
2939	2940
2939	2945
2939	2950
2939	3881
2938	2953
2944	2943
2946	2945
2946	3529
2946	3555
2946	3560
2947	2948
2950	2951
2950	2952
2957	2956
2957	2961
2957	3459
2960	2959
2962	2961
2968	2967
2968	2969
2968	2970
2968	3004
2972	2971
2972	3004
2971	2993
2974	2973
2974	2975
2974	2976
2974	2978
2974	2979
2974	2981
2974	3063
2974	3886
2983	2982
2983	2984
2983	3001
2987	2986
2987	2989
2987	2997
2987	3010
2989	2988
2989	2998
2989	3012
2992	2991
2992	3025
2995	2994
2995	3013
2999	2998
3003	3002
3003	3020
3003	3021
3003	3889
3009	3008
3009	3517
3009	3524
3015	3014
3016	3015
3019	3018
3027	3028
3027	3029
3039	3040
3044	3043
3044	3046
3044	3051
3045	3043
3045	3046
3045	3051
3048	3047
3048	3049
3048	3050
3055	3054
3055	3056
3058	3057
3059	3060
3062	3062
3064	3065
3067	3066
3067	3068
3067	3069
3067	3363
3067	3450
3067	3630
3067	3632
3067	3633
3072	3071
3074	3085
3075	3081
3075	3088
3075	3111
3076	3078
3076	3087
3076	3093
3076	3096
3076	3100
3076	3106
3076	3107
3076	3110
3079	3078
3079	3079
3079	3081
3079	3082
3079	3083
3079	3096
3079	3100
3079	3106
3079	3107
3079	3110
3079	3111
3079	3112
3079	3113
3079	3114
3079	3115
3079	3116
3079	3117
3079	3118
3079	3120
3079	3122
3079	3123
3079	3124
3079	3126
3079	3131
3079	3249
3079	3290
3080	3079
3080	3930
3097	3098
3097	3099
3101	3102
3101	3103
3119	3118
3119	3127
3121	3120
3129	3128
3132	3131
3132	3159
3132	3165
3132	3166
3132	3167
3132	3168
3132	3169
3132	3170
3132	3171
3132	3172
3132	3173
3132	3182
3132	3183
3132	3184
3132	3185
3132	3187
3132	3189
3132	3193
3132	3202
3132	3204
3132	3205
3132	3206
3132	3217
3132	3220
3132	3221
3132	3225
3132	3227
3132	3234
3132	3235
3131	3196
3131	3229
3131	3230
3131	3231
3131	3232
3131	3233
3131	3266
3131	3275
3134	3133
3134	3140
3133	3135
3133	3142
3133	3148
3133	3149
3136	3143
3136	3208
3136	3226
3136	3237
3136	3238
3137	3158
3137	3162
3137	3174
3137	3175
3137	3180
3137	3181
3137	3188
3137	3190
3137	3191
3137	3192
3137	3194
3137	3195
3137	3197
3137	3211
3137	3212
3137	3213
3137	3215
3137	3216
3137	3218
3137	3219
3137	3223
3137	3228
3138	3164
3139	3176
3139	3198
3143	3201
3145	3145
3149	3242
3151	3150
3152	3151
3152	3153
3155	3154
3155	3156
3161	3177
3179	3178
3179	3245
3179	3247
3179	3310
3179	3336
3183	3186
3187	3236
3200	3199
3200	3207
3203	3202
3203	3236
3209	3310
3210	3209
3210	3239
3210	3240
3229	3292
3241	3240
3244	3243
3244	3246
3244	3248
3244	3254
3244	3255
3244	3256
3244	3257
3244	3258
3244	3259
3244	3260
3244	3261
3244	3262
3244	3263
3244	3264
3244	3266
3244	3269
3244	3270
3244	3273
3244	3274
3244	3275
3244	3276
3244	3277
3244	3278
3244	3279
3244	3280
3244	3281
3244	3282
3244	3284
3244	3287
3244	3291
3244	3292
3244	3293
3244	3296
3244	3301
3244	3302
3244	3303
3244	3304
3244	3305
3244	3306
3244	3307
3244	3308
3244	3309
3244	3311
3244	3312
3244	3313
3244	3314
3244	3315
3244	3316
3244	3317
3244	3318
3244	3323
3244	3325
3244	3328
3244	3329
3244	3330
3244	3331
3244	3337
3245	3244
3245	3250
3245	3252
3245	3253
3245	3265
3245	3271
3245	3294
3245	3298
3245	3321
3245	3327
3245	3345
3245	3346
3250	3249
3250	3289
3250	3290
3250	3297
3250	3300
3252	3251
3252	3267
3252	3268
3252	3272
3252	3285
3252	3286
3252	3319
3252	3320
3252	3322
3252	3324
3252	3326
3289	3288
3296	3295
3298	3299
3333	3336
3335	3334
3335	3338
3335	3342
3335	3348
3334	3334
3337	3339
3337	3341
3337	3343
3338	3340
3338	3342
3338	3344
3350	3351
3350	3352
3356	3355
3356	690
3356	3929
3365	3365
3365	3376
3366	3365
3366	3366
3366	3376
3366	3377
3368	3367
3367	3376
3370	3369
3370	3382
3370	3390
3369	3376
3371	3370
3371	3590
3372	3371
3372	3558
3372	3560
3372	3598
3373	3369
3373	3374
3374	3376
3375	3374
3375	3376
3379	3384
3379	3385
3381	3380
3381	3381
3381	3385
3382	3385
3383	3382
3383	3384
3383	3385
3384	3385
3387	3392
3387	3393
3389	3388
3389	3389
3389	3393
3390	3393
3391	3390
3391	3392
3391	3393
3392	3393
3396	3395
3396	3400
3398	3397
3398	3399
3398	3401
3403	3402
3403	3404
3403	3653
3405	3405
3406	3406
3408	3407
3410	3409
3413	3412
3415	3414
3415	3419
3414	3416
3414	3417
3416	3435
3416	3437
3417	3418
3418	3430
3419	3418
3419	3647
3419	3649
3419	3659
3421	3420
3420	3420
3420	3423
3420	3426
3423	3422
3423	3427
3423	3440
3424	3423
3424	3426
3424	3428
3424	3430
3424	3436
3424	3437
3424	3439
3424	3635
3426	3425
3426	3438
3430	3429
3430	3431
3432	3443
3433	3432
3435	3434
3436	3435
3442	3441
3442	3454
3442	3463
3442	3635
3444	3443
3446	3445
3446	3448
3446	3449
3448	3447
3452	3451
3452	3455
3452	3459
3452	3462
3453	3453
3456	3455
3456	3459
3458	3457
3459	3460
3459	3461
3464	3465
3467	3466
3467	3468
3467	3469
3467	3471
3472	3478
3472	3480
3472	3484
3472	3487
3478	3477
3478	3491
3480	3479
3480	3481
3480	3482
3480	3485
3480	3486
3480	3488
3480	3489
3480	3492
3480	3493
3480	3494
3480	3495
3484	3483
3484	3490
3497	3496
3497	3499
3497	3510
3500	3501
3503	3502
3503	3513
3505	3504
3506	3505
3506	3508
3508	3507
3508	3509
3511	3512
3520	3519
3523	3522
3524	3523
3527	3526
3530	3529
3530	3555
3533	3532
3533	3541
3533	3554
3533	3557
3533	3565
3534	3533
3537	3536
3537	3559
3537	3561
3540	3539
3540	3543
3540	3544
3540	3564
3546	3545
3546	3679
3546	3685
3547	3545
3549	3551
3563	3562
3563	3564
3566	3567
3567	3572
3569	3568
3569	3571
3570	3568
3570	3572
3571	3572
3573	3573
3575	3574
3575	3576
3577	3577
3579	3578
3581	3580
3580	3582
3580	3583
3584	3587
3584	3589
3586	3585
3586	3586
3586	3589
3588	3587
3588	3589
3587	3589
3590	3589
3591	3590
3591	3593
3591	3594
3591	3598
3591	3602
3595	3597
3598	3597
3597	3601
3599	3598
3601	3600
3614	3613
3614	3615
3614	3616
3614	3619
3614	3620
3617	3616
3617	3618
3625	3625
3627	3626
3627	3630
3628	3627
3628	3629
3628	3631
3628	3632
3628	3635
3629	3629
3636	3639
3636	3641
3636	3645
3651	3652
3655	3656
3657	3658
3661	3660
3661	3662
3661	3670
3663	3664
3665	3666
3666	3668
3672	3671
3672	3673
3678	3677
3678	3678
3682	3695
3690	3690
3691	3691
3694	3693
3715	3717
3720	3719
3721	3720
3721	3766
3721	3790
3721	3806
3721	3974
3723	3722
3723	3725
3723	3730
3723	3731
3723	3733
3723	3734
3723	3781
3723	3787
3723	3954
3722	3727
3725	3724
3728	3727
3728	3748
3728	3751
3728	3755
3730	3729
3730	3732
3730	3733
3735	3734
3736	3734
3738	3737
3738	3740
3738	3751
3738	3762
3738	3768
3738	3772
3738	3774
3738	699
3737	3774
3737	3779
3737	3809
3737	3967
3739	3737
3740	3742
3740	3745
3742	3809
3743	3742
3743	3817
3745	3744
3745	3783
3745	3809
3745	3813
3746	3745
3746	3783
3746	3784
3746	3793
3746	3807
3746	3817
3746	3820
3746	3832
3746	690
3746	3901
3746	3927
3746	3947
3747	3744
3747	3747
3747	3789
3747	3901
3748	3752
3748	3753
3749	3748
3749	3758
3749	3760
3749	3769
3750	3749
3754	3753
3757	3756
3757	3758
3757	3759
3757	3954
3761	3760
3761	3762
3761	3774
3761	699
3768	3767
3768	3769
3768	3817
3771	3770
3771	3774
3771	3776
3771	3775
3771	3777
3771	3918
3771	3970
3771	3971
3776	3775
3777	3777
3778	3777
3778	3913
3780	3779
3780	3810
3779	3783
3782	3781
3782	3787
3783	3788
3783	3821
3785	3784
3785	3808
3785	3812
3785	3820
3784	3812
3787	3786
3787	3801
3787	3818
3786	3789
3786	3802
3786	3796
3786	3815
3788	3789
3788	3813
3788	3814
3788	3815
3793	3797
3793	3810
3795	3794
3794	3796
3794	3803
3797	3796
3797	3803
3797	3808
3797	3810
3797	3801
3797	3812
3798	3797
3798	3834
3798	3927
3799	3798
3799	3817
3799	3830
3799	3832
3799	3918
3799	3970
3800	3797
3800	3807
3801	3800
3801	3802
3802	3797
3810	3809
3810	3813
3811	3809
3817	3816
3818	3817
3819	3817
3823	3822
3823	3824
3823	3826
3823	3828
3823	3855
3823	3960
3823	3961
3823	3962
3825	3824
3825	3828
3825	3847
3826	3824
3827	3826
3827	3828
3827	3851
3830	3829
3834	3833
3837	3836
3837	3913
3839	3838
3842	3841
3843	690
3843	3844
3843	3895
3843	3908
3843	3920
3843	3924
3844	691
3844	694
3848	3847
3848	3854
3848	3857
3848	3860
3848	3963
3848	3964
3849	3847
3849	3850
3852	3851
3852	3854
3852	3860
3856	3855
3856	3859
3858	3857
3858	3859
3859	3860
3861	3860
3862	3860
3863	760
3863	4002
3867	3866
3867	3947
3868	3874
3868	3876
3869	3870
3871	3872
3872	3873
3874	3897
3875	3874
3875	3881
3875	3897
3875	3914
3875	3916
3875	3917
3875	3918
3875	3920
3875	3970
3876	3907
3876	3910
3880	3879
3879	3881
3891	3890
3892	3890
3898	3897
3898	3907
3898	3910
3899	3897
3903	3902
3903	3905
3903	3906
3904	3902
3904	3905
3904	3906
3904	3907
3904	3908
3904	3910
3908	3907
3908	3910
3909	3908
3909	3922
3909	3926
3909	3928
3916	3915
3916	3919
3921	3920
3921	3936
3921	3938
3921	3939
3921	3940
3922	3920
3924	3923
3925	3923
3925	3925
3926	3927
3942	3942
3942	3954
3942	3967
3948	3947
3950	3949
3950	3951
3950	3952
3950	3953
3955	3954
3955	3970
3955	3971
3956	3954
3956	3958
3956	3965
3956	3970
3957	3956
3958	3956
3959	3956
3967	3966
3967	3967
3968	3967
3974	3973
3976	3975
3978	3980
3978	3981
3978	3982
3978	3983
3978	3984
3978	3985
3990	3989
3997	3997
4000	3999
4003	4002
4004	4002
4010	4009
4010	4011
4010	4012
4014	4015
4016	4015
4016	4017
4022	4070
4025	1337
4026	1337
4027	1337
4028	1337
4038	4039
4062	4061
4063	4061
4063	4064
4063	4065
4067	4066
4068	4069
4072	4071
4072	4075
4072	4076
4072	4077
4072	4078
4072	4079
4072	4080
4073	4072
4081	4089
4081	4090
4081	4091
4081	4092
4081	4094
4081	4095
4081	4096
4081	4097
4081	4099
4081	4100
4081	4102
4082	4081
4083	4081
4084	4089
4085	4088
4087	4091
4087	4094
4101	4102
4104	4119
4106	4105
4106	4113
4106	4115
4106	4116
4106	4117
4106	4120
4106	4122
4106	4124
4105	4118
4105	4121
4105	4125
4107	4106
4108	4107
4109	4108
4109	4127
4109	4128
4139	4138
4139	4141
4142	4141
