1	0
1	178
1	4098
1	4133
2	1
2	47
2	54
2	170
2	175
2	176
2	177
2	181
2	182
2	239
2	242
2	249
2	252
2	642
2	788
2	4091
2	4116
2	4124
2	4137
2	4138
3	2
3	168
3	3905
3	4082
3	4084
4	3
5	4
6	4
6	11
6	20
6	43
6	42
6	45
6	15
6	17
6	63
6	64
6	67
6	91
6	34
6	169
6	177
6	182
6	183
6	191
6	197
6	214
6	215
6	216
6	224
6	235
6	237
6	260
6	298
6	316
6	315
6	345
6	348
6	361
6	416
6	424
6	425
6	439
6	459
6	568
6	693
6	690
6	704
6	718
6	726
6	731
6	762
6	770
6	775
6	796
6	812
6	849
6	1105
6	1147
6	1176
6	1188
6	1194
6	1198
6	1229
6	1231
6	1234
6	1257
6	1280
6	1477
6	1482
6	1510
6	1526
6	1549
6	1589
6	1611
6	1856
6	1874
6	1884
6	1876
6	1895
6	1905
6	1916
6	1920
6	1924
6	1925
6	1928
6	1934
6	1936
6	1938
6	1940
6	1942
6	1944
6	1946
6	1948
6	1956
6	1968
6	1973
6	2001
6	2006
6	2007
6	2044
6	2113
6	2170
6	2205
6	2221
6	2270
6	2274
6	2322
6	2340
6	2394
6	2395
6	2397
6	2478
6	2555
6	2600
6	2604
6	2629
6	2765
6	2772
6	2777
6	2779
6	2781
6	2789
6	2802
6	2803
6	2838
6	2845
6	2870
6	2872
6	2920
6	2934
6	2940
6	2942
6	2943
6	2950
6	2954
6	2962
6	2966
6	2970
6	2983
6	3003
6	3005
6	3006
6	3021
6	3022
6	3028
6	3029
6	3034
6	3048
6	3065
6	3075
6	3161
6	3333
6	3362
6	3368
6	3377
6	3385
6	3412
6	3429
6	3445
6	3446
6	3452
6	3457
6	3480
6	3522
6	3529
6	3542
6	3546
6	3548
6	3551
6	3554
6	3582
6	3633
6	3643
6	3708
6	3710
6	3751
6	3793
6	3879
6	3887
6	3905
6	3961
6	3966
6	3999
6	4033
6	4092
6	4096
6	4112
6	4156
7	3
7	19
7	26
7	29
7	42
7	45
7	48
7	50
7	49
7	55
7	59
7	64
7	67
7	68
7	69
7	73
7	81
7	83
7	95
7	96
7	102
7	119
7	131
7	147
7	156
7	163
7	169
7	170
7	175
7	179
7	181
7	182
7	186
7	188
7	191
7	197
7	198
7	203
7	206
7	207
7	208
7	209
7	210
7	215
7	216
7	218
7	221
7	224
7	227
7	232
7	237
7	241
7	251
7	253
7	256
7	297
7	299
7	318
7	321
7	388
7	404
7	438
7	437
7	440
7	442
7	448
7	453
7	458
7	463
7	470
7	503
7	506
7	549
7	557
7	556
7	564
7	565
7	566
7	569
7	572
7	573
7	581
7	585
7	632
7	634
7	637
7	641
7	642
7	643
7	647
7	655
7	663
7	674
7	678
7	690
7	698
7	702
7	704
7	712
7	715
7	718
7	719
7	723
7	725
7	722
7	731
7	738
7	746
7	752
7	755
7	762
7	773
7	783
7	788
7	795
7	847
7	855
7	871
7	1098
7	1105
7	1126
7	1131
7	1132
7	1139
7	1140
7	1148
7	1147
7	1155
7	1159
7	1160
7	1161
7	1164
7	1170
7	1185
7	1184
7	1192
7	1194
7	1201
7	1224
7	1225
7	1233
7	1234
7	1243
7	1275
7	1276
7	1279
7	1278
7	1284
7	1293
7	1294
7	1296
7	1298
7	1305
7	1312
7	1365
7	1369
7	1372
7	1379
7	1402
7	1457
7	1482
7	1496
7	1527
7	1535
7	1549
7	1567
7	1590
7	1606
7	1607
7	1608
7	1623
7	1621
7	1633
7	1638
7	1646
7	1655
7	1658
7	1715
7	1723
7	1728
7	1731
7	1757
7	1764
7	1765
7	1854
7	1865
7	1879
7	1897
7	1911
7	1930
7	1937
7	1938
7	1940
7	1942
7	1943
7	1947
7	1970
7	1991
7	1999
7	2006
7	2008
7	2021
7	2028
7	2030
7	916
7	2043
7	2056
7	2065
7	2068
7	2090
7	2094
7	2096
7	2095
7	2097
7	2099
7	2113
7	2135
7	2167
7	2179
7	2183
7	2184
7	2185
7	2187
7	2210
7	2227
7	2232
7	2235
7	2236
7	2242
7	2254
7	2256
7	2268
7	2269
7	2273
7	2274
7	2277
7	2278
7	2279
7	2289
7	2290
7	2291
7	2322
7	2338
7	2344
7	2342
7	2347
7	2348
7	2349
7	2353
7	2356
7	2365
7	2406
7	2410
7	2443
7	2444
7	2454
7	2460
7	2462
7	2477
7	2498
7	2502
7	2531
7	2591
7	2598
7	2600
7	2606
7	2618
7	2635
7	2637
7	2648
7	2654
7	2688
7	2696
7	2830
7	2947
7	2949
7	2952
7	2954
7	2956
7	2957
7	3048
7	3063
7	3069
7	3072
7	3095
7	3096
7	3097
7	3127
7	3158
7	3159
7	3160
7	3164
7	3165
7	3168
7	3170
7	3171
7	3174
7	3175
7	3176
7	3178
7	3182
7	3183
7	3184
7	3185
7	3186
7	3187
7	3189
7	3191
7	3196
7	3201
7	3207
7	3213
7	3216
7	3218
7	3220
7	3222
7	3223
7	3224
7	3226
7	3230
7	3233
7	3237
7	3238
7	3245
7	3333
7	3348
7	3350
7	3358
7	3365
7	3369
7	3372
7	3373
7	3375
7	3380
7	3381
7	3383
7	3404
7	3432
7	3508
7	3525
7	3535
7	3550
7	3553
7	3554
7	3556
7	3558
7	3559
7	3565
7	3578
7	3579
7	3581
7	3580
7	3594
7	3593
7	3662
7	3669
7	3686
7	3694
7	3700
7	3701
7	3704
7	3722
7	3755
7	3760
7	3762
7	3769
7	3802
7	3860
7	3905
7	3909
7	3913
7	3917
7	3930
7	3934
7	3940
7	3948
7	3955
7	3961
7	3997
7	3999
7	4003
7	4021
7	4024
7	4030
7	4032
7	4043
7	4052
7	4053
7	4054
7	4055
7	4056
7	4068
7	4076
7	4080
7	4095
7	4097
7	4100
7	4102
7	4104
7	4105
7	4106
7	4110
7	4112
7	4113
7	4114
7	4115
7	4120
7	4121
7	4139
7	4140
7	4141
7	4142
7	4143
7	4144
7	4145
7	4146
7	4147
7	4148
7	4149
7	4150
7	4151
7	4153
7	4154
8	3
9	8
9	14
9	16
9	18
9	19
9	35
9	38
9	40
9	48
9	55
9	59
9	64
9	65
9	73
9	94
9	95
9	96
9	167
9	4092
9	4093
9	4094
9	4096
9	4097
9	4111
9	4117
9	4118
10	9
11	8
11	16
11	2
11	18
11	19
11	38
11	1
11	40
11	48
11	55
11	59
11	63
11	64
11	65
11	73
11	94
11	95
11	96
11	168
11	169
11	170
11	177
11	179
11	181
11	182
11	183
11	239
11	642
11	788
11	3905
11	4082
11	4084
11	4092
11	4093
11	4096
11	4097
11	4100
11	4101
11	4102
11	4104
11	4105
11	4106
11	4107
11	4109
11	4110
11	4112
11	4117
11	4118
11	4120
12	11
12	8
12	14
12	17
12	2
12	18
12	21
12	20
12	35
12	1
12	41
12	40
12	43
12	42
12	49
12	65
12	73
12	83
12	82
12	81
12	94
12	95
12	102
12	112
12	125
12	168
12	169
12	170
12	179
12	181
12	182
12	183
12	187
12	194
12	214
12	216
12	224
12	245
12	244
12	298
12	339
12	347
12	354
12	356
12	358
12	361
12	388
12	404
12	409
12	414
12	416
12	418
12	420
12	421
12	423
12	424
12	425
12	429
12	431
12	432
12	434
12	447
12	452
12	461
12	471
12	500
12	540
12	561
12	643
12	655
12	664
12	690
12	705
12	712
12	711
12	713
12	718
12	723
12	725
12	722
12	726
12	731
12	738
12	755
12	783
12	788
12	792
12	795
12	799
12	811
12	814
12	844
12	847
12	855
12	895
12	898
12	890
12	1035
12	1038
12	1059
12	1091
12	1092
12	1094
12	1095
12	1096
12	1097
12	1099
12	1102
12	1103
12	1105
12	1137
12	1148
12	1147
12	1146
12	1152
12	1153
12	1154
12	1155
12	1156
12	1157
12	1158
12	1159
12	1176
12	1175
12	1190
12	1192
12	1193
12	1194
12	1198
12	1221
12	1225
12	1227
12	1232
12	1271
12	1273
12	1284
12	1281
12	1285
12	1294
12	1296
12	1298
12	1367
12	1365
12	1372
12	1378
12	1396
12	1486
12	1495
12	1507
12	1505
12	1512
12	1538
12	1552
12	1567
12	1589
12	1597
12	1606
12	1607
12	1608
12	1629
12	1633
12	1638
12	1648
12	1647
12	1665
12	1664
12	1663
12	1668
12	1697
12	1700
12	1701
12	1707
12	1715
12	1718
12	1726
12	1723
12	1722
12	1728
12	1731
12	1734
12	1746
12	1757
12	1758
12	1764
12	1854
12	1858
12	1866
12	1875
12	1874
12	1872
12	1871
12	1882
12	1884
12	1890
12	1902
12	1905
12	1903
12	1907
12	1917
12	1916
12	1920
12	1927
12	1926
12	1925
12	1928
12	1932
12	1934
12	1943
12	1957
12	1958
12	1968
12	1970
12	1972
12	1973
12	1984
12	1985
12	2023
12	2028
12	2030
12	916
12	2046
12	2068
12	2067
12	2066
12	2070
12	2074
12	2081
12	2084
12	2088
12	2101
12	2113
12	2116
12	2117
12	2124
12	2125
12	2135
12	2147
12	2211
12	2214
12	2219
12	2220
12	2225
12	2226
12	2229
12	2236
12	2254
12	2262
12	2268
12	2269
12	2271
12	2287
12	2289
12	2290
12	2292
12	2304
12	2327
12	2334
12	2335
12	2368
12	2373
12	2390
12	2397
12	2401
12	2444
12	2445
12	2470
12	2469
12	2467
12	2483
12	2495
12	2498
12	2499
12	2517
12	2523
12	2531
12	2580
12	2581
12	2598
12	2605
12	2623
12	2627
12	2633
12	2634
12	2637
12	2638
12	2639
12	2646
12	2703
12	2713
12	2725
12	2737
12	2739
12	2743
12	2786
12	2785
12	2795
12	2801
12	2810
12	2811
12	2828
12	2839
12	2870
12	2875
12	2922
12	2928
12	2932
12	2936
12	2942
12	2949
12	2954
12	2960
12	2971
12	2975
12	2983
12	2984
12	3000
12	3001
12	3012
12	3016
12	3018
12	3028
12	3029
12	3036
12	3037
12	3059
12	3062
12	3066
12	3068
12	3072
12	3081
12	3095
12	3116
12	3117
12	3155
12	3159
12	3178
12	3333
12	3334
12	3364
12	3363
12	3362
12	3367
12	3368
12	3371
12	3377
12	3379
12	3385
12	3399
12	3403
12	3416
12	3419
12	3421
12	3428
12	3432
12	3436
12	3460
12	3459
12	3461
12	3462
12	3469
12	3528
12	3530
12	3532
12	3536
12	3543
12	3545
12	3551
12	3554
12	3556
12	3558
12	3559
12	3577
12	3590
12	3606
12	3613
12	3614
12	3616
12	3662
12	3669
12	3670
12	3673
12	3685
12	27
12	3708
12	3709
12	3713
12	3718
12	3724
12	3726
12	3727
12	3733
12	3734
12	3737
12	3745
12	3749
12	3751
12	3755
12	3772
12	3791
12	3793
12	3803
12	3807
12	3815
12	3854
12	3859
12	3860
12	3842
12	3885
12	3888
12	3893
12	3897
12	3898
12	3905
12	3906
12	3913
12	3912
12	3916
12	3919
12	3924
12	3930
12	3933
12	3940
12	3941
12	3944
12	3955
12	3959
12	3961
12	3966
12	3979
12	3980
12	3995
12	3996
12	3997
12	4006
12	1750
12	4012
12	4017
12	4019
12	4080
12	4082
12	4092
12	4094
12	4103
12	4106
12	4107
12	4112
12	4113
12	4116
12	4119
12	4131
13	11
13	14
13	26
13	31
13	33
13	50
13	51
13	49
13	53
13	80
13	87
13	88
13	89
13	83
13	104
13	101
13	115
13	108
13	129
13	143
13	157
13	164
13	165
13	166
13	189
13	211
13	212
13	224
13	237
13	243
13	242
13	249
13	253
13	254
13	252
13	258
13	260
13	262
13	263
13	264
13	265
13	280
13	284
13	289
13	299
13	298
13	309
13	310
13	322
13	323
13	324
13	326
13	329
13	332
13	334
13	336
13	337
13	338
13	340
13	376
13	384
13	397
13	399
13	400
13	403
13	411
13	419
13	422
13	427
13	486
13	488
13	490
13	501
13	504
13	510
13	523
13	529
13	536
13	537
13	538
13	539
13	544
13	552
13	579
13	580
13	583
13	584
13	588
13	595
13	606
13	614
13	615
13	620
13	623
13	630
13	632
13	637
13	642
13	647
13	655
13	654
13	659
13	662
13	664
13	671
13	677
13	679
13	680
13	687
13	693
13	690
13	700
13	699
13	703
13	706
13	705
13	713
13	714
13	724
13	722
13	727
13	730
13	733
13	734
13	741
13	738
13	744
13	745
13	752
13	763
13	764
13	770
13	771
13	773
13	779
13	778
13	780
13	781
13	782
13	783
13	785
13	786
13	792
13	794
13	795
13	797
13	799
13	810
13	837
13	846
13	858
13	860
13	861
13	862
13	873
13	874
13	898
13	890
13	930
13	949
13	954
13	977
13	988
13	975
13	995
13	970
13	1004
13	960
13	1036
13	1037
13	1038
13	1040
13	1043
13	1091
13	1092
13	1094
13	1096
13	1097
13	1099
13	1102
13	1134
13	1133
13	1132
13	1137
13	1140
13	1141
13	1142
13	1144
13	1145
13	1149
13	1152
13	1154
13	1153
13	1156
13	1157
13	1158
13	1159
13	1162
13	1165
13	1169
13	1170
13	1172
13	1176
13	1183
13	1185
13	1198
13	1204
13	1219
13	1222
13	1224
13	1225
13	1227
13	1236
13	1237
13	1240
13	1242
13	1243
13	1246
13	1247
13	1248
13	1252
13	1250
13	1257
13	1263
13	1265
13	1268
13	1271
13	1272
13	1276
13	1275
13	1277
13	1281
13	1280
13	1294
13	1297
13	1306
13	1366
13	1404
13	1403
13	1410
13	1411
13	1412
13	1414
13	1413
13	1409
13	1416
13	1424
13	1423
13	1422
13	1421
13	1440
13	1442
13	1447
13	1450
13	1457
13	1460
13	1461
13	1466
13	1469
13	1471
13	1474
13	1475
13	1484
13	1480
13	1490
13	1491
13	1494
13	1495
13	1503
13	1504
13	1511
13	1517
13	1521
13	1523
13	1525
13	1527
13	1548
13	1550
13	1552
13	1557
13	1567
13	1569
13	1585
13	1586
13	1588
13	1592
13	1594
13	1600
13	1603
13	1604
13	1605
13	1607
13	1619
13	1622
13	1628
13	1631
13	1633
13	1639
13	1641
13	1645
13	1647
13	1661
13	1665
13	1668
13	1686
13	1688
13	1701
13	1703
13	1704
13	1707
13	1709
13	1710
13	1711
13	1714
13	1718
13	1720
13	1721
13	1726
13	1723
13	1725
13	1731
13	1737
13	1741
13	1743
13	1757
13	1759
13	1760
13	1761
13	1766
13	1770
13	1773
13	1862
13	1865
13	1866
13	1875
13	1874
13	1879
13	1898
13	1911
13	1915
13	1923
13	1926
13	1928
13	1931
13	1935
13	1936
13	1939
13	1943
13	1942
13	1946
13	1948
13	1950
13	1951
13	1954
13	1953
13	1955
13	1960
13	1961
13	1964
13	2292
13	2309
13	2321
13	2325
13	2326
13	2361
13	2373
13	2378
13	2381
13	2390
13	2397
13	2401
13	2404
13	2405
13	2419
13	2443
13	2448
13	2453
13	2455
13	2456
13	2458
13	2459
13	2470
13	2469
13	2473
13	2472
13	2475
13	2479
13	2490
13	2492
13	2518
13	2555
13	2585
13	2587
13	2590
13	2594
13	2605
13	2613
13	2618
13	2620
13	2636
13	2643
13	2644
13	2645
13	2646
13	2654
13	2666
13	2667
13	2671
13	2694
13	2695
13	2703
13	2857
13	2866
13	2868
13	2942
13	2943
13	2945
13	2948
13	2949
13	2954
13	2956
13	2960
13	2962
13	2977
13	2994
13	2995
13	3004
13	3014
13	3020
13	3023
13	3024
13	3026
13	3027
13	3044
13	3047
13	3049
13	3073
13	3074
13	3078
13	3081
13	3080
13	3083
13	3098
13	3102
13	3114
13	3115
13	3122
13	3126
13	3128
13	3132
13	3135
13	3138
13	3140
13	3144
13	3145
13	3149
13	3152
13	3153
13	3161
13	3162
13	3163
13	3166
13	3167
13	3169
13	3172
13	3173
13	3178
13	3180
13	3181
13	3188
13	3190
13	3192
13	3193
13	3194
13	3195
13	3197
13	3198
13	3199
13	3204
13	3205
13	3206
13	3208
13	3209
13	3211
13	3212
13	3214
13	3215
13	3217
13	3219
13	3221
13	3225
13	3227
13	3228
13	3229
13	3231
13	3232
13	3234
13	3235
13	3283
13	3333
13	3343
13	3346
13	3353
13	3355
13	3358
13	3363
13	3367
13	3366
13	3368
13	3369
13	3370
13	3371
13	3373
13	3376
13	3378
13	3379
13	3384
13	3385
13	3401
13	3403
13	3406
13	3408
13	3410
13	3414
13	3428
13	3430
13	3434
13	3440
13	3442
13	3447
13	3448
13	3450
13	3452
13	3455
13	3458
13	3464
13	3466
13	3478
13	3511
13	3525
13	3543
13	3547
13	3550
13	3557
13	3564
13	3562
13	3565
13	3566
13	3572
13	3577
13	3578
13	3582
13	3585
13	3594
13	3593
13	3598
13	3601
13	3603
13	3605
13	3617
13	3626
13	3627
13	3658
13	3661
13	3670
13	3672
13	3673
13	3677
13	3680
13	3682
13	3685
13	3692
13	3693
13	3695
13	3696
13	3697
13	3698
13	3699
13	3702
13	3718
13	3725
13	3724
13	3727
13	3728
13	3730
13	3732
13	3733
13	3743
13	3741
13	3744
13	3745
13	3747
13	3749
13	3751
13	3754
13	3760
13	3768
13	3771
13	3773
13	3775
13	3778
13	3777
13	3779
13	3781
13	3785
13	3786
13	3787
13	3790
13	3791
13	3805
13	3806
13	3808
13	3799
13	3811
13	3815
13	3819
13	3828
13	3830
13	3832
13	3831
13	3834
13	3848
13	3852
13	3860
13	3864
13	3865
13	3875
13	3877
13	3879
13	3882
13	3887
13	3893
13	3900
13	3901
13	3903
13	3898
13	3906
13	3909
13	3918
13	3919
13	3923
13	3926
13	3929
13	3931
13	3932
13	3933
13	3934
13	3935
13	3936
13	3937
13	3945
13	3947
13	3949
13	3952
13	3954
13	3955
13	3964
13	3966
13	3979
13	3980
13	3997
13	3999
13	4001
13	1750
13	4007
13	4019
13	4029
13	4031
13	4040
13	4041
13	4045
13	4046
13	4047
13	4048
13	4049
13	4051
13	4057
13	4058
13	4059
13	4060
13	4062
13	4063
13	4064
13	4065
13	4066
13	4067
13	4069
13	4070
13	4071
13	4076
13	4077
13	4078
13	4080
13	4094
13	4095
13	4101
13	4104
13	4107
13	4109
13	4116
13	4115
13	4119
13	4122
13	4129
13	4131
13	4158
13	4159
13	4161
14	3
15	3
16	2
16	4082
17	16
17	17
17	112
17	129
17	147
17	156
17	564
17	1608
17	2304
17	2442
17	2439
17	2708
17	2711
17	2737
17	2795
17	3068
17	3131
17	3340
17	3460
18	1
18	170
18	181
19	1
19	170
19	176
19	4106
19	4107
20	19
20	129
20	266
20	278
20	2304
20	2602
20	2801
20	2836
20	2922
20	3068
20	3362
20	3404
20	3641
21	20
21	2067
21	3363
21	3445
21	3456
21	3469
21	3594
21	3604
21	3683
22	20
22	278
22	1124
22	1129
22	2162
22	2167
22	2170
22	2174
22	2179
22	2183
22	2184
22	2187
22	2194
22	2202
22	2205
22	2210
23	20
23	57
23	56
23	401
23	457
23	2315
23	2319
23	2622
23	3055
23	3445
23	3778
23	4159
24	20
24	39
24	42
24	17
24	69
24	34
24	102
24	186
24	199
24	202
24	216
24	224
24	237
24	267
24	278
24	292
24	298
24	299
24	335
24	370
24	468
24	507
24	526
24	541
24	559
24	560
24	562
24	563
24	572
24	622
24	630
24	688
24	690
24	696
24	699
24	712
24	738
24	744
24	745
24	746
24	783
24	814
24	844
24	850
24	1035
24	1115
24	1118
24	1126
24	1124
24	1129
24	1148
24	1201
24	1282
24	1294
24	1382
24	1397
24	1402
24	1440
24	1526
24	1604
24	1611
24	1615
24	1647
24	1668
24	1723
24	1731
24	1765
24	1766
24	1847
24	1875
24	1895
24	1913
24	1922
24	1942
24	1951
24	1967
24	1974
24	1998
24	2013
24	2017
24	2018
24	2063
24	2064
24	2068
24	2073
24	2075
24	2084
24	2088
24	2110
24	2113
24	2121
24	2128
24	2152
24	2162
24	2167
24	2170
24	2174
24	2179
24	2184
24	2185
24	2183
24	2187
24	2194
24	2195
24	2202
24	2205
24	2210
24	2241
24	2262
24	2279
24	2287
24	2288
24	2304
24	2321
24	2345
24	2386
24	2413
24	2469
24	2490
24	2552
24	2555
24	2581
24	2476
24	2613
24	2624
24	2681
24	2715
24	2714
24	2738
24	2807
24	2808
24	2855
24	2862
24	2904
24	2911
24	2938
24	2950
24	2959
24	2960
24	2972
24	2997
24	3048
24	3069
24	3079
24	3148
24	3161
24	3332
24	3334
24	3342
24	3364
24	3397
24	3398
24	3399
24	3443
24	3521
24	3532
24	3540
24	3558
24	3567
24	3570
24	3571
24	3572
24	3593
24	3674
24	27
24	3761
24	3776
24	3859
24	3866
24	3878
24	3941
24	3949
24	3959
24	3974
24	3995
24	3999
24	1303
24	4080
24	4114
24	4140
24	4141
24	4142
24	4143
24	4144
24	4145
24	4146
24	4147
24	4148
24	4149
24	4150
24	4151
24	4153
24	4154
25	20
25	25
25	19
25	54
25	94
25	182
26	25
26	39
26	71
26	139
26	371
26	1485
26	1606
26	1608
26	2278
26	2475
26	2479
26	2621
26	2637
26	2708
26	2745
26	2957
26	3160
26	3209
26	3289
26	3704
27	25
27	39
28	20
29	20
29	29
29	2304
29	2732
29	2734
29	2797
29	3364
29	3443
29	3591
30	29
30	20
30	1
30	41
30	83
30	184
30	188
30	241
30	251
30	344
30	345
30	348
30	365
30	367
30	368
30	390
30	393
30	399
30	400
30	407
30	419
30	437
30	440
30	442
30	444
30	448
30	447
30	524
30	528
30	552
30	569
30	630
30	632
30	676
30	685
30	687
30	690
30	738
30	783
30	895
30	898
30	926
30	890
30	936
30	988
30	1132
30	1148
30	1146
30	1162
30	1278
30	1394
30	1659
30	1884
30	1905
30	1941
30	1991
30	2020
30	2057
30	2144
30	2174
30	2277
30	2397
30	2398
30	2591
30	2643
30	2644
30	2645
30	2646
30	2699
30	2787
30	2871
30	2930
30	2954
30	2974
30	2989
30	3010
30	3014
30	3018
30	3020
30	3028
30	3029
30	3048
30	3066
30	3068
30	3077
30	3078
30	3086
30	3087
30	3089
30	3090
30	3134
30	3150
30	3242
30	3372
30	3381
30	3380
30	3386
30	3474
30	3522
30	3528
30	3548
30	3579
30	3580
30	3660
30	3662
30	3724
30	3745
30	3747
30	3755
30	3766
30	3771
30	3772
30	3787
30	3866
30	3894
30	3909
30	3912
30	3913
30	3916
30	3917
30	3936
30	3939
30	3940
30	3944
30	3964
30	3961
30	3976
30	3975
30	3979
30	3980
30	3981
30	4082
30	4103
31	20
32	31
32	20
32	1
32	50
32	86
32	83
32	81
32	102
32	99
32	108
32	133
32	168
32	186
32	187
32	188
32	196
32	199
32	202
32	237
32	245
32	356
32	361
32	376
32	384
32	385
32	388
32	390
32	395
32	399
32	400
32	413
32	416
32	424
32	425
32	427
32	434
32	438
32	437
32	440
32	439
32	442
32	444
32	448
32	453
32	469
32	486
32	497
32	498
32	503
32	514
32	569
32	599
32	606
32	614
32	630
32	643
32	704
32	718
32	723
32	731
32	738
32	747
32	783
32	788
32	818
32	839
32	841
32	838
32	842
32	843
32	844
32	847
32	898
32	1131
32	1136
32	1137
32	1140
32	1148
32	1147
32	1146
32	1152
32	1153
32	1154
32	1155
32	1156
32	1157
32	1158
32	1161
32	1162
32	1176
32	1185
32	1190
32	1192
32	1198
32	1221
32	1225
32	1226
32	1232
32	1233
32	1234
32	1235
32	1244
32	1248
32	1252
32	1257
32	1273
32	1275
32	1276
32	1277
32	1279
32	1278
32	1280
32	1293
32	1294
32	1396
32	1404
32	1478
32	1506
32	1512
32	1511
32	1557
32	1600
32	1602
32	1618
32	1620
32	1623
32	1621
32	1633
32	1648
32	1647
32	1655
32	1701
32	1710
32	1715
32	1723
32	1731
32	1743
32	1746
32	1757
32	1759
32	1772
32	1844
32	1846
32	1854
32	1862
32	1861
32	1859
32	1866
32	1863
32	1881
32	1884
32	1887
32	1890
32	1895
32	1896
32	1903
32	1906
32	1917
32	1942
32	1943
32	1972
32	1991
32	2028
32	916
32	2053
32	2056
32	2060
32	2068
32	2066
32	2174
32	2213
32	2224
32	2227
32	2229
32	2242
32	2254
32	2268
32	2271
32	2373
32	2390
32	2410
32	2442
32	2438
32	2449
32	2477
32	2495
32	2531
32	2552
32	2581
32	2591
32	2639
32	2641
32	2645
32	2647
32	2681
32	2680
32	2714
32	2743
32	2745
32	2774
32	2789
32	2795
32	2924
32	2925
32	2936
32	2949
32	2956
32	2974
32	3006
32	3009
32	3017
32	3046
32	3053
32	3056
32	3075
32	3080
32	3083
32	3094
32	3106
32	3357
32	3358
32	3362
32	3365
32	3366
32	3367
32	3368
32	3369
32	3370
32	3371
32	3372
32	3373
32	3375
32	3376
32	3377
32	3378
32	3379
32	3380
32	3381
32	3383
32	3384
32	3385
32	3386
32	3465
32	3522
32	3532
32	3536
32	3542
32	3543
32	3546
32	3548
32	3551
32	3554
32	3556
32	3558
32	3561
32	3565
32	3577
32	3579
32	3578
32	3581
32	3580
32	3582
32	3585
32	3587
32	3591
32	3596
32	3599
32	3600
32	3608
32	3615
32	3660
32	3670
32	3684
32	3686
32	3722
32	3733
32	3737
32	3741
32	3749
32	3754
32	3760
32	3770
32	3772
32	3786
32	3787
32	3791
32	3793
32	3795
32	3807
32	3814
32	3815
32	3819
32	3834
32	3894
32	3897
32	3906
32	3913
32	3917
32	3930
32	3936
32	3939
32	3940
32	3951
32	3953
32	3961
32	3964
32	3966
32	3977
32	3979
32	4005
32	4016
32	4024
32	4103
32	4107
33	20
33	2786
33	2801
33	2802
33	3428
33	3629
33	3630
33	3631
33	3633
33	3635
33	3636
33	3637
33	3639
33	3640
33	3641
33	3642
33	3643
34	20
34	2753
34	2765
34	2977
35	1
35	54
35	61
35	63
35	181
35	4095
35	4120
36	35
36	663
36	722
36	1175
36	2836
36	2917
36	3068
36	3530
36	4092
37	36
37	244
37	254
37	665
37	738
37	2848
37	2867
37	2917
37	2928
37	3440
37	2850
38	1
38	175
38	176
38	181
38	4107
39	38
39	39
39	96
39	2602
40	1
40	181
40	4082
40	4091
41	40
41	2974
41	3662
41	3940
41	4103
42	5
43	42
44	10
45	8
45	1181
45	1195
45	1239
46	14
46	659
46	671
46	2579
46	3067
46	3986
47	179
47	180
48	47
49	48
49	3045
49	3048
49	3046
49	3049
49	3055
49	3589
49	3591
49	3606
49	3876
50	49
50	51
51	49
51	3589
51	3594
52	51
52	104
52	341
52	417
52	428
52	507
52	544
52	1510
52	2113
52	2320
52	2478
52	2781
52	2914
52	2920
52	3021
52	3445
52	3795
52	3797
52	3878
52	346
53	49
53	755
53	841
53	843
53	865
53	867
53	930
53	1090
53	1117
53	1488
53	1517
53	1524
53	1566
53	1589
53	1595
53	1844
53	1848
53	1861
53	1858
53	1865
53	1866
53	1867
53	1863
53	1872
53	1880
53	1912
53	1927
53	1926
53	1956
53	1957
53	1958
53	2022
53	2030
53	2044
53	2066
53	2072
53	2074
53	2114
53	2138
53	2149
53	2254
53	2262
53	2268
53	2270
53	2271
53	2308
53	2320
53	2318
53	2438
53	2580
53	2730
53	2756
53	2764
53	2774
53	2776
53	2779
53	2778
53	2782
53	2786
53	2785
53	2792
53	2798
53	2816
53	2861
53	2913
53	2933
53	2958
53	2975
53	3016
53	3071
53	3081
53	3354
53	3408
53	3421
53	3429
53	3432
53	3460
53	3477
53	3490
53	3508
53	3510
53	3517
53	3518
53	3637
53	3658
53	3664
53	3846
53	3916
53	3927
53	4061
54	169
54	183
55	181
56	55
56	129
56	1478
56	2312
56	2423
56	2723
56	2730
56	2743
56	2750
56	2751
56	2801
56	2803
56	3032
56	3062
56	3140
56	3404
57	56
57	131
57	1479
57	1508
57	2320
57	3002
57	3417
58	56
58	2416
58	2475
58	2479
58	2622
58	4155
58	4159
58	4160
59	61
59	4119
60	59
60	203
60	204
60	205
60	206
60	207
60	208
60	209
60	210
60	211
60	212
60	213
60	225
60	226
60	236
60	372
60	420
60	479
60	629
60	844
60	847
60	855
60	1190
60	1381
60	1380
60	1382
60	1383
60	1402
60	1507
60	1567
60	1607
60	1608
60	1633
60	1636
60	1724
60	1726
60	1757
60	1758
60	1765
60	1766
60	1769
60	1776
60	1862
60	1898
60	1924
60	1970
60	916
60	2289
60	2581
60	2622
60	2637
60	2767
60	3068
60	3709
60	3710
60	3713
60	3913
60	3920
60	4016
60	4044
60	4065
61	62
61	642
61	788
63	62
65	4082
66	65
66	66
66	2050
66	2245
66	4076
67	66
67	67
67	73
67	147
67	1009
67	1011
67	1012
67	1022
67	1024
67	1025
67	1530
67	2081
67	2279
67	2286
68	67
68	573
68	2291
69	68
69	570
69	575
70	69
70	189
70	190
70	239
70	242
70	244
70	249
70	252
70	254
70	298
70	299
70	531
70	540
70	560
70	632
70	638
70	639
70	644
70	658
70	678
70	688
70	704
70	725
70	730
70	731
70	734
70	737
70	745
70	746
70	750
70	752
70	754
70	779
70	785
70	847
70	880
70	895
70	924
70	937
70	943
70	1095
70	1103
70	1294
70	1305
70	1365
70	1372
70	1475
70	1488
70	1538
70	1537
70	1536
70	1540
70	1543
70	1545
70	1546
70	1547
70	1552
70	1557
70	1561
70	1564
70	1588
70	1592
70	1600
70	1606
70	1608
70	1706
70	1723
70	1731
70	1758
70	1759
70	1764
70	1854
70	1856
70	1865
70	1872
70	1874
70	1884
70	1903
70	1905
70	1909
70	1925
70	1933
70	1936
70	1971
70	1973
70	1974
70	2024
70	2023
70	2090
70	2092
70	2094
70	2095
70	2097
70	2099
70	2103
70	2109
70	2113
70	2122
70	2227
70	2236
70	2278
70	2290
70	2296
70	2321
70	2332
70	2335
70	2337
70	2373
70	2386
70	2423
70	2438
70	2443
70	2444
70	2445
70	2448
70	2453
70	2454
70	2455
70	2456
70	2458
70	2459
70	2460
70	2462
70	2469
70	2474
70	2494
70	2493
70	2505
70	2506
70	2515
70	2533
70	2534
70	2538
70	2555
70	2568
70	2569
70	2573
70	2577
70	2578
70	2581
70	2587
70	2606
70	2613
70	2616
70	2622
70	2626
70	2681
70	2708
70	2863
70	2865
70	2954
70	2971
70	2974
70	3048
70	3081
70	3350
70	3351
70	3363
70	3399
70	3452
70	3524
70	3712
70	3724
70	3727
70	3733
70	3748
70	3749
70	3755
70	3760
70	3762
70	3767
70	3768
70	3772
70	3795
70	3803
70	3807
70	3811
70	3815
70	3827
70	3854
70	3891
70	3894
70	3905
70	3913
70	3917
70	3923
70	3933
70	3959
70	3964
70	3966
70	3978
70	3979
70	3996
70	4029
70	4030
70	4031
70	4032
70	4033
70	4042
70	4108
71	66
72	65
72	83
72	214
72	224
72	237
72	297
72	412
72	675
72	841
72	842
72	844
72	859
72	1241
72	1264
72	1296
72	1365
72	1372
72	1412
72	1723
72	1731
72	1871
72	1876
72	1890
72	1895
72	1925
72	1927
72	1956
72	2262
72	2287
72	2381
72	2403
72	2531
72	2476
72	2738
72	2810
72	2811
72	2959
72	2963
72	2987
72	2989
72	2997
72	3026
72	3042
72	3076
72	3077
72	3128
72	3342
72	3347
72	3363
72	3521
72	3528
72	3814
72	3959
72	3966
72	4018
72	4021
72	4034
73	4082
74	73
74	201
74	224
74	235
74	290
74	336
74	715
74	1201
74	1366
74	1365
74	1441
74	1609
74	1711
74	1731
74	1745
74	1753
74	1757
74	1931
74	1935
74	1937
74	1939
74	1947
74	1950
74	1960
74	1967
74	2665
74	2836
74	2917
74	2926
74	3075
74	3530
74	3542
74	3543
74	3546
74	3551
74	3692
74	3693
74	3694
74	3695
74	3696
74	3697
74	3698
74	3699
74	3700
74	3701
74	3702
74	4052
74	4055
74	4056
74	4068
74	4084
74	4092
74	4118
75	74
76	74
77	74
77	1765
77	1980
78	74
78	1766
78	1981
79	74
79	79
79	21
79	799
79	814
79	813
79	1201
79	1281
79	1366
79	1372
79	1407
79	1723
79	1942
79	2146
79	2304
79	2446
79	2637
79	2808
79	3594
79	3616
79	3681
79	3683
79	3704
79	4040
80	74
80	1366
80	2442
80	2439
80	2677
80	2678
80	2681
80	2683
80	2848
80	3844
80	3951
81	21
81	81
81	2070
81	2118
81	2119
81	2120
82	81
82	82
82	780
82	1159
82	1284
82	1648
82	1647
82	1723
82	1984
82	3116
83	82
83	1139
84	83
84	1133
85	84
85	82
85	1133
86	83
86	188
86	1132
86	1136
86	1137
86	1140
86	1141
86	1147
86	1152
86	1153
86	1154
86	1155
86	1156
86	1157
86	1158
86	1160
86	1169
86	1171
87	83
87	1174
88	83
88	1132
88	1137
88	1139
88	1147
88	1152
88	1153
88	1154
88	1155
88	1156
88	1157
88	1158
88	1171
88	1174
89	83
90	89
90	1139
90	1146
91	28
92	91
92	2792
92	2793
92	2794
93	92
93	2788
93	2964
94	170
95	176
95	177
96	175
97	96
97	1188
97	1223
97	1230
97	2240
97	2973
97	3074
97	3075
97	3530
97	3537
97	3543
97	3546
97	3551
98	97
98	354
98	358
98	361
98	413
98	414
98	416
98	417
98	418
98	419
98	420
98	421
98	423
98	424
98	425
98	426
98	427
98	428
98	429
98	430
98	431
98	432
98	433
98	450
98	1261
98	1492
98	1508
98	2023
98	916
98	2113
98	2114
98	2214
98	2221
98	2941
98	3012
98	3741
98	3770
98	3771
98	3787
98	3793
98	3805
98	3812
98	3813
98	3814
98	3889
98	3906
98	3937
98	3944
98	4005
98	4006
98	4008
98	1509
100	99
100	3076
100	3077
100	3078
100	3086
100	3094
100	3106
101	99
102	101
102	3084
102	3085
102	3088
102	3091
102	3092
102	3093
102	3096
102	3097
102	3099
102	3103
102	3107
102	3110
102	3111
102	3114
102	3115
103	102
103	3129
104	102
104	1481
104	2723
104	2725
104	2763
104	2768
104	2776
104	3029
104	3200
104	3245
104	3310
104	3517
106	105
108	107
108	109
108	3881
108	3882
109	108
110	109
110	275
110	1475
110	2328
110	2702
110	2706
110	2713
110	2800
110	2799
110	2801
110	2813
110	2824
110	3036
110	3042
110	3057
110	3602
111	109
111	430
111	456
111	458
111	463
111	2796
111	2797
111	2801
111	2818
111	2824
111	2825
111	2826
111	2827
111	3057
111	3362
111	3588
111	3592
111	3594
111	3609
112	108
112	1506
112	2968
112	3059
112	3340
112	3518
113	112
113	2934
113	3245
113	3340
114	112
114	107
114	3880
114	3882
115	112
115	621
115	755
115	764
115	800
115	805
115	807
115	806
115	809
115	812
115	815
115	818
115	844
115	849
115	854
115	857
115	859
115	972
115	990
115	992
115	998
115	1269
115	1291
115	1406
115	1514
115	1853
115	1856
115	1910
115	1918
115	1916
115	1928
115	1934
115	2041
115	2147
115	2239
115	2262
115	2438
115	2672
115	2873
115	2875
115	2904
115	2909
115	2911
115	2917
115	2918
115	2978
115	3340
115	3350
115	3351
115	3353
115	3460
115	3656
115	4097
116	112
116	345
116	348
116	1009
116	1011
116	1012
116	1022
116	1024
116	1025
116	1400
116	2211
116	2262
116	2350
116	2490
116	2812
116	2814
116	2914
116	3069
116	3352
116	3463
116	3646
117	112
117	129
117	246
117	665
117	683
117	690
117	699
117	704
117	712
117	738
117	755
117	788
117	969
117	987
117	991
117	997
117	2040
117	2146
117	2262
117	2442
117	2439
117	2840
117	2861
117	2873
117	2917
117	3340
117	3351
117	3352
117	3439
117	3632
117	4075
118	117
118	129
118	131
118	240
118	250
118	353
118	358
118	361
118	374
118	388
118	403
118	418
118	420
118	431
118	450
118	530
118	725
118	1508
118	916
118	2066
118	2113
118	2439
118	2854
118	2941
118	2969
118	3012
118	3011
118	3062
118	3408
118	3437
118	3543
118	3551
118	3723
118	3746
118	3753
118	3755
118	3759
118	3766
118	3769
118	3775
118	3787
118	3797
118	3873
118	3898
118	3900
118	3903
118	3913
118	3914
118	3915
118	3933
118	3944
118	3964
118	346
118	351
121	120
121	1516
121	3040
121	3041
121	3892
123	122
123	128
123	127
123	1486
123	2422
123	2423
123	3038
123	3039
123	3061
123	3060
123	3064
123	3068
123	3351
123	3883
123	3885
125	124
125	2325
125	2326
125	2336
125	2337
125	2585
125	2712
125	2713
125	2716
125	2717
125	2718
125	2719
125	2720
125	2721
125	2722
125	2724
125	2725
125	2726
125	2727
125	2728
125	2729
125	2732
125	2733
125	2735
125	2736
125	2737
125	2739
125	2740
125	2741
125	2744
125	2745
125	2824
125	2827
125	2927
125	3355
125	3846
126	125
126	2702
126	2795
126	2818
126	2820
126	2823
128	127
128	1488
128	3039
128	3885
129	128
129	2423
129	3061
130	129
130	3131
131	129
131	3062
131	3068
132	129
132	1505
132	1593
132	2627
132	2705
132	2926
132	2927
132	2932
132	2935
132	2937
132	2939
132	2940
132	2942
132	2964
132	2976
132	2979
132	2983
132	2984
132	2988
132	2989
132	2993
132	2997
132	3000
132	3009
132	3016
132	3018
132	3028
132	3029
132	3030
132	3460
132	3528
132	3543
132	3551
132	3885
134	133
134	138
134	1606
134	3510
134	3843
136	135
136	142
136	3467
136	3490
136	3491
136	3493
136	3507
137	136
137	3496
137	3499
137	3504
137	3508
137	3509
138	137
138	1538
139	138
139	139
139	3499
141	140
142	141
142	3514
144	143
144	2146
144	2147
144	2148
144	2150
145	144
145	686
145	939
145	996
145	1527
145	1999
145	2001
145	2006
145	2007
145	2019
145	2021
145	2027
145	2028
145	2032
145	2033
145	2035
145	2036
145	2044
145	2122
145	2132
145	2139
145	2143
145	2144
145	2145
145	2215
145	2220
145	2254
145	2269
145	3896
145	4082
147	146
148	147
148	1290
148	1711
148	1757
149	147
149	156
149	1290
149	1294
149	1636
149	1707
149	1711
149	1723
149	1726
149	1722
149	1757
149	1758
149	2026
149	2121
151	150
151	1529
151	2281
151	2282
151	2283
151	2284
151	2285
151	2287
153	152
153	1530
153	2008
153	2037
153	2038
153	2275
153	2280
153	2286
154	152
154	737
154	772
154	775
154	1530
154	1982
154	1984
154	1985
154	1986
154	2008
154	2026
154	2027
154	2038
154	2101
154	2102
154	2104
154	2105
154	2106
154	2107
154	2108
154	2109
154	2124
154	2286
154	3363
156	155
157	156
157	1294
157	1298
157	1724
157	1758
157	2121
158	156
158	162
158	2226
158	2273
160	159
160	2288
162	161
162	1979
162	2134
162	2249
162	2251
162	2264
167	168
172	171
172	527
172	567
172	1434
172	2261
172	2934
172	3657
172	3676
172	3690
172	3763
174	173
183	4136
185	184
185	188
185	376
185	388
185	398
185	988
185	996
185	970
185	1293
186	187
193	192
193	234
193	317
193	344
193	464
193	505
193	569
193	577
193	627
193	727
193	1150
193	1709
193	2435
193	2640
193	2869
193	2951
193	3035
193	3574
193	3668
193	3738
193	3789
192	196
195	194
200	199
200	237
200	1365
200	4053
201	200
201	1745
216	223
216	224
217	216
217	474
217	477
217	486
219	218
219	1470
219	1743
219	1760
219	1772
219	1774
219	1775
220	219
222	221
228	227
228	331
228	663
228	715
228	1318
228	1319
228	1372
228	1378
228	1438
228	1439
228	1446
228	1456
228	1457
228	1496
228	1535
228	1731
228	1759
228	1764
228	1769
228	1774
228	2830
228	3694
228	3701
228	4052
228	4054
228	4055
228	4056
228	4068
229	228
229	235
229	293
229	316
229	318
229	330
229	715
229	1306
229	1307
229	1362
229	1372
229	1396
229	1426
229	1428
229	1438
229	1449
229	1459
229	1457
229	1535
229	1723
229	1722
229	1731
229	1764
229	1769
229	1774
229	1928
229	2469
229	2830
229	3694
229	3700
229	3701
229	4052
229	4053
229	4054
229	4055
229	4056
229	4068
229	4071
230	229
230	1425
230	1437
230	1439
230	1465
230	1769
230	1774
231	230
231	623
233	232
233	1619
233	1715
233	1723
233	1776
233	1985
233	2242
233	3222
233	3239
233	3549
233	3670
233	3686
233	3687
233	3833
236	235
236	237
236	3999
236	4002
235	4002
237	3998
238	237
238	437
238	533
238	1278
238	1285
238	1713
238	3366
238	3376
238	3384
238	3580
240	239
240	244
240	242
240	1538
240	1557
240	1561
241	242
243	242
243	1552
244	242
245	244
245	254
246	245
246	683
246	2906
246	2911
246	2916
246	3438
246	3442
246	3963
247	246
247	664
247	725
247	2840
247	2854
247	2861
247	3723
247	3746
247	3755
247	3759
247	3766
247	3769
247	3775
247	3797
247	3873
247	3898
247	3900
247	3903
247	3913
247	3914
247	3915
247	3933
247	3964
248	245
248	1553
248	1589
248	1591
248	2840
248	2870
248	2871
250	249
250	252
250	1600
250	1603
250	1606
251	252
253	252
253	1597
254	252
256	255
258	257
258	1797
258	1798
258	1799
258	1800
258	1801
258	1802
258	1803
258	1804
258	1805
258	1806
258	1807
258	1808
258	1809
258	1810
258	1811
258	1812
258	1813
258	1814
258	1815
258	1816
258	1817
258	1818
258	1819
258	1820
258	1821
258	1822
258	1823
258	1824
258	1825
258	1826
258	1827
258	1828
258	1829
258	1830
258	1831
258	1832
258	1833
258	1834
258	1835
258	1836
258	1837
258	1838
258	1839
258	1840
258	1841
258	1842
259	258
259	1865
261	260
261	262
261	263
261	264
261	265
261	266
262	286
263	278
264	286
265	286
266	286
267	269
267	271
267	273
267	275
267	276
268	267
268	1229
268	2399
268	2715
270	269
270	3395
270	3565
270	3644
270	3647
272	271
272	2432
272	2431
272	2707
272	3142
272	3145
272	3155
272	3157
272	3560
274	273
277	276
277	2731
277	3464
277	3468
277	3469
277	3604
278	280
278	284
278	286
279	278
281	280
281	284
281	286
282	280
282	284
282	286
283	280
283	284
283	286
285	284
287	286
289	288
289	291
289	297
289	301
289	300
289	306
289	309
289	310
289	311
289	312
289	313
289	314
289	333
289	1497
289	1531
289	1532
289	1575
289	1581
289	1582
289	2295
289	2296
289	2298
289	2299
289	2300
289	2599
289	2601
289	2603
289	2831
289	2832
289	3717
288	291
288	297
288	301
288	302
288	303
288	305
288	307
288	310
288	311
288	312
288	313
288	1497
288	1531
288	1532
288	1533
288	1534
288	1574
288	1575
288	1576
288	1577
288	1578
288	1579
288	1580
288	1581
288	1582
288	1583
288	1584
288	2295
288	2296
288	2298
288	2299
288	2300
288	2599
288	2601
288	2603
288	2831
288	2832
288	2833
288	3715
288	3716
288	3717
291	290
291	292
291	333
292	290
294	293
296	295
298	297
298	298
298	1372
298	1971
298	2116
298	2606
299	298
299	299
299	1975
301	300
301	304
301	306
301	308
301	314
301	1495
304	309
316	315
316	318
316	320
316	321
316	322
316	323
316	324
316	325
316	326
316	327
316	328
316	329
316	330
316	332
316	2293
316	2294
316	2297
316	2301
316	2829
317	316
317	607
317	616
317	619
317	629
317	791
317	863
317	1288
317	1292
317	1393
317	1610
317	1777
317	1779
317	1780
317	1781
317	1782
317	1783
317	1784
317	1785
317	1793
317	1794
317	1889
317	1921
317	1941
317	2218
317	2656
317	2658
317	2660
317	2661
317	2663
317	2664
317	2665
317	2668
317	2669
317	2671
317	2672
317	2673
317	2675
317	2676
317	2684
317	2685
317	2686
317	2687
317	2688
317	2689
317	2690
317	2691
317	2692
317	2697
317	2698
317	2700
317	2701
317	2919
317	3680
317	3682
317	3691
317	3703
317	3706
317	3707
317	3721
317	4078
319	318
319	585
319	629
319	816
319	1361
319	1364
319	1418
319	2581
319	3341
319	3512
319	3519
335	335
339	339
341	341
342	341
342	3900
342	4011
343	341
343	354
343	353
343	358
343	416
343	417
343	418
343	420
343	422
343	424
343	425
343	426
343	427
343	429
343	430
343	431
343	433
343	519
343	1772
343	1858
343	1957
343	1958
343	2983
343	2989
343	2993
343	2996
343	3012
343	3018
343	3028
343	3029
343	3030
343	3075
343	3793
343	3805
343	3813
343	3814
343	3886
343	3889
343	3944
343	4006
343	4008
343	4011
346	345
346	348
346	3343
348	347
348	356
348	361
349	347
349	356
349	361
350	347
350	397
350	398
350	743
350	2211
350	2220
350	3531
350	3897
350	4082
351	347
351	2148
351	2150
352	347
352	356
352	361
354	353
353	2989
355	354
355	358
355	409
355	413
355	414
355	421
355	423
355	429
355	432
355	525
355	541
355	895
355	898
355	890
355	1113
355	1226
355	1232
355	916
355	3866
355	4005
355	4006
355	1750
355	4017
356	353
356	359
357	356
357	358
357	361
357	521
357	527
357	725
357	2256
357	2934
357	3713
359	358
360	358
360	3999
362	361
362	606
362	1416
362	1887
361	3013
363	361
364	361
364	3014
366	365
366	367
366	368
369	368
370	370
371	372
371	2041
371	3917
374	373
374	388
374	403
374	977
374	975
374	995
374	2069
374	2071
374	2132
373	388
373	403
375	374
375	1228
375	2211
375	2220
377	376
377	388
377	400
377	434
377	437
377	506
377	557
377	564
377	565
377	1152
377	1153
377	1154
377	1155
377	1156
377	1157
377	1158
377	1278
377	1746
377	2053
377	2076
377	2229
377	3366
377	3367
377	3371
377	3376
377	3379
377	3384
377	3577
377	3580
377	3684
379	378
379	384
380	379
380	378
380	382
380	393
380	394
380	400
380	434
380	1152
380	1153
380	1154
380	1155
380	1156
380	1157
380	1158
380	1273
380	1527
380	1746
380	2021
380	2028
380	3367
380	3371
380	3379
380	3577
381	379
381	385
381	393
381	394
383	382
386	385
388	387
388	388
388	446
388	453
388	458
388	2066
388	2133
388	2219
388	2250
388	2254
388	2256
388	2269
388	2353
388	2373
388	2390
388	2598
388	2633
388	2634
388	3436
388	3469
388	3532
388	3556
388	3558
388	3560
388	3563
388	3566
388	3597
388	3602
388	3604
388	3613
389	387
391	390
391	399
391	913
391	926
391	1159
391	1527
391	2021
391	2028
391	2221
391	2649
391	2954
391	3528
391	4043
390	393
390	394
392	390
392	399
392	499
392	777
392	1847
392	1862
392	1895
392	1898
392	1908
392	2174
392	3829
392	3897
392	3938
396	395
396	4024
400	452
400	2229
401	2478
401	2622
403	402
405	404
404	3047
406	404
406	452
406	1201
406	2229
406	2406
406	3095
408	407
408	2598
408	4162
408	2843
410	409
410	411
410	412
410	1361
410	1364
410	1378
410	1379
410	1400
410	1438
410	1439
410	1464
410	1465
410	1489
410	1490
410	1491
410	1494
410	1503
410	1504
410	3346
410	3463
410	4007
410	4018
410	4156
410	4158
410	4163
415	414
415	916
415	3966
423	422
423	2115
423	2221
423	2940
423	3770
423	3975
429	447
429	1224
429	1233
429	2020
429	3528
429	3542
429	3812
431	3893
434	437
434	439
436	435
436	446
436	451
436	455
436	456
436	3361
435	439
438	437
438	439
437	439
440	439
440	440
440	442
441	440
441	1124
441	1276
441	2162
441	2167
441	2170
441	2174
441	2179
441	2183
441	2184
441	2187
441	2194
441	2202
441	2205
441	2210
441	3358
441	3373
441	3381
441	3579
443	442
443	1139
443	1275
443	2959
443	3369
443	3372
443	3380
443	3578
443	4001
445	444
445	1277
445	3370
445	3378
445	3386
445	3585
447	451
448	447
448	448
448	452
448	2020
448	2229
448	3528
449	448
450	447
450	452
450	2020
450	2113
450	2228
450	2229
452	3528
454	453
457	456
457	459
457	462
457	463
457	468
460	459
462	461
462	465
462	466
462	470
464	469
465	465
467	466
467	3118
467	3936
473	472
473	474
473	477
473	486
473	487
475	474
475	1729
476	474
476	1729
478	477
478	479
478	487
478	621
478	1972
478	1984
478	1991
478	2118
478	2119
478	2875
478	3920
478	4166
480	479
480	4165
481	479
481	2415
481	2839
481	2848
481	3891
481	3893
482	479
482	483
482	485
484	483
484	485
489	488
489	2857
491	490
492	492
492	494
492	3068
493	492
494	3068
495	494
496	494
502	501
502	3834
503	3930
505	509
508	507
508	3878
512	511
511	2995
511	3805
513	511
515	514
515	517
516	514
518	517
520	519
522	521
522	725
522	796
522	1176
522	3955
522	4033
529	528
530	529
530	531
530	532
530	533
530	534
530	536
530	537
530	538
530	2040
530	2041
530	2066
530	2069
530	2071
530	2597
530	2942
530	3940
530	346
535	534
542	541
541	2110
543	541
544	3671
546	545
548	547
551	550
551	3920
552	3895
554	553
554	561
554	1194
554	1196
554	1203
554	2236
554	2949
554	2954
554	3452
554	4076
553	555
553	565
555	559
555	560
555	562
555	563
555	564
557	556
558	557
565	566
567	568
571	570
571	606
571	1257
571	3048
571	3055
571	3056
571	3119
574	573
573	2233
573	2243
576	575
576	777
577	578
581	580
581	583
581	585
581	816
581	1923
581	3685
582	581
582	580
582	583
582	847
582	2075
582	3354
582	3929
585	584
585	585
585	588
585	589
585	596
585	598
585	601
585	609
585	611
585	3337
584	592
584	593
584	594
584	595
584	597
584	599
584	600
584	602
584	603
584	604
584	605
586	585
587	585
588	590
592	591
606	612
606	614
609	608
609	610
613	612
613	1126
613	2185
613	3807
613	4140
613	4141
613	4142
613	4143
613	4144
613	4145
613	4146
613	4147
613	4148
613	4149
613	4150
613	4151
613	4153
613	4154
618	617
618	1381
618	1380
618	1383
618	1723
618	1748
618	1874
618	1927
618	1925
617	617
622	621
622	625
622	626
621	1366
624	623
623	1306
623	1747
628	624
629	1474
630	630
630	650
630	674
631	630
633	632
635	634
634	636
634	637
640	639
643	642
643	647
646	645
646	708
646	1640
646	1651
646	1655
647	647
648	647
649	647
649	726
651	650
652	651
652	663
652	673
653	652
653	660
653	668
653	670
653	672
654	653
654	674
654	729
655	654
655	662
655	736
655	785
656	655
656	667
656	669
656	676
656	678
656	681
656	682
656	733
656	752
656	779
657	655
657	689
657	690
657	699
657	698
657	1996
657	1997
657	2236
657	3404
657	3944
657	3966
659	658
661	660
662	678
664	663
664	722
664	3844
665	664
665	2840
666	664
666	1175
666	2841
666	2842
684	683
684	2581
684	2866
684	3966
686	685
686	687
686	2074
686	2144
686	2149
686	2151
688	702
691	690
690	704
690	738
692	690
692	693
692	702
693	690
693	738
694	693
696	695
696	697
695	695
697	697
698	698
698	738
699	698
699	699
699	738
700	699
701	699
702	738
703	702
706	705
707	705
707	713
710	709
710	711
710	714
710	719
712	711
717	716
718	726
720	719
721	719
723	722
723	724
723	3715
723	3762
723	3905
723	3941
723	4117
724	723
725	723
726	787
726	795
729	728
729	735
728	756
732	731
732	734
735	734
735	767
735	768
735	769
736	735
736	737
736	759
736	772
737	735
737	747
737	766
739	738
739	3961
740	738
740	783
741	738
742	741
747	749
749	748
751	750
751	752
751	754
753	752
756	758
758	757
759	762
759	770
760	759
760	1761
760	2415
760	3658
760	3881
760	3893
762	761
762	763
766	765
774	773
776	775
779	778
779	780
779	781
779	782
784	783
790	789
790	794
791	790
791	1556
791	2608
791	3615
791	4004
794	793
796	795
796	1243
796	1567
796	1607
796	1608
796	2637
796	3997
799	798
799	837
799	1248
799	1500
799	1917
799	2438
799	2861
799	2912
799	2913
799	3347
799	3350
799	3351
799	3352
799	3663
798	805
798	807
798	812
800	799
800	854
801	799
801	817
801	837
801	1410
801	1920
801	1928
801	1934
801	1961
801	2693
801	3347
802	799
802	849
802	854
802	1412
803	802
803	1411
803	1752
803	3659
803	4103
804	799
804	810
804	1247
807	806
807	808
807	809
807	815
812	811
812	813
811	1365
814	813
814	2443
814	3348
817	1962
819	818
819	1753
818	850
820	821
820	822
820	823
820	824
825	826
825	828
825	829
825	830
826	827
826	820
831	832
831	833
831	834
831	825
834	835
834	836
839	838
840	839
840	841
840	843
841	839
841	841
844	844
845	844
845	2646
845	2647
845	4016
848	847
849	2436
852	851
852	1964
852	3790
853	852
853	1964
853	2444
853	2445
854	1910
854	2694
854	3349
854	3356
854	4034
855	1778
856	855
856	2681
860	859
860	1796
865	864
865	872
867	866
867	868
867	869
867	870
872	1594
872	1866
874	1244
874	1270
874	1873
874	1890
874	1944
874	1957
874	1958
874	2136
874	2437
874	2655
874	2774
874	2790
874	3017
876	875
876	878
876	882
876	885
876	886
876	887
876	931
876	932
876	933
876	934
876	935
877	876
877	880
877	943
877	944
880	879
880	881
880	883
880	884
889	888
889	899
889	907
889	909
889	910
890	889
890	892
892	891
892	904
892	905
892	906
892	908
892	911
894	893
895	894
895	901
897	896
898	897
898	903
901	900
903	902
912	895
912	898
912	924
912	890
912	930
913	895
913	926
913	914
914	895
914	890
914	938
914	942
915	895
915	898
915	890
915	1042
915	1115
915	1116
916	895
916	890
917	895
917	890
917	1507
918	895
918	890
918	2581
918	2680
918	3966
919	895
919	890
920	898
920	1527
920	1530
920	2008
920	2020
920	2021
920	2028
920	2038
920	2124
920	2135
920	2286
921	898
922	898
923	898
924	927
924	928
924	929
925	924
926	890
926	936
939	914
940	939
940	2033
941	914
941	1198
941	3528
944	945
944	946
944	947
949	948
949	951
949	952
949	955
949	956
949	957
950	949
950	954
950	1004
950	960
954	953
959	958
959	961
959	964
959	965
959	967
960	959
960	963
960	1003
960	1005
960	1006
960	1007
960	1008
963	962
963	966
969	968
969	984
970	969
970	972
970	997
970	998
972	971
972	982
972	983
972	985
974	973
975	974
975	981
975	993
975	994
977	976
978	977
978	988
978	975
978	995
978	996
978	970
978	999
979	977
979	975
979	995
979	2053
979	2054
979	2069
979	2071
979	2132
979	2256
979	2942
981	980
987	986
988	987
988	990
988	991
988	992
990	989
996	1001
996	1002
1000	999
1010	1009
1010	1011
1010	1012
1009	1014
1009	1019
1009	1020
1011	1013
1011	1018
1012	1015
1012	1016
1012	1017
1012	1021
1023	1022
1023	1024
1023	1025
1022	1027
1022	1032
1022	1033
1024	1028
1024	1029
1024	1030
1024	1034
1025	1026
1025	1031
1039	1038
1039	1056
1039	1093
1039	1095
1039	1097
1039	1100
1039	1101
1039	1104
1041	1040
1041	1048
1041	1049
1041	1050
1041	1051
1042	1041
1042	1044
1042	1057
1042	1058
1044	1043
1044	1052
1044	1053
1044	1054
1046	1045
1046	1047
1055	1042
1055	1059
1055	1068
1055	1080
1055	1081
1055	1086
1055	1087
1055	1089
1055	1091
1055	1092
1055	1094
1055	1096
1055	1099
1055	1102
1055	1103
1059	1060
1059	1061
1059	1063
1059	1065
1063	1062
1063	1066
1065	1064
1065	1067
1068	1069
1068	1070
1068	1072
1068	1077
1072	1071
1072	1073
1072	1074
1072	1075
1077	1076
1077	1078
1077	1079
1080	1082
1080	1084
1081	1083
1081	1085
1089	1088
1089	1090
1106	1105
1107	1105
1108	1105
1110	1109
1112	1111
1114	1113
1114	1115
1114	1116
1114	1117
1113	1122
1113	1123
1113	1128
1117	1116
1118	1117
1118	1124
1118	1129
1118	2220
1118	2224
1119	1118
1119	2195
1120	1118
1120	1124
1120	1129
1120	2167
1120	2170
1120	2174
1120	2179
1120	2184
1120	2183
1120	2187
1120	2195
1120	2205
1120	2210
1121	1118
1121	1124
1121	1129
1121	2162
1121	2167
1121	2170
1121	2174
1121	2179
1121	2184
1121	2183
1121	2187
1121	2194
1121	2195
1121	2202
1121	2205
1121	2210
1124	1123
1124	2220
1125	1124
1125	1129
1125	2162
1125	2167
1125	2170
1125	2174
1125	2179
1125	2183
1125	2184
1125	2187
1125	2194
1125	2202
1125	2205
1125	2210
1126	1124
1127	1126
1127	2185
1127	4140
1127	4141
1127	4142
1127	4143
1127	4144
1127	4145
1127	4146
1127	4147
1127	4148
1127	4149
1127	4150
1127	4153
1127	4154
1129	1128
1129	2220
1130	1129
1133	1132
1133	1284
1133	1647
1133	1723
1133	2056
1133	2118
1132	1139
1132	1162
1134	1133
1135	1132
1135	1844
1135	1872
1135	1875
1135	1871
1135	1895
1135	1903
1135	1958
1136	1152
1136	1154
1136	1155
1136	1156
1136	1157
1136	1158
1137	1136
1137	1139
1137	1153
1138	1137
1138	1152
1138	1153
1138	1154
1138	1155
1138	1156
1138	1157
1138	1158
1139	1137
1141	1147
1143	1142
1143	1143
1143	1144
1145	1148
1145	1169
1147	1146
1148	1147
1148	1164
1150	1149
1152	1151
1154	1153
1161	1160
1164	1163
1164	1165
1165	1166
1165	1167
1165	1168
1171	1170
1173	1172
1176	1175
1176	1183
1176	1194
1176	1198
1175	1179
1175	1236
1175	1237
1175	1238
1177	1176
1177	2444
1177	2445
1178	1176
1178	1198
1178	1221
1180	1179
1180	1183
1180	1194
1180	1238
1182	1181
1182	1239
1183	1182
1183	1195
1185	1184
1185	1204
1185	1240
1186	1185
1188	1187
1188	1220
1189	1188
1189	1190
1191	1190
1191	1198
1191	1221
1191	2614
1192	1190
1192	1193
1192	1206
1194	1195
1194	1196
1194	1203
1197	1196
1197	1236
1198	1197
1198	1203
1198	1221
1198	1237
1199	1198
1199	2614
1200	1197
1200	2531
1201	1197
1201	1235
1202	1197
1202	1235
1206	1205
1206	1208
1206	1209
1206	1210
1206	1217
1206	1218
1208	1207
1208	1211
1208	1212
1208	1213
1208	1214
1208	1215
1208	1216
1220	1219
1220	1222
1220	1224
1219	1225
1221	1220
1221	1225
1221	1227
1222	1229
1222	1231
1223	1222
1223	1231
1223	3542
1223	3543
1224	1233
1224	1234
1227	1226
1227	1232
1226	1229
1226	1234
1228	1227
1228	2602
1228	2954
1228	3068
1230	1229
1230	3542
1232	1231
1232	1233
1245	1244
1245	1256
1245	1258
1245	1264
1248	1249
1248	3343
1251	1250
1251	1254
1251	1255
1250	1254
1250	1255
1252	1250
1252	1266
1252	1267
1252	1269
1253	1252
1253	1256
1253	1272
1257	1256
1257	1258
1257	1257
1257	1265
1259	1257
1259	1268
1259	1271
1259	2437
1259	4009
1259	4015
1259	4017
1259	4019
1260	1259
1260	1444
1260	1452
1260	1462
1260	1473
1260	1756
1260	1957
1260	1958
1260	1744
1260	4017
1260	4168
1261	1260
1261	1890
1261	1453
1262	1257
1264	1263
1270	1269
1271	1270
1271	1754
1271	1755
1271	1762
1271	1767
1271	1775
1271	1750
1271	4016
1274	1273
1273	1278
1273	1280
1276	1275
1276	1276
1276	1280
1279	1278
1279	1280
1278	1280
1281	1280
1282	1281
1283	1281
1283	1285
1283	1286
1283	1287
1283	1291
1284	1281
1290	1289
1292	1300
1293	1294
1294	1295
1294	1296
1294	1297
1294	1298
1298	1299
1302	1301
1302	1369
1301	1381
1301	1383
1303	1301
1303	1882
1303	1884
1303	1876
1303	1905
1303	1907
1303	1913
1303	1916
1303	1933
1305	1304
1305	1312
1305	1317
1305	1332
1305	1340
1305	1356
1306	1305
1306	1738
1306	1759
1306	1760
1306	1764
1307	1305
1307	1309
1307	1313
1307	1318
1307	1333
1307	1341
1307	1357
1308	1305
1308	1304
1308	1312
1308	1311
1308	1310
1308	1317
1308	1316
1308	1323
1308	1322
1308	1326
1308	1328
1308	1330
1308	1332
1308	1334
1308	1336
1308	1338
1308	1340
1308	1342
1308	1345
1308	1344
1308	1348
1308	1350
1308	1352
1308	1354
1308	1356
1308	1384
1308	1386
1308	1388
1308	1390
1308	1747
1308	1764
1309	1304
1311	1310
1311	1323
1311	1326
1311	1338
1311	1350
1311	1354
1311	1384
1312	1311
1312	1320
1312	1328
1312	1334
1313	1312
1313	1314
1313	1321
1313	1335
1313	4053
1314	1311
1314	1315
1314	1324
1314	1327
1314	1339
1314	1351
1314	1355
1314	1385
1315	1310
1317	1316
1317	1330
1317	1336
1317	1345
1318	1317
1318	1319
1318	1331
1318	1337
1318	1346
1319	1316
1320	1342
1320	1390
1321	1320
1321	1329
1321	1343
1321	1391
1323	1322
1323	1348
1323	1352
1324	1323
1324	1325
1324	1349
1324	1353
1325	1322
1327	1326
1329	1328
1331	1330
1333	1332
1335	1334
1337	1336
1339	1338
1341	1340
1341	4053
1343	1342
1345	1344
1345	1386
1345	1388
1346	1345
1346	1347
1346	1387
1346	1389
1347	1344
1349	1348
1351	1350
1353	1352
1355	1354
1357	1356
1359	1358
1358	1365
1360	1359
1360	1734
1360	1735
1360	1736
1360	1752
1363	1362
1366	1365
1366	1367
1366	1745
1366	1752
1366	1774
1366	4035
1367	1366
1368	1365
1369	1365
1369	1369
1370	1369
1370	1376
1370	1748
1371	1369
1371	1917
1371	1920
1371	1929
1371	1934
1371	1938
1371	1940
1371	1961
1371	1967
1372	1369
1372	1372
1373	1372
1373	1395
1374	1372
1375	1369
1375	1753
1376	1375
1377	1369
1377	1915
1377	1920
1377	1928
1377	1931
1377	1934
1377	1935
1377	1937
1377	1939
1377	1947
1377	1950
1377	1960
1377	4170
1381	1380
1381	1382
1385	1384
1387	1386
1389	1388
1391	1390
1393	1392
1393	1394
1393	1401
1396	1396
1399	1398
1399	2320
1399	2333
1399	2354
1402	1402
1404	1403
1404	1408
1404	1424
1404	1440
1404	1469
1405	1404
1405	1406
1405	1407
1405	1418
1405	1425
1405	1463
1405	1470
1406	1403
1407	1403
1407	1408
1407	1441
1409	1408
1409	1435
1409	1445
1414	1413
1414	1486
1414	1488
1415	1409
1417	1416
1419	1418
1420	1418
1422	1421
1422	1431
1422	1466
1423	1422
1423	1445
1423	1447
1423	1457
1424	1423
1424	1435
1425	1424
1425	1426
1425	1436
1426	1423
1426	1427
1426	1446
1426	1448
1426	1458
1427	1422
1427	1429
1427	1432
1427	1467
1428	1427
1428	1430
1428	1433
1428	1468
1428	1738
1429	1421
1430	1429
1430	1737
1432	1431
1433	1432
1433	1741
1436	1435
1437	1436
1437	1747
1441	1440
1443	1442
1443	1450
1443	1454
1443	1455
1443	1456
1443	1460
1443	1471
1443	1593
1443	2075
1443	3070
1443	4164
1443	4167
1443	4173
1444	1442
1444	1743
1444	1754
1444	1772
1446	1445
1448	1447
1449	1448
1449	1760
1452	1451
1452	1762
1453	1451
1453	1472
1453	1873
1453	1914
1453	4012
1458	1457
1459	1458
1459	1457
1459	1492
1459	1763
1459	1764
1462	1461
1462	1767
1464	1463
1464	1769
1467	1466
1468	1467
1468	1770
1468	1772
1470	1469
1473	1472
1473	1749
1473	1751
1473	1775
1476	1475
1477	1476
1477	2758
1478	1477
1478	2313
1478	2749
1478	2750
1478	2751
1479	1478
1479	1507
1479	1618
1479	2779
1479	3062
1479	3510
1479	3517
1481	1480
1481	3160
1481	3161
1481	3163
1481	3178
1481	3200
1481	3209
1481	3214
1481	3222
1481	3224
1482	1481
1482	3133
1482	3137
1482	3138
1482	3139
1482	3140
1483	1482
1483	3081
1483	3129
1483	3130
1484	1483
1484	1618
1484	2334
1484	2407
1484	2426
1484	2431
1484	2739
1484	3077
1484	3133
1484	3139
1484	3161
1484	3164
1484	3200
1484	3333
1484	3336
1484	3630
1484	3631
1484	3635
1485	1482
1486	1486
1487	1486
1493	1492
1493	1723
1493	3530
1493	3529
1493	4003
1496	1495
1496	1497
1499	1498
1499	1502
1500	1499
1501	1500
1501	1505
1501	1523
1501	1526
1506	1505
1506	1513
1506	2627
1506	2965
1506	2983
1506	2985
1506	2993
1506	2996
1506	2998
1506	3009
1506	3015
1506	3016
1506	3886
1507	1506
1507	2967
1507	2970
1507	2973
1507	3522
1507	3528
1507	3548
1508	1507
1508	1513
1508	1512
1508	1514
1508	2437
1508	2965
1508	2967
1508	2970
1508	2978
1508	2983
1508	2985
1508	3001
1508	3011
1508	3013
1508	3015
1508	3018
1508	3028
1508	3029
1508	3063
1508	3068
1508	3546
1509	1505
1509	3016
1509	4011
1510	1505
1510	1514
1510	1515
1510	2754
1510	2782
1510	2978
1510	3642
1510	3652
1510	3654
1512	1511
1512	1604
1512	2331
1512	2999
1512	3004
1512	3017
1512	3031
1512	3032
1512	3033
1512	3034
1512	3511
1512	3518
1513	1512
1513	1514
1513	2976
1513	2978
1513	2982
1513	2988
1513	2989
1513	3000
1513	3001
1513	3010
1518	1517
1520	1519
1520	1551
1520	1587
1520	2112
1520	2412
1520	3653
1520	3709
1520	3712
1520	3950
1522	1521
1522	1525
1528	1527
1528	2019
1528	2021
1528	2028
1537	1536
1537	1545
1537	1546
1537	1547
1538	1537
1538	1540
1538	1543
1540	1539
1540	1544
1542	1541
1543	1542
1550	1561
1553	1552
1555	1554
1555	1598
1555	1614
1556	1555
1556	1602
1556	1613
1556	2921
1556	2956
1556	3135
1556	3541
1558	1557
1558	1561
1559	1557
1559	1569
1559	1570
1559	1597
1560	1557
1560	1600
1562	1561
1563	1561
1565	1564
1566	1564
1568	1567
1571	1570
1573	1572
1573	1757
1582	1581
1582	3714
1589	1588
1590	1589
1591	1588
1591	1592
1594	1593
1594	1594
1594	2415
1594	2420
1594	2739
1594	2792
1594	2933
1594	2963
1594	2975
1594	2993
1594	2999
1594	3130
1594	3129
1594	3630
1594	3631
1596	1595
1596	3123
1600	1599
1602	1601
1613	1612
1613	2930
1613	3705
1616	1615
1616	2926
1617	1616
1617	3068
1617	3075
1617	3551
1620	1619
1620	1622
1620	1621
1620	1645
1620	1647
1620	1648
1620	1658
1620	1661
1620	1662
1620	1665
1620	1711
1620	1715
1620	1718
1619	1621
1619	1661
1619	1662
1622	1621
1622	1641
1623	1622
1623	1645
1623	1647
1623	1665
1624	1623
1624	1630
1624	1634
1624	1664
1624	1683
1624	1701
1625	1624
1625	1629
1625	1665
1626	1621
1627	1621
1629	1628
1629	1633
1629	1638
1629	1658
1630	1628
1630	1638
1632	1631
1632	1647
1632	1720
1634	1633
1634	1658
1635	1634
1636	1710
1636	2027
1637	1636
1643	1642
1642	1647
1644	1642
1644	1655
1645	1665
1647	1646
1647	1655
1648	1647
1649	1647
1649	1665
1649	1666
1649	1702
1649	1703
1650	1647
1650	1651
1650	1710
1650	1712
1650	1713
1650	1714
1650	1715
1650	2027
1650	4169
1651	1647
1652	1651
1652	4169
1653	1651
1653	1710
1653	2027
1653	4169
1654	1646
1655	1708
1656	1655
1656	3554
1658	1657
1658	1701
1660	1659
1664	1663
1664	1683
1664	1698
1663	1700
1663	1703
1665	1664
1665	1668
1665	1687
1665	1699
1665	1701
1666	1664
1666	1701
1667	1663
1667	3554
1668	1686
1668	1688
1669	1670
1669	1676
1669	1677
1670	1671
1670	1672
1670	1673
1670	1674
1670	1675
1678	1670
1678	1679
1678	1680
1678	1681
1678	1677
1682	1670
1683	1685
1684	1683
1684	1702
1689	1690
1690	1691
1691	1692
1691	1693
1691	1694
1691	1695
1696	1690
1698	1697
1702	1701
1705	1704
1705	1708
1704	1715
1704	2028
1707	1706
1708	1707
1710	1711
1716	1715
1717	1715
1719	1718
1723	1722
1723	1728
1724	1723
1725	1723
1726	1723
1727	1723
1730	1729
1732	1731
1733	1731
1733	2611
1733	3536
1738	1737
1738	1741
1738	1770
1739	1738
1740	1738
1740	1742
1740	1770
1740	1771
1744	1743
1744	1763
1744	1772
1744	1957
1744	1958
1744	4011
1744	4012
1746	1757
1750	1749
1750	1751
1756	1755
1769	1768
1773	1774
1787	1786
1787	1795
1787	1796
1789	1788
1791	1790
1791	1792
1838	1843
1845	1844
1845	1848
1845	1849
1845	1886
1845	1902
1845	1904
1844	1856
1847	1908
1850	1849
1850	1856
1850	1872
1850	1904
1849	1925
1851	1849
1851	1874
1851	1890
1851	1925
1851	1933
1852	1851
1852	1857
1853	1851
1853	1857
1853	1917
1853	1920
1853	1928
1853	1944
1854	1849
1854	1856
1854	1862
1854	1881
1854	1895
1854	1902
1854	1904
1854	1906
1854	1944
1855	1854
1855	1865
1855	1867
1857	1856
1857	1884
1857	1905
1857	1904
1857	1916
1859	1858
1859	1864
1859	1873
1860	1859
1860	1860
1860	1861
1860	1872
1861	1859
1861	1872
1861	1880
1862	1861
1862	1862
1862	1887
1864	1863
1864	1914
1863	1890
1865	1864
1866	1864
1866	1863
1866	1896
1867	1864
1867	1873
1867	1872
1867	1871
1867	1880
1867	1891
1868	1863
1868	1871
1869	1863
1869	1870
1870	1863
1870	1871
1870	1872
1870	1890
1871	1863
1872	1871
1872	1886
1872	1890
1873	1872
1874	1872
1874	1925
1874	1933
1875	1874
1875	1932
1875	1934
1876	1875
1877	1875
1877	1882
1877	1884
1877	1905
1877	1926
1877	1932
1877	1958
1878	1874
1879	1871
1883	1883
1885	1884
1885	1905
1885	1916
1889	1888
1889	1966
1893	1892
1893	1894
1893	1897
1893	1951
1894	1932
1899	1898
1899	1908
1900	1899
1900	1901
1901	1898
1901	1908
1901	1909
1903	1905
1904	1903
1904	1909
1905	1904
1908	1908
1913	1925
1913	1933
1917	1916
1917	1933
1917	1959
1916	1925
1916	1952
1918	1917
1918	1916
1918	1933
1919	1918
1919	1925
1919	1926
1919	1927
1919	1933
1919	1959
1919	1961
1919	1965
1922	1922
1925	1936
1925	1949
1926	1925
1926	1959
1927	1926
1927	1961
1929	1928
1928	1932
1928	1936
1928	1948
1930	1932
1931	1931
1932	1938
1932	1940
1932	1946
1932	1951
1943	1942
1945	1944
1954	1953
1954	1955
1954	1956
1956	1957
1956	1958
1962	1963
1967	1967
1969	1968
1971	1971
1972	1971
1973	1971
1973	1973
1974	1973
1974	1975
1974	2090
1977	1976
1977	4029
1977	4030
1977	4031
1977	4032
1978	1976
1978	2092
1978	2094
1978	2096
1978	2098
1978	2099
1979	2252
1979	2253
1983	1982
1983	1984
1983	1985
1983	1986
1983	1989
1983	2101
1985	2027
1988	1987
1991	1990
1992	1991
1992	1996
1992	1997
1992	1998
1992	2013
1992	2016
1993	1991
1994	1991
1994	3132
1995	1990
1999	2001
1999	2007
2000	1999
2000	2006
2000	916
2000	2053
2000	2056
2000	2065
2000	2070
2000	2111
2000	2126
2000	2127
2000	2130
2000	2143
2000	2215
2000	2214
2000	2220
2000	2222
2000	2254
2000	2256
2000	2269
2000	2942
2000	3675
2000	3677
2002	2003
2004	2005
2009	2008
2009	2124
2009	3529
2010	2009
2010	2013
2010	2016
2010	2017
2010	2049
2010	2063
2011	2010
2011	2123
2012	2010
2012	2123
2015	2014
2015	2018
2015	2064
2020	2019
2020	2941
2019	2023
2019	2025
2019	2030
2023	2022
2023	2024
2030	2029
2030	2031
2033	2032
2033	2035
2033	2036
2034	916
2039	2038
2039	2615
2042	2041
2045	2044
2046	2055
2048	2047
2049	2047
2049	2049
2049	2056
2049	2065
2049	2069
2049	2071
2049	2269
2051	2050
2051	2247
2051	2257
2052	2051
2052	2134
2052	2225
2052	2245
2052	2273
2054	2055
2055	2056
2056	2269
2058	2057
2057	2059
2057	2060
2057	2061
2057	2062
2066	3425
2067	2066
2067	3436
2067	3536
2067	3547
2067	3560
2067	3563
2067	3597
2067	3602
2067	3613
2068	2067
2068	3670
2068	3678
2070	2069
2070	2071
2070	2124
2073	2072
2073	2074
2073	4082
2072	2074
2075	2075
2077	2076
2077	2078
2079	2078
2079	3687
2080	2078
2083	2082
2085	2084
2087	2086
2089	2088
2091	2090
2093	2092
2096	2095
2096	2097
2100	2099
2100	2652
2100	4032
2103	2102
2103	2105
2103	2107
2103	2108
2111	2110
2111	2126
2111	2128
2113	2114
2115	2114
2115	2214
2124	2125
2130	2129
2132	2131
2137	2136
2137	2143
2138	2136
2138	2320
2138	2332
2138	2783
2138	2846
2140	2003
2141	2142
2143	2214
2145	2144
2152	2153
2154	2153
2156	2155
2156	2159
2156	2163
2156	2165
2156	2172
2156	2175
2156	2177
2156	2181
2156	2189
2156	2191
2156	2196
2156	2198
2156	2206
2156	2208
2158	2157
2158	2164
2158	2168
2158	2171
2158	2176
2158	2180
2158	2190
2158	2197
2158	2200
2158	2203
2158	2207
2161	2160
2161	2166
2161	2169
2161	2173
2161	2178
2161	2182
2161	2186
2161	2188
2161	2192
2161	2193
2161	2199
2161	2201
2161	2204
2161	2209
2162	2224
2170	2211
2170	2221
2184	2183
2185	2183
2195	2214
2195	2220
2202	2224
2212	2211
2212	2214
2212	2220
2212	2221
2215	2214
2216	2215
2216	2219
2218	2217
2218	2276
2218	2277
2223	2222
2223	3124
2228	2227
2230	2229
2230	2231
2234	2233
2234	2235
2234	2239
2234	2240
2237	2236
2237	2241
2237	2234
2238	2236
2238	2949
2238	2954
2244	2243
2246	2245
2246	2288
2248	2247
2248	2249
2256	2255
2256	2263
2257	2258
2257	2259
2257	2260
2264	2265
2264	2266
2264	2267
2269	2270
2269	2272
2270	2271
2295	2300
2296	2295
2303	2302
2303	2323
2303	2337
2304	2302
2304	2312
2304	2323
2304	2324
2304	2329
2304	2337
2304	2423
2305	2304
2306	2305
2306	2423
2306	2439
2306	2438
2306	2467
2306	2517
2306	2581
2306	2629
2306	4092
2307	2302
2307	2308
2307	2309
2311	2310
2311	2497
2311	2500
2311	2578
2310	2310
2313	2312
2312	2331
2314	2313
2315	2312
2315	2344
2315	2382
2315	2384
2315	2490
2315	2555
2316	2315
2316	2340
2316	2341
2317	2312
2317	2490
2319	2318
2319	2332
2320	2318
2322	2321
2322	2473
2322	2495
2322	2580
2322	2629
2321	2323
2323	2584
2324	2323
2324	2466
2324	2515
2328	2327
2328	2633
2328	2634
2328	2711
2328	2747
2328	2796
2328	2797
2328	2808
2328	2810
2328	2811
2328	2825
2328	2826
2330	2329
2329	2463
2329	2513
2334	2498
2334	2499
2339	2338
2339	2347
2339	2348
2339	2349
2339	2356
2339	2361
2339	2365
2338	2366
2338	2415
2340	2339
2340	2344
2341	2339
2341	2348
2341	2349
2341	2356
2341	2365
2342	2338
2342	2395
2342	2397
2342	2629
2343	2342
2344	2343
2344	2382
2344	2384
2345	2342
2345	2395
2346	2345
2346	2383
2346	2386
2346	2397
2346	2414
2346	2417
2346	2418
2348	2359
2348	2360
2349	2357
2349	2358
2349	2362
2349	2364
2351	2350
2352	2351
2352	2353
2352	2355
2354	2383
2354	2396
2354	2397
2356	2363
2368	2367
2368	2370
2368	2371
2368	2372
2368	2375
2369	2368
2369	2467
2369	2517
2374	2373
2374	2390
2374	2391
2374	2392
2374	2393
2374	2399
2373	2376
2373	2377
2373	2378
2373	2379
2373	2380
2382	2381
2382	2387
2382	2394
2382	2395
2382	2396
2382	2397
2382	2398
2383	2381
2383	2388
2383	2389
2384	2383
2384	2402
2385	2383
2386	2381
2391	2403
2400	2399
2400	2401
2406	2490
2408	2407
2408	2431
2407	2497
2407	2498
2407	2499
2407	2500
2409	2408
2409	2433
2409	2434
2411	2410
2411	2444
2416	2415
2416	2418
2421	2420
2425	2424
2425	2427
2425	2431
2424	2426
2424	2428
2424	2429
2424	2430
2432	2431
2432	3155
2432	3597
2433	2431
2434	2431
2438	2439
2439	2438
2440	2439
2440	2848
2440	2875
2440	2915
2440	3898
2441	2440
2441	2874
2441	2909
2442	2441
2442	2910
2444	2443
2444	2451
2444	4092
2447	2446
2447	2463
2447	2464
2447	2466
2447	2489
2447	2491
2447	2493
2449	2448
2449	2453
2449	2454
2449	2455
2449	2456
2449	2458
2449	2459
2449	2460
2449	2462
2450	2449
2450	2502
2451	2450
2451	2467
2451	2469
2451	2470
2451	2495
2451	2517
2451	2581
2452	2450
2452	2467
2452	2517
2457	2456
2457	2474
2457	2505
2457	2506
2461	2460
2461	2474
2461	2509
2465	2464
2465	2467
2465	2511
2465	2517
2465	2553
2467	2480
2467	2481
2467	2482
2467	2483
2467	2484
2467	2485
2467	2486
2467	2487
2467	2488
2468	2467
2468	2517
2468	2582
2468	2628
2469	2467
2469	2517
2470	2469
2471	2467
2471	2491
2471	2517
2471	2589
2472	2467
2472	2492
2472	2517
2472	2555
2473	2472
2473	2517
2474	2467
2474	2517
2474	4092
2475	2474
2476	2475
2476	2479
2477	2474
2477	2611
2478	2474
2479	2474
2479	4106
2490	2489
2490	2587
2494	2493
2494	2542
2494	2577
2495	2494
2495	2531
2496	2495
2496	2581
2496	2628
2502	2501
2502	2503
2502	2504
2502	2505
2502	2506
2502	2507
2502	2508
2502	2509
2502	2510
2502	2544
2501	2543
2504	2545
2505	2546
2506	2547
2507	2548
2508	2549
2509	2550
2510	2551
2513	2512
2513	2554
2515	2514
2515	2555
2517	2516
2517	2523
2517	2556
2517	2623
2516	2519
2516	2520
2516	2521
2516	2524
2516	2525
2516	2526
2516	2527
2516	2528
2518	2517
2518	2529
2518	2555
2518	2566
2523	2522
2523	2560
2531	2530
2531	2567
2530	2533
2530	2534
2530	2535
2530	2536
2530	2537
2530	2538
2530	2539
2530	2540
2530	2541
2532	2531
2556	2557
2556	2558
2556	2559
2556	2561
2556	2562
2556	2563
2556	2564
2556	2565
2567	2568
2567	2569
2567	2570
2567	2571
2567	2572
2567	2573
2567	2574
2567	2575
2567	2576
2580	2581
2582	2581
2583	2581
2587	2586
2589	2588
2593	2592
2593	3444
2593	3847
2594	2593
2595	2594
2596	2593
2596	3444
2597	2593
2597	3362
2597	3444
2597	3455
2597	3456
2597	3458
2608	2607
2608	2609
2608	2610
2608	2617
2612	2611
2614	2627
2618	2619
2621	2622
2624	2625
2625	2626
2631	2630
2632	2630
2641	2643
2641	2644
2641	2646
2642	2641
2642	2645
2642	2647
2643	2643
2649	2648
2649	2650
2649	2652
2651	2650
2653	2652
2656	2655
2656	2662
2656	2670
2655	2657
2655	2674
2655	2695
2655	2699
2660	2659
2665	2666
2665	2667
2675	2696
2679	2678
2681	2680
2682	2681
2682	3951
2703	2702
2703	2705
2703	3148
2703	3332
2703	3624
2703	3625
2704	2703
2704	2818
2704	3142
2704	3145
2704	3147
2704	3628
2704	4172
2707	2706
2707	3131
2707	3152
2707	3153
2709	2708
2710	2708
2714	2713
2715	2714
2715	2747
2723	2725
2731	2730
2734	2733
2738	2737
2738	2738
2738	3460
2742	2741
2742	3041
2742	3047
2742	3052
2742	3955
2747	2746
2747	2748
2749	2754
2749	2756
2749	2771
2749	2773
2749	2780
2749	2782
2749	2783
2749	2788
2749	2790
2750	2753
2750	2760
2750	2763
2750	2764
2750	2765
2750	2767
2750	2776
2750	2778
2750	2785
2751	2755
2751	2757
2751	2766
2751	2768
2751	2770
2751	2791
2753	2752
2753	2762
2754	2790
2760	2759
2760	2769
2760	2772
2760	2777
2760	2787
2760	2789
2759	2761
2759	2784
2761	2803
2763	2803
2764	3030
2764	3031
2765	2803
2772	2803
2774	2773
2774	2999
2775	2774
2775	3465
2775	3467
2775	3471
2775	3473
2777	2803
2779	2778
2779	2816
2779	3510
2781	2780
2781	2782
2782	2783
2784	2803
2785	3033
2786	2785
2787	2803
2800	2799
2800	2813
2800	2815
2800	2818
2802	2801
2805	2804
2805	2806
2805	3571
2810	2809
2813	2812
2813	2814
2813	2821
2818	2817
2820	2819
2822	2822
2835	2834
2837	2836
2838	2838
2840	2839
2841	2840
2842	2840
2843	2839
2843	2845
2844	2839
2846	2846
2847	2846
2847	2847
2847	4171
2848	2860
2849	2848
2849	2862
2850	2849
2850	2853
2851	2848
2851	2862
2852	2848
2853	2848
2853	2868
2854	2848
2854	2855
2854	3348
2854	3901
2854	3934
2857	2856
2857	2858
2857	2859
2861	2860
2861	3900
2864	2863
2864	2865
2867	2866
2874	2873
2874	2904
2876	2877
2876	2878
2876	2890
2878	2879
2878	2886
2878	2887
2878	2889
2879	2880
2879	2881
2879	2882
2882	2883
2882	2885
2883	2884
2885	2884
2887	2888
2889	2888
2891	2892
2891	2880
2891	2893
2893	2889
2894	2895
2894	2879
2896	2897
2896	2898
2896	2879
2896	2884
2899	2900
2899	2880
2899	2890
2899	2901
2899	2902
2902	2903
2904	2905
2908	2907
2908	2905
2910	3441
2911	2918
2914	2915
2920	3640
2923	2922
2923	2924
2923	3566
2923	3627
2930	2929
2932	2931
2932	2933
2932	2938
2932	2943
2932	3879
2931	2946
2937	2936
2939	2938
2939	3522
2939	3548
2939	3554
2940	2941
2943	2944
2943	2945
2950	2949
2950	2954
2950	3452
2953	2952
2955	2954
2961	2960
2961	2962
2961	2963
2961	2997
2965	2964
2965	2997
2965	3018
2965	3028
2965	3029
2964	2986
2967	2966
2967	2968
2967	2969
2967	2971
2967	2972
2967	2974
2967	3066
2967	3884
2976	2975
2976	2977
2976	2994
2980	2979
2980	2982
2980	2990
2980	3003
2982	2981
2982	2991
2982	3005
2985	2984
2985	3030
2988	2987
2988	3006
2992	2991
2996	2995
2996	3013
2996	3014
2996	3887
3002	3001
3002	3510
3002	3517
3008	3007
3009	3008
3012	3011
3018	3025
3018	3026
3018	3027
3019	3018
3020	3018
3021	3018
3021	3021
3042	3043
3047	3046
3047	3049
3047	3054
3048	3046
3048	3054
3051	3050
3051	3052
3051	3053
3058	3057
3058	3059
3061	3060
3062	3063
3065	3065
3067	3068
3070	3069
3070	3071
3070	3072
3070	3443
3070	3623
3070	3625
3070	3626
3076	3087
3077	3083
3077	3090
3077	3113
3078	3080
3078	3089
3078	3095
3078	3098
3078	3102
3078	3108
3078	3109
3078	3112
3081	3080
3081	3083
3081	3084
3081	3085
3081	3098
3081	3102
3081	3108
3081	3109
3081	3112
3081	3113
3081	3116
3081	3117
3081	3118
3081	3119
3081	3120
3081	3122
3081	3123
3081	3124
3081	3125
3081	3127
3081	3132
3081	3249
3081	3290
3082	3081
3082	3935
3099	3100
3099	3101
3103	3104
3103	3105
3121	3120
3121	3128
3130	3129
3133	3132
3133	3159
3133	3165
3133	3166
3133	3167
3133	3168
3133	3169
3133	3170
3133	3171
3133	3172
3133	3173
3133	3182
3133	3183
3133	3184
3133	3185
3133	3187
3133	3189
3133	3193
3133	3202
3133	3204
3133	3205
3133	3206
3133	3217
3133	3220
3133	3221
3133	3225
3133	3227
3133	3234
3133	3235
3132	3196
3132	3229
3132	3230
3132	3231
3132	3232
3132	3233
3132	3266
3132	3275
3135	3134
3135	3141
3134	3136
3134	3143
3134	3149
3134	3150
3137	3144
3137	3208
3137	3226
3137	3237
3137	3238
3138	3158
3138	3162
3138	3174
3138	3175
3138	3180
3138	3181
3138	3188
3138	3190
3138	3191
3138	3192
3138	3194
3138	3195
3138	3197
3138	3211
3138	3212
3138	3213
3138	3215
3138	3216
3138	3218
3138	3219
3138	3223
3138	3228
3139	3164
3140	3176
3140	3198
3144	3201
3146	3146
3150	3242
3152	3151
3155	3154
3155	3156
3161	3177
3179	3178
3179	3245
3179	3247
3179	3310
3179	3336
3183	3186
3187	3236
3200	3199
3200	3207
3203	3202
3203	3236
3209	3310
3210	3209
3210	3239
3210	3240
3229	3292
3241	3240
3244	3243
3244	3246
3244	3248
3244	3254
3244	3255
3244	3256
3244	3257
3244	3258
3244	3259
3244	3260
3244	3261
3244	3262
3244	3263
3244	3264
3244	3266
3244	3269
3244	3270
3244	3273
3244	3274
3244	3275
3244	3276
3244	3277
3244	3278
3244	3279
3244	3280
3244	3281
3244	3282
3244	3284
3244	3287
3244	3291
3244	3292
3244	3293
3244	3296
3244	3301
3244	3302
3244	3303
3244	3304
3244	3305
3244	3306
3244	3307
3244	3308
3244	3309
3244	3311
3244	3312
3244	3313
3244	3314
3244	3315
3244	3316
3244	3317
3244	3318
3244	3323
3244	3325
3244	3328
3244	3329
3244	3330
3244	3331
3244	3337
3245	3244
3245	3250
3245	3252
3245	3253
3245	3265
3245	3271
3245	3294
3245	3298
3245	3321
3245	3327
3245	3338
3245	3339
3250	3249
3250	3289
3250	3290
3250	3297
3250	3300
3252	3251
3252	3267
3252	3268
3252	3272
3252	3285
3252	3286
3252	3319
3252	3320
3252	3322
3252	3324
3252	3326
3289	3288
3296	3295
3298	3299
3333	3336
3335	3334
3335	3337
3335	3341
3334	3334
3343	3344
3343	3345
3357	3357
3358	3357
3358	3358
3358	3368
3358	3369
3360	3359
3362	3361
3362	3374
3362	3382
3361	3368
3363	3362
3363	3583
3364	3363
3364	3551
3364	3554
3364	3591
3365	3361
3365	3366
3365	3368
3366	3368
3367	3366
3367	3368
3371	3376
3371	3377
3373	3372
3373	3373
3373	3377
3374	3377
3375	3374
3375	3376
3375	3377
3376	3377
3379	3384
3379	3385
3381	3380
3381	3381
3381	3385
3382	3385
3383	3382
3383	3384
3383	3385
3384	3385
3388	3387
3388	3392
3390	3389
3390	3391
3390	3393
3395	3394
3395	3396
3395	3646
3397	3397
3398	3398
3400	3399
3402	3401
3405	3404
3407	3406
3409	3408
3409	3413
3408	3410
3408	3411
3411	3412
3412	3423
3413	3412
3413	3640
3413	3642
3413	3652
3414	3416
3414	3419
3416	3415
3416	3420
3416	3433
3417	3416
3417	3419
3417	3421
3417	3423
3417	3429
3417	3430
3417	3432
3417	3628
3419	3418
3419	3431
3423	3422
3423	3424
3425	3436
3426	3425
3428	3427
3429	3428
3435	3434
3435	3447
3435	3456
3435	3628
3437	3436
3439	3438
3439	3441
3439	3442
3441	3440
3445	3444
3446	3446
3449	3448
3449	3452
3451	3450
3452	3453
3452	3454
3460	3459
3460	3461
3460	3462
3460	3464
3465	3471
3465	3473
3465	3477
3465	3480
3471	3470
3471	3484
3473	3472
3473	3474
3473	3475
3473	3478
3473	3479
3473	3481
3473	3482
3473	3485
3473	3486
3473	3487
3473	3488
3477	3476
3477	3483
3490	3489
3490	3492
3490	3503
3493	3494
3496	3495
3496	3506
3498	3497
3499	3498
3499	3501
3501	3500
3501	3502
3504	3505
3513	3512
3516	3515
3517	3516
3520	3519
3523	3522
3523	3548
3526	3525
3526	3534
3526	3547
3526	3550
3526	3559
3527	3526
3530	3529
3530	3553
3530	3555
3533	3532
3533	3536
3533	3537
3533	3558
3539	3538
3539	3679
3540	3538
3542	3544
3552	3551
3557	3556
3557	3558
3560	3561
3561	3566
3563	3562
3563	3565
3564	3562
3564	3566
3565	3566
3567	3567
3569	3568
3569	3570
3571	3571
3574	3573
3573	3575
3573	3576
3577	3580
3577	3582
3579	3578
3579	3579
3579	3582
3581	3580
3581	3582
3580	3582
3583	3582
3584	3583
3584	3586
3584	3587
3584	3591
3584	3595
3588	3590
3591	3590
3590	3594
3592	3591
3594	3593
3607	3606
3607	3608
3607	3609
3607	3612
3607	3613
3610	3609
3610	3611
3618	3618
3620	3619
3620	3623
3621	3620
3621	3622
3621	3624
3621	3625
3621	3628
3622	3622
3629	3632
3629	3634
3629	3638
3644	3645
3648	3649
3650	3651
3655	3654
3655	3656
3655	3664
3657	3658
3659	3660
3660	3662
3666	3665
3666	3667
3672	3671
3672	3672
3676	3690
3684	3684
3685	3685
3688	3687
3689	3687
3711	3710
3711	3713
3715	3717
3720	3719
3721	3720
3721	3764
3721	3788
3721	3804
3721	3983
3723	3722
3723	3725
3723	3729
3723	3730
3723	3733
3723	3959
3722	3727
3725	3724
3729	3728
3729	3731
3729	3732
3735	3734
3735	3737
3735	3747
3735	3760
3735	3766
3735	3770
3735	3772
3735	3964
3734	3772
3734	3777
3734	3807
3734	3976
3736	3734
3737	3739
3737	3742
3739	3807
3740	3739
3740	3815
3742	3741
3742	3781
3742	3807
3742	3811
3743	3742
3743	3782
3743	3817
3743	3931
3744	3741
3744	3787
3744	3906
3746	3745
3746	3747
3746	3751
3745	3748
3745	3749
3750	3749
3753	3752
3753	3754
3753	3757
3753	3959
3755	3754
3755	3758
3755	3767
3756	3755
3759	3758
3759	3760
3759	3772
3759	3964
3766	3765
3766	3767
3769	3768
3769	3772
3769	3774
3769	3924
3769	3979
3769	3980
3774	3773
3775	3775
3776	3775
3776	3919
3778	3777
3778	3808
3777	3781
3780	3779
3780	3785
3781	3786
3781	3819
3783	3782
3783	3806
3783	3810
3783	3817
3782	3810
3785	3784
3785	3799
3785	3818
3784	3800
3784	3794
3784	3813
3786	3787
3786	3812
3786	3813
3791	3795
3793	3792
3792	3794
3792	3801
3795	3794
3795	3801
3795	3810
3796	3795
3796	3832
3796	3931
3797	3796
3797	3815
3797	3828
3797	3830
3797	3924
3797	3979
3798	3795
3799	3798
3799	3800
3800	3795
3808	3807
3808	3811
3809	3807
3815	3814
3816	3815
3821	3820
3821	3822
3821	3824
3821	3826
3821	3855
3821	3969
3821	3970
3821	3971
3823	3822
3823	3826
3824	3822
3825	3824
3825	3826
3828	3827
3832	3831
3835	3834
3835	3919
3837	3836
3838	3836
3838	3854
3838	3865
3838	3941
3838	3954
3839	3838
3840	3839
3841	3838
3842	3838
3842	3863
3845	3844
3849	3848
3849	3857
3849	3860
3849	3972
3849	3973
3851	3850
3853	3852
3853	3860
3856	3855
3856	3859
3858	3857
3858	3859
3859	3860
3861	3860
3862	3842
3862	4012
3866	3872
3866	3874
3867	3868
3869	3870
3870	3871
3872	3895
3873	3872
3873	3895
3873	3920
3873	3922
3873	3923
3873	3924
3873	3979
3874	3912
3874	3916
3878	3877
3889	3888
3890	3888
3896	3895
3896	3912
3896	3916
3897	3895
3898	3895
3898	3912
3898	3916
3898	3961
3898	3966
3898	3974
3898	3995
3899	3898
3900	3898
3901	3898
3902	3898
3903	3902
3903	3904
3904	3898
3908	3907
3908	3910
3908	3911
3909	3907
3909	3910
3909	3911
3909	3912
3909	3913
3909	3916
3913	3912
3913	3916
3914	3913
3914	3926
3914	3928
3915	3913
3915	3930
3915	3932
3922	3921
3922	3925
3928	3927
3929	3927
3930	3931
3943	3942
3943	3945
3943	3946
3943	3947
3949	3959
3949	3976
3956	3955
3958	3957
3960	3959
3960	3979
3960	3980
3961	3959
3961	3963
3961	3974
3962	3961
3963	3961
3964	3961
3964	3966
3965	3961
3966	3961
3966	3974
3966	3984
3966	3995
3967	3966
3968	3966
3968	3987
3968	3988
3976	3975
3976	3976
3977	3976
3983	3982
3985	3984
3987	3989
3987	3990
3987	3991
3987	3992
3987	3993
3987	3994
4000	3999
4010	4009
4013	4012
4014	4012
4021	4020
4021	4022
4021	4023
4025	4026
4027	4026
4027	4028
4033	4080
4036	1303
4037	1303
4038	1303
4039	1303
4049	4050
4073	4072
4074	4072
4074	4075
4074	4076
4078	4079
4082	4081
4082	4085
4082	4086
4082	4087
4082	4088
4082	4089
4082	4090
4083	4082
4091	4099
4091	4100
4091	4101
4091	4102
4091	4104
4091	4105
4091	4106
4091	4107
4091	4109
4091	4110
4091	4112
4092	4091
4093	4091
4094	4099
4095	4098
4097	4101
4097	4104
4111	4112
4114	4129
4116	4115
4116	4123
4116	4125
4116	4126
4116	4127
4116	4130
4116	4132
4116	4134
4115	4128
4115	4131
4115	4135
4117	4119
4117	4137
4117	4138
4119	4120
4152	4151
4157	4156
4157	4158
