1	0
1	179
1	4142
1	4179
2	1
2	47
2	54
2	172
2	176
2	177
2	178
2	182
2	183
2	241
2	244
2	251
2	254
2	674
2	821
2	4135
2	4162
2	4170
2	4183
2	4184
3	2
3	170
3	4126
3	4128
3	4159
4	3
5	4
6	4
6	11
6	20
6	43
6	42
6	45
6	15
6	17
6	63
6	67
6	91
6	34
6	171
6	178
6	183
6	184
6	192
6	198
6	216
6	217
6	218
6	226
6	237
6	239
6	264
6	302
6	320
6	319
6	350
6	353
6	366
6	421
6	429
6	430
6	445
6	466
6	596
6	725
6	722
6	736
6	751
6	759
6	764
6	795
6	803
6	808
6	829
6	845
6	883
6	1139
6	1181
6	1210
6	1222
6	1228
6	1232
6	1263
6	1265
6	1268
6	1291
6	1313
6	1512
6	1545
6	1561
6	1584
6	1624
6	1643
6	1888
6	1906
6	1916
6	1908
6	1927
6	1937
6	1948
6	1952
6	1956
6	1957
6	1960
6	1966
6	1968
6	1970
6	1972
6	1974
6	1976
6	1978
6	1980
6	1988
6	2000
6	2005
6	2033
6	2038
6	2039
6	2076
6	2155
6	2213
6	2249
6	2265
6	2314
6	2318
6	2365
6	2383
6	2437
6	2438
6	2440
6	2521
6	2599
6	2644
6	2648
6	2673
6	2808
6	2815
6	2820
6	2822
6	2824
6	2832
6	2845
6	2846
6	2880
6	2907
6	2909
6	2951
6	2967
6	2973
6	2975
6	2976
6	2983
6	2987
6	2995
6	2999
6	3003
6	3016
6	3036
6	3038
6	3039
6	3054
6	3055
6	3061
6	3062
6	3067
6	3081
6	3098
6	3108
6	3202
6	3381
6	3409
6	3416
6	3425
6	3433
6	3460
6	3477
6	3490
6	3491
6	3497
6	3502
6	3525
6	3567
6	3574
6	3587
6	3592
6	3595
6	3598
6	3626
6	3677
6	3687
6	3753
6	3755
6	3795
6	3837
6	3923
6	3931
6	4005
6	4010
6	4042
6	4077
6	4136
6	4140
6	4156
6	4157
6	4159
6	4202
7	3
7	19
7	26
7	29
7	42
7	45
7	48
7	50
7	49
7	55
7	59
7	64
7	67
7	68
7	69
7	73
7	81
7	83
7	96
7	97
7	104
7	121
7	133
7	149
7	158
7	165
7	171
7	172
7	176
7	187
7	189
7	192
7	198
7	199
7	204
7	207
7	208
7	209
7	210
7	217
7	218
7	220
7	223
7	226
7	229
7	234
7	239
7	243
7	253
7	255
7	301
7	303
7	322
7	325
7	393
7	409
7	444
7	443
7	446
7	448
7	454
7	460
7	465
7	470
7	477
7	533
7	577
7	585
7	584
7	592
7	593
7	594
7	597
7	600
7	601
7	609
7	614
7	661
7	663
7	666
7	673
7	674
7	675
7	679
7	687
7	695
7	706
7	710
7	722
7	730
7	734
7	736
7	744
7	748
7	751
7	752
7	756
7	758
7	755
7	764
7	771
7	779
7	785
7	788
7	795
7	806
7	816
7	821
7	827
7	828
7	881
7	889
7	905
7	1139
7	1160
7	1165
7	1166
7	1173
7	1174
7	1182
7	1181
7	1189
7	1193
7	1194
7	1195
7	1198
7	1204
7	1219
7	1218
7	1226
7	1228
7	1235
7	1258
7	1259
7	1267
7	1268
7	1277
7	1308
7	1309
7	1312
7	1311
7	1317
7	1326
7	1327
7	1329
7	1331
7	1338
7	1345
7	1398
7	1402
7	1405
7	1412
7	1435
7	1492
7	1517
7	1531
7	1562
7	1584
7	1602
7	1625
7	1630
7	1638
7	1639
7	1640
7	1655
7	1653
7	1665
7	1670
7	1678
7	1687
7	1747
7	1755
7	1760
7	1763
7	1789
7	1796
7	1797
7	1886
7	1897
7	1911
7	1929
7	1943
7	1962
7	1969
7	1970
7	1972
7	1974
7	1975
7	1979
7	2002
7	2023
7	2031
7	2038
7	2040
7	2053
7	2060
7	2062
7	950
7	2075
7	2094
7	2104
7	2107
7	2129
7	2132
7	2134
7	2133
7	2135
7	2155
7	2178
7	2210
7	2222
7	2226
7	2227
7	2228
7	2230
7	2254
7	2272
7	2277
7	2280
7	2281
7	2287
7	2298
7	2300
7	2312
7	2313
7	2317
7	2318
7	2321
7	2322
7	2333
7	2334
7	2335
7	2357
7	2365
7	2381
7	2387
7	2385
7	2390
7	2391
7	2392
7	2396
7	2399
7	2408
7	2433
7	2449
7	2453
7	2486
7	2487
7	2503
7	2505
7	2520
7	2541
7	2575
7	2635
7	2642
7	2644
7	2650
7	2662
7	2679
7	2681
7	2691
7	2697
7	2731
7	2739
7	2873
7	2980
7	2982
7	2985
7	2987
7	2989
7	3081
7	3096
7	3102
7	3105
7	3117
7	3118
7	3134
7	3135
7	3136
7	3168
7	3173
7	3199
7	3200
7	3201
7	3205
7	3206
7	3209
7	3211
7	3212
7	3215
7	3216
7	3217
7	3219
7	3223
7	3224
7	3225
7	3226
7	3227
7	3228
7	3230
7	3232
7	3237
7	3242
7	3247
7	3249
7	3251
7	3253
7	3256
7	3257
7	3258
7	3260
7	3262
7	3263
7	3264
7	3266
7	3267
7	3268
7	3270
7	3272
7	3273
7	3277
7	3278
7	3285
7	3381
7	3396
7	3398
7	3405
7	3417
7	3420
7	3421
7	3423
7	3428
7	3429
7	3431
7	3452
7	3480
7	3553
7	3570
7	3580
7	3594
7	3598
7	3600
7	3602
7	3603
7	3609
7	3622
7	3623
7	3625
7	3624
7	3638
7	3637
7	3706
7	3713
7	3731
7	3739
7	3745
7	3746
7	3749
7	3766
7	3799
7	3804
7	3806
7	3813
7	3846
7	3877
7	3905
7	3953
7	3957
7	3961
7	3974
7	3978
7	3984
7	3992
7	3999
7	4005
7	4040
7	4042
7	4046
7	4065
7	4068
7	4074
7	4076
7	4087
7	4096
7	4098
7	4099
7	4100
7	4112
7	4120
7	4124
7	4139
7	4141
7	4144
7	4146
7	4148
7	4149
7	4150
7	4154
7	4156
7	4158
7	4159
7	4160
7	4161
7	4165
7	4166
7	4167
7	4185
7	4186
7	4187
7	4188
7	4189
7	4190
7	4191
7	4192
7	4193
7	4194
7	4195
7	4196
7	4199
7	4200
8	3
9	8
9	14
9	16
9	18
9	19
9	35
9	38
9	40
9	48
9	55
9	59
9	64
9	65
9	73
9	95
9	96
9	97
9	169
9	4136
9	4137
9	4138
9	4140
9	4141
9	4155
9	4163
9	4164
10	9
11	8
11	2
11	38
11	1
11	40
11	65
11	73
11	97
11	170
11	178
11	241
11	674
11	821
11	4126
11	4128
11	4136
11	4137
11	4140
11	4141
11	4144
11	4145
11	4146
11	4148
11	4149
11	4150
11	4151
11	4153
11	4154
11	4156
11	4159
11	4163
11	4164
11	4166
12	11
12	8
12	14
12	17
12	2
12	18
12	21
12	20
12	35
12	1
12	41
12	40
12	43
12	42
12	49
12	65
12	73
12	83
12	82
12	81
12	95
12	96
12	104
12	114
12	127
12	170
12	171
12	172
12	180
12	182
12	183
12	184
12	188
12	195
12	216
12	218
12	226
12	247
12	246
12	302
12	343
12	352
12	359
12	361
12	363
12	366
12	393
12	409
12	414
12	419
12	421
12	423
12	425
12	426
12	428
12	429
12	430
12	434
12	436
12	437
12	439
12	453
12	458
12	468
12	528
12	569
12	589
12	675
12	687
12	696
12	722
12	737
12	744
12	743
12	745
12	751
12	756
12	758
12	755
12	759
12	764
12	771
12	788
12	816
12	821
12	825
12	828
12	832
12	844
12	847
12	877
12	881
12	889
12	929
12	932
12	924
12	1069
12	1072
12	1093
12	1125
12	1126
12	1128
12	1129
12	1130
12	1131
12	1133
12	1136
12	1137
12	1139
12	1171
12	1182
12	1181
12	1180
12	1186
12	1187
12	1188
12	1189
12	1190
12	1191
12	1192
12	1193
12	1210
12	1209
12	1224
12	1226
12	1227
12	1228
12	1232
12	1255
12	1259
12	1261
12	1266
12	1305
12	1307
12	1317
12	1314
12	1318
12	1327
12	1329
12	1331
12	1400
12	1398
12	1405
12	1411
12	1429
12	1521
12	1530
12	1542
12	1540
12	1547
12	1573
12	1587
12	1602
12	1624
12	1630
12	1638
12	1639
12	1640
12	1661
12	1665
12	1670
12	1680
12	1679
12	1697
12	1696
12	1695
12	1700
12	1729
12	1732
12	1733
12	1739
12	1747
12	1750
12	1758
12	1755
12	1754
12	1760
12	1763
12	1766
12	1778
12	1789
12	1790
12	1796
12	1886
12	1890
12	1898
12	1907
12	1906
12	1904
12	1903
12	1914
12	1916
12	1922
12	1934
12	1937
12	1935
12	1939
12	1949
12	1948
12	1952
12	1959
12	1958
12	1957
12	1960
12	1964
12	1966
12	1975
12	1989
12	1990
12	2000
12	2002
12	2004
12	2005
12	2016
12	2017
12	2055
12	2060
12	2062
12	950
12	2107
12	2106
12	2105
12	2109
12	2113
12	2120
12	2123
12	2127
12	2140
12	2155
12	2158
12	2159
12	2166
12	2167
12	2178
12	2190
12	2255
12	2258
12	2263
12	2264
12	2271
12	2274
12	2281
12	2298
12	2306
12	2312
12	2313
12	2315
12	2331
12	2333
12	2334
12	2336
12	2348
12	2370
12	2377
12	2378
12	2411
12	2416
12	2433
12	2440
12	2444
12	2487
12	2488
12	2513
12	2512
12	2510
12	2526
12	2538
12	2541
12	2542
12	2561
12	2567
12	2575
12	2624
12	2625
12	2642
12	2649
12	2667
12	2671
12	2677
12	2678
12	2681
12	2682
12	2689
12	2746
12	2756
12	2768
12	2780
12	2782
12	2786
12	2829
12	2828
12	2838
12	2844
12	2853
12	2854
12	2871
12	2907
12	2946
12	2953
12	2961
12	2965
12	2969
12	2975
12	2982
12	2987
12	2993
12	3004
12	3008
12	3016
12	3017
12	3033
12	3034
12	3045
12	3049
12	3051
12	3061
12	3062
12	3069
12	3070
12	3092
12	3095
12	3099
12	3101
12	3105
12	3111
12	3134
12	3155
12	3156
12	3157
12	3196
12	3200
12	3219
12	3381
12	3382
12	3411
12	3410
12	3409
12	3415
12	3416
12	3419
12	3425
12	3427
12	3447
12	3451
12	3464
12	3467
12	3469
12	3476
12	3480
12	3484
12	3505
12	3504
12	3506
12	3507
12	3514
12	3573
12	3575
12	3577
12	3581
12	3588
12	3590
12	3595
12	3598
12	3600
12	3602
12	3603
12	3621
12	3634
12	3649
12	3650
12	3657
12	3658
12	3660
12	3706
12	3713
12	3714
12	3718
12	3730
12	27
12	3753
12	3754
12	3758
12	3762
12	3768
12	3770
12	3771
12	3777
12	3778
12	3781
12	3789
12	3793
12	3795
12	3799
12	3816
12	3835
12	3837
12	3847
12	3851
12	3859
12	3899
12	3904
12	3905
12	3887
12	3929
12	3932
12	3938
12	3937
12	3942
12	3943
12	3950
12	3957
12	3956
12	3960
12	3963
12	3968
12	3974
12	3977
12	3984
12	3985
12	3988
12	3999
12	4003
12	4005
12	4010
12	4022
12	4023
12	4038
12	4039
12	4040
12	4049
12	1782
12	4055
12	4061
12	4063
12	4124
12	4126
12	4136
12	4138
12	4147
12	4150
12	4151
12	4156
12	4158
12	4159
12	4162
12	4165
12	4177
13	11
13	14
13	16
13	18
13	26
13	31
13	33
13	19
13	50
13	51
13	49
13	53
13	48
13	55
13	59
13	63
13	64
13	80
13	87
13	88
13	89
13	83
13	95
13	96
13	106
13	103
13	117
13	110
13	131
13	145
13	159
13	166
13	167
13	168
13	171
13	172
13	180
13	182
13	183
13	184
13	190
13	213
13	214
13	226
13	239
13	245
13	244
13	251
13	255
13	256
13	254
13	258
13	260
13	264
13	265
13	267
13	268
13	270
13	284
13	288
13	290
13	293
13	303
13	302
13	313
13	314
13	326
13	327
13	328
13	330
13	333
13	336
13	338
13	340
13	341
13	342
13	344
13	381
13	389
13	400
13	402
13	404
13	405
13	408
13	416
13	424
13	427
13	432
13	487
13	495
13	497
13	499
13	504
13	505
13	506
13	510
13	511
13	512
13	514
13	517
13	518
13	529
13	531
13	537
13	546
13	551
13	552
13	558
13	565
13	566
13	567
13	568
13	607
13	608
13	611
13	612
13	613
13	617
13	624
13	635
13	641
13	643
13	644
13	649
13	652
13	659
13	661
13	666
13	674
13	679
13	687
13	686
13	685
13	684
13	682
13	691
13	692
13	694
13	696
13	700
13	701
13	703
13	704
13	705
13	706
13	709
13	711
13	712
13	719
13	725
13	722
13	732
13	731
13	735
13	738
13	737
13	745
13	747
13	757
13	755
13	760
13	762
13	761
13	763
13	766
13	767
13	774
13	771
13	777
13	778
13	780
13	782
13	781
13	785
13	789
13	791
13	790
13	792
13	794
13	796
13	797
13	800
13	801
13	803
13	804
13	805
13	806
13	812
13	811
13	813
13	814
13	815
13	816
13	818
13	819
13	823
13	825
13	826
13	828
13	830
13	832
13	843
13	870
13	880
13	892
13	894
13	895
13	896
13	907
13	908
13	932
13	924
13	964
13	983
13	988
13	1011
13	1022
13	1009
13	1029
13	1004
13	1038
13	994
13	1070
13	1071
13	1074
13	1077
13	1125
13	1126
13	1128
13	1130
13	1131
13	1132
13	1133
13	1136
13	1168
13	1167
13	1166
13	1171
13	1174
13	1175
13	1176
13	1178
13	1179
13	1183
13	1186
13	1188
13	1187
13	1190
13	1191
13	1192
13	1193
13	1196
13	1199
13	1203
13	1204
13	1206
13	1210
13	1217
13	1219
13	1232
13	1238
13	1253
13	1256
13	1258
13	1259
13	1261
13	1270
13	1271
13	1274
13	1276
13	1277
13	1280
13	1281
13	1282
13	1286
13	1284
13	1291
13	1297
13	1299
13	1302
13	1305
13	1306
13	1309
13	1308
13	1310
13	1314
13	1313
13	1327
13	1330
13	1339
13	1399
13	1439
13	1438
13	1445
13	1446
13	1447
13	1449
13	1448
13	1444
13	1451
13	1459
13	1458
13	1457
13	1456
13	1475
13	1477
13	1482
13	1485
13	1492
13	1495
13	1496
13	1501
13	1504
13	1506
13	1509
13	1510
13	1515
13	1525
13	1526
13	1529
13	1530
13	1538
13	1539
13	1546
13	1552
13	1556
13	1558
13	1560
13	1562
13	1570
13	1583
13	1585
13	1587
13	1592
13	1602
13	1604
13	1620
13	1621
13	1623
13	1627
13	1633
13	1636
13	1637
13	1639
13	1651
13	1654
13	1660
13	1663
13	1665
13	1671
13	1673
13	1677
13	1679
13	1690
13	1693
13	1697
13	1700
13	1718
13	1720
13	1733
13	1735
13	1736
13	1739
13	1741
13	1742
13	1743
13	1746
13	1750
13	1752
13	1753
13	1758
13	1755
13	1757
13	1763
13	1769
13	1773
13	1775
13	1789
13	1791
13	1792
13	1793
13	1798
13	1802
13	1805
13	1894
13	1897
13	1898
13	1907
13	1906
13	1911
13	1930
13	1943
13	1947
13	1955
13	1958
13	1960
13	1963
13	1964
13	1967
13	1968
13	1971
13	1973
13	1975
13	1974
13	1978
13	1980
13	1982
13	1983
13	1986
13	1985
13	1992
13	1993
13	1996
13	2336
13	2352
13	2353
13	2364
13	2368
13	2369
13	2404
13	2416
13	2421
13	2424
13	2440
13	2444
13	2447
13	2448
13	2460
13	2463
13	2486
13	2491
13	2496
13	2497
13	2498
13	2499
13	2501
13	2502
13	2513
13	2512
13	2516
13	2515
13	2518
13	2522
13	2533
13	2535
13	2562
13	2599
13	2629
13	2631
13	2634
13	2638
13	2649
13	2657
13	2662
13	2664
13	2680
13	2686
13	2687
13	2688
13	2689
13	2697
13	2708
13	2709
13	2710
13	2714
13	2737
13	2738
13	2746
13	2889
13	2903
13	2905
13	2947
13	2959
13	2981
13	2982
13	2987
13	2989
13	2990
13	2993
13	2995
13	3010
13	3027
13	3028
13	3030
13	3037
13	3047
13	3053
13	3056
13	3057
13	3059
13	3060
13	3077
13	3080
13	3082
13	3106
13	3107
13	3110
13	3111
13	3121
13	3122
13	3137
13	3141
13	3153
13	3154
13	3162
13	3165
13	3167
13	3169
13	3176
13	3179
13	3181
13	3185
13	3186
13	3190
13	3193
13	3194
13	3202
13	3203
13	3204
13	3207
13	3208
13	3210
13	3213
13	3214
13	3221
13	3222
13	3229
13	3231
13	3233
13	3234
13	3235
13	3236
13	3238
13	3239
13	3241
13	3240
13	3244
13	3245
13	3246
13	3252
13	3254
13	3255
13	3259
13	3261
13	3265
13	3269
13	3271
13	3274
13	3275
13	3324
13	3381
13	3389
13	3391
13	3394
13	3400
13	3402
13	3405
13	3410
13	3415
13	3414
13	3416
13	3417
13	3418
13	3419
13	3421
13	3420
13	3424
13	3426
13	3427
13	3432
13	3433
13	3449
13	3451
13	3454
13	3456
13	3458
13	3462
13	3476
13	3478
13	3482
13	3492
13	3493
13	3495
13	3497
13	3500
13	3503
13	3509
13	3511
13	3523
13	3556
13	3557
13	3570
13	3588
13	3591
13	3594
13	3597
13	3601
13	3608
13	3606
13	3609
13	3610
13	3616
13	3621
13	3622
13	3626
13	3629
13	3638
13	3637
13	3642
13	3645
13	3647
13	3661
13	3670
13	3671
13	3686
13	3702
13	3705
13	3714
13	3716
13	3718
13	3722
13	3725
13	3727
13	3730
13	3737
13	3738
13	3740
13	3741
13	3742
13	3743
13	3744
13	3747
13	3762
13	3769
13	3768
13	3771
13	3772
13	3774
13	3776
13	3777
13	3787
13	3785
13	3788
13	3789
13	3791
13	3793
13	3795
13	3798
13	3804
13	3812
13	3815
13	3817
13	3819
13	3822
13	3821
13	3823
13	3825
13	3829
13	3830
13	3831
13	3834
13	3835
13	3849
13	3850
13	3852
13	3843
13	3855
13	3863
13	3872
13	3874
13	3876
13	3875
13	3879
13	3893
13	3897
13	3905
13	3908
13	3909
13	3919
13	3921
13	3923
13	3926
13	3931
13	3937
13	3944
13	3945
13	3947
13	3943
13	3950
13	3953
13	3962
13	3963
13	3967
13	3970
13	3973
13	3975
13	3976
13	3977
13	3978
13	3979
13	3980
13	3981
13	3989
13	3991
13	3993
13	3996
13	3998
13	3999
13	4008
13	4010
13	4020
13	4019
13	4022
13	4023
13	4024
13	4038
13	4040
13	4042
13	1782
13	4050
13	4063
13	4073
13	4075
13	4084
13	4085
13	4089
13	4090
13	4091
13	4092
13	4093
13	4095
13	4097
13	4101
13	4102
13	4103
13	4104
13	4106
13	4107
13	4108
13	4109
13	4110
13	4111
13	4113
13	4114
13	4115
13	4120
13	4121
13	4122
13	4124
13	4138
13	4139
13	4145
13	4148
13	4151
13	4153
13	4157
13	4162
13	4161
13	4168
13	4175
13	4177
13	4204
13	4205
13	4208
14	3
15	3
16	2
16	100
16	4126
17	16
17	17
17	114
17	131
17	149
17	158
17	592
17	1640
17	2348
17	2485
17	2482
17	2751
17	2754
17	2780
17	2838
17	3101
17	3172
17	3388
17	3505
18	1
18	172
18	182
19	1
19	172
19	177
19	4150
19	4151
20	19
20	131
20	262
20	269
20	282
20	2348
20	2646
20	2844
20	2878
20	2953
20	3101
20	3409
20	3452
20	3685
21	20
21	2106
21	3410
21	3490
21	3501
21	3514
21	3638
21	3648
21	3728
22	20
22	282
22	1158
22	1164
22	2205
22	2210
22	2213
22	2217
22	2222
22	2226
22	2227
22	2230
22	2237
22	2245
22	2249
22	2254
23	20
23	57
23	56
23	406
23	464
23	2358
23	2362
23	2666
23	3088
23	3490
23	3822
23	4205
24	20
24	39
24	42
24	17
24	69
24	104
24	158
24	187
24	200
24	203
24	218
24	226
24	239
24	262
24	271
24	282
24	296
24	302
24	303
24	339
24	375
24	475
24	534
24	552
24	555
24	570
24	587
24	588
24	590
24	591
24	600
24	651
24	659
24	669
24	720
24	722
24	728
24	731
24	744
24	771
24	777
24	778
24	779
24	816
24	847
24	877
24	884
24	1069
24	1149
24	1152
24	1160
24	1158
24	1164
24	1182
24	1235
24	1315
24	1327
24	1415
24	1430
24	1435
24	1475
24	1561
24	1643
24	1647
24	1679
24	1700
24	1755
24	1763
24	1797
24	1798
24	1879
24	1907
24	1927
24	1945
24	1954
24	1974
24	1983
24	1999
24	2006
24	2030
24	2045
24	2049
24	2050
24	2102
24	2103
24	2107
24	2112
24	2114
24	2123
24	2127
24	2152
24	2155
24	2163
24	2170
24	2195
24	2205
24	2210
24	2213
24	2217
24	2222
24	2227
24	2228
24	2226
24	2230
24	2237
24	2238
24	2245
24	2249
24	2254
24	2286
24	2306
24	2323
24	2331
24	2332
24	2348
24	2364
24	2388
24	2429
24	2456
24	2512
24	2533
24	2596
24	2599
24	2625
24	2519
24	2657
24	2668
24	2724
24	2758
24	2757
24	2781
24	2850
24	2851
24	2887
24	2894
24	2937
24	2941
24	2944
24	2971
24	2983
24	2992
24	2993
24	3005
24	3081
24	3102
24	3120
24	3189
24	3202
24	3380
24	3382
24	3390
24	3411
24	3445
24	3446
24	3447
24	3488
24	3566
24	3577
24	3585
24	3602
24	3611
24	3614
24	3615
24	3616
24	3637
24	3719
24	27
24	3805
24	3820
24	3904
24	3910
24	3922
24	3985
24	3993
24	4003
24	4018
24	4038
24	4042
24	1336
24	4124
24	4160
24	4186
24	4187
24	4188
24	4189
24	4190
24	4191
24	4192
24	4193
24	4194
24	4195
24	4196
24	4197
24	4199
24	4200
25	20
25	25
25	19
25	54
25	95
25	183
26	25
26	39
26	71
26	141
26	376
26	1520
26	1638
26	1640
26	2322
26	2333
26	2334
26	2518
26	2522
26	2665
26	2681
26	2751
26	2788
26	3201
26	3249
26	3330
26	3749
27	25
27	39
28	20
29	20
29	29
29	2348
29	2775
29	2777
29	2840
29	3411
29	3488
29	3635
30	29
30	20
30	1
30	41
30	83
30	185
30	189
30	243
30	253
30	350
30	353
30	370
30	372
30	373
30	395
30	398
30	404
30	405
30	412
30	424
30	443
30	446
30	448
30	450
30	454
30	453
30	546
30	553
30	557
30	597
30	659
30	661
30	683
30	695
30	702
30	708
30	717
30	719
30	722
30	768
30	771
30	795
30	802
30	816
30	822
30	827
30	929
30	932
30	960
30	924
30	970
30	1022
30	1166
30	1182
30	1180
30	1196
30	1311
30	1427
30	1691
30	1916
30	1937
30	2023
30	2052
30	2096
30	2187
30	2217
30	2321
30	2440
30	2441
30	2635
30	2686
30	2687
30	2688
30	2689
30	2742
30	2830
30	2908
30	2963
30	2987
30	3007
30	3022
30	3043
30	3047
30	3051
30	3053
30	3061
30	3062
30	3081
30	3099
30	3101
30	3110
30	3109
30	3125
30	3126
30	3128
30	3129
30	3191
30	3282
30	3289
30	3429
30	3428
30	3434
30	3519
30	3567
30	3573
30	3592
30	3623
30	3624
30	3704
30	3706
30	3768
30	3789
30	3791
30	3799
30	3810
30	3815
30	3816
30	3831
30	3910
30	3939
30	3953
30	3956
30	3957
30	3960
30	3961
30	3980
30	3983
30	3984
30	3988
30	4008
30	4005
30	4020
30	4019
30	4022
30	4023
30	4044
30	4126
30	4147
31	20
32	31
32	20
32	1
32	50
32	86
32	83
32	81
32	104
32	101
32	110
32	135
32	170
32	187
32	188
32	189
32	197
32	200
32	203
32	239
32	247
32	361
32	366
32	381
32	389
32	390
32	393
32	395
32	404
32	405
32	418
32	421
32	429
32	430
32	432
32	439
32	444
32	443
32	446
32	445
32	448
32	450
32	454
32	460
32	476
32	495
32	525
32	526
32	541
32	597
32	628
32	635
32	643
32	659
32	669
32	675
32	736
32	751
32	756
32	764
32	771
32	780
32	816
32	821
32	827
32	851
32	872
32	874
32	871
32	875
32	876
32	877
32	881
32	932
32	1165
32	1170
32	1171
32	1174
32	1182
32	1181
32	1180
32	1186
32	1187
32	1188
32	1189
32	1190
32	1191
32	1192
32	1195
32	1196
32	1210
32	1219
32	1224
32	1226
32	1232
32	1255
32	1259
32	1260
32	1266
32	1267
32	1268
32	1269
32	1278
32	1282
32	1286
32	1291
32	1307
32	1308
32	1309
32	1310
32	1312
32	1311
32	1313
32	1326
32	1327
32	1429
32	1439
32	1513
32	1519
32	1541
32	1547
32	1546
32	1592
32	1633
32	1635
32	1638
32	1650
32	1652
32	1655
32	1653
32	1665
32	1680
32	1679
32	1687
32	1733
32	1742
32	1747
32	1755
32	1763
32	1775
32	1778
32	1789
32	1791
32	1804
32	1876
32	1878
32	1886
32	1894
32	1893
32	1891
32	1898
32	1895
32	1913
32	1916
32	1919
32	1922
32	1927
32	1928
32	1935
32	1938
32	1949
32	1974
32	1975
32	2004
32	2023
32	2060
32	950
32	2091
32	2094
32	2099
32	2107
32	2105
32	2149
32	2217
32	2257
32	2268
32	2272
32	2274
32	2287
32	2298
32	2312
32	2315
32	2416
32	2433
32	2453
32	2485
32	2481
32	2492
32	2520
32	2538
32	2575
32	2596
32	2625
32	2635
32	2684
32	2688
32	2690
32	2724
32	2723
32	2757
32	2759
32	2786
32	2788
32	2817
32	2832
32	2838
32	2955
32	2956
32	2969
32	2982
32	2989
32	3007
32	3039
32	3042
32	3050
32	3079
32	3086
32	3089
32	3108
32	3121
32	3122
32	3133
32	3145
32	3404
32	3405
32	3409
32	3412
32	3414
32	3415
32	3416
32	3417
32	3418
32	3419
32	3420
32	3421
32	3423
32	3424
32	3425
32	3426
32	3427
32	3428
32	3429
32	3431
32	3432
32	3433
32	3434
32	3510
32	3567
32	3577
32	3581
32	3587
32	3588
32	3592
32	3595
32	3598
32	3600
32	3602
32	3605
32	3609
32	3621
32	3623
32	3622
32	3625
32	3624
32	3626
32	3629
32	3631
32	3635
32	3640
32	3643
32	3644
32	3649
32	3652
32	3659
32	3704
32	3714
32	3729
32	3731
32	3766
32	3777
32	3781
32	3785
32	3793
32	3798
32	3804
32	3814
32	3816
32	3830
32	3831
32	3835
32	3837
32	3839
32	3851
32	3858
32	3859
32	3863
32	3877
32	3879
32	3939
32	3942
32	3950
32	3957
32	3961
32	3974
32	3980
32	3983
32	3984
32	3995
32	3997
32	4005
32	4008
32	4010
32	4022
32	4048
32	4060
32	4068
32	4147
32	4151
32	4207
33	20
33	2829
33	2844
33	2845
33	3476
33	3673
33	3674
33	3675
33	3677
33	3679
33	3680
33	3681
33	3683
33	3684
33	3685
33	3686
33	3687
34	20
34	2796
34	2808
34	3010
35	1
35	54
35	61
35	63
35	182
35	4139
35	4166
36	35
36	695
36	755
36	1209
36	2878
36	2948
36	3101
36	3575
36	4136
37	36
37	119
37	246
37	256
37	771
37	2482
37	2881
37	2941
37	2942
37	2947
37	2948
37	2959
37	2960
37	2961
37	4217
38	1
38	176
38	177
38	182
38	4151
39	38
39	39
39	97
39	2646
40	1
40	182
40	4126
40	4135
41	40
41	3007
41	3706
41	3984
41	4147
42	5
43	42
44	10
45	8
45	1215
45	1229
45	1273
46	14
46	691
46	703
46	2095
46	2623
46	3100
46	4029
47	180
47	181
48	47
49	48
49	3078
49	3081
49	3079
49	3082
49	3088
49	3633
49	3635
49	3650
49	3920
50	49
50	51
51	49
51	3633
51	3638
52	51
52	106
52	345
52	422
52	433
52	503
52	534
52	1545
52	2155
52	2363
52	2521
52	2824
52	2951
52	3054
52	3490
52	3839
52	3841
52	3922
52	351
52	3717
53	49
53	788
53	874
53	876
53	899
53	901
53	964
53	1124
53	1151
53	1523
53	1552
53	1559
53	1601
53	1624
53	1628
53	1876
53	1880
53	1893
53	1890
53	1897
53	1898
53	1899
53	1895
53	1904
53	1912
53	1944
53	1959
53	1958
53	1988
53	1989
53	1990
53	2054
53	2062
53	2076
53	2105
53	2111
53	2113
53	2150
53	2156
53	2181
53	2192
53	2298
53	2306
53	2312
53	2314
53	2315
53	2363
53	2361
53	2481
53	2624
53	2773
53	2799
53	2807
53	2817
53	2819
53	2822
53	2821
53	2825
53	2829
53	2828
53	2835
53	2841
53	2859
53	2893
53	2966
53	2991
53	3008
53	3049
53	3104
53	3111
53	3401
53	3456
53	3469
53	3477
53	3480
53	3505
53	3522
53	3535
53	3553
53	3555
53	3562
53	3563
53	3681
53	3702
53	3708
53	3891
53	3960
53	3971
53	4105
54	171
54	184
55	182
56	55
56	131
56	1513
56	2356
56	2467
56	2766
56	2773
56	2786
56	2793
56	2794
56	2844
56	2846
56	3063
56	3065
56	3095
56	3181
56	3452
57	56
57	133
57	1514
57	1543
57	2363
57	3035
57	3465
58	56
58	2459
58	2518
58	2522
58	2666
58	4201
58	4205
58	4206
59	61
59	4165
60	59
60	175
60	204
60	205
60	206
60	207
60	208
60	209
60	210
60	211
60	213
60	214
60	215
60	227
60	228
60	238
60	377
60	425
60	488
60	658
60	881
60	889
60	1224
60	1414
60	1413
60	1415
60	1416
60	1435
60	1542
60	1602
60	1639
60	1640
60	1665
60	1668
60	1756
60	1758
60	1789
60	1790
60	1797
60	1798
60	1801
60	1808
60	1894
60	1930
60	1956
60	2002
60	950
60	2129
60	2333
60	2625
60	2666
60	2681
60	2810
60	3101
60	3754
60	3755
60	3758
60	3957
60	3964
60	4060
60	4088
60	4109
61	62
61	674
61	821
63	62
65	4126
66	65
66	66
66	2088
66	2290
66	4120
67	66
67	67
67	73
67	149
67	1043
67	1045
67	1046
67	1056
67	1058
67	1059
67	1565
67	2120
67	2323
67	2330
68	67
68	601
68	2335
69	68
69	598
69	603
70	69
70	190
70	191
70	241
70	244
70	246
70	251
70	254
70	256
70	302
70	303
70	560
70	569
70	588
70	661
70	667
70	670
70	676
70	690
70	710
70	720
70	736
70	758
70	763
70	764
70	767
70	770
70	778
70	779
70	783
70	785
70	787
70	812
70	818
70	881
70	914
70	929
70	958
70	971
70	977
70	1072
70	1129
70	1137
70	1327
70	1338
70	1398
70	1405
70	1510
70	1523
70	1573
70	1572
70	1571
70	1575
70	1578
70	1580
70	1581
70	1582
70	1587
70	1592
70	1596
70	1599
70	1623
70	1627
70	1633
70	1638
70	1640
70	1738
70	1755
70	1763
70	1790
70	1791
70	1796
70	1886
70	1888
70	1897
70	1904
70	1906
70	1916
70	1935
70	1937
70	1941
70	1957
70	1965
70	1968
70	2003
70	2005
70	2006
70	2056
70	2055
70	2129
70	2130
70	2132
70	2133
70	2135
70	2137
70	2142
70	2148
70	2155
70	2164
70	2272
70	2281
70	2322
70	2334
70	2340
70	2364
70	2375
70	2378
70	2380
70	2416
70	2429
70	2467
70	2481
70	2486
70	2487
70	2488
70	2491
70	2496
70	2497
70	2498
70	2499
70	2501
70	2502
70	2503
70	2505
70	2512
70	2517
70	2537
70	2536
70	2549
70	2550
70	2559
70	2577
70	2578
70	2582
70	2599
70	2612
70	2613
70	2617
70	2621
70	2622
70	2625
70	2631
70	2650
70	2657
70	2660
70	2666
70	2670
70	2724
70	2751
70	2881
70	2898
70	2901
70	2987
70	3004
70	3007
70	3081
70	3111
70	3398
70	3410
70	3447
70	3497
70	3569
70	3757
70	3768
70	3771
70	3777
70	3792
70	3793
70	3799
70	3804
70	3806
70	3811
70	3812
70	3816
70	3839
70	3847
70	3851
70	3855
70	3859
70	3871
70	3899
70	3935
70	3939
70	3949
70	3957
70	3961
70	3967
70	3977
70	4003
70	4008
70	4010
70	4021
70	4022
70	4039
70	4073
70	4074
70	4075
70	4076
70	4077
70	4086
70	4152
71	66
72	65
72	83
72	216
72	226
72	239
72	301
72	417
72	707
72	874
72	875
72	877
72	893
72	1275
72	1298
72	1329
72	1398
72	1405
72	1447
72	1755
72	1763
72	1903
72	1908
72	1922
72	1927
72	1957
72	1959
72	1988
72	2306
72	2331
72	2424
72	2446
72	2575
72	2519
72	2781
72	2853
72	2854
72	2992
72	2996
72	3020
72	3022
72	3059
72	3075
72	3119
72	3169
72	3390
72	3395
72	3410
72	3566
72	3573
72	3858
72	4003
72	4010
72	4062
72	4065
72	4078
73	4126
74	73
74	202
74	226
74	237
74	294
74	340
74	748
74	1235
74	1399
74	1398
74	1476
74	1641
74	1743
74	1763
74	1777
74	1785
74	1789
74	1963
74	1967
74	1969
74	1971
74	1979
74	1982
74	1992
74	1999
74	2871
74	2878
74	2948
74	2957
74	3108
74	3575
74	3587
74	3588
74	3595
74	3737
74	3738
74	3739
74	3740
74	3741
74	3742
74	3743
74	3744
74	3745
74	3746
74	3747
74	4096
74	4099
74	4100
74	4112
74	4128
74	4136
74	4164
75	74
76	74
77	74
77	1797
77	2012
78	74
78	1798
78	2013
79	74
79	79
79	21
79	832
79	847
79	846
79	1235
79	1314
79	1399
79	1405
79	1442
79	1755
79	1974
79	2189
79	2348
79	2489
79	2681
79	2851
79	3638
79	3660
79	3726
79	3728
79	3749
79	4084
80	74
80	1399
80	2485
80	2482
80	2720
80	2721
80	2724
80	2726
80	2881
80	3889
80	3995
81	21
81	81
81	2109
81	2160
81	2161
81	2162
82	81
82	82
82	813
82	1193
82	1317
82	1680
82	1679
82	1755
82	2016
82	3156
83	82
83	1173
84	83
84	1167
85	84
85	82
85	1167
86	83
86	189
86	1166
86	1170
86	1171
86	1174
86	1175
86	1181
86	1186
86	1187
86	1188
86	1189
86	1190
86	1191
86	1192
86	1194
86	1203
86	1205
87	83
87	1208
88	83
88	1166
88	1171
88	1173
88	1181
88	1186
88	1187
88	1188
88	1189
88	1190
88	1191
88	1192
88	1205
88	1208
89	83
90	89
90	1173
90	1180
91	28
92	91
92	2835
92	2836
92	2837
93	92
93	2831
93	2997
94	34
95	172
96	177
96	178
97	176
98	97
98	1222
98	1257
98	1264
98	2285
98	3006
98	3107
98	3108
98	3575
98	3582
98	3588
98	3595
99	98
99	359
99	363
99	366
99	418
99	419
99	421
99	422
99	423
99	424
99	425
99	426
99	428
99	429
99	430
99	431
99	432
99	433
99	434
99	435
99	436
99	437
99	438
99	456
99	1295
99	1527
99	1543
99	2055
99	950
99	2155
99	2156
99	2258
99	2265
99	2974
99	3045
99	3785
99	3814
99	3815
99	3831
99	3837
99	3849
99	3856
99	3857
99	3858
99	3933
99	3938
99	3950
99	3981
99	3988
99	4048
99	4049
99	4051
99	1544
102	101
102	3110
102	3119
102	3125
102	3133
102	3145
103	101
104	103
104	3123
104	3124
104	3127
104	3130
104	3131
104	3132
104	3135
104	3136
104	3138
104	3142
104	3146
104	3149
104	3150
104	3153
104	3154
105	104
105	3170
106	104
106	1516
106	2766
106	2768
106	2806
106	2811
106	2819
106	3062
106	3155
106	3285
106	3352
106	3562
108	107
110	109
110	111
110	3925
110	3926
111	110
112	111
112	279
112	1510
112	2371
112	2745
112	2749
112	2756
112	2843
112	2842
112	2844
112	2856
112	2867
112	3069
112	3075
112	3090
112	3646
113	111
113	435
113	463
113	465
113	470
113	2839
113	2840
113	2844
113	2861
113	2867
113	2868
113	2869
113	2870
113	3090
113	3409
113	3632
113	3636
113	3638
113	3653
114	110
114	1541
114	3001
114	3092
114	3388
114	3563
115	114
115	2967
115	3285
115	3388
116	114
116	109
116	3924
116	3926
117	114
117	650
117	788
117	797
117	833
117	838
117	840
117	839
117	842
117	845
117	848
117	851
117	877
117	883
117	888
117	891
117	893
117	1006
117	1024
117	1026
117	1032
117	1303
117	1324
117	1441
117	1549
117	1885
117	1888
117	1942
117	1950
117	1948
117	1960
117	1966
117	2073
117	2190
117	2284
117	2306
117	2481
117	2715
117	2937
117	2941
117	2942
117	2944
117	2949
117	3011
117	3388
117	3398
117	3400
117	3505
117	3700
117	4141
118	114
118	350
118	353
118	1043
118	1045
118	1046
118	1056
118	1058
118	1059
118	1433
118	2255
118	2306
118	2393
118	2533
118	2855
118	2857
118	2978
118	3102
118	3399
118	3508
118	3690
119	114
119	131
119	248
119	715
119	722
119	731
119	736
119	744
119	771
119	788
119	821
119	1003
119	1021
119	1025
119	1031
119	2072
119	2189
119	2306
119	2485
119	2482
119	2893
119	2946
119	2948
119	3388
119	3399
119	3487
119	3676
119	4119
120	119
120	131
120	133
120	242
120	252
120	358
120	363
120	366
120	379
120	393
120	408
120	423
120	425
120	436
120	456
120	559
120	758
120	1543
120	950
120	2105
120	2155
120	2482
120	2886
120	2974
120	3002
120	3045
120	3044
120	3095
120	3456
120	3485
120	3588
120	3595
120	3767
120	3790
120	3797
120	3799
120	3803
120	3810
120	3813
120	3819
120	3831
120	3841
120	3917
120	3938
120	3943
120	3944
120	3947
120	3957
120	3958
120	3959
120	3977
120	3988
120	4008
120	351
120	356
123	122
123	1551
123	3073
123	3074
123	3936
125	124
125	130
125	129
125	1521
125	2466
125	2467
125	3071
125	3072
125	3094
125	3093
125	3097
125	3101
125	3927
125	3929
127	126
127	2368
127	2369
127	2379
127	2380
127	2629
127	2755
127	2756
127	2759
127	2760
127	2761
127	2762
127	2763
127	2764
127	2765
127	2767
127	2768
127	2769
127	2770
127	2771
127	2772
127	2775
127	2776
127	2778
127	2779
127	2780
127	2782
127	2783
127	2784
127	2787
127	2788
127	2867
127	2870
127	2958
127	3402
127	3891
128	127
128	2745
128	2838
128	2861
128	2863
128	2866
130	129
130	1523
130	3072
130	3929
131	130
131	2467
131	3094
132	131
132	3172
133	131
133	3095
133	3101
134	131
134	1540
134	2671
134	2748
134	2957
134	2958
134	2965
134	2968
134	2970
134	2972
134	2973
134	2975
134	2976
134	2997
134	3009
134	3012
134	3016
134	3017
134	3021
134	3022
134	3026
134	3030
134	3033
134	3042
134	3049
134	3051
134	3061
134	3062
134	3063
134	3505
134	3573
134	3588
134	3595
134	3929
136	135
136	140
136	3555
136	3888
138	137
138	144
138	3512
138	3535
138	3536
138	3538
138	3552
139	138
139	3541
139	3544
139	3549
139	3553
139	3554
140	139
140	1573
140	1638
141	140
141	141
141	3544
143	142
144	143
144	3559
146	145
146	2189
146	2190
146	2191
146	2193
147	146
147	718
147	973
147	1030
147	1562
147	2031
147	2033
147	2038
147	2039
147	2051
147	2053
147	2059
147	2060
147	2064
147	2065
147	2067
147	2068
147	2076
147	2164
147	2174
147	2182
147	2186
147	2187
147	2188
147	2259
147	2264
147	2298
147	2313
147	3941
147	4126
149	148
150	149
150	1323
150	1743
150	1789
151	149
151	158
151	1323
151	1327
151	1668
151	1739
151	1743
151	1755
151	1758
151	1754
151	1789
151	1790
151	2058
151	2163
153	152
153	1564
153	2325
153	2326
153	2327
153	2328
153	2329
153	2331
155	154
155	1565
155	2040
155	2069
155	2070
155	2319
155	2324
155	2330
156	154
156	770
156	805
156	808
156	1565
156	2014
156	2016
156	2017
156	2018
156	2040
156	2058
156	2059
156	2070
156	2140
156	2141
156	2143
156	2144
156	2145
156	2146
156	2147
156	2148
156	2166
156	2330
156	3410
158	157
159	158
159	1327
159	1331
159	1756
159	1790
159	2163
160	158
160	164
160	2271
160	2317
162	161
162	2332
164	163
164	2011
164	2177
164	2293
164	2295
164	2308
169	170
174	173
174	556
174	595
174	1469
174	2305
174	2967
174	3701
174	3721
174	3735
174	3807
184	4182
186	185
186	189
186	381
186	393
186	403
186	1022
186	1030
186	1004
186	1326
187	188
194	193
194	236
194	321
194	348
194	471
194	532
194	597
194	605
194	656
194	760
194	1184
194	1741
194	2479
194	2683
194	2906
194	2984
194	3068
194	3618
194	3712
194	3782
194	3833
193	197
196	195
201	200
201	239
201	1398
202	201
202	1777
212	211
212	2323
212	3243
212	3248
212	3276
218	225
218	226
219	218
219	482
219	485
219	495
221	220
221	1505
221	1775
221	1792
221	1804
221	1806
221	1807
222	221
224	223
230	229
230	335
230	695
230	748
230	1351
230	1352
230	1405
230	1411
230	1473
230	1474
230	1481
230	1491
230	1492
230	1531
230	1763
230	1791
230	1796
230	1801
230	1806
230	2873
230	3739
230	3746
230	4096
230	4098
230	4099
230	4100
230	4112
231	230
231	237
231	297
231	320
231	322
231	334
231	748
231	1339
231	1340
231	1395
231	1405
231	1429
231	1461
231	1463
231	1473
231	1484
231	1494
231	1492
231	1755
231	1754
231	1763
231	1796
231	1801
231	1806
231	1960
231	2512
231	2873
231	3739
231	3745
231	3746
231	4096
231	4098
231	4099
231	4100
231	4112
231	4115
232	231
232	1460
232	1472
232	1474
232	1500
232	1801
232	1806
233	232
233	652
235	234
235	1651
235	1747
235	1755
235	1808
235	2017
235	2287
235	3262
235	3279
235	3593
235	3714
235	3731
235	3732
235	3878
238	237
238	239
238	4042
238	4045
237	4045
239	4041
240	239
240	443
240	562
240	1311
240	1318
240	1745
240	3414
240	3424
240	3432
240	3624
242	241
242	246
242	244
242	1573
242	1592
242	1596
243	244
245	244
245	1587
246	244
247	246
247	256
248	247
248	697
248	715
248	2938
248	2944
248	2945
248	3486
248	4007
249	248
249	696
249	758
249	2886
249	2893
249	2946
249	3767
249	3790
249	3799
249	3803
249	3810
249	3813
249	3819
249	3841
249	3917
249	3943
249	3944
249	3947
249	3957
249	3958
249	3959
249	3977
249	4008
250	247
250	1588
250	1624
250	1626
250	2907
250	2908
250	2946
252	251
252	254
252	1633
252	1636
252	1638
253	254
255	254
255	1630
256	254
258	257
260	259
260	1829
260	1830
260	1831
260	1832
260	1833
260	1834
260	1835
260	1836
260	1837
260	1838
260	1839
260	1840
260	1841
260	1842
260	1843
260	1844
260	1845
260	1846
260	1847
260	1848
260	1849
260	1850
260	1851
260	1852
260	1853
260	1854
260	1855
260	1856
260	1857
260	1858
260	1859
260	1860
260	1861
260	1862
260	1863
260	1864
260	1865
260	1866
260	1867
260	1868
260	1869
260	1870
260	1871
260	1872
260	1873
260	1874
261	260
261	1897
263	262
263	264
263	265
263	267
263	268
263	269
263	270
262	266
264	266
265	266
267	266
268	266
269	266
270	266
271	273
271	275
271	277
271	279
271	280
272	271
272	1263
272	2442
272	2758
274	273
274	3443
274	3609
274	3669
274	3688
274	3691
276	275
276	2476
276	2475
276	2750
276	3183
276	3186
276	3196
276	3198
276	3604
278	277
281	280
281	2774
281	3509
281	3513
281	3514
281	3648
282	284
282	288
282	290
283	282
285	284
285	288
285	290
286	284
286	288
286	290
287	284
287	288
287	290
289	288
291	290
293	292
293	295
293	301
293	305
293	304
293	310
293	313
293	314
293	315
293	316
293	317
293	318
293	337
293	1532
293	1566
293	1567
293	1610
293	1616
293	1617
293	2339
293	2340
293	2342
293	2343
293	2344
293	2643
293	2645
293	2647
293	2874
293	2875
293	3761
292	295
292	301
292	305
292	306
292	307
292	309
292	311
292	314
292	315
292	316
292	317
292	1532
292	1566
292	1567
292	1568
292	1569
292	1609
292	1610
292	1611
292	1612
292	1613
292	1614
292	1615
292	1616
292	1617
292	1618
292	1619
292	2339
292	2340
292	2342
292	2343
292	2344
292	2643
292	2645
292	2647
292	2874
292	2875
292	3760
292	3761
295	294
295	296
295	337
296	294
298	297
300	299
302	301
302	302
302	1405
302	2003
302	2158
302	2650
303	302
303	303
303	2007
305	304
305	308
305	310
305	312
305	318
305	1530
308	313
320	319
320	322
320	324
320	325
320	326
320	327
320	328
320	329
320	330
320	331
320	332
320	333
320	334
320	336
320	2337
320	2338
320	2341
320	2345
320	2872
321	320
321	636
321	645
321	648
321	658
321	824
321	897
321	1321
321	1325
321	1426
321	1642
321	1809
321	1811
321	1812
321	1813
321	1814
321	1815
321	1816
321	1817
321	1825
321	1826
321	1921
321	1953
321	1973
321	2262
321	2699
321	2701
321	2703
321	2704
321	2706
321	2707
321	2708
321	2711
321	2712
321	2714
321	2715
321	2716
321	2718
321	2719
321	2727
321	2728
321	2729
321	2730
321	2731
321	2732
321	2733
321	2734
321	2735
321	2740
321	2741
321	2743
321	2744
321	2950
321	3725
321	3727
321	3736
321	3748
321	3751
321	3752
321	3765
321	4122
323	322
323	614
323	658
323	849
323	1394
323	1397
323	1453
323	2625
323	3564
339	339
343	343
345	345
346	345
346	2178
346	3935
346	3937
346	3944
346	4054
347	345
347	359
347	358
347	363
347	421
347	422
347	423
347	425
347	427
347	429
347	430
347	431
347	432
347	434
347	435
347	436
347	438
347	547
347	1804
347	1890
347	1989
347	1990
347	3016
347	3022
347	3026
347	3029
347	3045
347	3051
347	3061
347	3062
347	3063
347	3108
347	3837
347	3849
347	3857
347	3858
347	3930
347	3933
347	3938
347	3988
347	4049
347	4051
347	4054
349	348
351	350
351	353
351	3391
353	352
353	361
353	366
354	352
354	361
354	366
355	352
355	402
355	403
355	776
355	2255
355	2264
355	3576
355	3942
355	4126
356	352
356	2191
356	2193
357	352
357	361
357	366
359	358
358	3022
360	359
360	363
360	414
360	418
360	419
360	426
360	428
360	434
360	437
360	554
360	570
360	929
360	932
360	924
360	1147
360	1260
360	1266
360	950
360	3910
360	4048
360	4049
360	1782
360	4061
361	358
361	364
362	361
362	363
362	366
362	549
362	556
362	758
362	2300
362	2967
362	3758
364	363
365	363
365	4042
367	366
367	635
367	1451
367	1919
366	3046
368	366
369	366
369	3047
371	370
371	372
371	373
374	373
375	375
376	377
376	2073
376	3961
379	378
379	393
379	408
379	1011
379	1009
379	1029
379	2108
379	2110
379	2174
379	2975
378	393
378	408
380	379
380	1262
380	2255
380	2264
382	381
382	393
382	405
382	443
382	533
382	585
382	592
382	593
382	1186
382	1187
382	1188
382	1189
382	1190
382	1191
382	1192
382	1307
382	1311
382	1778
382	2078
382	2091
382	2115
382	2274
382	3414
382	3415
382	3419
382	3424
382	3427
382	3432
382	3621
382	3624
382	3729
384	383
384	389
385	384
385	383
385	387
385	398
385	399
385	405
385	439
385	1186
385	1187
385	1188
385	1189
385	1190
385	1191
385	1192
385	1307
385	1562
385	1778
385	2053
385	2060
385	3415
385	3419
385	3427
385	3621
386	384
386	390
386	398
386	399
388	387
391	390
393	392
393	393
393	452
393	460
393	465
393	2105
393	2176
393	2263
393	2294
393	2298
393	2300
393	2313
393	2396
393	2416
393	2433
393	2642
393	2677
393	2678
393	3484
393	3514
393	3577
393	3600
393	3602
393	3604
393	3607
393	3610
393	3641
393	3646
393	3648
393	3657
394	392
396	395
396	404
396	947
396	960
396	1193
396	1562
396	2053
396	2060
396	2265
396	2692
396	2987
396	3573
396	4087
395	398
395	399
397	395
397	404
397	527
397	810
397	1879
397	1894
397	1927
397	1930
397	1940
397	2217
397	3873
397	3942
397	3982
401	400
401	4068
405	458
405	2274
406	2521
406	2666
408	407
410	409
409	3080
411	409
411	1235
411	2274
411	2449
411	3134
413	412
413	2642
413	4209
415	414
415	416
415	417
415	1394
415	1397
415	1411
415	1412
415	1433
415	1473
415	1474
415	1499
415	1500
415	1524
415	1525
415	1526
415	1529
415	1538
415	1539
415	3394
415	3508
415	4050
415	4062
415	4202
415	4204
415	4210
420	419
420	950
420	4010
428	427
428	2157
428	2265
428	2973
428	3814
428	4019
434	453
434	1258
434	1267
434	2052
434	3573
434	3587
434	3856
440	439
439	443
439	445
442	441
442	452
442	457
442	462
442	463
442	3408
441	445
444	443
444	445
443	445
446	445
446	446
446	448
447	446
447	1158
447	1164
447	1309
447	2205
447	2210
447	2213
447	2217
447	2222
447	2226
447	2227
447	2230
447	2237
447	2249
447	2254
447	3405
447	3421
447	3429
447	3623
449	448
449	1173
449	1308
449	2992
449	3417
449	3420
449	3428
449	3622
449	4044
451	450
451	1310
451	3418
451	3426
451	3434
451	3629
453	457
454	453
454	454
454	458
454	2052
454	2274
454	3573
455	454
456	453
456	458
456	2052
456	2155
456	2273
456	2274
458	3573
459	458
461	460
464	463
464	466
464	469
464	470
464	475
467	466
469	468
469	472
469	473
469	477
471	476
472	472
474	473
474	3158
474	3980
479	478
481	480
481	482
481	485
481	495
481	496
483	482
483	1761
484	482
484	1761
486	485
486	488
486	496
486	650
486	2004
486	2016
486	2023
486	2149
486	2160
486	2161
486	3964
489	488
489	4212
490	488
490	2458
490	2881
491	488
491	492
491	494
493	492
493	494
498	497
498	2889
500	499
502	501
502	504
502	505
502	506
502	507
502	509
502	510
502	511
502	512
502	518
503	502
503	513
508	507
508	509
508	3887
515	514
516	514
517	2895
517	2904
519	519
519	522
519	3101
520	519
521	519
522	3101
523	522
524	522
530	529
530	3879
532	536
535	534
535	3922
539	538
538	3028
538	3849
540	538
542	541
542	544
543	541
545	544
546	580
546	2175
546	3940
548	547
550	549
550	758
550	829
550	1210
550	3999
550	4077
558	557
559	558
559	560
559	561
559	562
559	563
559	565
559	566
559	567
559	2072
559	2073
559	2105
559	2108
559	2110
559	2641
559	2975
559	3984
559	351
564	563
571	570
570	2152
572	570
574	573
576	575
579	578
579	3964
582	581
582	589
582	1228
582	1230
582	1237
582	2281
582	2982
582	2987
582	3497
582	4120
581	583
581	593
583	587
583	588
583	590
583	591
583	592
585	584
586	585
593	594
595	596
599	598
599	635
599	1291
599	3081
599	3088
599	3089
599	3109
599	3159
602	601
601	2278
601	2288
604	603
604	810
605	606
609	608
609	611
609	612
609	614
609	849
609	1955
609	3730
610	609
610	608
610	611
610	612
610	881
610	2114
610	3401
610	3973
614	613
614	614
614	617
614	618
614	625
614	627
614	630
614	638
614	640
614	3385
613	621
613	622
613	623
613	624
613	626
613	628
613	629
613	631
613	632
613	633
613	634
615	614
616	614
617	619
621	620
635	641
635	643
638	637
638	639
642	641
642	2228
642	3851
642	4189
642	4191
642	4193
642	4195
642	4199
642	4200
647	646
647	1414
647	1413
647	1416
647	1755
647	1780
647	1906
647	1959
647	1957
646	646
651	650
651	654
651	655
650	1399
653	652
652	1339
652	1779
657	653
658	1509
659	659
659	682
659	706
660	659
662	661
664	663
663	665
663	666
669	668
668	745
671	670
672	669
675	674
675	679
678	677
678	740
678	1672
678	1683
678	1687
679	679
680	679
681	679
681	759
683	682
684	683
684	695
684	705
685	684
685	692
685	700
685	702
685	704
686	685
686	706
686	762
687	686
687	694
687	769
687	818
688	687
688	699
688	701
688	708
688	710
688	713
688	714
688	766
688	785
688	812
689	687
689	721
689	722
689	731
689	730
689	2028
689	2029
689	2281
689	3452
689	3988
689	4010
691	690
693	692
694	710
696	695
696	755
696	3889
697	696
697	2946
698	696
698	1209
698	2959
716	715
716	2625
716	2903
716	4010
718	717
718	719
718	2113
718	2175
718	2187
718	2192
718	2194
720	734
723	722
722	736
722	771
724	722
724	725
724	734
725	722
725	771
726	725
728	727
728	729
727	727
729	729
730	771
731	730
731	731
731	771
732	731
733	731
734	771
735	734
738	737
739	737
739	745
742	741
742	743
742	747
742	752
744	743
746	745
750	749
751	759
753	752
754	752
756	755
756	757
756	3760
756	3806
756	3985
756	4159
756	4163
757	756
758	756
759	820
759	828
762	761
762	768
761	789
765	764
765	767
768	767
768	800
768	801
768	802
769	768
769	770
769	792
769	805
770	768
770	780
770	799
772	771
772	4005
773	771
773	816
774	771
775	774
780	782
782	781
784	783
784	785
784	787
786	785
789	791
791	790
792	795
792	803
793	792
793	1793
793	2178
793	2458
793	3702
793	3925
793	3937
795	794
795	796
799	798
807	806
809	808
812	811
812	813
812	814
812	815
817	816
823	822
823	827
824	823
824	1591
824	2652
824	3659
824	4047
827	826
829	828
829	1277
829	1602
829	1639
829	1640
829	2681
829	4040
832	831
832	870
832	1282
832	1535
832	1949
832	2481
832	2893
832	3395
832	3398
832	3399
832	3707
831	838
831	840
831	845
833	832
833	888
834	832
834	850
834	870
834	1445
834	1952
834	1960
834	1966
834	1993
834	2736
834	3395
835	832
835	883
835	888
835	1447
836	835
836	1446
836	1784
836	3703
836	4147
837	832
837	843
837	1281
840	839
840	841
840	842
840	848
845	844
845	846
844	1398
847	846
847	2486
847	3396
850	1994
852	851
852	1785
851	884
853	854
853	855
853	856
853	857
858	859
858	861
858	862
858	863
859	860
859	853
864	865
864	866
864	867
864	858
867	868
867	869
872	871
873	872
873	874
873	876
874	872
874	874
878	877
877	877
879	877
879	2689
879	2690
879	4060
882	881
883	2480
886	885
886	1996
886	3834
887	886
887	1996
887	2487
887	2488
888	1942
888	2737
888	3397
888	3403
888	4078
889	1810
890	889
890	2724
894	893
894	1828
899	898
899	906
901	900
901	902
901	903
901	904
906	1898
906	2460
908	1278
908	1304
908	1905
908	1922
908	1976
908	1989
908	1990
908	2179
908	2698
908	2817
908	2833
908	3050
910	909
910	912
910	916
910	919
910	920
910	921
910	965
910	966
910	967
910	968
910	969
911	910
911	914
911	977
911	978
914	913
914	915
914	917
914	918
923	922
923	933
923	941
923	943
923	944
924	923
924	926
926	925
926	938
926	939
926	940
926	942
926	945
928	927
929	928
929	935
931	930
932	931
932	937
935	934
937	936
946	929
946	932
946	958
946	924
946	964
947	929
947	960
947	948
948	929
948	924
948	972
948	976
949	929
949	932
949	924
949	1076
949	1149
949	1150
950	929
950	924
951	929
951	924
951	1542
952	929
952	924
952	2625
952	2723
952	4010
953	929
953	924
954	932
954	1562
954	1565
954	2040
954	2052
954	2053
954	2060
954	2070
954	2166
954	2178
954	2330
955	932
956	932
957	932
958	961
958	962
958	963
959	958
960	924
960	970
973	948
974	973
974	2065
975	948
975	1232
975	3573
978	979
978	980
978	981
983	982
983	985
983	986
983	989
983	990
983	991
984	983
984	988
984	1038
984	994
988	987
993	992
993	995
993	998
993	999
993	1001
994	993
994	997
994	1037
994	1039
994	1040
994	1041
994	1042
997	996
997	1000
1003	1002
1003	1018
1004	1003
1004	1006
1004	1031
1004	1032
1006	1005
1006	1016
1006	1017
1006	1019
1008	1007
1009	1008
1009	1015
1009	1027
1009	1028
1011	1010
1012	1011
1012	1022
1012	1009
1012	1029
1012	1030
1012	1004
1012	1033
1013	1011
1013	1009
1013	1029
1013	2091
1013	2092
1013	2108
1013	2110
1013	2174
1013	2300
1013	2975
1015	1014
1021	1020
1022	1021
1022	1024
1022	1025
1022	1026
1024	1023
1030	1035
1030	1036
1034	1033
1044	1043
1044	1045
1044	1046
1043	1048
1043	1053
1043	1054
1045	1047
1045	1052
1046	1049
1046	1050
1046	1051
1046	1055
1057	1056
1057	1058
1057	1059
1056	1061
1056	1066
1056	1067
1058	1062
1058	1063
1058	1064
1058	1068
1059	1060
1059	1065
1073	1072
1073	1090
1073	1127
1073	1129
1073	1131
1073	1134
1073	1135
1073	1138
1075	1074
1075	1082
1075	1083
1075	1084
1075	1085
1076	1075
1076	1078
1076	1091
1076	1092
1078	1077
1078	1086
1078	1087
1078	1088
1080	1079
1080	1081
1089	1076
1089	1093
1089	1102
1089	1114
1089	1115
1089	1120
1089	1121
1089	1123
1089	1125
1089	1126
1089	1128
1089	1130
1089	1133
1089	1136
1089	1137
1093	1094
1093	1095
1093	1097
1093	1099
1097	1096
1097	1100
1099	1098
1099	1101
1102	1103
1102	1104
1102	1106
1102	1111
1106	1105
1106	1107
1106	1108
1106	1109
1111	1110
1111	1112
1111	1113
1114	1116
1114	1118
1115	1117
1115	1119
1123	1122
1123	1124
1140	1139
1141	1139
1142	1139
1144	1143
1146	1145
1148	1147
1148	1149
1148	1150
1148	1151
1147	1156
1147	1157
1147	1163
1151	1150
1152	1151
1152	1158
1152	1164
1152	2264
1152	2268
1153	1152
1153	2238
1154	1152
1154	1158
1154	1164
1154	2210
1154	2213
1154	2217
1154	2222
1154	2227
1154	2226
1154	2230
1154	2238
1154	2249
1154	2254
1155	1152
1155	1158
1155	1164
1155	2205
1155	2210
1155	2213
1155	2217
1155	2222
1155	2227
1155	2226
1155	2230
1155	2237
1155	2238
1155	2245
1155	2249
1155	2254
1158	1157
1158	2264
1159	1158
1159	1164
1159	2205
1159	2210
1159	2213
1159	2217
1159	2222
1159	2226
1159	2227
1159	2230
1159	2237
1159	2245
1159	2249
1159	2254
1160	1158
1161	1160
1161	2228
1161	4186
1161	4187
1161	4188
1161	4189
1161	4190
1161	4191
1161	4192
1161	4193
1161	4194
1161	4195
1161	4196
1161	4199
1161	4200
1162	1160
1162	4186
1162	4187
1162	4188
1162	4190
1162	4192
1162	4194
1162	4196
1162	4197
1164	1163
1164	2264
1167	1166
1167	1317
1167	1679
1167	1755
1167	2094
1167	2160
1166	1173
1166	1196
1168	1167
1169	1166
1169	1876
1169	1904
1169	1907
1169	1903
1169	1927
1169	1935
1169	1990
1170	1186
1170	1188
1170	1189
1170	1190
1170	1191
1170	1192
1171	1170
1171	1173
1171	1187
1172	1171
1172	1186
1172	1187
1172	1188
1172	1189
1172	1190
1172	1191
1172	1192
1173	1171
1175	1181
1177	1176
1177	1177
1177	1178
1179	1182
1179	1203
1181	1180
1182	1181
1182	1198
1184	1183
1186	1185
1188	1187
1195	1194
1198	1197
1198	1199
1199	1200
1199	1201
1199	1202
1205	1204
1207	1206
1210	1209
1210	1217
1210	1228
1210	1232
1209	1213
1209	1270
1209	1271
1209	1272
1211	1210
1211	2487
1211	2488
1212	1210
1212	1232
1212	1255
1214	1213
1214	1217
1214	1228
1214	1272
1216	1215
1216	1273
1217	1216
1217	1229
1219	1218
1219	1238
1219	1274
1220	1219
1222	1221
1222	1254
1223	1222
1223	1224
1225	1224
1225	1232
1225	1255
1225	2658
1226	1224
1226	1227
1226	1240
1228	1229
1228	1230
1228	1237
1231	1230
1231	1270
1232	1231
1232	1237
1232	1255
1232	1271
1233	1232
1233	2658
1234	1231
1234	2575
1235	1231
1235	1269
1236	1231
1236	1269
1240	1239
1240	1242
1240	1243
1240	1244
1240	1251
1240	1252
1242	1241
1242	1245
1242	1246
1242	1247
1242	1248
1242	1249
1242	1250
1254	1253
1254	1256
1254	1258
1253	1259
1255	1254
1255	1259
1255	1261
1256	1263
1256	1265
1257	1256
1257	1265
1257	3587
1257	3588
1258	1267
1258	1268
1261	1260
1261	1266
1260	1263
1260	1268
1262	1261
1262	2646
1262	2987
1262	3101
1264	1263
1264	3587
1266	1265
1266	1267
1279	1278
1279	1290
1279	1292
1279	1298
1282	1283
1282	3391
1285	1284
1285	1288
1285	1289
1284	1288
1284	1289
1286	1284
1286	1300
1286	1301
1286	1303
1287	1286
1287	1290
1287	1306
1291	1290
1291	1292
1291	1291
1291	1299
1293	1291
1293	1302
1293	1305
1293	4052
1293	4059
1293	4061
1293	4063
1294	1293
1294	1479
1294	1487
1294	1497
1294	1508
1294	1788
1294	1989
1294	1990
1294	1776
1294	4061
1294	4214
1295	1294
1295	1922
1295	1488
1296	1291
1298	1297
1304	1303
1305	1304
1305	1786
1305	1787
1305	1794
1305	1799
1305	1807
1305	1782
1305	4060
1307	1311
1307	1313
1309	1308
1309	1309
1309	1313
1312	1311
1312	1313
1311	1313
1314	1313
1315	1314
1316	1314
1316	1318
1316	1319
1316	1320
1316	1324
1317	1314
1323	1322
1325	1333
1326	1327
1327	1328
1327	1329
1327	1330
1327	1331
1331	1332
1335	1334
1335	1402
1334	1414
1334	1416
1336	1334
1336	1914
1336	1916
1336	1908
1336	1937
1336	1939
1336	1945
1336	1948
1336	1965
1338	1337
1338	1345
1338	1350
1338	1365
1338	1373
1338	1389
1339	1338
1339	1770
1339	1791
1339	1792
1339	1796
1340	1338
1340	1342
1340	1346
1340	1351
1340	1366
1340	1374
1340	1390
1341	1338
1341	1337
1341	1345
1341	1344
1341	1343
1341	1350
1341	1349
1341	1356
1341	1355
1341	1359
1341	1361
1341	1363
1341	1365
1341	1367
1341	1369
1341	1371
1341	1373
1341	1375
1341	1378
1341	1377
1341	1381
1341	1383
1341	1385
1341	1387
1341	1389
1341	1417
1341	1419
1341	1421
1341	1423
1341	1779
1341	1796
1342	1337
1344	1343
1344	1356
1344	1359
1344	1371
1344	1383
1344	1387
1344	1417
1345	1344
1345	1353
1345	1361
1345	1367
1346	1345
1346	1347
1346	1354
1346	1368
1347	1344
1347	1348
1347	1357
1347	1360
1347	1372
1347	1384
1347	1388
1347	1418
1348	1343
1350	1349
1350	1363
1350	1369
1350	1378
1351	1350
1351	1352
1351	1364
1351	1370
1351	1379
1352	1349
1353	1375
1353	1423
1354	1353
1354	1362
1354	1376
1354	1424
1356	1355
1356	1381
1356	1385
1357	1356
1357	1358
1357	1382
1357	1386
1358	1355
1360	1359
1362	1361
1364	1363
1366	1365
1368	1367
1370	1369
1372	1371
1374	1373
1376	1375
1378	1377
1378	1419
1378	1421
1379	1378
1379	1380
1379	1420
1379	1422
1380	1377
1382	1381
1384	1383
1386	1385
1388	1387
1390	1389
1392	1391
1391	1398
1393	1392
1393	1766
1393	1767
1393	1768
1393	1784
1396	1395
1399	1398
1399	1400
1399	1777
1399	1784
1399	1806
1399	4079
1400	1399
1401	1398
1402	1398
1402	1402
1403	1402
1403	1409
1403	1780
1404	1402
1404	1949
1404	1952
1404	1961
1404	1966
1404	1970
1404	1972
1404	1993
1404	1999
1405	1402
1405	1405
1406	1405
1406	1428
1407	1405
1408	1402
1408	1785
1409	1408
1410	1402
1410	1947
1410	1952
1410	1960
1410	1963
1410	1966
1410	1967
1410	1969
1410	1971
1410	1979
1410	1982
1410	1992
1410	4216
1414	1413
1414	1415
1418	1417
1420	1419
1422	1421
1424	1423
1426	1425
1426	1427
1426	1434
1429	1429
1432	1431
1432	2363
1432	2376
1432	2397
1435	1435
1437	1436
1439	1438
1439	1443
1439	1459
1439	1475
1439	1504
1440	1439
1440	1441
1440	1442
1440	1453
1440	1460
1440	1498
1440	1505
1441	1438
1442	1438
1442	1443
1442	1476
1444	1443
1444	1470
1444	1480
1449	1448
1449	1521
1449	1523
1450	1444
1452	1451
1454	1453
1455	1453
1457	1456
1457	1466
1457	1501
1458	1457
1458	1480
1458	1482
1458	1492
1459	1458
1459	1470
1460	1459
1460	1461
1460	1471
1461	1458
1461	1462
1461	1481
1461	1483
1461	1493
1462	1457
1462	1464
1462	1467
1462	1502
1463	1462
1463	1465
1463	1468
1463	1503
1463	1770
1464	1456
1465	1464
1465	1769
1467	1466
1468	1467
1468	1773
1471	1470
1472	1471
1472	1779
1476	1475
1478	1477
1478	1485
1478	1489
1478	1490
1478	1491
1478	1495
1478	1506
1478	2114
1478	3103
1478	4211
1478	4213
1478	4219
1479	1477
1479	1775
1479	1786
1479	1804
1481	1480
1483	1482
1484	1483
1484	1792
1487	1486
1487	1794
1488	1486
1488	1507
1488	1905
1488	1946
1488	4055
1493	1492
1494	1493
1494	1492
1494	1527
1494	1795
1494	1796
1497	1496
1497	1799
1499	1498
1499	1801
1502	1501
1503	1502
1503	1802
1503	1804
1505	1504
1508	1507
1508	1781
1508	1783
1508	1807
1511	1510
1512	1511
1512	2801
1513	1512
1513	2357
1513	2792
1513	2793
1513	2794
1514	1513
1514	1542
1514	1650
1514	2822
1514	3095
1514	3555
1514	3562
1516	1515
1516	3201
1516	3202
1516	3204
1516	3219
1516	3241
1516	3249
1516	3254
1516	3262
1516	3264
1517	1516
1517	3174
1517	3178
1517	3179
1517	3180
1517	3181
1518	1517
1518	3111
1518	3170
1518	3171
1519	1518
1519	1650
1519	2377
1519	2450
1519	2470
1519	2475
1519	2782
1519	3174
1519	3180
1519	3202
1519	3205
1519	3381
1519	3384
1519	3674
1519	3675
1519	3679
1520	1517
1521	1521
1522	1521
1528	1527
1528	1755
1528	3575
1528	3574
1528	4046
1531	1530
1531	1532
1534	1533
1534	1537
1535	1534
1536	1535
1536	1540
1536	1558
1536	1561
1541	1540
1541	1548
1541	2671
1541	2998
1541	3016
1541	3018
1541	3026
1541	3029
1541	3031
1541	3042
1541	3048
1541	3049
1541	3930
1542	1541
1542	3000
1542	3003
1542	3006
1542	3567
1542	3573
1542	3592
1543	1542
1543	1548
1543	1547
1543	1549
1543	2998
1543	3000
1543	3003
1543	3011
1543	3016
1543	3018
1543	3034
1543	3044
1543	3046
1543	3048
1543	3051
1543	3061
1543	3062
1543	3096
1543	3101
1544	1540
1544	3049
1544	4054
1545	1540
1545	1549
1545	1550
1545	2797
1545	2825
1545	3011
1545	3696
1545	3698
1547	1546
1547	2374
1547	3032
1547	3037
1547	3050
1547	3064
1547	3065
1547	3066
1547	3067
1547	3556
1547	3563
1548	1547
1548	1549
1548	3009
1548	3011
1548	3015
1548	3021
1548	3022
1548	3033
1548	3034
1548	3043
1553	1552
1555	1554
1555	1586
1555	1622
1555	2154
1555	2455
1555	3697
1555	3754
1555	3757
1555	3994
1557	1556
1557	1560
1563	1562
1563	2051
1563	2053
1563	2060
1572	1571
1572	1580
1572	1581
1572	1582
1573	1572
1573	1575
1573	1578
1575	1574
1575	1579
1577	1576
1578	1577
1585	1596
1588	1587
1590	1589
1590	1631
1590	1646
1591	1590
1591	1635
1591	1645
1591	2952
1591	2989
1591	3176
1591	3586
1593	1592
1593	1596
1594	1592
1594	1604
1594	1605
1594	1630
1595	1592
1595	1633
1597	1596
1598	1596
1600	1599
1601	1599
1603	1602
1606	1605
1608	1607
1608	1789
1617	1616
1617	3759
1624	1623
1625	1624
1626	1623
1626	1627
1629	1628
1629	3163
1633	1632
1635	1634
1645	1644
1645	2963
1645	3750
1648	1647
1648	2957
1649	1648
1649	3101
1649	3108
1649	3595
1652	1651
1652	1654
1652	1653
1652	1677
1652	1679
1652	1680
1652	1690
1652	1693
1652	1694
1652	1697
1652	1743
1652	1747
1652	1750
1651	1653
1651	1693
1651	1694
1654	1653
1654	1673
1655	1654
1655	1677
1655	1679
1655	1697
1656	1655
1656	1662
1656	1666
1656	1696
1656	1715
1656	1733
1657	1656
1657	1661
1657	1697
1658	1653
1659	1653
1661	1660
1661	1665
1661	1670
1661	1690
1662	1660
1662	1670
1664	1663
1664	1679
1664	1752
1666	1665
1666	1690
1667	1666
1668	1742
1668	2059
1669	1668
1675	1674
1674	1679
1676	1674
1676	1687
1677	1697
1679	1678
1679	1687
1680	1679
1681	1679
1681	1697
1681	1698
1681	1734
1681	1735
1682	1679
1682	1683
1682	1742
1682	1744
1682	1745
1682	1746
1682	1747
1682	2059
1682	4215
1683	1679
1684	1683
1684	4215
1685	1683
1685	1742
1685	2059
1685	4215
1686	1678
1687	1740
1688	1687
1688	3598
1690	1689
1690	1733
1692	1691
1696	1695
1696	1715
1696	1730
1695	1732
1695	1735
1697	1696
1697	1700
1697	1719
1697	1731
1697	1733
1698	1696
1698	1733
1699	1695
1699	3598
1700	1718
1700	1720
1701	1702
1701	1708
1701	1709
1702	1703
1702	1704
1702	1705
1702	1706
1702	1707
1710	1702
1710	1711
1710	1712
1710	1713
1710	1709
1714	1702
1715	1717
1716	1715
1716	1734
1721	1722
1722	1723
1723	1724
1723	1725
1723	1726
1723	1727
1728	1722
1730	1729
1734	1733
1737	1736
1737	1740
1736	1747
1736	2060
1739	1738
1740	1739
1742	1743
1748	1747
1749	1747
1751	1750
1755	1754
1755	1760
1756	1755
1757	1755
1758	1755
1759	1755
1762	1761
1764	1763
1765	1763
1765	2655
1765	3581
1770	1769
1770	1773
1770	1802
1771	1770
1772	1770
1772	1774
1772	1802
1772	1803
1776	1775
1776	1795
1776	1804
1776	1989
1776	1990
1776	4054
1776	4055
1778	1789
1782	1781
1782	1783
1788	1787
1801	1800
1805	1806
1819	1818
1819	1827
1819	1828
1821	1820
1823	1822
1823	1824
1870	1875
1877	1876
1877	1880
1877	1881
1877	1918
1877	1934
1877	1936
1876	1888
1879	1940
1882	1881
1882	1888
1882	1904
1882	1936
1881	1957
1883	1881
1883	1906
1883	1922
1883	1957
1883	1965
1884	1883
1884	1889
1885	1883
1885	1889
1885	1949
1885	1952
1885	1960
1885	1976
1886	1881
1886	1888
1886	1894
1886	1913
1886	1927
1886	1934
1886	1936
1886	1938
1886	1976
1887	1886
1887	1897
1887	1899
1889	1888
1889	1916
1889	1937
1889	1936
1889	1948
1891	1890
1891	1896
1891	1905
1892	1891
1892	1892
1892	1893
1892	1904
1893	1891
1893	1904
1893	1912
1894	1893
1894	1894
1894	1919
1896	1895
1896	1946
1895	1922
1897	1896
1898	1896
1898	1895
1898	1928
1899	1896
1899	1905
1899	1904
1899	1903
1899	1912
1899	1923
1900	1895
1900	1903
1901	1895
1901	1902
1902	1895
1902	1903
1902	1904
1902	1922
1903	1895
1904	1903
1904	1918
1904	1922
1905	1904
1906	1904
1906	1957
1906	1965
1907	1906
1907	1964
1907	1966
1908	1907
1909	1907
1909	1914
1909	1916
1909	1937
1909	1958
1909	1964
1909	1990
1910	1906
1911	1903
1915	1915
1917	1916
1917	1937
1917	1948
1921	1920
1921	1998
1925	1924
1925	1926
1925	1929
1925	1983
1931	1930
1931	1940
1932	1931
1932	1933
1933	1930
1933	1940
1933	1941
1935	1937
1936	1935
1936	1941
1937	1936
1940	1940
1945	1957
1945	1965
1949	1948
1949	1965
1949	1991
1948	1957
1948	1984
1950	1949
1950	1948
1950	1965
1951	1950
1951	1957
1951	1958
1951	1959
1951	1965
1951	1991
1951	1993
1951	1997
1954	1954
1957	1968
1957	1981
1958	1957
1958	1991
1959	1958
1959	1993
1961	1960
1960	1964
1960	1968
1960	1980
1962	1964
1963	1963
1964	1970
1964	1972
1964	1978
1964	1983
1975	1974
1977	1976
1986	1985
1986	1987
1986	1988
1988	1987
1988	1989
1988	1990
1994	1995
1999	1999
2001	2000
2003	2003
2004	2003
2005	2003
2005	2005
2006	2005
2006	2007
2006	2129
2009	2008
2009	4073
2009	4074
2009	4075
2009	4076
2010	2008
2010	2130
2010	2132
2010	2134
2010	2136
2010	2137
2011	2296
2011	2297
2015	2014
2015	2016
2015	2017
2015	2018
2015	2021
2015	2140
2017	2059
2020	2019
2023	2022
2024	2023
2024	2028
2024	2029
2024	2030
2024	2045
2024	2048
2025	2023
2026	2023
2026	3173
2027	2022
2031	2033
2031	2039
2032	2031
2032	2038
2032	950
2032	2091
2032	2094
2032	2104
2032	2109
2032	2153
2032	2168
2032	2169
2032	2172
2032	2186
2032	2259
2032	2258
2032	2264
2032	2266
2032	2298
2032	2300
2032	2313
2032	2975
2032	3720
2032	3722
2034	2035
2036	2037
2041	2040
2041	2150
2041	3574
2042	2041
2042	2045
2042	2048
2042	2049
2042	2087
2043	2042
2043	2165
2044	2042
2044	2165
2047	2046
2047	2050
2047	2102
2047	2103
2052	2051
2052	2974
2051	2055
2051	2057
2051	2062
2055	2054
2055	2056
2062	2061
2062	2063
2065	2064
2065	2067
2065	2068
2066	950
2071	2070
2071	2659
2074	2073
2077	2076
2079	2078
2079	2093
2079	2095
2078	2081
2078	2082
2080	2078
2080	2084
2080	2292
2080	2293
2082	2083
2084	2093
2086	2085
2087	2085
2087	2087
2087	2094
2087	2104
2087	2108
2087	2110
2087	2313
2089	2088
2089	2292
2089	2301
2090	2089
2090	2177
2090	2269
2090	2290
2090	2317
2092	2093
2093	2094
2094	2095
2094	2313
2097	2096
2096	2098
2096	2099
2096	2100
2096	2101
2105	3473
2106	2105
2106	3484
2106	3581
2106	3591
2106	3604
2106	3607
2106	3641
2106	3646
2106	3657
2107	2106
2107	3714
2107	3723
2109	2108
2109	2110
2109	2166
2112	2111
2112	2113
2112	4126
2111	2113
2114	2114
2116	2115
2116	2117
2118	2117
2118	3732
2119	2117
2122	2121
2124	2123
2126	2125
2128	2127
2131	2130
2134	2133
2134	2135
2138	2137
2138	4197
2139	2137
2139	2695
2139	4076
2142	2141
2142	2144
2142	2146
2142	2147
2150	2149
2151	2150
2151	2166
2153	2152
2153	2168
2153	2170
2155	2156
2157	2156
2157	2258
2166	2167
2172	2171
2174	2173
2180	2179
2180	2186
2181	2179
2181	2363
2181	2375
2181	2826
2183	2035
2184	2185
2186	2258
2188	2187
2195	2196
2197	2196
2199	2198
2199	2202
2199	2206
2199	2208
2199	2215
2199	2218
2199	2220
2199	2224
2199	2232
2199	2234
2199	2239
2199	2241
2199	2250
2199	2252
2201	2200
2201	2207
2201	2211
2201	2214
2201	2219
2201	2223
2201	2233
2201	2240
2201	2243
2201	2247
2201	2251
2204	2203
2204	2209
2204	2212
2204	2216
2204	2221
2204	2225
2204	2229
2204	2231
2204	2235
2204	2236
2204	2242
2204	2244
2204	2248
2204	2253
2205	2268
2213	2255
2213	2265
2227	2226
2228	2226
2238	2258
2238	2264
2245	2268
2246	2245
2256	2255
2256	2258
2256	2264
2256	2265
2259	2258
2260	2259
2260	2263
2262	2261
2262	2320
2262	2321
2267	2266
2267	3164
2270	2269
2273	2272
2275	2274
2275	2276
2279	2278
2279	2280
2279	2284
2279	2285
2282	2281
2282	2286
2282	2279
2283	2281
2283	2982
2283	2987
2289	2288
2291	2290
2291	2332
2300	2299
2300	2307
2301	2302
2301	2303
2301	2304
2308	2309
2308	2310
2308	2311
2313	2314
2313	2316
2314	2315
2339	2344
2340	2339
2347	2346
2347	2366
2347	2380
2348	2346
2348	2356
2348	2366
2348	2367
2348	2372
2348	2380
2348	2467
2349	2348
2350	2349
2350	2467
2350	2482
2350	2481
2350	2510
2350	2561
2350	2625
2350	2673
2350	4136
2351	2346
2351	2352
2351	2353
2355	2354
2355	2540
2355	2543
2355	2622
2354	2354
2357	2356
2356	2374
2358	2356
2358	2387
2358	2425
2358	2427
2358	2533
2358	2599
2359	2358
2359	2383
2359	2384
2360	2356
2360	2533
2362	2361
2362	2375
2363	2361
2365	2364
2365	2516
2365	2538
2365	2624
2365	2673
2364	2366
2366	2628
2367	2366
2367	2509
2367	2559
2371	2370
2371	2677
2371	2678
2371	2754
2371	2790
2371	2839
2371	2840
2371	2851
2371	2853
2371	2854
2371	2868
2371	2869
2373	2372
2372	2506
2372	2557
2377	2541
2377	2542
2382	2381
2382	2390
2382	2391
2382	2392
2382	2399
2382	2404
2382	2408
2381	2409
2381	2458
2383	2382
2383	2387
2384	2382
2384	2391
2384	2392
2384	2399
2384	2408
2385	2381
2385	2438
2385	2440
2385	2673
2386	2385
2387	2386
2387	2425
2387	2427
2388	2385
2388	2438
2389	2388
2389	2426
2389	2429
2389	2440
2389	2457
2389	2461
2389	2462
2391	2402
2391	2403
2392	2400
2392	2401
2392	2405
2392	2407
2394	2393
2395	2394
2395	2396
2395	2398
2397	2426
2397	2439
2397	2440
2399	2406
2411	2410
2411	2413
2411	2414
2411	2415
2411	2418
2412	2411
2412	2510
2412	2561
2417	2416
2417	2433
2417	2434
2417	2435
2417	2436
2417	2442
2416	2419
2416	2420
2416	2421
2416	2422
2416	2423
2425	2424
2425	2430
2425	2437
2425	2438
2425	2439
2425	2440
2425	2441
2426	2424
2426	2431
2426	2432
2427	2426
2427	2445
2428	2426
2429	2424
2434	2446
2443	2442
2443	2444
2449	2533
2451	2450
2451	2475
2450	2540
2450	2541
2450	2542
2450	2543
2452	2451
2452	2477
2452	2478
2454	2453
2454	2487
2459	2458
2459	2462
2460	2458
2460	2460
2460	2464
2460	2782
2460	2835
2460	2966
2460	2996
2460	3008
2460	3026
2460	3032
2460	3171
2460	3170
2460	3674
2460	3675
2465	2464
2469	2468
2469	2471
2469	2475
2468	2470
2468	2472
2468	2473
2468	2474
2476	2475
2476	3196
2476	3641
2477	2475
2478	2475
2481	2482
2482	2481
2483	2482
2483	2881
2483	2941
2483	3943
2484	2483
2484	2936
2484	2942
2485	2484
2485	2943
2487	2486
2487	2494
2487	4136
2490	2489
2490	2506
2490	2507
2490	2509
2490	2532
2490	2534
2490	2536
2492	2491
2492	2496
2492	2497
2492	2498
2492	2499
2492	2501
2492	2502
2492	2503
2492	2505
2493	2492
2493	2545
2494	2493
2494	2510
2494	2512
2494	2513
2494	2538
2494	2561
2494	2625
2495	2493
2495	2510
2495	2561
2500	2499
2500	2517
2500	2549
2500	2550
2504	2503
2504	2517
2504	2553
2508	2507
2508	2510
2508	2555
2508	2561
2508	2597
2510	2523
2510	2524
2510	2525
2510	2526
2510	2527
2510	2528
2510	2529
2510	2530
2510	2531
2511	2510
2511	2561
2511	2626
2511	2672
2512	2510
2512	2561
2513	2512
2514	2510
2514	2534
2514	2561
2514	2633
2515	2510
2515	2535
2515	2561
2515	2599
2516	2515
2516	2561
2517	2510
2517	2561
2517	4136
2518	2517
2519	2518
2519	2522
2520	2517
2520	2655
2521	2517
2522	2517
2522	4150
2533	2532
2533	2631
2537	2536
2537	2586
2537	2621
2538	2537
2538	2575
2539	2538
2539	2625
2539	2672
2545	2544
2545	2547
2545	2548
2545	2549
2545	2550
2545	2551
2545	2552
2545	2553
2545	2554
2545	2588
2544	2587
2546	2545
2548	2589
2549	2590
2550	2591
2551	2592
2552	2593
2553	2594
2554	2595
2557	2556
2557	2598
2559	2558
2559	2599
2561	2560
2561	2567
2561	2600
2561	2667
2560	2563
2560	2564
2560	2565
2560	2568
2560	2569
2560	2570
2560	2571
2560	2572
2562	2561
2562	2573
2562	2599
2562	2610
2567	2566
2567	2604
2575	2574
2575	2611
2574	2577
2574	2578
2574	2579
2574	2580
2574	2581
2574	2582
2574	2583
2574	2584
2574	2585
2576	2575
2600	2601
2600	2602
2600	2603
2600	2605
2600	2606
2600	2607
2600	2608
2600	2609
2611	2612
2611	2613
2611	2614
2611	2615
2611	2616
2611	2617
2611	2618
2611	2619
2611	2620
2624	2625
2626	2625
2627	2625
2631	2630
2633	2632
2637	2636
2637	3489
2637	3892
2638	2637
2639	2638
2640	2637
2640	3489
2641	2637
2641	3409
2641	3489
2641	3500
2641	3501
2641	3503
2652	2651
2652	2653
2652	2654
2652	2661
2656	2655
2658	2671
2662	2663
2665	2666
2668	2669
2669	2670
2675	2674
2676	2674
2684	2686
2684	2687
2684	2689
2685	2684
2685	2688
2685	2690
2686	2686
2692	2691
2692	2693
2692	2695
2694	2693
2696	2695
2699	2698
2699	2705
2699	2713
2698	2700
2698	2717
2698	2738
2698	2742
2703	2702
2708	2709
2708	2710
2718	2739
2722	2721
2722	2881
2724	2723
2725	2724
2725	3995
2746	2745
2746	2748
2746	3189
2746	3380
2746	3668
2746	3669
2747	2746
2747	2861
2747	3183
2747	3186
2747	3188
2747	3672
2747	4218
2750	2749
2750	3172
2750	3193
2750	3194
2752	2751
2753	2751
2757	2756
2758	2757
2758	2790
2766	2768
2774	2773
2777	2776
2781	2780
2781	2781
2781	3505
2785	2784
2785	3074
2785	3080
2785	3085
2785	3999
2790	2789
2790	2791
2792	2797
2792	2799
2792	2814
2792	2816
2792	2823
2792	2825
2792	2826
2792	2831
2792	2833
2793	2796
2793	2803
2793	2806
2793	2807
2793	2808
2793	2810
2793	2819
2793	2821
2793	2828
2794	2798
2794	2800
2794	2809
2794	2811
2794	2813
2794	2834
2796	2795
2796	2805
2797	2833
2803	2802
2803	2812
2803	2815
2803	2820
2803	2830
2803	2832
2802	2804
2802	2827
2804	2846
2806	2846
2807	3063
2807	3064
2808	2846
2815	2846
2817	2816
2817	3032
2818	2817
2818	3510
2818	3512
2818	3516
2818	3518
2820	2846
2822	2821
2822	2859
2822	3555
2824	2823
2824	2825
2825	2826
2827	2846
2828	3066
2829	2828
2830	2846
2843	2842
2843	2856
2843	2858
2843	2861
2845	2844
2848	2847
2848	2849
2848	3615
2853	2852
2856	2855
2856	2857
2856	2864
2861	2860
2863	2862
2865	2865
2877	2876
2879	2878
2880	2880
2881	2892
2882	2881
2882	2894
2883	2882
2883	2885
2884	2881
2884	2946
2885	2881
2885	2905
2886	2881
2886	2887
2886	3396
2886	3945
2886	3978
2889	2888
2889	2890
2889	2891
2893	2892
2893	3944
2896	2895
2896	2904
2896	2903
2897	2896
2897	2883
2899	2898
2899	2901
2900	2898
2902	2901
2904	2903
2910	2911
2910	2912
2910	2923
2912	2913
2912	2920
2912	2921
2913	2914
2913	2915
2913	2916
2916	2917
2916	2919
2917	2918
2919	2918
2921	2922
2924	2925
2924	2914
2926	2927
2926	2913
2928	2929
2928	2930
2928	2913
2928	2918
2931	2932
2931	2914
2931	2923
2931	2933
2931	2934
2934	2935
2936	2937
2940	2939
2940	2937
2940	2941
2944	2949
2947	2946
2951	3684
2954	2953
2954	2955
2954	3610
2954	3671
2963	2962
2965	2964
2965	2966
2965	2971
2965	2976
2965	3923
2964	2979
2970	2969
2972	2971
2972	3567
2972	3592
2972	3598
2973	2974
2976	2977
2976	2978
2983	2982
2983	2987
2983	3497
2986	2985
2988	2987
2994	2993
2994	2995
2994	2996
2998	2997
2998	3030
2998	3051
2998	3061
2998	3062
2997	3019
3000	2999
3000	3001
3000	3002
3000	3004
3000	3005
3000	3007
3000	3099
3000	3928
3009	3008
3009	3010
3009	3027
3013	3012
3013	3015
3013	3023
3013	3036
3015	3014
3015	3024
3015	3038
3018	3017
3018	3063
3021	3020
3021	3039
3025	3024
3029	3028
3029	3046
3029	3047
3029	3931
3035	3034
3035	3555
3035	3562
3041	3040
3042	3041
3045	3044
3051	3058
3051	3059
3051	3060
3052	3051
3053	3051
3054	3051
3054	3054
3075	3076
3080	3079
3080	3082
3080	3087
3081	3079
3081	3087
3084	3083
3084	3085
3084	3086
3091	3090
3091	3092
3094	3093
3095	3096
3098	3098
3100	3101
3103	3102
3103	3104
3103	3105
3103	3488
3103	3667
3103	3669
3103	3670
3110	3109
3110	3121
3110	3122
3110	3128
3110	3129
3110	3134
3110	3137
3110	3141
3110	3147
3110	3148
3110	3151
3110	3152
3109	3115
3111	3109
3111	3121
3111	3122
3111	3123
3111	3124
3111	3137
3111	3141
3111	3147
3111	3148
3111	3151
3111	3152
3111	3156
3111	3157
3111	3158
3111	3159
3111	3160
3111	3162
3111	3163
3111	3164
3111	3165
3111	3166
3111	3168
3111	3173
3111	3290
3111	3331
3112	3111
3112	3979
3114	3113
3115	3114
3115	3116
3119	3126
3138	3139
3138	3140
3142	3143
3142	3144
3161	3160
3161	3169
3171	3170
3174	3173
3174	3200
3174	3206
3174	3207
3174	3208
3174	3209
3174	3210
3174	3211
3174	3212
3174	3213
3174	3214
3174	3223
3174	3224
3174	3225
3174	3226
3174	3228
3174	3230
3174	3234
3174	3243
3174	3244
3174	3245
3174	3246
3174	3257
3174	3260
3174	3261
3174	3265
3174	3267
3174	3274
3174	3275
3173	3237
3173	3269
3173	3270
3173	3271
3173	3272
3173	3273
3173	3307
3173	3316
3176	3175
3176	3182
3175	3177
3175	3184
3175	3190
3175	3191
3178	3185
3178	3248
3178	3266
3178	3277
3178	3278
3179	3199
3179	3203
3179	3215
3179	3216
3179	3221
3179	3222
3179	3229
3179	3231
3179	3232
3179	3233
3179	3235
3179	3236
3179	3238
3179	3251
3179	3252
3179	3253
3179	3255
3179	3256
3179	3258
3179	3259
3179	3263
3179	3268
3180	3205
3181	3217
3181	3239
3185	3242
3187	3187
3191	3282
3193	3192
3196	3195
3196	3197
3202	3218
3220	3219
3220	3285
3220	3287
3220	3352
3220	3384
3224	3227
3228	3276
3241	3240
3241	3247
3249	3352
3250	3249
3250	3279
3250	3280
3269	3333
3281	3280
3284	3283
3284	3286
3284	3288
3284	3295
3284	3296
3284	3297
3284	3298
3284	3299
3284	3300
3284	3301
3284	3302
3284	3303
3284	3304
3284	3305
3284	3307
3284	3310
3284	3311
3284	3314
3284	3315
3284	3316
3284	3317
3284	3318
3284	3319
3284	3320
3284	3321
3284	3322
3284	3323
3284	3325
3284	3328
3284	3332
3284	3333
3284	3335
3284	3338
3284	3343
3284	3344
3284	3345
3284	3346
3284	3347
3284	3348
3284	3349
3284	3350
3284	3351
3284	3353
3284	3354
3284	3355
3284	3356
3284	3357
3284	3358
3284	3359
3284	3360
3284	3365
3284	3367
3284	3370
3284	3371
3284	3372
3284	3373
3284	3375
3284	3376
3284	3377
3284	3378
3284	3385
3285	3284
3285	3289
3285	3291
3285	3293
3285	3294
3285	3306
3285	3312
3285	3334
3285	3336
3285	3340
3285	3363
3285	3369
3285	3386
3285	3387
3291	3290
3291	3330
3291	3331
3291	3339
3291	3342
3293	3292
3293	3308
3293	3309
3293	3313
3293	3326
3293	3327
3293	3361
3293	3362
3293	3364
3293	3366
3293	3368
3293	3374
3293	3379
3330	3329
3338	3337
3340	3341
3381	3384
3383	3382
3383	3385
3383	3389
3382	3382
3391	3392
3391	3393
3404	3404
3405	3404
3405	3405
3405	3416
3405	3417
3407	3406
3409	3408
3409	3422
3409	3430
3408	3416
3410	3409
3410	3627
3411	3410
3411	3595
3411	3598
3411	3635
3412	3408
3412	3414
3412	3416
3413	3412
3414	3416
3415	3414
3415	3416
3419	3424
3419	3425
3421	3420
3421	3421
3421	3425
3422	3425
3423	3422
3423	3424
3423	3425
3424	3425
3427	3432
3427	3433
3429	3428
3429	3429
3429	3433
3430	3433
3431	3430
3431	3432
3431	3433
3432	3433
3436	3435
3436	3440
3438	3437
3438	3439
3438	3441
3443	3442
3443	3444
3443	3690
3445	3445
3446	3446
3448	3447
3450	3449
3453	3452
3455	3454
3457	3456
3457	3461
3456	3458
3456	3459
3459	3460
3460	3471
3461	3460
3461	3684
3461	3686
3461	3696
3462	3464
3462	3467
3464	3463
3464	3468
3464	3481
3465	3464
3465	3467
3465	3469
3465	3471
3465	3477
3465	3478
3465	3480
3465	3672
3467	3466
3467	3479
3471	3470
3471	3472
3473	3484
3474	3473
3476	3475
3477	3476
3483	3482
3483	3492
3483	3501
3483	3672
3485	3484
3487	3486
3490	3489
3491	3491
3494	3493
3494	3497
3496	3495
3497	3498
3497	3499
3505	3504
3505	3506
3505	3507
3505	3509
3510	3516
3510	3518
3510	3522
3510	3525
3516	3515
3516	3529
3518	3517
3518	3519
3518	3520
3518	3523
3518	3524
3518	3526
3518	3527
3518	3530
3518	3531
3518	3532
3518	3533
3522	3521
3522	3528
3535	3534
3535	3537
3535	3548
3538	3539
3541	3540
3541	3551
3543	3542
3544	3543
3544	3546
3546	3545
3546	3547
3549	3550
3558	3557
3561	3560
3562	3561
3565	3564
3568	3567
3568	3592
3571	3570
3571	3579
3571	3591
3571	3594
3571	3603
3572	3571
3575	3574
3575	3597
3575	3599
3578	3577
3578	3581
3578	3582
3578	3602
3584	3583
3584	3724
3585	3583
3587	3589
3596	3595
3601	3600
3601	3602
3604	3605
3605	3610
3607	3606
3607	3609
3608	3606
3608	3610
3609	3610
3611	3611
3613	3612
3613	3614
3615	3615
3618	3617
3617	3619
3617	3620
3621	3624
3621	3626
3623	3622
3623	3623
3623	3626
3625	3624
3625	3626
3624	3626
3627	3626
3628	3627
3628	3630
3628	3631
3628	3635
3628	3639
3632	3634
3635	3634
3634	3638
3636	3635
3638	3637
3651	3650
3651	3652
3651	3653
3651	3656
3651	3657
3654	3653
3654	3655
3662	3662
3664	3663
3664	3667
3665	3664
3665	3666
3665	3668
3665	3669
3665	3672
3666	3666
3673	3676
3673	3678
3673	3682
3688	3689
3692	3693
3694	3695
3699	3698
3699	3700
3699	3708
3701	3702
3703	3704
3704	3706
3710	3709
3710	3711
3716	3715
3716	3716
3717	3715
3721	3735
3729	3729
3730	3730
3733	3732
3734	3732
3756	3755
3756	3758
3760	3761
3764	3763
3765	3764
3765	3808
3765	3832
3765	3848
3765	4026
3767	3766
3767	3769
3767	3773
3767	3774
3767	3777
3767	4003
3766	3771
3769	3768
3773	3772
3773	3775
3773	3776
3779	3778
3779	3781
3779	3791
3779	3804
3779	3810
3779	3814
3779	3816
3779	4008
3778	3816
3778	3821
3778	3851
3780	3778
3781	3783
3781	3786
3783	3851
3784	3783
3784	3859
3786	3785
3786	3825
3786	3851
3786	3855
3787	3786
3787	3826
3787	3859
3787	3862
3787	3975
3788	3785
3788	3831
3788	3950
3790	3789
3790	3791
3790	3795
3789	3792
3789	3793
3794	3793
3797	3796
3797	3798
3797	3801
3797	4003
3799	3798
3799	3802
3799	3811
3800	3799
3803	3802
3803	3804
3803	3816
3803	4008
3810	3809
3810	3811
3810	3859
3813	3812
3813	3816
3813	3818
3813	3968
3813	4022
3813	4023
3818	3817
3819	3819
3820	3819
3820	3963
3822	3821
3822	3852
3821	3825
3824	3823
3824	3829
3825	3830
3825	3863
3827	3826
3827	3850
3827	3854
3827	3862
3826	3854
3829	3828
3829	3843
3829	3860
3828	3844
3828	3838
3828	3857
3830	3831
3830	3856
3830	3857
3835	3839
3837	3836
3836	3838
3836	3845
3839	3838
3839	3845
3839	3854
3840	3839
3840	3876
3840	3975
3841	3840
3841	3859
3841	3872
3841	3874
3841	3968
3841	4022
3842	3839
3843	3842
3843	3844
3844	3839
3852	3851
3852	3855
3853	3851
3859	3858
3860	3859
3861	3859
3865	3864
3865	3866
3865	3868
3865	3870
3865	3900
3865	4013
3865	4014
3865	4015
3867	3866
3867	3870
3868	3866
3869	3868
3869	3870
3872	3871
3876	3875
3877	3974
3880	3879
3880	3963
3882	3881
3883	3881
3883	3899
3883	3909
3883	3985
3883	3998
3884	3883
3885	3884
3886	3883
3887	3883
3887	3907
3890	3889
3894	3893
3894	3902
3894	3905
3894	4016
3894	4017
3896	3895
3898	3897
3898	3905
3901	3900
3901	3904
3903	3902
3903	3904
3904	3905
3906	3905
3910	3916
3910	3918
3911	3912
3913	3914
3914	3915
3916	3940
3917	3916
3917	3940
3917	3964
3917	3966
3917	3967
3917	3968
3917	4022
3918	3956
3918	3960
3922	3921
3933	3932
3934	3932
3938	3937
3941	3940
3941	3956
3941	3960
3942	3940
3943	3940
3943	3956
3943	3960
3943	4005
3943	4010
3943	4018
3944	3943
3945	3943
3946	3943
3947	3946
3947	3948
3948	3943
3952	3951
3952	3954
3952	3955
3953	3951
3953	3954
3953	3955
3953	3956
3953	3957
3953	3960
3957	3956
3957	3960
3958	3957
3958	3970
3958	3972
3959	3957
3959	3974
3959	3976
3966	3965
3966	3969
3972	3971
3973	3971
3974	3975
3987	3986
3987	3989
3987	3990
3987	3991
3993	4003
4000	3999
4002	4001
4004	4003
4004	4022
4004	4023
4005	4003
4005	4007
4005	4018
4006	4005
4007	4005
4008	4005
4008	4010
4009	4005
4010	4005
4010	4018
4010	4027
4011	4010
4012	4010
4012	4030
4012	4031
4020	4019
4026	4025
4028	4027
4030	4032
4030	4033
4030	4034
4030	4035
4030	4036
4030	4037
4043	4042
4053	4052
4056	4055
4057	4055
4058	4055
4065	4064
4065	4066
4065	4067
4069	4070
4071	4070
4071	4072
4077	4124
4080	1336
4081	1336
4082	1336
4083	1336
4093	4094
4117	4116
4118	4116
4118	4119
4118	4120
4122	4123
4126	4125
4126	4129
4126	4130
4126	4131
4126	4132
4126	4133
4126	4134
4127	4126
4135	4143
4135	4144
4135	4145
4135	4146
4135	4148
4135	4149
4135	4150
4135	4151
4135	4153
4135	4154
4135	4156
4135	4157
4136	4135
4137	4135
4138	4143
4139	4142
4141	4145
4141	4148
4155	4156
4160	4175
4162	4161
4162	4169
4162	4171
4162	4172
4162	4173
4162	4176
4162	4178
4162	4180
4161	4174
4161	4177
4161	4181
4163	4165
4163	4183
4163	4184
4165	4166
4198	4197
4203	4202
4203	4204
