1	0
1	179
1	4157
1	4193
2	1
2	47
2	54
2	172
2	176
2	177
2	178
2	182
2	183
2	241
2	244
2	251
2	254
2	672
2	822
2	4150
2	4176
2	4184
2	4197
2	4198
3	2
3	170
3	4141
3	4143
3	4173
4	3
5	4
6	4
6	11
6	20
6	43
6	42
6	45
6	15
6	17
6	63
6	67
6	91
6	34
6	106
6	171
6	178
6	183
6	184
6	192
6	198
6	216
6	217
6	218
6	226
6	237
6	239
6	264
6	302
6	330
6	329
6	362
6	365
6	378
6	433
6	441
6	442
6	457
6	478
6	595
6	727
6	724
6	738
6	753
6	760
6	765
6	796
6	804
6	830
6	846
6	884
6	1140
6	1182
6	1211
6	1223
6	1229
6	1234
6	1265
6	1267
6	1270
6	1293
6	1316
6	1506
6	1539
6	1555
6	1578
6	1617
6	1636
6	1879
6	1897
6	1908
6	1899
6	1919
6	1929
6	1940
6	1944
6	1948
6	1949
6	1952
6	1958
6	1962
6	1964
6	1966
6	1968
6	1970
6	1972
6	1974
6	1982
6	1994
6	1999
6	2027
6	2032
6	2033
6	2069
6	2143
6	2202
6	2238
6	2254
6	2307
6	2312
6	2361
6	2379
6	2433
6	2434
6	2436
6	2517
6	2595
6	2640
6	2644
6	2669
6	2803
6	2810
6	2815
6	2817
6	2819
6	2827
6	2846
6	2847
6	2880
6	2907
6	2909
6	2951
6	2967
6	2973
6	2975
6	2976
6	2983
6	2988
6	2996
6	3000
6	3004
6	3017
6	3037
6	3039
6	3040
6	3055
6	3056
6	3062
6	3063
6	3068
6	3082
6	3099
6	3110
6	3200
6	3385
6	3413
6	3421
6	3430
6	3438
6	3465
6	3482
6	3495
6	3496
6	3502
6	3507
6	3531
6	3573
6	3580
6	3593
6	3599
6	3602
6	3605
6	3633
6	3684
6	3694
6	3760
6	3762
6	3807
6	3849
6	3935
6	3943
6	4018
6	4023
6	4054
6	4089
6	4151
6	4155
6	4170
6	4171
6	4173
6	4216
7	3
7	19
7	26
7	29
7	42
7	45
7	48
7	50
7	49
7	55
7	59
7	64
7	67
7	68
7	69
7	73
7	81
7	83
7	96
7	97
7	104
7	121
7	149
7	158
7	165
7	171
7	172
7	176
7	187
7	189
7	192
7	198
7	199
7	204
7	207
7	208
7	209
7	210
7	217
7	218
7	220
7	223
7	226
7	229
7	234
7	239
7	243
7	253
7	255
7	301
7	303
7	314
7	318
7	332
7	335
7	405
7	421
7	456
7	455
7	458
7	460
7	466
7	472
7	477
7	482
7	489
7	544
7	589
7	590
7	596
7	599
7	600
7	608
7	613
7	660
7	662
7	665
7	671
7	672
7	673
7	675
7	680
7	689
7	697
7	708
7	712
7	724
7	732
7	736
7	738
7	746
7	750
7	753
7	754
7	757
7	759
7	756
7	765
7	772
7	780
7	786
7	789
7	796
7	807
7	817
7	822
7	828
7	829
7	882
7	890
7	906
7	1140
7	1161
7	1166
7	1167
7	1174
7	1175
7	1183
7	1182
7	1190
7	1194
7	1195
7	1196
7	1205
7	1220
7	1219
7	1227
7	1229
7	1237
7	1260
7	1261
7	1269
7	1270
7	1279
7	1311
7	1312
7	1315
7	1314
7	1319
7	1329
7	1330
7	1332
7	1334
7	1340
7	1347
7	1406
7	1429
7	1486
7	1511
7	1525
7	1556
7	1578
7	1596
7	1618
7	1623
7	1631
7	1632
7	1633
7	1648
7	1646
7	1658
7	1663
7	1671
7	1680
7	1740
7	1746
7	1751
7	1754
7	1780
7	1787
7	1788
7	1877
7	1888
7	1903
7	1921
7	1935
7	1954
7	1963
7	1964
7	1966
7	1968
7	1969
7	1973
7	1996
7	2017
7	2025
7	2032
7	2034
7	2047
7	2054
7	2056
7	951
7	2068
7	2081
7	2092
7	2095
7	2117
7	2120
7	2122
7	2121
7	2123
7	2143
7	2167
7	2199
7	2211
7	2215
7	2216
7	2217
7	2219
7	2243
7	2261
7	2267
7	2272
7	2273
7	2278
7	2281
7	2291
7	2293
7	2305
7	2306
7	2310
7	2312
7	2315
7	2316
7	2329
7	2330
7	2331
7	2353
7	2361
7	2377
7	2383
7	2381
7	2386
7	2387
7	2388
7	2392
7	2395
7	2404
7	2429
7	2445
7	2449
7	2482
7	2483
7	2499
7	2501
7	2516
7	2537
7	2571
7	2631
7	2638
7	2640
7	2646
7	2658
7	2675
7	2677
7	2687
7	2693
7	2727
7	2735
7	2872
7	2980
7	2982
7	2988
7	2990
7	3082
7	3097
7	3103
7	3106
7	3120
7	3121
7	3137
7	3138
7	3139
7	3171
7	3176
7	3197
7	3198
7	3199
7	3203
7	3204
7	3207
7	3209
7	3210
7	3213
7	3214
7	3215
7	3217
7	3221
7	3222
7	3223
7	3224
7	3225
7	3226
7	3228
7	3230
7	3235
7	3240
7	3245
7	3247
7	3249
7	3251
7	3254
7	3255
7	3256
7	3258
7	3260
7	3261
7	3262
7	3264
7	3265
7	3266
7	3268
7	3270
7	3271
7	3275
7	3276
7	3385
7	3400
7	3402
7	3409
7	3422
7	3425
7	3426
7	3428
7	3433
7	3434
7	3436
7	3457
7	3485
7	3559
7	3576
7	3586
7	3601
7	3605
7	3607
7	3609
7	3610
7	3616
7	3629
7	3630
7	3632
7	3631
7	3645
7	3644
7	3667
7	3713
7	3720
7	3721
7	3738
7	3746
7	3752
7	3753
7	3756
7	3778
7	3811
7	3816
7	3818
7	3825
7	3858
7	3889
7	3917
7	3920
7	3964
7	3968
7	3972
7	3985
7	3989
7	3997
7	4005
7	4012
7	4018
7	4052
7	4054
7	4058
7	4077
7	4080
7	4086
7	4088
7	4099
7	4101
7	4108
7	4111
7	4113
7	4126
7	4135
7	4139
7	4154
7	4156
7	4159
7	4161
7	4162
7	4163
7	4164
7	4168
7	4170
7	4172
7	4173
7	4174
7	4175
7	4179
7	4180
7	4181
7	4199
7	4200
7	4201
7	4202
7	4203
7	4204
7	4205
7	4206
7	4207
7	4208
7	4209
7	4210
7	4213
7	4214
8	3
9	8
9	14
9	16
9	18
9	19
9	35
9	38
9	40
9	48
9	55
9	59
9	64
9	65
9	73
9	95
9	96
9	97
9	169
9	4151
9	4152
9	4153
9	4155
9	4156
9	4169
9	4177
9	4178
10	9
11	8
11	2
11	38
11	1
11	40
11	65
11	73
11	97
11	170
11	178
11	241
11	672
11	822
11	4141
11	4143
11	4151
11	4152
11	4155
11	4156
11	4159
11	4160
11	4161
11	4162
11	4163
11	4164
11	4165
11	4167
11	4168
11	4170
11	4173
11	4177
11	4178
11	4180
12	11
12	8
12	14
12	17
12	2
12	18
12	21
12	20
12	35
12	1
12	41
12	40
12	43
12	42
12	49
12	65
12	73
12	83
12	82
12	81
12	95
12	96
12	104
12	114
12	127
12	170
12	171
12	172
12	180
12	182
12	183
12	184
12	188
12	195
12	216
12	218
12	226
12	247
12	246
12	302
12	318
12	353
12	360
12	364
12	371
12	373
12	375
12	378
12	405
12	421
12	426
12	431
12	433
12	435
12	437
12	438
12	440
12	441
12	442
12	446
12	448
12	449
12	451
12	465
12	470
12	480
12	490
12	539
12	579
12	586
12	673
12	675
12	689
12	698
12	724
12	739
12	746
12	745
12	747
12	753
12	757
12	759
12	756
12	760
12	765
12	772
12	789
12	817
12	822
12	826
12	829
12	833
12	845
12	848
12	878
12	882
12	890
12	897
12	930
12	933
12	925
12	1070
12	1073
12	1094
12	1126
12	1127
12	1129
12	1130
12	1131
12	1132
12	1134
12	1137
12	1138
12	1140
12	1172
12	1183
12	1182
12	1181
12	1187
12	1188
12	1189
12	1190
12	1191
12	1192
12	1193
12	1194
12	1211
12	1210
12	1225
12	1227
12	1228
12	1229
12	1234
12	1257
12	1261
12	1263
12	1268
12	1308
12	1310
12	1319
12	1317
12	1321
12	1330
12	1332
12	1334
12	1402
12	1400
12	1405
12	1423
12	1515
12	1524
12	1536
12	1534
12	1541
12	1567
12	1581
12	1596
12	1617
12	1623
12	1631
12	1632
12	1633
12	1654
12	1658
12	1663
12	1673
12	1672
12	1690
12	1689
12	1688
12	1693
12	1722
12	1725
12	1726
12	1732
12	1740
12	1741
12	1749
12	1746
12	1745
12	1751
12	1754
12	1757
12	1769
12	1780
12	1781
12	1787
12	1877
12	1881
12	1889
12	1898
12	1897
12	1895
12	1894
12	1906
12	1908
12	1914
12	1926
12	1929
12	1927
12	1931
12	1941
12	1940
12	1944
12	1951
12	1950
12	1949
12	1952
12	1956
12	1958
12	1969
12	1983
12	1984
12	1994
12	1996
12	1998
12	1999
12	2010
12	2011
12	2049
12	2054
12	2056
12	951
12	2095
12	2094
12	2093
12	2097
12	2101
12	2108
12	2111
12	2115
12	2128
12	2143
12	2146
12	2147
12	2154
12	2155
12	2167
12	2179
12	2244
12	2247
12	2252
12	2253
12	2260
12	2264
12	2270
12	2291
12	2299
12	2305
12	2306
12	2308
12	2317
12	2327
12	2329
12	2330
12	2332
12	2344
12	2366
12	2373
12	2374
12	2407
12	2412
12	2429
12	2436
12	2440
12	2483
12	2484
12	2509
12	2508
12	2506
12	2522
12	2534
12	2537
12	2538
12	2557
12	2563
12	2571
12	2620
12	2621
12	2638
12	2645
12	2663
12	2667
12	2673
12	2674
12	2677
12	2678
12	2685
12	2742
12	2751
12	2763
12	2775
12	2777
12	2781
12	2824
12	2823
12	2833
12	2841
12	2845
12	2854
12	2855
12	2870
12	2881
12	2907
12	2946
12	2953
12	2961
12	2965
12	2969
12	2975
12	2982
12	2988
12	2994
12	3005
12	3009
12	3017
12	3018
12	3034
12	3035
12	3046
12	3050
12	3052
12	3062
12	3063
12	3070
12	3071
12	3093
12	3096
12	3100
12	3102
12	3106
12	3114
12	3137
12	3158
12	3159
12	3160
12	3198
12	3217
12	3385
12	3386
12	3415
12	3414
12	3413
12	3420
12	3421
12	3424
12	3430
12	3432
12	3452
12	3456
12	3469
12	3472
12	3474
12	3481
12	3485
12	3489
12	3510
12	3509
12	3511
12	3512
12	3519
12	3579
12	3581
12	3583
12	3587
12	3594
12	3597
12	3602
12	3605
12	3607
12	3609
12	3610
12	3628
12	3641
12	3657
12	3664
12	3665
12	3667
12	3713
12	3720
12	3721
12	3725
12	3737
12	27
12	3760
12	3761
12	3765
12	3774
12	3780
12	3782
12	3783
12	3789
12	3790
12	3793
12	3801
12	3805
12	3807
12	3811
12	3828
12	3847
12	3849
12	3859
12	3863
12	3871
12	3911
12	3916
12	3917
12	3899
12	3941
12	3944
12	3950
12	3949
12	3954
12	3955
12	3961
12	3968
12	3967
12	3971
12	3974
12	3979
12	3985
12	3988
12	3997
12	3998
12	4001
12	4012
12	4016
12	4018
12	4023
12	4034
12	4035
12	4050
12	4051
12	4052
12	4061
12	1773
12	4067
12	4073
12	4075
12	4139
12	4141
12	4151
12	4153
12	4164
12	4165
12	4170
12	4172
12	4173
12	4176
12	4179
12	4191
13	11
13	14
13	16
13	18
13	26
13	31
13	33
13	19
13	50
13	51
13	49
13	53
13	48
13	55
13	59
13	63
13	64
13	80
13	87
13	88
13	89
13	83
13	95
13	96
13	103
13	117
13	110
13	133
13	131
13	145
13	159
13	166
13	167
13	168
13	171
13	172
13	180
13	182
13	183
13	184
13	190
13	213
13	214
13	226
13	239
13	245
13	244
13	251
13	255
13	256
13	254
13	258
13	260
13	262
13	264
13	265
13	267
13	268
13	270
13	284
13	288
13	290
13	293
13	303
13	302
13	324
13	336
13	337
13	338
13	340
13	343
13	344
13	346
13	348
13	350
13	351
13	352
13	354
13	393
13	401
13	412
13	414
13	416
13	417
13	420
13	428
13	436
13	439
13	443
13	444
13	498
13	506
13	508
13	510
13	515
13	516
13	517
13	521
13	522
13	523
13	525
13	528
13	529
13	540
13	542
13	548
13	557
13	562
13	563
13	568
13	575
13	576
13	577
13	578
13	606
13	607
13	610
13	611
13	612
13	616
13	623
13	634
13	640
13	642
13	643
13	648
13	651
13	658
13	660
13	665
13	672
13	676
13	680
13	689
13	688
13	687
13	686
13	684
13	693
13	694
13	696
13	698
13	702
13	703
13	705
13	706
13	707
13	708
13	710
13	711
13	713
13	714
13	721
13	727
13	724
13	731
13	734
13	733
13	737
13	740
13	739
13	747
13	749
13	758
13	756
13	761
13	763
13	762
13	764
13	767
13	768
13	775
13	772
13	778
13	779
13	781
13	783
13	782
13	786
13	790
13	792
13	791
13	793
13	795
13	797
13	798
13	801
13	802
13	804
13	805
13	806
13	807
13	813
13	812
13	814
13	815
13	816
13	817
13	819
13	820
13	824
13	826
13	827
13	829
13	831
13	833
13	844
13	871
13	881
13	889
13	893
13	895
13	896
13	908
13	909
13	933
13	925
13	965
13	984
13	989
13	1012
13	1023
13	1010
13	1030
13	1005
13	1039
13	995
13	1071
13	1072
13	1075
13	1078
13	1126
13	1127
13	1129
13	1131
13	1132
13	1133
13	1134
13	1137
13	1169
13	1168
13	1167
13	1172
13	1175
13	1176
13	1177
13	1179
13	1180
13	1184
13	1187
13	1189
13	1188
13	1191
13	1192
13	1193
13	1194
13	1197
13	1199
13	1200
13	1204
13	1205
13	1207
13	1211
13	1218
13	1220
13	1234
13	1240
13	1255
13	1258
13	1260
13	1261
13	1263
13	1272
13	1273
13	1276
13	1278
13	1279
13	1282
13	1283
13	1284
13	1288
13	1286
13	1293
13	1300
13	1302
13	1305
13	1308
13	1309
13	1312
13	1311
13	1313
13	1319
13	1317
13	1316
13	1330
13	1333
13	1341
13	1433
13	1432
13	1439
13	1440
13	1441
13	1443
13	1442
13	1438
13	1445
13	1453
13	1452
13	1451
13	1450
13	1469
13	1471
13	1476
13	1479
13	1486
13	1489
13	1490
13	1495
13	1498
13	1500
13	1503
13	1504
13	1509
13	1519
13	1520
13	1523
13	1524
13	1532
13	1533
13	1540
13	1550
13	1552
13	1554
13	1556
13	1564
13	1577
13	1579
13	1581
13	1586
13	1596
13	1598
13	1613
13	1614
13	1616
13	1620
13	1626
13	1629
13	1630
13	1631
13	1632
13	1644
13	1647
13	1653
13	1656
13	1658
13	1664
13	1666
13	1670
13	1672
13	1683
13	1686
13	1690
13	1693
13	1711
13	1713
13	1726
13	1728
13	1729
13	1732
13	1734
13	1735
13	1736
13	1739
13	1740
13	1741
13	1743
13	1744
13	1749
13	1746
13	1748
13	1754
13	1760
13	1764
13	1766
13	1780
13	1782
13	1783
13	1784
13	1789
13	1793
13	1796
13	1885
13	1888
13	1889
13	1898
13	1897
13	1903
13	1922
13	1935
13	1939
13	1947
13	1950
13	1952
13	1955
13	1956
13	1960
13	1961
13	1962
13	1965
13	1967
13	1969
13	1968
13	1972
13	1974
13	1976
13	1977
13	1980
13	1979
13	1986
13	1987
13	1990
13	2332
13	2348
13	2349
13	2360
13	2364
13	2365
13	2400
13	2412
13	2417
13	2420
13	2436
13	2440
13	2443
13	2444
13	2456
13	2459
13	2482
13	2487
13	2492
13	2493
13	2494
13	2495
13	2497
13	2498
13	2509
13	2508
13	2512
13	2511
13	2514
13	2518
13	2529
13	2531
13	2558
13	2595
13	2625
13	2627
13	2630
13	2634
13	2645
13	2653
13	2658
13	2660
13	2676
13	2682
13	2683
13	2684
13	2685
13	2693
13	2704
13	2705
13	2706
13	2710
13	2733
13	2734
13	2742
13	2889
13	2903
13	2905
13	2947
13	2959
13	2981
13	2982
13	2988
13	2990
13	2991
13	2994
13	2996
13	3011
13	3028
13	3029
13	3031
13	3038
13	3048
13	3054
13	3057
13	3058
13	3060
13	3061
13	3078
13	3081
13	3083
13	3107
13	3111
13	3113
13	3114
13	3124
13	3125
13	3140
13	3144
13	3156
13	3157
13	3165
13	3168
13	3170
13	3172
13	3179
13	3182
13	3184
13	3189
13	3192
13	3195
13	3196
13	3200
13	3201
13	3202
13	3205
13	3206
13	3208
13	3211
13	3212
13	3219
13	3220
13	3227
13	3229
13	3231
13	3232
13	3233
13	3234
13	3236
13	3237
13	3239
13	3238
13	3242
13	3243
13	3244
13	3250
13	3252
13	3253
13	3257
13	3259
13	3263
13	3267
13	3269
13	3272
13	3273
13	3322
13	3385
13	3393
13	3395
13	3398
13	3404
13	3406
13	3409
13	3414
13	3420
13	3419
13	3421
13	3422
13	3423
13	3424
13	3426
13	3425
13	3429
13	3431
13	3432
13	3437
13	3438
13	3454
13	3456
13	3459
13	3461
13	3463
13	3467
13	3481
13	3483
13	3488
13	3497
13	3498
13	3500
13	3502
13	3505
13	3508
13	3514
13	3516
13	3529
13	3562
13	3563
13	3576
13	3594
13	3595
13	3598
13	3601
13	3604
13	3608
13	3615
13	3613
13	3616
13	3617
13	3623
13	3628
13	3629
13	3633
13	3636
13	3645
13	3644
13	3649
13	3652
13	3654
13	3656
13	3668
13	3676
13	3677
13	3678
13	3693
13	3695
13	3709
13	3712
13	3723
13	3725
13	3729
13	3732
13	3734
13	3737
13	3744
13	3745
13	3747
13	3748
13	3749
13	3750
13	3751
13	3754
13	3766
13	3769
13	3774
13	3781
13	3780
13	3783
13	3784
13	3786
13	3788
13	3789
13	3799
13	3797
13	3800
13	3801
13	3803
13	3805
13	3807
13	3810
13	3816
13	3824
13	3827
13	3829
13	3831
13	3834
13	3833
13	3835
13	3837
13	3841
13	3842
13	3843
13	3846
13	3847
13	3861
13	3862
13	3864
13	3855
13	3867
13	3875
13	3884
13	3886
13	3888
13	3887
13	3891
13	3905
13	3909
13	3917
13	3921
13	3931
13	3933
13	3935
13	3938
13	3943
13	3945
13	3949
13	3956
13	3958
13	3955
13	3961
13	3964
13	3973
13	3974
13	3977
13	3978
13	3981
13	3984
13	3986
13	3987
13	3988
13	3989
13	3990
13	3991
13	3992
13	3994
13	4002
13	4004
13	4006
13	4009
13	4011
13	4012
13	4021
13	4023
13	4032
13	4031
13	4034
13	4035
13	4036
13	4050
13	4052
13	4054
13	4056
13	1773
13	4062
13	4075
13	4085
13	4087
13	4096
13	4097
13	4102
13	4103
13	4104
13	4105
13	4107
13	4109
13	4110
13	4112
13	4114
13	4115
13	4116
13	4117
13	4119
13	4120
13	4121
13	4122
13	4123
13	4124
13	4125
13	4127
13	4128
13	4129
13	4130
13	4135
13	4136
13	4137
13	4139
13	4153
13	4154
13	4160
13	4162
13	4165
13	4167
13	4171
13	4176
13	4175
13	4182
13	4189
13	4191
13	4218
13	4219
13	4222
14	3
15	3
16	2
16	100
16	4141
17	16
17	17
17	114
17	131
17	149
17	158
17	1633
17	2311
17	2344
17	2481
17	2478
17	2747
17	2749
17	2775
17	2841
17	3102
17	3175
17	3392
17	3510
18	1
18	172
18	182
19	1
19	172
19	177
19	4164
19	4165
20	19
20	131
20	269
20	282
20	2344
20	2642
20	2845
20	2878
20	2953
20	3102
20	3413
20	3457
20	3692
21	20
21	2094
21	3414
21	3495
21	3506
21	3519
21	3645
21	3655
21	3735
22	20
22	282
22	1159
22	1165
22	2194
22	2199
22	2202
22	2206
22	2211
22	2215
22	2216
22	2219
22	2226
22	2234
22	2238
22	2243
23	20
23	57
23	56
23	418
23	476
23	2354
23	2358
23	2662
23	3089
23	3495
23	3834
23	4219
24	20
24	39
24	42
24	17
24	69
24	104
24	158
24	187
24	200
24	203
24	218
24	226
24	239
24	271
24	282
24	296
24	302
24	303
24	349
24	387
24	487
24	545
24	563
24	566
24	580
24	599
24	650
24	658
24	667
24	675
24	722
24	724
24	730
24	733
24	746
24	772
24	778
24	779
24	780
24	817
24	848
24	878
24	885
24	1070
24	1150
24	1153
24	1161
24	1159
24	1165
24	1183
24	1237
24	1318
24	1330
24	1409
24	1424
24	1429
24	1469
24	1555
24	1636
24	1640
24	1672
24	1693
24	1746
24	1754
24	1788
24	1789
24	1870
24	1898
24	1919
24	1937
24	1959
24	1968
24	1977
24	1993
24	2000
24	2024
24	2039
24	2043
24	2044
24	2090
24	2091
24	2095
24	2100
24	2102
24	2111
24	2115
24	2140
24	2143
24	2151
24	2158
24	2184
24	2194
24	2199
24	2202
24	2206
24	2211
24	2216
24	2217
24	2215
24	2219
24	2226
24	2227
24	2234
24	2238
24	2243
24	2277
24	2299
24	2319
24	2327
24	2328
24	2344
24	2360
24	2384
24	2425
24	2452
24	2508
24	2529
24	2592
24	2595
24	2621
24	2515
24	2653
24	2664
24	2720
24	2753
24	2752
24	2776
24	2851
24	2852
24	2887
24	2894
24	2937
24	2941
24	2944
24	2971
24	2983
24	2993
24	2994
24	3006
24	3082
24	3103
24	3123
24	3191
24	3200
24	3384
24	3386
24	3394
24	3415
24	3450
24	3451
24	3452
24	3493
24	3572
24	3583
24	3591
24	3609
24	3618
24	3621
24	3622
24	3623
24	3644
24	3726
24	27
24	3817
24	3832
24	3916
24	3922
24	3934
24	3998
24	4006
24	4016
24	4030
24	4050
24	4054
24	1338
24	4139
24	4174
24	4200
24	4201
24	4202
24	4203
24	4204
24	4205
24	4206
24	4207
24	4208
24	4209
24	4210
24	4211
24	4213
24	4214
25	20
25	25
25	19
25	54
25	95
25	183
26	25
26	39
26	71
26	141
26	388
26	1514
26	1633
26	2281
26	2316
26	2329
26	2330
26	2514
26	2518
26	2661
26	2677
26	2747
26	2783
26	3199
26	3247
26	3328
26	3756
27	25
27	39
28	20
29	20
29	29
29	2344
29	2770
29	2772
29	2843
29	3415
29	3493
29	3642
30	29
30	20
30	1
30	41
30	83
30	185
30	189
30	243
30	253
30	362
30	365
30	382
30	384
30	385
30	407
30	410
30	416
30	417
30	424
30	436
30	455
30	458
30	460
30	462
30	466
30	465
30	557
30	564
30	567
30	596
30	658
30	660
30	685
30	697
30	704
30	719
30	721
30	724
30	769
30	772
30	796
30	803
30	817
30	823
30	828
30	930
30	933
30	961
30	925
30	971
30	1023
30	1167
30	1183
30	1181
30	1197
30	1314
30	1421
30	1684
30	1908
30	1929
30	2017
30	2046
30	2084
30	2176
30	2206
30	2315
30	2436
30	2437
30	2631
30	2682
30	2683
30	2684
30	2685
30	2738
30	2825
30	2908
30	2963
30	2988
30	3008
30	3023
30	3044
30	3048
30	3052
30	3054
30	3062
30	3063
30	3082
30	3100
30	3102
30	3113
30	3112
30	3128
30	3129
30	3131
30	3132
30	3193
30	3280
30	3287
30	3434
30	3433
30	3439
30	3573
30	3579
30	3599
30	3630
30	3631
30	3711
30	3713
30	3768
30	3780
30	3801
30	3803
30	3811
30	3822
30	3827
30	3828
30	3843
30	3922
30	3951
30	3964
30	3967
30	3968
30	3971
30	3972
30	3991
30	3996
30	3997
30	4001
30	4021
30	4018
30	4032
30	4031
30	4034
30	4035
30	4141
31	20
32	31
32	20
32	1
32	50
32	86
32	83
32	81
32	104
32	101
32	110
32	135
32	170
32	187
32	188
32	189
32	197
32	200
32	203
32	239
32	247
32	373
32	378
32	393
32	401
32	402
32	405
32	407
32	416
32	417
32	430
32	433
32	441
32	442
32	444
32	451
32	456
32	455
32	458
32	457
32	460
32	462
32	466
32	472
32	488
32	506
32	536
32	537
32	552
32	596
32	627
32	634
32	642
32	658
32	667
32	673
32	675
32	676
32	738
32	753
32	757
32	765
32	772
32	781
32	817
32	822
32	828
32	852
32	873
32	875
32	872
32	876
32	877
32	878
32	882
32	897
32	933
32	1166
32	1171
32	1172
32	1175
32	1183
32	1182
32	1181
32	1187
32	1188
32	1189
32	1190
32	1191
32	1192
32	1193
32	1196
32	1197
32	1211
32	1220
32	1225
32	1227
32	1234
32	1257
32	1261
32	1262
32	1268
32	1269
32	1270
32	1271
32	1280
32	1284
32	1288
32	1293
32	1310
32	1311
32	1312
32	1313
32	1315
32	1314
32	1316
32	1329
32	1330
32	1423
32	1433
32	1507
32	1513
32	1535
32	1541
32	1540
32	1586
32	1626
32	1628
32	1643
32	1645
32	1648
32	1646
32	1658
32	1673
32	1672
32	1680
32	1726
32	1735
32	1740
32	1746
32	1754
32	1766
32	1769
32	1780
32	1782
32	1795
32	1867
32	1869
32	1877
32	1885
32	1884
32	1882
32	1889
32	1886
32	1905
32	1908
32	1911
32	1914
32	1919
32	1920
32	1927
32	1930
32	1941
32	1968
32	1969
32	1998
32	2017
32	2054
32	951
32	2078
32	2081
32	2087
32	2095
32	2093
32	2137
32	2206
32	2246
32	2257
32	2261
32	2264
32	2278
32	2291
32	2305
32	2308
32	2412
32	2429
32	2449
32	2481
32	2477
32	2488
32	2516
32	2534
32	2571
32	2592
32	2621
32	2631
32	2680
32	2684
32	2686
32	2720
32	2719
32	2752
32	2754
32	2781
32	2783
32	2812
32	2827
32	2838
32	2841
32	2955
32	2956
32	2969
32	2982
32	2990
32	3008
32	3040
32	3043
32	3051
32	3080
32	3087
32	3090
32	3110
32	3124
32	3125
32	3136
32	3148
32	3408
32	3409
32	3413
32	3417
32	3419
32	3420
32	3421
32	3422
32	3423
32	3424
32	3425
32	3426
32	3428
32	3429
32	3430
32	3431
32	3432
32	3433
32	3434
32	3436
32	3437
32	3438
32	3439
32	3515
32	3573
32	3583
32	3587
32	3593
32	3594
32	3599
32	3602
32	3605
32	3607
32	3609
32	3612
32	3616
32	3628
32	3630
32	3629
32	3632
32	3631
32	3633
32	3636
32	3638
32	3642
32	3647
32	3650
32	3651
32	3659
32	3666
32	3711
32	3721
32	3736
32	3738
32	3778
32	3789
32	3793
32	3797
32	3805
32	3810
32	3816
32	3826
32	3828
32	3842
32	3843
32	3847
32	3849
32	3851
32	3863
32	3870
32	3871
32	3875
32	3889
32	3891
32	3951
32	3954
32	3961
32	3968
32	3972
32	3985
32	3991
32	3996
32	3997
32	4008
32	4010
32	4018
32	4021
32	4023
32	4034
32	4060
32	4072
32	4080
32	4165
32	4221
33	20
33	2824
33	2845
33	2846
33	3481
33	3680
33	3681
33	3682
33	3684
33	3686
33	3687
33	3688
33	3690
33	3691
33	3692
33	3693
33	3694
34	20
34	2791
34	2803
34	3011
35	1
35	54
35	61
35	63
35	182
35	4154
35	4180
36	35
36	697
36	756
36	1210
36	2878
36	2948
36	3102
36	3581
36	4151
37	36
37	119
37	246
37	256
37	772
37	2478
37	2881
37	2941
37	2942
37	2947
37	2948
37	2959
37	2960
37	2961
37	3769
37	4232
38	1
38	176
38	177
38	182
38	4165
39	38
39	39
39	97
39	2642
40	1
40	182
40	4141
40	4150
41	40
41	3008
41	3713
41	3997
42	5
43	42
44	10
45	8
45	1216
45	1231
45	1275
46	14
46	693
46	705
46	2083
46	2619
46	3101
46	4041
47	180
47	181
48	47
49	48
49	3079
49	3082
49	3080
49	3083
49	3089
49	3640
49	3642
49	3657
49	3932
50	49
50	51
51	49
51	3640
51	3645
52	51
52	106
52	355
52	434
52	445
52	514
52	545
52	1539
52	2143
52	2359
52	2517
52	2819
52	2951
52	3055
52	3495
52	3851
52	3853
52	3934
52	363
52	3724
53	49
53	789
53	875
53	877
53	900
53	902
53	965
53	1125
53	1152
53	1517
53	1546
53	1553
53	1595
53	1617
53	1621
53	1867
53	1871
53	1884
53	1881
53	1888
53	1889
53	1890
53	1886
53	1895
53	1904
53	1936
53	1951
53	1950
53	1982
53	1983
53	1984
53	2048
53	2056
53	2069
53	2093
53	2099
53	2101
53	2138
53	2144
53	2170
53	2181
53	2291
53	2299
53	2305
53	2307
53	2308
53	2359
53	2357
53	2477
53	2620
53	2768
53	2794
53	2802
53	2812
53	2814
53	2817
53	2816
53	2820
53	2824
53	2823
53	2830
53	2844
53	2861
53	2893
53	2966
53	2992
53	3009
53	3050
53	3105
53	3114
53	3405
53	3461
53	3474
53	3482
53	3485
53	3510
53	3528
53	3541
53	3559
53	3561
53	3568
53	3569
53	3688
53	3709
53	3715
53	3903
53	3971
53	3982
53	4118
54	171
54	184
55	182
56	55
56	131
56	1507
56	2352
56	2463
56	2761
56	2768
56	2781
56	2788
56	2789
56	2845
56	2847
56	3064
56	3066
56	3096
56	3184
56	3457
57	56
57	133
57	1508
57	1537
57	2359
57	3036
57	3470
58	56
58	2455
58	2514
58	2518
58	2662
58	4215
58	4219
58	4220
59	61
59	4179
60	59
60	175
60	204
60	205
60	206
60	207
60	208
60	209
60	210
60	211
60	213
60	214
60	215
60	227
60	228
60	238
60	389
60	437
60	499
60	657
60	882
60	890
60	1225
60	1408
60	1407
60	1409
60	1410
60	1429
60	1536
60	1596
60	1632
60	1633
60	1658
60	1661
60	1747
60	1749
60	1780
60	1781
60	1788
60	1789
60	1792
60	1799
60	1885
60	1922
60	1948
60	1996
60	951
60	2117
60	2329
60	2621
60	2662
60	2677
60	2805
60	3102
60	3761
60	3762
60	3765
60	3769
60	3968
60	3975
60	4072
60	4100
60	4123
61	62
61	672
61	822
63	62
65	4141
65	4190
66	65
66	66
66	2281
66	2283
66	4135
67	66
67	67
67	73
67	149
67	1044
67	1046
67	1047
67	1057
67	1059
67	1060
67	1559
67	2108
67	2319
67	2326
68	67
68	600
68	2331
69	68
69	597
69	602
70	69
70	190
70	191
70	241
70	244
70	246
70	251
70	254
70	256
70	302
70	303
70	318
70	570
70	579
70	660
70	668
70	669
70	674
70	692
70	712
70	722
70	738
70	759
70	764
70	765
70	768
70	771
70	779
70	780
70	784
70	786
70	788
70	813
70	819
70	882
70	915
70	930
70	959
70	972
70	978
70	1073
70	1130
70	1138
70	1330
70	1340
70	1400
70	1504
70	1517
70	1567
70	1566
70	1565
70	1569
70	1572
70	1574
70	1575
70	1576
70	1581
70	1586
70	1590
70	1593
70	1616
70	1620
70	1626
70	1631
70	1633
70	1731
70	1746
70	1754
70	1781
70	1782
70	1787
70	1877
70	1879
70	1888
70	1895
70	1897
70	1908
70	1927
70	1929
70	1933
70	1949
70	1957
70	1962
70	1997
70	1999
70	2000
70	2050
70	2049
70	2117
70	2118
70	2120
70	2121
70	2123
70	2125
70	2130
70	2136
70	2143
70	2152
70	2261
70	2273
70	2316
70	2330
70	2336
70	2360
70	2371
70	2374
70	2376
70	2412
70	2425
70	2463
70	2477
70	2482
70	2483
70	2484
70	2487
70	2492
70	2493
70	2494
70	2495
70	2497
70	2498
70	2499
70	2501
70	2508
70	2513
70	2533
70	2532
70	2545
70	2546
70	2555
70	2573
70	2574
70	2578
70	2595
70	2608
70	2609
70	2613
70	2617
70	2618
70	2621
70	2627
70	2646
70	2653
70	2656
70	2662
70	2666
70	2720
70	2747
70	2881
70	2898
70	2901
70	2988
70	3005
70	3008
70	3082
70	3114
70	3402
70	3414
70	3452
70	3502
70	3575
70	3764
70	3780
70	3783
70	3789
70	3804
70	3805
70	3811
70	3816
70	3818
70	3823
70	3824
70	3828
70	3851
70	3859
70	3863
70	3867
70	3871
70	3883
70	3911
70	3947
70	3951
70	3960
70	3968
70	3972
70	3978
70	3988
70	4016
70	4021
70	4023
70	4033
70	4034
70	4051
70	4085
70	4086
70	4087
70	4088
70	4089
70	4098
70	4166
71	66
71	2317
72	65
72	83
72	216
72	226
72	239
72	301
72	318
72	429
72	709
72	875
72	876
72	878
72	894
72	1277
72	1301
72	1332
72	1400
72	1441
72	1746
72	1754
72	1894
72	1899
72	1914
72	1919
72	1949
72	1951
72	1982
72	2299
72	2327
72	2420
72	2442
72	2571
72	2515
72	2776
72	2854
72	2855
72	2993
72	2997
72	3021
72	3023
72	3060
72	3076
72	3122
72	3172
72	3394
72	3399
72	3414
72	3572
72	3579
72	3870
72	4016
72	4023
72	4074
72	4077
72	4090
73	4141
74	73
74	202
74	226
74	237
74	294
74	350
74	750
74	1237
74	1401
74	1400
74	1470
74	1634
74	1736
74	1754
74	1768
74	1776
74	1780
74	1955
74	1961
74	1963
74	1965
74	1973
74	1976
74	1986
74	1993
74	2870
74	2878
74	2957
74	3110
74	3581
74	3593
74	3594
74	3602
74	3744
74	3745
74	3746
74	3747
74	3748
74	3749
74	3750
74	3751
74	3752
74	3753
74	3754
74	4101
74	4108
74	4113
74	4126
74	4143
74	4151
74	4178
75	74
76	74
77	74
77	1401
77	1788
77	2006
78	74
78	1401
78	1789
78	2007
79	74
79	79
79	21
79	318
79	833
79	848
79	847
79	1237
79	1317
79	1401
79	1436
79	1746
79	1968
79	2178
79	2344
79	2485
79	2677
79	2852
79	3645
79	3667
79	3733
79	3735
79	3756
79	4096
80	74
80	1401
80	2481
80	2478
80	2716
80	2717
80	2720
80	2722
80	2881
80	3901
80	4008
81	21
81	81
81	2097
81	2148
81	2149
81	2150
82	81
82	82
82	814
82	1194
82	1673
82	1672
82	1746
82	2010
82	3159
83	82
83	1174
84	83
84	1168
85	84
85	82
85	1168
86	83
86	189
86	1167
86	1171
86	1172
86	1175
86	1176
86	1182
86	1187
86	1188
86	1189
86	1190
86	1191
86	1192
86	1193
86	1195
86	1204
86	1206
87	83
87	1209
88	83
88	1167
88	1172
88	1174
88	1182
88	1187
88	1188
88	1189
88	1190
88	1191
88	1192
88	1193
88	1206
88	1209
89	83
90	89
90	1174
90	1181
91	28
92	91
92	2830
92	2831
92	2832
93	92
93	2826
93	2998
94	34
95	172
96	177
96	178
97	176
98	97
98	1223
98	1259
98	1266
98	2276
98	3007
98	3108
98	3110
98	3111
98	3581
98	3588
98	3594
98	3595
98	3602
99	98
99	371
99	375
99	378
99	430
99	431
99	433
99	434
99	435
99	436
99	437
99	438
99	440
99	441
99	442
99	443
99	444
99	445
99	446
99	447
99	448
99	449
99	450
99	468
99	1297
99	1521
99	1537
99	2049
99	951
99	2143
99	2144
99	2247
99	2254
99	2974
99	3046
99	3797
99	3826
99	3827
99	3843
99	3849
99	3861
99	3868
99	3869
99	3870
99	3945
99	3950
99	3961
99	4001
99	4060
99	4061
99	4063
99	1538
102	101
102	3113
102	3122
102	3128
102	3136
102	3148
103	101
104	103
104	3126
104	3127
104	3130
104	3133
104	3134
104	3135
104	3138
104	3139
104	3141
104	3145
104	3149
104	3152
104	3153
104	3156
104	3157
105	104
105	3173
106	104
106	106
106	1510
106	2761
106	2763
106	2801
106	2806
106	2814
106	3063
106	3158
106	3352
106	3568
108	107
110	109
110	111
110	3937
110	3938
111	110
112	111
112	279
112	1504
112	2367
112	2741
112	2745
112	2751
112	2834
112	2833
112	2838
112	2840
112	2845
112	2858
112	2857
112	2866
112	3070
112	3076
112	3091
112	3653
112	4231
113	111
113	447
113	475
113	477
113	482
113	2833
113	2842
113	2843
113	2845
113	2866
113	2867
113	2868
113	2869
113	3091
113	3413
113	3639
113	3643
113	3645
113	3660
114	110
114	1535
114	3002
114	3093
114	3392
114	3569
115	114
115	2967
115	3392
116	114
116	109
116	3936
116	3938
117	114
117	649
117	789
117	798
117	834
117	839
117	841
117	840
117	843
117	846
117	849
117	852
117	878
117	884
117	892
117	894
117	1007
117	1025
117	1027
117	1033
117	1306
117	1327
117	1435
117	1543
117	1876
117	1879
117	1934
117	1942
117	1940
117	1952
117	1958
117	2066
117	2179
117	2275
117	2299
117	2477
117	2711
117	2937
117	2941
117	2942
117	2944
117	2949
117	3012
117	3392
117	3402
117	3404
117	3510
117	3707
117	4156
118	114
118	362
118	365
118	1044
118	1046
118	1047
118	1057
118	1059
118	1060
118	1427
118	2244
118	2299
118	2389
118	2529
118	2856
118	2859
118	2978
118	3103
118	3403
118	3513
118	3697
119	114
119	131
119	248
119	717
119	724
119	733
119	738
119	746
119	772
119	789
119	822
119	1004
119	1022
119	1026
119	1032
119	2065
119	2178
119	2299
119	2481
119	2478
119	2893
119	2946
119	2948
119	3392
119	3403
119	3492
119	3683
119	4134
120	119
120	131
120	133
120	242
120	252
120	370
120	375
120	378
120	391
120	405
120	420
120	435
120	437
120	448
120	468
120	569
120	759
120	1537
120	951
120	2093
120	2143
120	2478
120	2886
120	2974
120	3003
120	3046
120	3045
120	3096
120	3461
120	3490
120	3594
120	3602
120	3779
120	3802
120	3809
120	3811
120	3815
120	3822
120	3825
120	3831
120	3843
120	3853
120	3929
120	3950
120	3955
120	3958
120	3968
120	3969
120	3970
120	3988
120	3993
120	3992
120	3994
120	4001
120	4021
120	363
120	368
123	122
123	1545
123	3074
123	3075
123	3948
125	124
125	130
125	129
125	1515
125	2462
125	2463
125	3072
125	3073
125	3095
125	3094
125	3098
125	3102
125	3939
125	3941
127	126
127	2364
127	2365
127	2375
127	2376
127	2625
127	2750
127	2751
127	2754
127	2755
127	2756
127	2757
127	2758
127	2759
127	2760
127	2762
127	2763
127	2764
127	2765
127	2766
127	2767
127	2770
127	2771
127	2773
127	2774
127	2775
127	2777
127	2778
127	2779
127	2782
127	2783
127	2866
127	2869
127	2958
127	3406
127	3903
128	127
128	2741
128	2833
128	2840
128	2841
128	2863
128	2865
130	129
130	1517
130	3073
130	3941
131	130
131	2463
131	3095
132	131
132	3175
133	131
133	3096
133	3102
134	131
134	1534
134	2667
134	2744
134	2957
134	2958
134	2965
134	2968
134	2970
134	2972
134	2973
134	2975
134	2976
134	2998
134	3010
134	3013
134	3017
134	3018
134	3022
134	3023
134	3027
134	3031
134	3034
134	3043
134	3050
134	3052
134	3062
134	3063
134	3064
134	3510
134	3579
134	3594
134	3602
134	3941
136	135
136	140
136	3561
136	3900
138	137
138	144
138	3517
138	3541
138	3542
138	3544
138	3558
139	138
139	3547
139	3550
139	3555
139	3559
139	3560
140	139
140	1567
140	1631
141	140
141	141
141	3550
143	142
144	143
144	3565
146	145
146	2178
146	2179
146	2180
146	2182
147	146
147	720
147	974
147	1031
147	1556
147	2025
147	2027
147	2032
147	2033
147	2045
147	2047
147	2053
147	2054
147	2058
147	2059
147	2061
147	2062
147	2069
147	2152
147	2162
147	2171
147	2175
147	2176
147	2177
147	2248
147	2253
147	2291
147	2306
147	3953
147	4141
149	148
150	149
150	1326
150	1736
150	1780
151	149
151	158
151	1326
151	1330
151	1661
151	1732
151	1736
151	1746
151	1749
151	1745
151	1780
151	1781
151	2052
151	2151
153	152
153	1558
153	2321
153	2322
153	2323
153	2324
153	2325
153	2327
155	154
155	1559
155	2034
155	2063
155	2064
155	2313
155	2320
155	2326
156	154
156	771
156	806
156	809
156	1559
156	2008
156	2010
156	2011
156	2012
156	2034
156	2052
156	2053
156	2064
156	2128
156	2129
156	2131
156	2132
156	2133
156	2134
156	2135
156	2136
156	2154
156	2263
156	2264
156	2326
156	3414
158	157
159	158
159	1330
159	1334
159	1747
159	1781
159	2151
160	158
160	164
160	2260
160	2310
162	161
162	2328
164	163
164	2005
164	2165
164	2286
164	2288
164	2301
169	170
174	173
174	360
174	594
174	1463
174	2298
174	2967
174	3708
174	3728
174	3742
174	3819
184	4196
186	185
186	189
186	393
186	405
186	415
186	1023
186	1031
186	1005
186	1329
187	188
194	193
194	236
194	331
194	358
194	360
194	483
194	543
194	596
194	604
194	655
194	761
194	1185
194	1734
194	2475
194	2679
194	2906
194	2985
194	3069
194	3625
194	3719
194	3794
194	3845
193	197
196	195
201	200
201	239
201	1400
202	201
202	1768
212	211
212	2319
212	3241
212	3246
212	3274
218	225
218	226
219	218
219	493
219	496
219	506
221	220
221	1499
221	1766
221	1783
221	1795
221	1797
221	1798
222	221
224	223
230	229
230	318
230	345
230	697
230	750
230	1353
230	1354
230	1405
230	1467
230	1468
230	1475
230	1485
230	1486
230	1525
230	1754
230	1782
230	1787
230	1792
230	1797
230	2872
230	3746
230	3753
230	4101
230	4108
230	4111
230	4113
230	4126
231	230
231	237
231	297
231	318
231	330
231	332
231	750
231	1341
231	1342
231	1397
231	1423
231	1455
231	1457
231	1467
231	1478
231	1488
231	1486
231	1746
231	1745
231	1754
231	1787
231	1792
231	1797
231	1952
231	2508
231	2872
231	3746
231	3752
231	3753
231	4101
231	4108
231	4111
231	4113
231	4126
231	4130
232	231
232	1454
232	1466
232	1468
232	1494
232	1792
232	1797
233	232
233	651
235	234
235	1644
235	1740
235	1746
235	1799
235	2011
235	2278
235	3260
235	3277
235	3600
235	3721
235	3738
235	3739
235	3890
238	237
238	239
238	4054
238	4057
237	4057
239	4053
240	239
240	455
240	572
240	1314
240	1321
240	1738
240	3419
240	3429
240	3437
240	3631
242	241
242	246
242	244
242	1567
242	1586
242	1590
243	244
245	244
245	1581
246	244
247	246
247	256
248	247
248	699
248	717
248	2938
248	2944
248	2945
248	3491
248	4020
249	248
249	698
249	759
249	2886
249	2893
249	2946
249	3779
249	3802
249	3811
249	3815
249	3822
249	3825
249	3831
249	3853
249	3929
249	3955
249	3958
249	3968
249	3969
249	3970
249	3988
249	3993
249	3992
249	3994
249	4021
250	247
250	1582
250	1617
250	1619
250	2907
250	2908
250	2946
252	251
252	254
252	1626
252	1629
252	1631
253	254
255	254
255	1623
256	254
258	257
260	259
260	1820
260	1821
260	1822
260	1823
260	1824
260	1825
260	1826
260	1827
260	1828
260	1829
260	1830
260	1831
260	1832
260	1833
260	1834
260	1835
260	1836
260	1837
260	1838
260	1839
260	1840
260	1841
260	1842
260	1843
260	1844
260	1845
260	1846
260	1847
260	1848
260	1849
260	1850
260	1851
260	1852
260	1853
260	1854
260	1855
260	1856
260	1857
260	1858
260	1859
260	1860
260	1861
260	1862
260	1863
260	1864
260	1865
261	260
261	1888
263	262
263	264
263	265
263	267
263	268
263	269
263	270
262	266
264	266
265	266
267	266
268	266
269	266
270	266
271	273
271	275
271	277
271	279
271	280
272	271
272	1265
272	2438
272	2753
274	273
274	2835
274	3448
274	3616
274	3695
274	3698
276	275
276	2472
276	2471
276	2746
276	2833
276	2836
276	2835
276	2838
276	2840
276	3186
276	3611
278	277
281	280
281	2769
281	3514
281	3518
281	3519
281	3655
282	284
282	288
282	290
283	282
285	284
285	288
285	290
286	284
286	288
286	290
287	284
287	288
287	290
289	288
291	290
293	292
293	295
293	301
293	305
293	304
293	310
293	313
293	324
293	325
293	326
293	327
293	328
293	347
293	1526
293	1560
293	1561
293	1604
293	1610
293	2335
293	2336
293	2338
293	2339
293	2340
293	2639
293	2641
293	2643
293	2873
293	2874
293	2875
293	3773
292	295
292	301
292	305
292	306
292	307
292	309
292	311
292	324
292	325
292	326
292	327
292	1526
292	1560
292	1561
292	1562
292	1563
292	1603
292	1604
292	1605
292	1606
292	1607
292	1608
292	1609
292	1610
292	1611
292	1612
292	2335
292	2336
292	2338
292	2339
292	2340
292	2639
292	2641
292	2643
292	2873
292	2874
292	2875
292	3772
292	3773
295	294
295	296
295	347
296	294
298	297
300	299
302	301
302	302
302	318
302	1997
302	2146
302	2646
303	302
303	303
303	2001
305	304
305	308
305	310
305	312
305	328
305	1524
308	313
314	313
314	314
314	1400
315	314
315	322
315	1771
316	314
316	1941
316	1944
316	1953
316	1958
316	1964
316	1966
316	1987
316	1993
317	314
317	1337
318	314
318	318
319	318
319	1422
320	318
321	314
321	1776
322	321
323	314
323	1939
323	1944
323	1952
323	1955
323	1958
323	1961
323	1963
323	1965
323	1973
323	1976
323	1986
323	4230
330	329
330	332
330	334
330	335
330	336
330	337
330	338
330	339
330	340
330	341
330	342
330	343
330	344
330	346
330	2333
330	2334
330	2337
330	2341
330	2871
331	330
331	635
331	644
331	647
331	657
331	825
331	898
331	1324
331	1328
331	1420
331	1635
331	1800
331	1802
331	1803
331	1804
331	1805
331	1806
331	1807
331	1808
331	1816
331	1817
331	1913
331	1945
331	1967
331	2251
331	2695
331	2697
331	2699
331	2700
331	2702
331	2703
331	2704
331	2707
331	2708
331	2710
331	2711
331	2712
331	2714
331	2715
331	2723
331	2724
331	2725
331	2726
331	2727
331	2728
331	2729
331	2730
331	2731
331	2736
331	2737
331	2739
331	2740
331	2950
331	3732
331	3734
331	3743
331	3755
331	3758
331	3759
331	3777
331	4137
333	332
333	613
333	657
333	850
333	1396
333	1399
333	1447
333	2621
333	3570
349	349
353	353
355	355
356	355
356	2167
356	3947
356	3949
356	3993
356	4066
357	355
357	371
357	370
357	375
357	433
357	434
357	435
357	437
357	439
357	441
357	442
357	444
357	446
357	447
357	448
357	450
357	558
357	1795
357	1881
357	1983
357	1984
357	3017
357	3023
357	3027
357	3030
357	3046
357	3052
357	3062
357	3063
357	3064
357	3110
357	3849
357	3861
357	3869
357	3870
357	3942
357	3950
357	4001
357	4061
357	4063
357	4066
359	358
359	360
361	360
361	375
361	378
361	560
361	759
361	2293
361	2967
361	3765
363	362
363	365
363	3395
365	364
365	373
365	378
366	364
366	373
366	378
367	364
367	414
367	415
367	777
367	2244
367	2253
367	3582
367	3954
367	4141
368	364
368	2180
368	2182
369	364
369	373
369	378
371	370
370	3023
372	371
372	375
372	426
372	430
372	431
372	438
372	440
372	446
372	449
372	565
372	580
372	930
372	933
372	925
372	1148
372	1262
372	1268
372	951
372	3922
372	4060
372	4061
372	1773
372	4073
373	370
373	376
374	373
374	378
376	375
377	375
377	4054
379	378
379	634
379	1445
379	1911
378	3047
380	378
381	378
381	3048
383	382
383	384
383	385
386	385
387	387
388	389
388	2066
388	3972
391	390
391	405
391	420
391	1012
391	1010
391	1030
391	2096
391	2098
391	2162
391	2975
390	405
390	420
392	391
392	1264
392	2244
392	2253
394	393
394	405
394	417
394	455
394	544
394	1187
394	1188
394	1189
394	1190
394	1191
394	1192
394	1193
394	1310
394	1314
394	1769
394	2071
394	2078
394	2103
394	2264
394	3419
394	3420
394	3424
394	3429
394	3432
394	3437
394	3628
394	3631
394	3736
396	395
396	401
397	396
397	395
397	399
397	410
397	411
397	417
397	451
397	1187
397	1188
397	1189
397	1190
397	1191
397	1192
397	1193
397	1310
397	1556
397	1769
397	2047
397	2054
397	3420
397	3424
397	3432
397	3628
398	396
398	402
398	410
398	411
400	399
403	402
405	404
405	405
405	464
405	472
405	477
405	2093
405	2164
405	2252
405	2287
405	2291
405	2293
405	2306
405	2392
405	2412
405	2429
405	2638
405	2673
405	2674
405	3489
405	3519
405	3583
405	3607
405	3609
405	3611
405	3614
405	3617
405	3648
405	3653
405	3655
405	3664
406	404
408	407
408	416
408	948
408	961
408	1194
408	1556
408	2047
408	2054
408	2254
408	2688
408	2988
408	3579
408	4099
407	410
407	411
409	407
409	416
409	538
409	811
409	1870
409	1885
409	1919
409	1922
409	1932
409	2206
409	3885
409	3954
409	3995
413	412
413	4080
417	470
417	2264
418	2517
418	2662
420	419
422	421
423	421
423	1237
423	2264
423	2445
423	3137
425	424
425	2638
425	4223
427	426
427	428
427	429
427	1396
427	1399
427	1405
427	1406
427	1427
427	1467
427	1468
427	1493
427	1494
427	1518
427	1519
427	1520
427	1523
427	1532
427	1533
427	3398
427	3513
427	4062
427	4074
427	4216
427	4218
427	4224
432	431
432	951
432	4023
440	439
440	2145
440	2254
440	2973
440	3826
440	4031
446	465
446	1260
446	1269
446	2046
446	3579
446	3593
446	3868
452	451
451	455
451	457
454	453
454	464
454	469
454	474
454	475
454	3412
453	457
456	455
456	457
455	457
458	457
458	458
458	460
459	458
459	1159
459	1165
459	1312
459	2194
459	2199
459	2202
459	2206
459	2211
459	2215
459	2216
459	2219
459	2226
459	2238
459	2243
459	3409
459	3426
459	3434
459	3630
461	460
461	1174
461	1311
461	2993
461	3422
461	3425
461	3433
461	3629
461	4056
463	462
463	1313
463	3423
463	3431
463	3439
463	3636
465	469
466	465
466	466
466	470
466	2046
466	2264
466	3579
467	466
468	465
468	470
468	2046
468	2143
468	2262
468	2264
470	3579
471	470
473	472
476	475
476	478
476	481
476	482
476	487
479	478
481	480
481	484
481	485
481	489
483	488
484	484
486	485
486	3161
486	3991
492	491
492	493
492	496
492	506
492	507
494	493
494	1752
495	493
495	1752
497	496
497	499
497	507
497	649
497	1998
497	2010
497	2017
497	2137
497	2148
497	2149
497	3975
500	499
500	4226
501	499
501	2454
501	2881
502	499
502	503
502	505
504	503
504	505
509	508
509	2889
511	510
513	512
513	515
513	516
513	517
513	518
513	520
513	521
513	522
513	523
513	529
514	513
514	524
519	518
519	520
519	3899
526	525
527	525
528	2895
528	2904
530	530
530	533
530	3102
531	530
532	530
533	3102
534	533
535	533
541	540
541	3891
543	547
546	545
546	3934
550	549
549	2986
549	3029
549	3861
551	549
553	552
553	555
554	552
556	555
557	593
557	2163
557	3952
557	4162
559	558
561	560
561	759
561	830
561	1211
561	4012
561	4089
568	567
569	568
569	570
569	571
569	572
569	573
569	575
569	576
569	577
569	2065
569	2066
569	2093
569	2096
569	2098
569	2637
569	2975
569	3997
569	363
574	573
581	580
580	2140
582	580
584	583
585	584
585	588
587	586
587	589
592	591
592	3975
594	595
598	597
598	634
598	3082
598	3089
598	3090
598	3112
598	3162
601	600
600	2268
600	2270
603	602
603	811
604	605
608	607
608	610
608	611
608	613
608	850
608	1947
608	3737
609	608
609	607
609	610
609	611
609	882
609	2102
609	3405
609	3984
613	612
613	613
613	616
613	617
613	624
613	626
613	629
613	637
613	639
613	3389
612	620
612	621
612	622
612	623
612	625
612	627
612	628
612	630
612	631
612	632
612	633
614	613
615	613
616	618
620	619
634	640
634	642
637	636
637	638
641	640
641	2217
641	3863
641	4203
641	4205
641	4207
641	4209
641	4213
641	4214
646	645
646	1408
646	1407
646	1410
646	1746
646	1771
646	1897
646	1951
646	1949
645	645
650	649
650	653
650	654
649	1401
652	651
651	1341
651	1770
656	652
657	1503
658	658
658	708
659	658
661	660
663	662
662	664
662	665
667	666
666	747
670	667
673	672
673	680
678	677
678	679
678	742
678	1665
678	1676
678	1680
680	680
681	680
681	760
682	680
682	754
683	680
685	684
686	685
686	697
686	707
687	686
687	694
687	702
687	704
687	706
688	687
688	708
688	763
689	688
689	696
689	770
689	819
690	689
690	701
690	703
690	710
690	712
690	715
690	716
690	767
690	786
690	813
691	689
691	723
691	724
691	733
691	732
691	2022
691	2023
691	2273
691	2881
691	3457
691	4001
691	4023
693	692
695	694
696	712
698	697
698	756
698	3901
699	698
699	2946
700	698
700	1210
700	2959
700	3769
718	717
718	2621
718	2903
718	4023
720	719
720	721
720	2101
720	2163
720	2176
720	2181
720	2183
722	736
725	724
724	738
724	772
726	724
726	727
726	736
727	724
727	772
728	727
730	729
730	731
729	729
732	772
733	732
733	772
734	733
735	733
736	772
737	736
740	739
741	739
741	747
744	743
744	745
744	749
744	754
746	745
748	747
752	751
753	760
755	754
757	756
757	758
757	3772
757	3818
757	3998
757	4173
757	4177
758	757
759	757
760	821
760	829
763	762
763	769
762	790
766	765
766	768
769	768
769	801
769	802
769	803
770	769
770	771
770	793
770	806
771	769
771	781
771	800
773	772
773	4018
774	772
774	817
775	772
776	775
781	783
783	782
785	784
785	786
785	788
787	786
790	792
792	791
793	796
793	804
794	793
794	1784
794	2167
794	2454
794	3709
794	3937
794	3949
796	795
796	797
800	799
808	807
810	809
813	812
813	814
813	815
813	816
818	817
824	823
824	828
825	824
825	1585
825	2648
825	3666
825	4059
828	827
830	829
830	1279
830	1596
830	1632
830	1633
830	2677
830	4052
833	832
833	871
833	1284
833	1529
833	1941
833	2477
833	2893
833	3399
833	3402
833	3403
833	3714
832	839
832	841
832	846
834	833
834	889
835	833
835	851
835	871
835	1439
835	1944
835	1952
835	1958
835	1987
835	2732
835	3399
836	833
836	884
836	889
836	1441
837	836
837	1440
837	1775
837	3710
838	833
838	844
838	1283
841	840
841	842
841	843
841	849
846	845
846	847
845	1400
848	847
848	2482
848	3400
851	1988
853	852
853	1776
852	885
854	855
854	856
854	857
854	858
859	860
859	862
859	863
859	864
860	861
860	854
865	866
865	867
865	868
865	859
868	869
868	870
873	872
874	873
874	875
874	877
875	873
875	875
879	878
878	878
880	878
880	2685
880	2686
880	4072
883	882
884	2476
887	886
887	1990
887	2484
887	3846
888	887
888	1990
888	2483
889	1934
889	2733
889	3401
889	3407
889	4090
890	1801
891	890
891	2720
895	894
895	1819
900	899
900	907
902	901
902	903
902	904
902	905
907	1889
907	2456
909	1280
909	1307
909	1896
909	1914
909	1970
909	1983
909	1984
909	2168
909	2694
909	2812
909	2828
909	3051
911	910
911	913
911	917
911	920
911	921
911	922
911	966
911	967
911	968
911	969
911	970
912	911
912	915
912	978
912	979
915	914
915	916
915	918
915	919
924	923
924	934
924	942
924	944
924	945
925	924
925	927
927	926
927	939
927	940
927	941
927	943
927	946
929	928
930	929
930	936
932	931
933	932
933	938
936	935
938	937
947	930
947	933
947	959
947	925
947	965
948	930
948	961
948	949
949	930
949	925
949	973
949	977
950	930
950	933
950	925
950	1077
950	1150
950	1151
951	930
951	925
952	930
952	925
952	1536
953	930
953	925
953	2621
953	2719
954	930
954	925
955	933
955	1556
955	1559
955	2034
955	2046
955	2047
955	2054
955	2064
955	2154
955	2167
955	2326
956	933
957	933
958	933
959	962
959	963
959	964
960	959
961	925
961	971
974	949
975	974
975	2059
976	949
976	1234
976	3579
979	980
979	981
979	982
984	983
984	986
984	987
984	990
984	991
984	992
985	984
985	989
985	1039
985	995
989	988
994	993
994	996
994	999
994	1000
994	1002
995	994
995	998
995	1038
995	1040
995	1041
995	1042
995	1043
998	997
998	1001
1004	1003
1004	1019
1005	1004
1005	1007
1005	1032
1005	1033
1007	1006
1007	1017
1007	1018
1007	1020
1009	1008
1010	1009
1010	1016
1010	1028
1010	1029
1012	1011
1013	1012
1013	1023
1013	1010
1013	1030
1013	1031
1013	1005
1013	1034
1014	1012
1014	1010
1014	1030
1014	2078
1014	2079
1014	2096
1014	2098
1014	2162
1014	2293
1014	2975
1016	1015
1022	1021
1023	1022
1023	1025
1023	1026
1023	1027
1025	1024
1031	1036
1031	1037
1035	1034
1045	1044
1045	1046
1045	1047
1044	1049
1044	1054
1044	1055
1046	1048
1046	1053
1047	1050
1047	1051
1047	1052
1047	1056
1058	1057
1058	1059
1058	1060
1057	1062
1057	1067
1057	1068
1059	1063
1059	1064
1059	1065
1059	1069
1060	1061
1060	1066
1074	1073
1074	1091
1074	1128
1074	1130
1074	1132
1074	1135
1074	1136
1074	1139
1076	1075
1076	1083
1076	1084
1076	1085
1076	1086
1077	1076
1077	1079
1077	1092
1077	1093
1079	1078
1079	1087
1079	1088
1079	1089
1081	1080
1081	1082
1090	1077
1090	1094
1090	1103
1090	1115
1090	1116
1090	1121
1090	1122
1090	1124
1090	1126
1090	1127
1090	1129
1090	1131
1090	1134
1090	1137
1090	1138
1094	1095
1094	1096
1094	1098
1094	1100
1098	1097
1098	1101
1100	1099
1100	1102
1103	1104
1103	1105
1103	1107
1103	1112
1107	1106
1107	1108
1107	1109
1107	1110
1112	1111
1112	1113
1112	1114
1115	1117
1115	1119
1116	1118
1116	1120
1124	1123
1124	1125
1141	1140
1142	1140
1143	1140
1145	1144
1147	1146
1149	1148
1149	1150
1149	1151
1149	1152
1148	1157
1148	1158
1148	1164
1152	1151
1153	1152
1153	1159
1153	1165
1153	2253
1153	2257
1154	1153
1154	2227
1155	1153
1155	1159
1155	1165
1155	2199
1155	2202
1155	2206
1155	2211
1155	2216
1155	2215
1155	2219
1155	2227
1155	2238
1155	2243
1156	1153
1156	1159
1156	1165
1156	2194
1156	2199
1156	2202
1156	2206
1156	2211
1156	2216
1156	2215
1156	2219
1156	2226
1156	2227
1156	2234
1156	2238
1156	2243
1159	1158
1159	2253
1160	1159
1160	1165
1160	2194
1160	2199
1160	2202
1160	2206
1160	2211
1160	2215
1160	2216
1160	2219
1160	2226
1160	2234
1160	2238
1160	2243
1161	1159
1162	1161
1162	2217
1162	4200
1162	4201
1162	4202
1162	4203
1162	4204
1162	4205
1162	4206
1162	4207
1162	4208
1162	4209
1162	4210
1162	4213
1162	4214
1163	1161
1163	4200
1163	4201
1163	4202
1163	4204
1163	4206
1163	4208
1163	4210
1163	4211
1165	1164
1165	2253
1168	1167
1168	1672
1168	1746
1168	2081
1168	2148
1167	1174
1167	1197
1169	1168
1170	1167
1170	1867
1170	1895
1170	1898
1170	1894
1170	1919
1170	1927
1170	1984
1171	1187
1171	1189
1171	1190
1171	1191
1171	1192
1171	1193
1172	1171
1172	1174
1172	1188
1173	1172
1173	1187
1173	1188
1173	1189
1173	1190
1173	1191
1173	1192
1173	1193
1174	1172
1176	1182
1178	1177
1178	1178
1178	1179
1180	1183
1180	1204
1182	1181
1183	1182
1185	1184
1187	1186
1189	1188
1196	1195
1199	1198
1199	1200
1200	1201
1200	1202
1200	1203
1206	1205
1208	1207
1211	1210
1211	1218
1211	1229
1211	1234
1210	1214
1210	1272
1210	1273
1210	1274
1212	1211
1212	2483
1212	2484
1213	1211
1213	1234
1213	1257
1215	1214
1215	1218
1215	1229
1215	1274
1217	1216
1217	1275
1218	1217
1218	1231
1220	1219
1220	1240
1220	1276
1221	1220
1223	1222
1223	1256
1224	1223
1224	1225
1226	1225
1226	1234
1226	1257
1226	2654
1227	1225
1227	1228
1227	1242
1229	1231
1229	1232
1229	1239
1230	1229
1230	1232
1230	1239
1230	2273
1230	2982
1230	2988
1230	3502
1230	4135
1233	1232
1233	1272
1234	1233
1234	1239
1234	1257
1234	1273
1235	1234
1235	2654
1236	1233
1236	2571
1237	1233
1237	1271
1238	1233
1238	1271
1242	1241
1242	1244
1242	1245
1242	1246
1242	1253
1242	1254
1244	1243
1244	1247
1244	1248
1244	1249
1244	1250
1244	1251
1244	1252
1256	1255
1256	1258
1256	1260
1255	1261
1257	1256
1257	1261
1257	1263
1258	1265
1258	1267
1259	1258
1259	1267
1259	3593
1259	3594
1260	1269
1260	1270
1263	1262
1263	1268
1262	1265
1262	1270
1264	1263
1264	2642
1264	2988
1264	3102
1266	1265
1266	3593
1268	1267
1268	1269
1281	1280
1281	1292
1281	1294
1281	1301
1284	1285
1284	3395
1287	1286
1287	1290
1287	1291
1286	1290
1286	1291
1288	1286
1288	1303
1288	1304
1288	1306
1289	1288
1289	1292
1289	1309
1293	1292
1293	1294
1293	1293
1293	1302
1295	1293
1295	1305
1295	1308
1295	4064
1295	4071
1295	4073
1295	4075
1296	1295
1296	1473
1296	1481
1296	1491
1296	1502
1296	1779
1296	1983
1296	1984
1296	1767
1296	4073
1296	4228
1297	1296
1297	1914
1297	1482
1298	1293
1299	1293
1301	1300
1307	1306
1308	1307
1308	1777
1308	1778
1308	1785
1308	1790
1308	1798
1308	1773
1308	4072
1310	1314
1310	1316
1312	1311
1312	1312
1312	1316
1315	1314
1315	1316
1314	1316
1317	1316
1318	1317
1319	1317
1320	1317
1320	1321
1320	1322
1320	1323
1320	1327
1326	1325
1328	1336
1329	1330
1330	1331
1330	1332
1330	1333
1330	1334
1334	1335
1337	1408
1337	1410
1338	1337
1338	1906
1338	1908
1338	1899
1338	1929
1338	1931
1338	1937
1338	1940
1338	1957
1340	1339
1340	1347
1340	1352
1340	1367
1340	1375
1340	1391
1341	1340
1341	1761
1341	1782
1341	1783
1341	1787
1342	1340
1342	1344
1342	1348
1342	1353
1342	1368
1342	1376
1342	1392
1343	1340
1343	1339
1343	1347
1343	1346
1343	1345
1343	1352
1343	1351
1343	1358
1343	1357
1343	1361
1343	1363
1343	1365
1343	1367
1343	1369
1343	1371
1343	1373
1343	1375
1343	1377
1343	1380
1343	1379
1343	1383
1343	1385
1343	1387
1343	1389
1343	1391
1343	1411
1343	1413
1343	1415
1343	1417
1343	1770
1343	1787
1344	1339
1346	1345
1346	1358
1346	1361
1346	1373
1346	1385
1346	1389
1346	1411
1347	1346
1347	1355
1347	1363
1347	1369
1348	1347
1348	1349
1348	1356
1348	1370
1349	1346
1349	1350
1349	1359
1349	1362
1349	1374
1349	1386
1349	1390
1349	1412
1350	1345
1352	1351
1352	1365
1352	1371
1352	1380
1353	1352
1353	1354
1353	1366
1353	1372
1353	1381
1354	1351
1355	1377
1355	1417
1356	1355
1356	1364
1356	1378
1356	1418
1358	1357
1358	1383
1358	1387
1359	1358
1359	1360
1359	1384
1359	1388
1360	1357
1362	1361
1364	1363
1366	1365
1368	1367
1370	1369
1372	1371
1374	1373
1376	1375
1378	1377
1380	1379
1380	1413
1380	1415
1381	1380
1381	1382
1381	1414
1381	1416
1382	1379
1384	1383
1386	1385
1388	1387
1390	1389
1392	1391
1394	1393
1393	1400
1395	1394
1395	1757
1395	1758
1395	1759
1395	1775
1398	1397
1401	1400
1401	1402
1401	1768
1401	1775
1401	1797
1401	4091
1402	1401
1403	1400
1403	2064
1403	2655
1404	1400
1408	1407
1408	1409
1412	1411
1414	1413
1416	1415
1418	1417
1420	1419
1420	1421
1420	1428
1423	1423
1426	1425
1426	2359
1426	2372
1426	2393
1429	1429
1431	1430
1433	1432
1433	1437
1433	1453
1433	1469
1433	1498
1434	1433
1434	1435
1434	1436
1434	1447
1434	1454
1434	1492
1434	1499
1435	1432
1436	1432
1436	1437
1436	1470
1438	1437
1438	1464
1438	1474
1443	1442
1443	1515
1443	1517
1444	1438
1446	1445
1448	1447
1449	1447
1451	1450
1451	1460
1451	1495
1452	1451
1452	1474
1452	1476
1452	1486
1453	1452
1453	1464
1454	1453
1454	1455
1454	1465
1455	1452
1455	1456
1455	1475
1455	1477
1455	1487
1456	1451
1456	1458
1456	1461
1456	1496
1457	1456
1457	1459
1457	1462
1457	1497
1457	1761
1458	1450
1459	1458
1459	1760
1461	1460
1462	1461
1462	1764
1465	1464
1466	1465
1466	1770
1470	1469
1472	1471
1472	1479
1472	1483
1472	1484
1472	1485
1472	1489
1472	1500
1472	2102
1472	3104
1472	4225
1472	4227
1472	4234
1473	1471
1473	1766
1473	1777
1473	1795
1475	1474
1477	1476
1478	1477
1478	1783
1481	1480
1481	1785
1482	1480
1482	1501
1482	1896
1482	1938
1482	4067
1487	1486
1488	1487
1488	1486
1488	1521
1488	1786
1488	1787
1491	1490
1491	1790
1493	1492
1493	1792
1496	1495
1497	1496
1497	1793
1497	1795
1499	1498
1502	1501
1502	1772
1502	1774
1502	1798
1505	1504
1506	1505
1506	2796
1507	1506
1507	2353
1507	2787
1507	2788
1507	2789
1508	1507
1508	1536
1508	1643
1508	2817
1508	3096
1508	3561
1508	3568
1510	1509
1510	3199
1510	3200
1510	3202
1510	3217
1510	3239
1510	3247
1510	3252
1510	3260
1510	3262
1511	1510
1511	3177
1511	3181
1511	3182
1511	3183
1511	3184
1512	1511
1512	3114
1512	3173
1512	3174
1512	3187
1513	1512
1513	1513
1513	1643
1513	2373
1513	2446
1513	2466
1513	2471
1513	2777
1513	3177
1513	3183
1513	3187
1513	3200
1513	3203
1513	3385
1513	3388
1513	3681
1513	3682
1513	3686
1514	1511
1515	1515
1516	1515
1522	1521
1522	1746
1522	3581
1522	3580
1522	4058
1525	1524
1525	1526
1528	1527
1528	1531
1529	1528
1530	1529
1530	1534
1530	1546
1530	1552
1530	1555
1535	1534
1535	1542
1535	2667
1535	2999
1535	3017
1535	3019
1535	3027
1535	3030
1535	3032
1535	3043
1535	3049
1535	3050
1535	3942
1536	1535
1536	3001
1536	3004
1536	3007
1536	3573
1536	3579
1536	3599
1537	1536
1537	1542
1537	1541
1537	1543
1537	2999
1537	3001
1537	3004
1537	3012
1537	3017
1537	3019
1537	3035
1537	3045
1537	3047
1537	3049
1537	3052
1537	3062
1537	3063
1537	3097
1537	3102
1538	1534
1538	3050
1538	4066
1539	1534
1539	1543
1539	1544
1539	2792
1539	2820
1539	3012
1539	3703
1539	3705
1541	1540
1541	2370
1541	3033
1541	3038
1541	3051
1541	3065
1541	3066
1541	3067
1541	3068
1541	3562
1541	3569
1542	1541
1542	1543
1542	3010
1542	3012
1542	3016
1542	3022
1542	3023
1542	3034
1542	3035
1542	3044
1547	1546
1549	1548
1549	1580
1549	1615
1549	2142
1549	2451
1549	3704
1549	3761
1549	3764
1549	4007
1551	1550
1551	1554
1557	1556
1557	2045
1557	2047
1557	2054
1566	1565
1566	1574
1566	1575
1566	1576
1567	1566
1567	1569
1567	1572
1569	1568
1569	1573
1571	1570
1572	1571
1579	1590
1582	1581
1584	1583
1584	1624
1584	1639
1585	1584
1585	1628
1585	1638
1585	2952
1585	2990
1585	3179
1585	3592
1587	1586
1587	1590
1588	1586
1588	1598
1588	1599
1588	1623
1589	1586
1589	1626
1591	1590
1592	1590
1594	1593
1595	1593
1597	1596
1600	1599
1602	1601
1602	1780
1617	1616
1618	1617
1619	1616
1619	1620
1622	1621
1622	3166
1626	1625
1628	1627
1638	1637
1638	2963
1638	3757
1641	1640
1641	2957
1642	1641
1642	3102
1642	3110
1642	3602
1645	1644
1645	1647
1645	1646
1645	1670
1645	1672
1645	1673
1645	1683
1645	1686
1645	1687
1645	1690
1645	1736
1645	1740
1645	1741
1644	1646
1644	1686
1644	1687
1647	1646
1647	1666
1648	1647
1648	1670
1648	1672
1648	1690
1649	1648
1649	1655
1649	1659
1649	1689
1649	1708
1649	1726
1650	1649
1650	1654
1650	1690
1651	1646
1652	1646
1654	1653
1654	1658
1654	1663
1654	1683
1655	1653
1655	1663
1657	1656
1657	1672
1657	1743
1659	1658
1659	1683
1660	1659
1661	1735
1661	2053
1662	1661
1668	1667
1667	1672
1669	1667
1669	1680
1670	1690
1672	1671
1672	1680
1673	1672
1674	1672
1674	1690
1674	1691
1674	1727
1674	1728
1675	1672
1675	1676
1675	1735
1675	1737
1675	1738
1675	1739
1675	1740
1675	2053
1675	4229
1676	1672
1677	1676
1677	4229
1678	1676
1678	1735
1678	2053
1678	4229
1679	1671
1680	1733
1681	1680
1681	3605
1683	1682
1683	1726
1685	1684
1689	1688
1689	1708
1689	1723
1688	1725
1688	1728
1690	1689
1690	1693
1690	1712
1690	1724
1690	1726
1691	1689
1691	1726
1692	1688
1692	1740
1692	3605
1693	1711
1693	1713
1694	1695
1694	1701
1694	1702
1695	1696
1695	1697
1695	1698
1695	1699
1695	1700
1703	1695
1703	1704
1703	1705
1703	1706
1703	1702
1707	1695
1708	1710
1709	1708
1709	1727
1714	1715
1715	1716
1716	1717
1716	1718
1716	1719
1716	1720
1721	1715
1723	1722
1727	1726
1730	1729
1730	1733
1729	1740
1729	2054
1732	1731
1733	1732
1735	1736
1742	1741
1746	1745
1746	1751
1747	1746
1748	1746
1749	1746
1750	1746
1753	1752
1755	1754
1756	1754
1756	2651
1756	3587
1761	1760
1761	1764
1761	1793
1762	1761
1763	1761
1763	1765
1763	1793
1763	1794
1767	1766
1767	1786
1767	1795
1767	1983
1767	1984
1767	4066
1767	4067
1769	1780
1773	1772
1773	1774
1779	1778
1792	1791
1796	1797
1810	1809
1810	1818
1810	1819
1812	1811
1814	1813
1814	1815
1861	1866
1868	1867
1868	1871
1868	1872
1868	1910
1868	1926
1868	1928
1867	1879
1870	1932
1873	1872
1873	1879
1873	1895
1873	1928
1872	1949
1874	1872
1874	1897
1874	1914
1874	1949
1874	1957
1875	1874
1875	1880
1876	1874
1876	1880
1876	1941
1876	1944
1876	1952
1876	1970
1877	1872
1877	1879
1877	1885
1877	1905
1877	1919
1877	1926
1877	1928
1877	1930
1877	1970
1878	1877
1878	1888
1878	1890
1880	1879
1880	1908
1880	1929
1880	1928
1880	1940
1882	1881
1882	1887
1882	1896
1883	1882
1883	1883
1883	1884
1883	1895
1884	1882
1884	1895
1884	1904
1885	1884
1885	1885
1885	1911
1887	1886
1887	1938
1886	1914
1888	1887
1889	1887
1889	1886
1889	1920
1890	1887
1890	1896
1890	1895
1890	1894
1890	1904
1890	1915
1891	1886
1891	1894
1892	1886
1892	1893
1893	1886
1893	1894
1893	1895
1893	1914
1894	1886
1895	1894
1895	1910
1895	1914
1896	1895
1897	1895
1897	1949
1897	1957
1898	1897
1898	1956
1898	1958
1899	1898
1900	1898
1900	1906
1900	1908
1900	1929
1900	1950
1900	1956
1900	1984
1901	1897
1902	1897
1903	1894
1907	1907
1909	1908
1909	1929
1909	1940
1913	1912
1913	1992
1917	1916
1917	1918
1917	1921
1917	1977
1923	1922
1923	1932
1924	1923
1924	1925
1925	1922
1925	1932
1925	1933
1927	1929
1928	1927
1928	1933
1929	1928
1932	1932
1937	1949
1937	1957
1941	1940
1941	1957
1941	1985
1940	1949
1940	1978
1942	1941
1942	1940
1942	1957
1943	1942
1943	1949
1943	1950
1943	1951
1943	1957
1943	1985
1943	1987
1943	1991
1946	1946
1946	1959
1946	1960
1949	1962
1949	1975
1950	1949
1950	1985
1951	1950
1951	1987
1953	1952
1952	1956
1952	1962
1952	1974
1954	1956
1955	1955
1956	1964
1956	1966
1956	1972
1956	1977
1969	1968
1971	1970
1980	1979
1980	1981
1980	1982
1982	1981
1982	1983
1982	1984
1988	1989
1993	1993
1995	1994
1997	1997
1998	1997
1999	1997
1999	1999
2000	1999
2000	2001
2000	2117
2003	2002
2003	4085
2003	4086
2003	4087
2003	4088
2004	2002
2004	2118
2004	2120
2004	2122
2004	2124
2004	2125
2005	2289
2005	2290
2009	2008
2009	2010
2009	2011
2009	2012
2009	2015
2009	2128
2011	2053
2014	2013
2017	2016
2018	2017
2018	2022
2018	2023
2018	2024
2018	2039
2018	2042
2019	2017
2020	2017
2020	3176
2021	2016
2025	2027
2025	2033
2026	2025
2026	2032
2026	951
2026	2078
2026	2081
2026	2092
2026	2097
2026	2141
2026	2156
2026	2157
2026	2160
2026	2175
2026	2248
2026	2247
2026	2253
2026	2255
2026	2291
2026	2293
2026	2306
2026	2975
2026	3727
2026	3729
2028	2029
2030	2031
2035	2034
2035	2138
2035	3580
2036	2035
2036	2039
2036	2042
2036	2043
2036	2082
2037	2036
2037	2153
2038	2036
2038	2153
2041	2040
2041	2044
2041	2090
2041	2091
2046	2045
2046	2974
2045	2049
2045	2051
2045	2056
2049	2048
2049	2050
2056	2055
2056	2057
2059	2058
2059	2061
2059	2062
2060	951
2067	2066
2070	2069
2072	2071
2072	2080
2072	2083
2071	2074
2071	2075
2073	2071
2073	2077
2073	2285
2073	2286
2075	2076
2077	2080
2079	2080
2080	2081
2081	2083
2081	2306
2082	2081
2082	2082
2082	2092
2082	2096
2082	2098
2082	2279
2082	2306
2085	2084
2084	2086
2084	2087
2084	2088
2084	2089
2093	3478
2094	2093
2094	3489
2094	3587
2094	3598
2094	3611
2094	3614
2094	3648
2094	3653
2094	3664
2095	2094
2095	3721
2095	3730
2097	2096
2097	2098
2097	2154
2100	2099
2100	2101
2100	4141
2099	2101
2102	2102
2104	2103
2104	2105
2106	2105
2106	3739
2107	2105
2110	2109
2112	2111
2114	2113
2116	2115
2119	2118
2122	2121
2122	2123
2126	2125
2126	4211
2127	2125
2127	2691
2127	4088
2130	2129
2130	2132
2130	2134
2130	2135
2138	2137
2139	2138
2139	2154
2141	2140
2141	2156
2141	2158
2143	2144
2145	2144
2145	2247
2154	2155
2160	2159
2162	2161
2166	2165
2166	2258
2166	2282
2166	2283
2166	2310
2169	2168
2169	2175
2170	2168
2170	2359
2170	2371
2170	2821
2172	2029
2173	2174
2175	2247
2177	2176
2184	2185
2186	2185
2188	2187
2188	2191
2188	2195
2188	2197
2188	2204
2188	2207
2188	2209
2188	2213
2188	2221
2188	2223
2188	2228
2188	2230
2188	2239
2188	2241
2190	2189
2190	2196
2190	2200
2190	2203
2190	2208
2190	2212
2190	2222
2190	2229
2190	2232
2190	2236
2190	2240
2193	2192
2193	2198
2193	2201
2193	2205
2193	2210
2193	2214
2193	2218
2193	2220
2193	2224
2193	2225
2193	2231
2193	2233
2193	2237
2193	2242
2194	2257
2202	2244
2202	2254
2216	2215
2217	2215
2227	2247
2227	2253
2234	2257
2235	2234
2245	2244
2245	2247
2245	2253
2245	2254
2248	2247
2249	2248
2249	2252
2251	2250
2251	2314
2251	2315
2256	2255
2256	3167
2259	2258
2262	2261
2265	2264
2265	2266
2269	2268
2269	2270
2271	2270
2271	2272
2271	2275
2271	2276
2274	2273
2274	2277
2274	2271
2280	2279
2282	2281
2282	2285
2282	2294
2284	2283
2284	2328
2293	2292
2293	2300
2294	2295
2294	2296
2294	2297
2301	2302
2301	2303
2301	2304
2306	2307
2306	2309
2307	2308
2318	2317
2335	2340
2336	2335
2343	2342
2343	2362
2343	2376
2344	2342
2344	2352
2344	2362
2344	2363
2344	2368
2344	2370
2344	2376
2344	2463
2345	2344
2346	2345
2346	2463
2346	2478
2346	2477
2346	2506
2346	2557
2346	2621
2346	2669
2346	4151
2347	2342
2347	2348
2347	2349
2351	2350
2351	2536
2351	2539
2351	2618
2350	2350
2353	2352
2352	2370
2354	2352
2354	2383
2354	2421
2354	2423
2354	2529
2354	2595
2355	2354
2355	2379
2355	2380
2356	2352
2356	2529
2358	2357
2358	2371
2359	2357
2361	2360
2361	2512
2361	2534
2361	2620
2361	2669
2360	2362
2362	2624
2363	2362
2363	2505
2363	2555
2367	2366
2367	2673
2367	2674
2367	2749
2367	2785
2367	2842
2367	2843
2367	2852
2367	2854
2367	2855
2367	2867
2367	2868
2369	2368
2368	2502
2368	2553
2373	2537
2373	2538
2378	2377
2378	2386
2378	2387
2378	2388
2378	2395
2378	2400
2378	2404
2377	2405
2377	2454
2379	2378
2379	2383
2380	2378
2380	2387
2380	2388
2380	2395
2380	2404
2381	2377
2381	2434
2381	2436
2381	2669
2382	2381
2383	2382
2383	2421
2383	2423
2384	2381
2384	2434
2385	2384
2385	2422
2385	2425
2385	2436
2385	2453
2385	2457
2385	2458
2387	2398
2387	2399
2388	2396
2388	2397
2388	2401
2388	2403
2390	2389
2391	2390
2391	2392
2391	2394
2393	2422
2393	2435
2393	2436
2395	2402
2407	2406
2407	2409
2407	2410
2407	2411
2407	2414
2408	2407
2408	2506
2408	2557
2413	2412
2413	2429
2413	2430
2413	2431
2413	2432
2413	2438
2412	2415
2412	2416
2412	2417
2412	2418
2412	2419
2421	2420
2421	2426
2421	2433
2421	2434
2421	2435
2421	2436
2421	2437
2422	2420
2422	2427
2422	2428
2423	2422
2423	2441
2424	2422
2425	2420
2430	2442
2439	2438
2439	2440
2445	2529
2447	2446
2447	2471
2446	2536
2446	2537
2446	2538
2446	2539
2448	2447
2448	2473
2448	2474
2450	2449
2450	2483
2455	2454
2455	2458
2456	2454
2456	2456
2456	2460
2456	2777
2456	2830
2456	2966
2456	2997
2456	3009
2456	3027
2456	3033
2456	3174
2456	3173
2456	3681
2456	3682
2461	2460
2465	2464
2465	2467
2465	2471
2464	2466
2464	2468
2464	2469
2464	2470
2472	2471
2472	3648
2473	2471
2474	2471
2477	2478
2478	2477
2479	2478
2479	2881
2479	2941
2479	3955
2480	2479
2480	2936
2480	2942
2481	2480
2481	2943
2483	2482
2483	2490
2483	4151
2486	2485
2486	2502
2486	2503
2486	2505
2486	2528
2486	2530
2486	2532
2488	2487
2488	2492
2488	2493
2488	2494
2488	2495
2488	2497
2488	2498
2488	2499
2488	2501
2489	2488
2489	2541
2490	2489
2490	2506
2490	2508
2490	2509
2490	2534
2490	2557
2490	2621
2491	2489
2491	2506
2491	2557
2496	2495
2496	2513
2496	2545
2496	2546
2500	2499
2500	2513
2500	2549
2504	2503
2504	2506
2504	2551
2504	2557
2504	2593
2506	2519
2506	2520
2506	2521
2506	2522
2506	2523
2506	2524
2506	2525
2506	2526
2506	2527
2507	2506
2507	2557
2507	2622
2507	2668
2508	2506
2508	2557
2509	2508
2510	2506
2510	2530
2510	2557
2510	2629
2511	2506
2511	2531
2511	2557
2511	2595
2512	2511
2512	2557
2513	2506
2513	2557
2513	4151
2514	2513
2515	2514
2515	2518
2516	2513
2516	2651
2517	2513
2518	2513
2518	4164
2529	2528
2529	2627
2533	2532
2533	2582
2533	2617
2534	2533
2534	2571
2535	2534
2535	2621
2535	2668
2541	2540
2541	2543
2541	2544
2541	2545
2541	2546
2541	2547
2541	2548
2541	2549
2541	2550
2541	2584
2540	2583
2542	2541
2544	2585
2545	2586
2546	2587
2547	2588
2548	2589
2549	2590
2550	2591
2553	2552
2553	2594
2555	2554
2555	2595
2557	2556
2557	2563
2557	2596
2557	2663
2556	2559
2556	2560
2556	2561
2556	2564
2556	2565
2556	2566
2556	2567
2556	2568
2558	2557
2558	2569
2558	2595
2558	2606
2563	2562
2563	2600
2571	2570
2571	2607
2570	2573
2570	2574
2570	2575
2570	2576
2570	2577
2570	2578
2570	2579
2570	2580
2570	2581
2572	2571
2596	2597
2596	2598
2596	2599
2596	2601
2596	2602
2596	2603
2596	2604
2596	2605
2607	2608
2607	2609
2607	2610
2607	2611
2607	2612
2607	2613
2607	2614
2607	2615
2607	2616
2620	2621
2622	2621
2623	2621
2627	2626
2629	2628
2633	2632
2633	3494
2633	3904
2634	2633
2635	2634
2636	2633
2636	3494
2637	2633
2637	3413
2637	3494
2637	3505
2637	3506
2637	3508
2648	2647
2648	2649
2648	2650
2648	2657
2652	2651
2654	2667
2658	2659
2661	2662
2664	2665
2665	2666
2671	2670
2672	2670
2680	2682
2680	2683
2680	2685
2681	2680
2681	2684
2681	2686
2682	2682
2688	2687
2688	2689
2688	2691
2690	2689
2692	2691
2695	2694
2695	2701
2695	2709
2694	2696
2694	2713
2694	2734
2694	2738
2699	2698
2704	2705
2704	2706
2714	2735
2718	2717
2718	2881
2720	2719
2721	2720
2721	4008
2721	4023
2742	2741
2742	2744
2742	3191
2742	3384
2742	3675
2742	3676
2743	2742
2743	2833
2743	2840
2743	3186
2743	3190
2743	3679
2743	4233
2746	2745
2746	3175
2746	3195
2746	3196
2748	2747
2752	2751
2753	2752
2753	2785
2761	2763
2769	2768
2772	2771
2776	2775
2776	2776
2776	3510
2780	2779
2780	3075
2780	3081
2780	3086
2780	4012
2785	2784
2785	2786
2787	2792
2787	2794
2787	2809
2787	2811
2787	2818
2787	2820
2787	2821
2787	2826
2787	2828
2788	2791
2788	2798
2788	2801
2788	2802
2788	2803
2788	2805
2788	2814
2788	2816
2788	2823
2789	2793
2789	2795
2789	2804
2789	2806
2789	2808
2789	2829
2791	2790
2791	2800
2792	2828
2798	2797
2798	2807
2798	2810
2798	2815
2798	2825
2798	2827
2797	2799
2797	2822
2799	2847
2801	2847
2802	3064
2802	3065
2803	2847
2810	2847
2812	2811
2812	3033
2813	2812
2813	3515
2813	3517
2813	3521
2813	3523
2815	2847
2817	2816
2817	2861
2817	3561
2819	2818
2819	2820
2820	2821
2822	2847
2823	3067
2824	2823
2825	2847
2834	2833
2834	2838
2836	2835
2836	2838
2838	2837
2838	2839
2846	2845
2849	2848
2849	2850
2849	3622
2854	2853
2857	2856
2857	2859
2858	2857
2858	2860
2863	2862
2864	2864
2873	3771
2877	2876
2879	2878
2880	2880
2881	2892
2882	2881
2882	2894
2883	2882
2883	2885
2884	2881
2884	2946
2885	2881
2885	2905
2886	2881
2886	2887
2886	3400
2886	3956
2886	3989
2889	2888
2889	2890
2889	2891
2893	2892
2893	3993
2896	2895
2896	2904
2896	2903
2897	2896
2897	2883
2899	2898
2899	2901
2900	2898
2902	2901
2904	2903
2910	2911
2910	2912
2910	2923
2912	2913
2912	2920
2912	2921
2913	2914
2913	2915
2913	2916
2916	2917
2916	2919
2917	2918
2919	2918
2921	2922
2924	2925
2924	2914
2926	2927
2926	2913
2928	2929
2928	2930
2928	2913
2928	2918
2931	2932
2931	2914
2931	2923
2931	2933
2931	2934
2934	2935
2936	2937
2940	2939
2940	2937
2940	2941
2944	2949
2947	2946
2951	3691
2954	2953
2954	2955
2954	3617
2954	3678
2963	2962
2965	2964
2965	2966
2965	2971
2965	2976
2965	3935
2964	2979
2970	2969
2972	2971
2972	3573
2972	3599
2972	3605
2973	2974
2976	2977
2976	2978
2983	2982
2983	2988
2983	3502
2984	2982
2984	2988
2987	2986
2989	2988
2995	2994
2995	2996
2995	2997
2999	2998
2999	3031
2999	3052
2999	3062
2999	3063
2998	3020
3001	3000
3001	3002
3001	3003
3001	3005
3001	3006
3001	3008
3001	3100
3001	3940
3010	3009
3010	3011
3010	3028
3014	3013
3014	3016
3014	3024
3014	3037
3016	3015
3016	3025
3016	3039
3019	3018
3019	3064
3022	3021
3022	3040
3026	3025
3030	3029
3030	3047
3030	3048
3030	3943
3036	3035
3036	3561
3036	3568
3042	3041
3043	3042
3046	3045
3052	3059
3052	3060
3052	3061
3053	3052
3054	3052
3055	3052
3055	3055
3076	3077
3081	3080
3081	3083
3081	3088
3082	3080
3082	3088
3085	3084
3085	3086
3085	3087
3092	3091
3092	3093
3095	3094
3096	3097
3099	3099
3101	3102
3104	3103
3104	3105
3104	3106
3104	3493
3104	3674
3104	3677
3109	3108
3113	3112
3113	3124
3113	3125
3113	3131
3113	3132
3113	3137
3113	3140
3113	3144
3113	3150
3113	3151
3113	3154
3113	3155
3112	3118
3114	3112
3114	3124
3114	3125
3114	3126
3114	3127
3114	3140
3114	3144
3114	3150
3114	3151
3114	3154
3114	3155
3114	3159
3114	3160
3114	3161
3114	3162
3114	3163
3114	3165
3114	3166
3114	3167
3114	3168
3114	3169
3114	3171
3114	3176
3114	3288
3114	3329
3115	3114
3115	3990
3117	3116
3118	3117
3118	3119
3122	3129
3141	3142
3141	3143
3145	3146
3145	3147
3164	3163
3164	3172
3174	3173
3177	3176
3177	3198
3177	3204
3177	3205
3177	3206
3177	3207
3177	3208
3177	3209
3177	3210
3177	3211
3177	3212
3177	3221
3177	3222
3177	3223
3177	3224
3177	3226
3177	3228
3177	3232
3177	3241
3177	3242
3177	3243
3177	3244
3177	3255
3177	3258
3177	3259
3177	3263
3177	3265
3177	3272
3177	3273
3176	3235
3176	3267
3176	3268
3176	3269
3176	3270
3176	3271
3176	3305
3176	3314
3179	3178
3179	3185
3178	3180
3178	3188
3178	3192
3178	3193
3181	3189
3181	3246
3181	3264
3181	3275
3181	3276
3182	3197
3182	3201
3182	3213
3182	3214
3182	3219
3182	3220
3182	3227
3182	3229
3182	3230
3182	3231
3182	3233
3182	3234
3182	3236
3182	3249
3182	3250
3182	3251
3182	3253
3182	3254
3182	3256
3182	3257
3182	3261
3182	3266
3183	3203
3184	3215
3184	3237
3189	3240
3193	3280
3195	3194
3200	3216
3218	3217
3218	3283
3218	3285
3218	3328
3218	3352
3218	3388
3222	3225
3226	3274
3239	3238
3239	3245
3247	3352
3248	3247
3248	3277
3248	3278
3267	3331
3279	3278
3282	3281
3282	3284
3282	3286
3282	3293
3282	3294
3282	3295
3282	3296
3282	3297
3282	3298
3282	3299
3282	3300
3282	3301
3282	3302
3282	3303
3282	3305
3282	3308
3282	3309
3282	3312
3282	3313
3282	3314
3282	3315
3282	3316
3282	3317
3282	3318
3282	3319
3282	3320
3282	3321
3282	3323
3282	3326
3282	3330
3282	3331
3282	3333
3282	3336
3282	3341
3282	3342
3282	3344
3282	3345
3282	3346
3282	3347
3282	3348
3282	3350
3282	3351
3282	3353
3282	3354
3282	3355
3282	3356
3282	3357
3282	3360
3282	3361
3282	3366
3282	3368
3282	3369
3282	3374
3282	3375
3282	3376
3282	3377
3282	3379
3282	3380
3282	3381
3282	3382
3282	3389
3283	3282
3283	3287
3283	3289
3283	3291
3283	3292
3283	3304
3283	3310
3283	3332
3283	3334
3283	3338
3283	3343
3283	3349
3283	3358
3283	3359
3283	3364
3283	3370
3283	3371
3283	3373
3283	3390
3283	3391
3289	3288
3289	3329
3289	3337
3289	3340
3291	3290
3291	3306
3291	3307
3291	3311
3291	3324
3291	3325
3291	3362
3291	3363
3291	3365
3291	3367
3291	3372
3291	3378
3291	3383
3328	3327
3336	3335
3338	3339
3385	3388
3387	3386
3387	3389
3387	3393
3386	3386
3395	3396
3395	3397
3408	3408
3409	3408
3409	3409
3409	3421
3409	3422
3411	3410
3413	3412
3413	3427
3413	3435
3412	3421
3414	3413
3414	3634
3415	3414
3415	3602
3415	3605
3415	3642
3416	3413
3416	3487
3416	3488
3416	3497
3416	3506
3416	3679
3417	3412
3417	3419
3417	3421
3418	3417
3419	3421
3420	3419
3420	3421
3424	3429
3424	3430
3426	3425
3426	3426
3426	3430
3427	3430
3428	3427
3428	3429
3428	3430
3429	3430
3432	3437
3432	3438
3434	3433
3434	3434
3434	3438
3435	3438
3436	3435
3436	3437
3436	3438
3437	3438
3441	3440
3441	3445
3443	3442
3443	3444
3443	3446
3448	3447
3448	3449
3448	3697
3450	3450
3451	3451
3453	3452
3455	3454
3458	3457
3460	3459
3462	3461
3462	3466
3461	3463
3461	3464
3464	3465
3465	3476
3466	3465
3466	3691
3466	3693
3466	3703
3467	3469
3467	3472
3469	3468
3469	3473
3469	3486
3470	3469
3470	3472
3470	3474
3470	3476
3470	3482
3470	3483
3470	3485
3470	3679
3472	3471
3472	3484
3476	3475
3476	3477
3478	3489
3479	3478
3481	3480
3482	3481
3490	3489
3492	3491
3495	3494
3496	3496
3499	3498
3499	3502
3501	3500
3502	3503
3502	3504
3510	3509
3510	3511
3510	3512
3510	3514
3515	3521
3515	3523
3515	3528
3515	3531
3521	3520
3521	3535
3523	3522
3523	3524
3523	3526
3523	3529
3523	3530
3523	3532
3523	3533
3523	3536
3523	3537
3523	3538
3523	3539
3525	3524
3528	3527
3528	3534
3541	3540
3541	3543
3541	3554
3544	3545
3547	3546
3547	3557
3549	3548
3550	3549
3550	3552
3552	3551
3552	3553
3555	3556
3564	3563
3567	3566
3568	3567
3571	3570
3574	3573
3574	3599
3577	3576
3577	3585
3577	3598
3577	3601
3577	3610
3578	3577
3581	3580
3581	3604
3581	3606
3584	3583
3584	3587
3584	3588
3584	3609
3590	3589
3590	3731
3591	3589
3593	3596
3603	3602
3608	3607
3608	3609
3611	3612
3612	3617
3614	3613
3614	3616
3615	3613
3615	3617
3616	3617
3618	3618
3620	3619
3620	3621
3622	3622
3625	3624
3624	3626
3624	3627
3628	3631
3628	3633
3630	3629
3630	3630
3630	3633
3632	3631
3632	3633
3631	3633
3634	3633
3635	3634
3635	3637
3635	3638
3635	3642
3635	3646
3639	3641
3642	3641
3641	3645
3643	3642
3645	3644
3658	3657
3658	3659
3658	3660
3658	3663
3658	3664
3661	3660
3661	3662
3669	3669
3671	3670
3671	3674
3672	3671
3672	3673
3672	3675
3672	3679
3673	3673
3680	3683
3680	3685
3680	3689
3695	3696
3699	3700
3701	3702
3706	3705
3706	3707
3706	3715
3708	3709
3710	3711
3711	3713
3717	3716
3717	3718
3723	3722
3723	3723
3724	3722
3728	3742
3736	3736
3737	3737
3740	3739
3741	3739
3763	3762
3763	3765
3767	3766
3770	3769
3770	4023
3772	3773
3776	3775
3777	3776
3777	3820
3777	3844
3777	3860
3777	4038
3779	3778
3779	3781
3779	3785
3779	3786
3779	3789
3779	4016
3778	3783
3781	3780
3785	3784
3785	3787
3785	3788
3791	3790
3791	3793
3791	3803
3791	3816
3791	3822
3791	3826
3791	3828
3791	4021
3790	3828
3790	3833
3790	3863
3792	3790
3793	3795
3793	3798
3795	3863
3796	3795
3796	3871
3798	3797
3798	3837
3798	3863
3798	3867
3799	3798
3799	3838
3799	3871
3799	3874
3799	3986
3800	3797
3800	3843
3800	3961
3802	3801
3802	3803
3802	3807
3801	3804
3801	3805
3806	3805
3809	3808
3809	3810
3809	3813
3809	4016
3811	3810
3811	3814
3811	3823
3812	3811
3815	3814
3815	3816
3815	3828
3815	4021
3822	3821
3822	3823
3822	3871
3825	3824
3825	3828
3825	3830
3825	3979
3825	4034
3825	4035
3830	3829
3831	3831
3832	3831
3832	3974
3834	3833
3834	3864
3833	3837
3836	3835
3836	3841
3837	3842
3837	3875
3839	3838
3839	3862
3839	3866
3839	3874
3838	3866
3841	3840
3841	3855
3841	3872
3840	3856
3840	3850
3840	3869
3842	3843
3842	3868
3842	3869
3847	3851
3849	3848
3848	3850
3848	3857
3851	3850
3851	3857
3851	3866
3852	3851
3852	3888
3852	3986
3853	3852
3853	3871
3853	3884
3853	3886
3853	3979
3853	4034
3854	3851
3855	3854
3855	3856
3856	3851
3864	3863
3864	3867
3865	3863
3871	3870
3872	3871
3873	3871
3877	3876
3877	3878
3877	3880
3877	3882
3877	3912
3877	4025
3877	4026
3877	4027
3879	3878
3879	3882
3880	3878
3881	3880
3881	3882
3884	3883
3888	3887
3889	3985
3892	3891
3892	3974
3894	3893
3895	3893
3895	3911
3895	3921
3895	3998
3895	4011
3896	3895
3897	3896
3898	3895
3899	3895
3899	3919
3902	3901
3906	3905
3906	3914
3906	3917
3906	4028
3906	4029
3908	3907
3910	3909
3910	3917
3913	3912
3913	3916
3915	3914
3915	3916
3916	3917
3918	3917
3922	3928
3922	3930
3923	3924
3925	3926
3926	3927
3928	3952
3929	3928
3929	3952
3929	3975
3929	3977
3929	3978
3929	3979
3929	4034
3930	3967
3930	3971
3934	3933
3945	3944
3946	3944
3950	3949
3953	3952
3953	3967
3953	3971
3954	3952
3955	3952
3955	3967
3955	3971
3955	4018
3955	4023
3955	4030
3956	3955
3957	3955
3958	3957
3958	3959
3959	3955
3963	3962
3963	3965
3963	3966
3964	3962
3964	3965
3964	3966
3964	3967
3964	3968
3964	3971
3968	3967
3968	3971
3969	3968
3969	3981
3969	3983
3970	3968
3970	3985
3970	3987
3977	3976
3977	3980
3983	3982
3984	3982
3985	3986
3993	3992
3993	3994
4000	3999
4000	4002
4000	4003
4000	4004
4006	4016
4013	4012
4015	4014
4017	4016
4017	4034
4017	4035
4018	4016
4018	4020
4018	4030
4019	4018
4020	4018
4021	4018
4021	4023
4022	4018
4023	4018
4023	4030
4023	4039
4024	4023
4024	4042
4024	4043
4032	4031
4038	4037
4040	4039
4042	4044
4042	4045
4042	4046
4042	4047
4042	4048
4042	4049
4055	4054
4065	4064
4068	4067
4069	4067
4070	4067
4077	4076
4077	4078
4077	4079
4081	4082
4083	4082
4083	4084
4089	4139
4092	1338
4093	1338
4094	1338
4095	1338
4105	4106
4132	4131
4133	4131
4133	4134
4133	4135
4137	4138
4141	4140
4141	4144
4141	4145
4141	4146
4141	4147
4141	4148
4141	4149
4142	4141
4150	4158
4150	4159
4150	4160
4150	4161
4150	4162
4150	4163
4150	4164
4150	4165
4150	4167
4150	4168
4150	4170
4150	4171
4151	4150
4152	4150
4153	4158
4154	4157
4156	4160
4156	4162
4169	4170
4174	4189
4176	4175
4176	4183
4176	4185
4176	4186
4176	4187
4176	4190
4176	4192
4176	4194
4175	4188
4175	4191
4175	4195
4177	4179
4177	4197
4177	4198
4179	4180
4212	4211
4217	4216
4217	4218
