1	0
1	180
1	4180
1	4216
2	1
2	47
2	55
2	173
2	177
2	178
2	179
2	183
2	184
2	242
2	245
2	252
2	255
2	670
2	820
2	4173
2	4199
2	4207
2	4220
2	4221
3	2
3	171
3	4164
3	4165
3	4196
4	3
5	4
6	4
6	11
6	20
6	43
6	42
6	45
6	15
6	17
6	64
6	68
6	92
6	34
6	107
6	172
6	179
6	184
6	185
6	193
6	199
6	217
6	218
6	219
6	227
6	238
6	240
6	265
6	303
6	331
6	330
6	363
6	366
6	379
6	434
6	442
6	443
6	458
6	478
6	593
6	725
6	722
6	736
6	751
6	758
6	763
6	794
6	802
6	828
6	844
6	882
6	1138
6	1180
6	1209
6	1221
6	1227
6	1232
6	1263
6	1265
6	1268
6	1291
6	1314
6	1504
6	1537
6	1553
6	1576
6	1615
6	1634
6	1894
6	1912
6	1923
6	1914
6	1934
6	1944
6	1955
6	1959
6	1963
6	1964
6	1967
6	1973
6	1977
6	1979
6	1981
6	1983
6	1985
6	1987
6	1989
6	1997
6	2009
6	2014
6	2042
6	2047
6	2048
6	2084
6	2158
6	2222
6	2258
6	2274
6	2326
6	2331
6	2380
6	2398
6	2452
6	2453
6	2455
6	2536
6	2614
6	2659
6	2663
6	2688
6	2822
6	2829
6	2834
6	2836
6	2838
6	2846
6	2865
6	2866
6	2899
6	2926
6	2928
6	2971
6	2987
6	2993
6	2995
6	2996
6	3003
6	3008
6	3016
6	3020
6	3024
6	3037
6	3057
6	3059
6	3060
6	3075
6	3076
6	3082
6	3083
6	3088
6	3102
6	3119
6	3129
6	3220
6	3405
6	3434
6	3442
6	3451
6	3459
6	3486
6	3503
6	3516
6	3517
6	3523
6	3528
6	3552
6	3594
6	3601
6	3614
6	3620
6	3623
6	3626
6	3654
6	3706
6	3716
6	3782
6	3784
6	3830
6	3872
6	3958
6	3966
6	4041
6	4046
6	4077
6	4112
6	4164
6	4174
6	4178
6	4193
6	4194
6	4196
6	4239
7	3
7	19
7	26
7	29
7	42
7	45
7	48
7	50
7	49
7	56
7	60
7	65
7	68
7	69
7	70
7	74
7	82
7	84
7	97
7	98
7	105
7	122
7	150
7	159
7	166
7	172
7	173
7	177
7	188
7	190
7	193
7	199
7	200
7	205
7	208
7	209
7	210
7	211
7	218
7	219
7	221
7	224
7	227
7	230
7	235
7	240
7	244
7	254
7	256
7	302
7	304
7	315
7	319
7	333
7	406
7	422
7	457
7	456
7	459
7	460
7	466
7	472
7	477
7	482
7	489
7	544
7	587
7	588
7	594
7	597
7	598
7	606
7	611
7	658
7	660
7	663
7	669
7	670
7	671
7	673
7	678
7	687
7	695
7	706
7	710
7	722
7	730
7	734
7	736
7	744
7	748
7	751
7	752
7	755
7	757
7	754
7	763
7	770
7	778
7	784
7	787
7	794
7	805
7	815
7	820
7	826
7	827
7	880
7	888
7	904
7	1138
7	1159
7	1164
7	1165
7	1172
7	1173
7	1181
7	1180
7	1188
7	1192
7	1193
7	1194
7	1203
7	1218
7	1217
7	1225
7	1227
7	1235
7	1258
7	1259
7	1267
7	1268
7	1277
7	1309
7	1310
7	1313
7	1312
7	1317
7	1327
7	1328
7	1330
7	1332
7	1338
7	1345
7	1404
7	1427
7	1484
7	1509
7	1523
7	1554
7	1576
7	1594
7	1616
7	1621
7	1629
7	1630
7	1631
7	1658
7	1663
7	1661
7	1673
7	1678
7	1686
7	1695
7	1755
7	1761
7	1766
7	1769
7	1795
7	1802
7	1803
7	1892
7	1903
7	1918
7	1936
7	1950
7	1969
7	1978
7	1979
7	1981
7	1983
7	1984
7	1988
7	2011
7	2032
7	2040
7	2047
7	2049
7	2062
7	2069
7	2071
7	949
7	2083
7	2096
7	2107
7	2110
7	2132
7	2135
7	2137
7	2136
7	2138
7	2158
7	2182
7	2219
7	2231
7	2235
7	2236
7	2237
7	2239
7	2263
7	2281
7	2287
7	2290
7	2291
7	2297
7	2300
7	2310
7	2312
7	2324
7	2325
7	2329
7	2331
7	2334
7	2335
7	2348
7	2349
7	2350
7	2372
7	2380
7	2396
7	2402
7	2400
7	2405
7	2406
7	2407
7	2411
7	2414
7	2423
7	2448
7	2464
7	2468
7	2501
7	2502
7	2518
7	2520
7	2535
7	2556
7	2590
7	2650
7	2657
7	2659
7	2665
7	2677
7	2694
7	2696
7	2706
7	2712
7	2745
7	2753
7	2891
7	2993
7	3000
7	3002
7	3008
7	3010
7	3102
7	3117
7	3126
7	3138
7	3139
7	3155
7	3156
7	3157
7	3189
7	3217
7	3218
7	3219
7	3223
7	3224
7	3227
7	3229
7	3230
7	3233
7	3234
7	3235
7	3237
7	3241
7	3242
7	3243
7	3244
7	3245
7	3246
7	3248
7	3250
7	3255
7	3260
7	3265
7	3267
7	3269
7	3271
7	3274
7	3275
7	3276
7	3278
7	3280
7	3281
7	3282
7	3284
7	3285
7	3286
7	3288
7	3290
7	3291
7	3295
7	3296
7	3405
7	3420
7	3422
7	3430
7	3443
7	3446
7	3447
7	3449
7	3454
7	3455
7	3457
7	3478
7	3506
7	3523
7	3580
7	3597
7	3607
7	3622
7	3626
7	3628
7	3630
7	3631
7	3637
7	3650
7	3651
7	3653
7	3652
7	3666
7	3665
7	3688
7	3735
7	3742
7	3743
7	3760
7	3768
7	3774
7	3775
7	3778
7	3801
7	3834
7	3839
7	3841
7	3848
7	3881
7	3912
7	3940
7	3943
7	3987
7	3991
7	3995
7	4008
7	4012
7	4020
7	4028
7	4035
7	4041
7	4075
7	4077
7	4081
7	4100
7	4103
7	4109
7	4111
7	4122
7	4124
7	4131
7	4134
7	4136
7	4149
7	4158
7	4162
7	4177
7	4179
7	4182
7	4184
7	4185
7	4186
7	4187
7	4191
7	4193
7	4195
7	4196
7	4197
7	4198
7	4202
7	4203
7	4204
7	4222
7	4223
7	4224
7	4225
7	4226
7	4227
7	4228
7	4229
7	4230
7	4231
7	4232
7	4233
7	4236
7	4237
8	3
9	8
9	14
9	16
9	18
9	19
9	35
9	38
9	40
9	48
9	56
9	60
9	65
9	66
9	74
9	96
9	97
9	98
9	170
9	4174
9	4175
9	4176
9	4178
9	4179
9	4192
9	4200
9	4201
10	9
11	8
11	2
11	38
11	1
11	40
11	66
11	74
11	98
11	171
11	179
11	242
11	670
11	820
11	4164
11	4165
11	4174
11	4175
11	4178
11	4179
11	4182
11	4183
11	4184
11	4185
11	4186
11	4187
11	4188
11	4190
11	4191
11	4193
11	4196
11	4200
11	4201
11	4203
12	11
12	8
12	14
12	17
12	2
12	18
12	21
12	20
12	35
12	1
12	41
12	40
12	43
12	42
12	49
12	66
12	74
12	84
12	83
12	82
12	96
12	97
12	105
12	115
12	128
12	171
12	172
12	173
12	181
12	183
12	184
12	185
12	189
12	196
12	217
12	219
12	227
12	248
12	247
12	303
12	319
12	354
12	361
12	365
12	372
12	374
12	376
12	379
12	406
12	422
12	427
12	432
12	434
12	436
12	438
12	439
12	441
12	442
12	443
12	447
12	449
12	450
12	452
12	465
12	470
12	480
12	490
12	539
12	577
12	584
12	671
12	673
12	687
12	696
12	722
12	737
12	744
12	743
12	745
12	751
12	755
12	757
12	754
12	758
12	763
12	770
12	787
12	815
12	820
12	824
12	827
12	831
12	843
12	846
12	876
12	880
12	888
12	928
12	931
12	923
12	1068
12	1071
12	1092
12	1124
12	1125
12	1127
12	1128
12	1129
12	1130
12	1132
12	1135
12	1136
12	1138
12	1170
12	1181
12	1180
12	1179
12	1185
12	1186
12	1187
12	1188
12	1189
12	1190
12	1191
12	1192
12	1209
12	1208
12	1223
12	1225
12	1226
12	1227
12	1232
12	1255
12	1259
12	1261
12	1266
12	1306
12	1308
12	1317
12	1315
12	1319
12	1328
12	1330
12	1332
12	1400
12	1398
12	1403
12	1421
12	1513
12	1522
12	1534
12	1532
12	1539
12	1565
12	1579
12	1594
12	1615
12	1621
12	1629
12	1630
12	1631
12	1656
12	1669
12	1673
12	1678
12	1688
12	1687
12	1705
12	1704
12	1703
12	1708
12	1737
12	1740
12	1741
12	1747
12	1755
12	1756
12	1764
12	1761
12	1760
12	1766
12	1769
12	1772
12	1784
12	1795
12	1796
12	1802
12	1892
12	1896
12	1904
12	1913
12	1912
12	1910
12	1909
12	1921
12	1923
12	1929
12	1941
12	1944
12	1942
12	1946
12	1956
12	1955
12	1959
12	1966
12	1965
12	1964
12	1967
12	1971
12	1973
12	1984
12	1998
12	1999
12	2009
12	2011
12	2013
12	2014
12	2025
12	2026
12	2064
12	2069
12	2071
12	949
12	2110
12	2109
12	2108
12	2112
12	2116
12	2123
12	2126
12	2130
12	2143
12	2158
12	2161
12	2162
12	2169
12	2170
12	2182
12	2183
12	2196
12	2264
12	2267
12	2272
12	2273
12	2280
12	2284
12	2310
12	2318
12	2324
12	2325
12	2327
12	2336
12	2346
12	2348
12	2349
12	2351
12	2363
12	2385
12	2392
12	2393
12	2426
12	2431
12	2448
12	2455
12	2459
12	2502
12	2503
12	2528
12	2527
12	2525
12	2541
12	2553
12	2556
12	2557
12	2576
12	2582
12	2590
12	2639
12	2640
12	2657
12	2664
12	2682
12	2686
12	2692
12	2693
12	2696
12	2697
12	2704
12	2760
12	2770
12	2782
12	2794
12	2796
12	2800
12	2843
12	2842
12	2852
12	2860
12	2864
12	2873
12	2874
12	2889
12	2900
12	2926
12	2965
12	2973
12	2981
12	2985
12	2989
12	2995
12	3002
12	3008
12	3014
12	3025
12	3029
12	3037
12	3038
12	3054
12	3055
12	3066
12	3070
12	3072
12	3082
12	3083
12	3090
12	3091
12	3113
12	3116
12	3120
12	3122
12	3126
12	3132
12	3155
12	3176
12	3177
12	3178
12	3218
12	3237
12	3405
12	3406
12	3436
12	3435
12	3434
12	3441
12	3442
12	3445
12	3451
12	3453
12	3473
12	3477
12	3490
12	3493
12	3495
12	3502
12	3506
12	3510
12	3531
12	3530
12	3532
12	3533
12	3540
12	3600
12	3602
12	3604
12	3608
12	3615
12	3618
12	3623
12	3626
12	3628
12	3630
12	3631
12	3649
12	3662
12	3678
12	3685
12	3686
12	3688
12	3735
12	3742
12	3743
12	3747
12	3759
12	27
12	3782
12	3783
12	3787
12	3797
12	3803
12	3805
12	3806
12	3812
12	3813
12	3816
12	3824
12	3828
12	3830
12	3834
12	3851
12	3870
12	3872
12	3882
12	3886
12	3894
12	3934
12	3939
12	3940
12	3922
12	3964
12	3967
12	3973
12	3972
12	3977
12	3978
12	3984
12	3991
12	3990
12	3994
12	3997
12	4002
12	4008
12	4011
12	4020
12	4021
12	4024
12	4035
12	4039
12	4041
12	4046
12	4057
12	4058
12	4073
12	4074
12	4075
12	4084
12	1788
12	4090
12	4096
12	4098
12	4162
12	4164
12	4174
12	4176
12	4187
12	4188
12	4193
12	4195
12	4196
12	4199
12	4202
12	4214
13	11
13	14
13	16
13	18
13	26
13	31
13	33
13	19
13	50
13	51
13	49
13	53
13	48
13	56
13	60
13	64
13	65
13	81
13	88
13	89
13	90
13	84
13	96
13	97
13	104
13	118
13	111
13	134
13	132
13	146
13	160
13	167
13	168
13	169
13	172
13	173
13	181
13	183
13	184
13	185
13	191
13	214
13	215
13	227
13	240
13	246
13	245
13	252
13	256
13	257
13	255
13	259
13	261
13	263
13	265
13	266
13	268
13	269
13	271
13	285
13	289
13	291
13	294
13	304
13	303
13	325
13	336
13	337
13	338
13	339
13	341
13	344
13	345
13	347
13	349
13	351
13	353
13	355
13	394
13	402
13	413
13	415
13	417
13	418
13	421
13	429
13	437
13	440
13	444
13	445
13	498
13	506
13	508
13	510
13	515
13	516
13	517
13	521
13	522
13	523
13	525
13	528
13	529
13	540
13	542
13	548
13	557
13	562
13	563
13	566
13	573
13	574
13	575
13	576
13	604
13	605
13	608
13	609
13	610
13	614
13	621
13	632
13	638
13	640
13	641
13	646
13	649
13	656
13	658
13	663
13	670
13	674
13	678
13	687
13	686
13	685
13	684
13	682
13	691
13	692
13	694
13	696
13	700
13	701
13	703
13	704
13	705
13	706
13	708
13	709
13	711
13	712
13	719
13	725
13	722
13	729
13	732
13	731
13	735
13	738
13	737
13	745
13	747
13	756
13	754
13	759
13	761
13	760
13	762
13	765
13	766
13	773
13	770
13	776
13	777
13	779
13	781
13	780
13	784
13	788
13	790
13	789
13	791
13	793
13	795
13	796
13	799
13	800
13	802
13	803
13	804
13	805
13	811
13	810
13	812
13	813
13	814
13	815
13	817
13	818
13	822
13	824
13	825
13	827
13	829
13	831
13	842
13	869
13	879
13	887
13	891
13	893
13	894
13	895
13	906
13	907
13	931
13	923
13	963
13	982
13	987
13	1010
13	1021
13	1008
13	1028
13	1003
13	1037
13	993
13	1069
13	1070
13	1073
13	1076
13	1124
13	1125
13	1127
13	1129
13	1130
13	1131
13	1132
13	1135
13	1167
13	1166
13	1165
13	1170
13	1173
13	1174
13	1175
13	1177
13	1178
13	1182
13	1185
13	1187
13	1186
13	1189
13	1190
13	1191
13	1192
13	1195
13	1197
13	1198
13	1202
13	1203
13	1205
13	1209
13	1216
13	1218
13	1232
13	1238
13	1253
13	1256
13	1258
13	1259
13	1261
13	1270
13	1271
13	1274
13	1276
13	1277
13	1280
13	1281
13	1282
13	1286
13	1284
13	1291
13	1298
13	1300
13	1303
13	1306
13	1307
13	1310
13	1309
13	1311
13	1317
13	1315
13	1314
13	1328
13	1331
13	1339
13	1431
13	1430
13	1437
13	1438
13	1439
13	1441
13	1440
13	1436
13	1443
13	1451
13	1450
13	1449
13	1448
13	1467
13	1469
13	1474
13	1477
13	1484
13	1487
13	1488
13	1493
13	1496
13	1498
13	1501
13	1502
13	1511
13	1507
13	1517
13	1518
13	1521
13	1522
13	1530
13	1531
13	1538
13	1548
13	1550
13	1552
13	1554
13	1562
13	1575
13	1577
13	1579
13	1584
13	1594
13	1596
13	1611
13	1612
13	1614
13	1618
13	1624
13	1627
13	1628
13	1629
13	1630
13	1642
13	1653
13	1656
13	1659
13	1662
13	1668
13	1671
13	1673
13	1679
13	1681
13	1685
13	1687
13	1698
13	1701
13	1705
13	1708
13	1726
13	1728
13	1741
13	1743
13	1744
13	1747
13	1749
13	1750
13	1751
13	1754
13	1755
13	1756
13	1758
13	1759
13	1764
13	1761
13	1763
13	1769
13	1775
13	1779
13	1781
13	1795
13	1797
13	1798
13	1799
13	1804
13	1808
13	1811
13	1900
13	1903
13	1904
13	1913
13	1912
13	1918
13	1937
13	1950
13	1954
13	1962
13	1965
13	1967
13	1970
13	1971
13	1975
13	1976
13	1977
13	1980
13	1982
13	1984
13	1983
13	1987
13	1989
13	1991
13	1992
13	1995
13	1994
13	2001
13	2002
13	2005
13	2351
13	2367
13	2368
13	2379
13	2383
13	2384
13	2419
13	2431
13	2436
13	2439
13	2455
13	2459
13	2462
13	2463
13	2475
13	2478
13	2501
13	2506
13	2511
13	2512
13	2513
13	2514
13	2516
13	2517
13	2528
13	2527
13	2531
13	2530
13	2533
13	2537
13	2548
13	2550
13	2577
13	2614
13	2640
13	2644
13	2646
13	2649
13	2653
13	2664
13	2672
13	2677
13	2679
13	2695
13	2701
13	2702
13	2703
13	2704
13	2712
13	2723
13	2724
13	2725
13	2729
13	2751
13	2752
13	2760
13	2908
13	2922
13	2924
13	2966
13	2979
13	3001
13	3002
13	3008
13	3010
13	3011
13	3014
13	3016
13	3031
13	3048
13	3049
13	3051
13	3058
13	3068
13	3074
13	3077
13	3078
13	3080
13	3081
13	3101
13	3103
13	3127
13	3128
13	3131
13	3132
13	3142
13	3143
13	3158
13	3162
13	3174
13	3175
13	3183
13	3186
13	3188
13	3190
13	3194
13	3200
13	3202
13	3207
13	3210
13	3212
13	3214
13	3220
13	3221
13	3222
13	3225
13	3226
13	3228
13	3231
13	3232
13	3239
13	3240
13	3247
13	3249
13	3251
13	3252
13	3253
13	3254
13	3256
13	3257
13	3259
13	3258
13	3262
13	3263
13	3264
13	3270
13	3272
13	3273
13	3277
13	3279
13	3283
13	3287
13	3289
13	3292
13	3293
13	3342
13	3405
13	3413
13	3415
13	3418
13	3424
13	3427
13	3430
13	3435
13	3441
13	3440
13	3442
13	3443
13	3444
13	3445
13	3447
13	3446
13	3450
13	3452
13	3453
13	3458
13	3459
13	3475
13	3477
13	3480
13	3482
13	3484
13	3488
13	3502
13	3504
13	3509
13	3518
13	3519
13	3521
13	3526
13	3529
13	3535
13	3537
13	3550
13	3583
13	3584
13	3597
13	3615
13	3616
13	3619
13	3622
13	3625
13	3629
13	3636
13	3634
13	3637
13	3638
13	3644
13	3649
13	3650
13	3654
13	3657
13	3666
13	3665
13	3670
13	3673
13	3675
13	3677
13	3689
13	3698
13	3699
13	3700
13	3715
13	3717
13	3731
13	3734
13	3745
13	3747
13	3751
13	3754
13	3756
13	3759
13	3766
13	3767
13	3769
13	3770
13	3771
13	3772
13	3773
13	3776
13	3789
13	3792
13	3797
13	3804
13	3803
13	3806
13	3807
13	3809
13	3811
13	3812
13	3822
13	3820
13	3823
13	3824
13	3826
13	3828
13	3830
13	3833
13	3839
13	3847
13	3850
13	3852
13	3854
13	3857
13	3856
13	3858
13	3860
13	3864
13	3865
13	3866
13	3869
13	3870
13	3884
13	3885
13	3887
13	3878
13	3890
13	3898
13	3907
13	3909
13	3911
13	3910
13	3928
13	3932
13	3940
13	3944
13	3954
13	3956
13	3958
13	3961
13	3966
13	3968
13	3972
13	3979
13	3981
13	3978
13	3984
13	3987
13	3996
13	3997
13	4000
13	4001
13	4004
13	4007
13	4009
13	4010
13	4011
13	4012
13	4013
13	4014
13	4015
13	4017
13	4025
13	4027
13	4029
13	4032
13	4034
13	4035
13	4044
13	4046
13	4055
13	4054
13	4057
13	4058
13	4059
13	4073
13	4075
13	4077
13	4079
13	1788
13	4085
13	4098
13	4108
13	4110
13	4119
13	4120
13	4125
13	4126
13	4127
13	4128
13	4130
13	4132
13	4133
13	4135
13	4137
13	4138
13	4139
13	4140
13	4142
13	4143
13	4144
13	4145
13	4146
13	4147
13	4148
13	4150
13	4151
13	4152
13	4153
13	4158
13	4159
13	4160
13	4162
13	4172
13	4176
13	4177
13	4183
13	4185
13	4188
13	4190
13	4194
13	4199
13	4198
13	4205
13	4212
13	4214
13	4241
13	4242
13	4245
14	3
15	3
16	2
16	101
16	4164
17	16
17	17
17	115
17	132
17	150
17	159
17	1631
17	2330
17	2363
17	2500
17	2497
17	2765
17	2767
17	2768
17	2794
17	2860
17	3122
17	3193
17	3412
17	3523
17	3531
18	1
18	173
18	183
19	1
19	173
19	178
19	4187
19	4188
20	19
20	132
20	270
20	283
20	2363
20	2661
20	2864
20	2897
20	2973
20	3122
20	3434
20	3478
20	3714
21	20
21	2109
21	3435
21	3516
21	3527
21	3540
21	3666
21	3676
21	3757
22	20
22	283
22	1157
22	1163
22	2214
22	2219
22	2222
22	2226
22	2231
22	2235
22	2236
22	2239
22	2246
22	2254
22	2258
22	2263
23	20
23	58
23	57
23	419
23	476
23	2373
23	2377
23	2681
23	3109
23	3516
23	3857
23	4242
24	20
24	39
24	42
24	17
24	70
24	105
24	159
24	188
24	201
24	204
24	219
24	227
24	240
24	272
24	283
24	297
24	303
24	304
24	350
24	388
24	487
24	545
24	563
24	564
24	578
24	597
24	648
24	656
24	665
24	673
24	720
24	722
24	728
24	731
24	744
24	770
24	776
24	777
24	778
24	815
24	846
24	876
24	883
24	1068
24	1148
24	1151
24	1159
24	1157
24	1163
24	1181
24	1235
24	1316
24	1328
24	1407
24	1422
24	1427
24	1467
24	1553
24	1634
24	1638
24	1687
24	1708
24	1761
24	1769
24	1803
24	1804
24	1885
24	1913
24	1934
24	1952
24	1974
24	1983
24	1992
24	2008
24	2015
24	2039
24	2054
24	2058
24	2059
24	2105
24	2106
24	2110
24	2115
24	2117
24	2126
24	2130
24	2155
24	2158
24	2166
24	2173
24	2201
24	2214
24	2219
24	2222
24	2226
24	2231
24	2236
24	2237
24	2235
24	2239
24	2246
24	2247
24	2254
24	2258
24	2263
24	2296
24	2318
24	2338
24	2346
24	2347
24	2363
24	2379
24	2403
24	2444
24	2471
24	2527
24	2548
24	2611
24	2614
24	2640
24	2534
24	2672
24	2683
24	2738
24	2772
24	2771
24	2795
24	2870
24	2871
24	2906
24	2913
24	2956
24	2960
24	2963
24	2991
24	3003
24	3013
24	3014
24	3026
24	3102
24	3123
24	3141
24	3209
24	3220
24	3404
24	3406
24	3414
24	3436
24	3471
24	3472
24	3473
24	3514
24	3593
24	3604
24	3612
24	3630
24	3639
24	3642
24	3643
24	3644
24	3665
24	3748
24	27
24	3840
24	3855
24	3939
24	3945
24	3957
24	4021
24	4029
24	4039
24	4053
24	4073
24	4077
24	1336
24	4162
24	4197
24	4223
24	4224
24	4225
24	4226
24	4227
24	4228
24	4229
24	4230
24	4231
24	4232
24	4233
24	4234
24	4236
24	4237
25	20
25	25
25	19
25	55
25	96
25	184
26	25
26	39
26	72
26	142
26	389
26	1512
26	1631
26	2300
26	2335
26	2348
26	2349
26	2533
26	2537
26	2680
26	2696
26	2767
26	2802
26	3219
26	3267
26	3348
26	3523
26	3778
27	25
27	39
28	20
29	20
29	29
29	2363
29	2789
29	2791
29	2862
29	3436
29	3514
29	3663
30	29
30	20
30	1
30	41
30	84
30	186
30	190
30	244
30	254
30	363
30	366
30	383
30	385
30	386
30	408
30	411
30	417
30	418
30	425
30	437
30	456
30	459
30	460
30	462
30	466
30	465
30	557
30	565
30	594
30	656
30	658
30	683
30	695
30	702
30	717
30	719
30	722
30	767
30	770
30	794
30	801
30	815
30	821
30	826
30	928
30	931
30	959
30	923
30	969
30	1021
30	1165
30	1181
30	1179
30	1195
30	1312
30	1419
30	1699
30	1923
30	1944
30	2032
30	2061
30	2099
30	2193
30	2204
30	2205
30	2206
30	2226
30	2334
30	2455
30	2456
30	2650
30	2701
30	2702
30	2703
30	2704
30	2756
30	2844
30	2927
30	2983
30	3008
30	3028
30	3043
30	3064
30	3068
30	3072
30	3074
30	3082
30	3083
30	3102
30	3120
30	3122
30	3131
30	3130
30	3146
30	3147
30	3149
30	3150
30	3197
30	3211
30	3300
30	3307
30	3455
30	3454
30	3460
30	3594
30	3600
30	3620
30	3651
30	3652
30	3733
30	3735
30	3791
30	3803
30	3824
30	3826
30	3834
30	3845
30	3850
30	3851
30	3866
30	3945
30	3974
30	3987
30	3990
30	3991
30	3994
30	3995
30	4014
30	4019
30	4020
30	4024
30	4044
30	4041
30	4055
30	4054
30	4057
30	4058
31	20
32	31
32	20
32	1
32	50
32	87
32	84
32	82
32	105
32	102
32	111
32	136
32	171
32	188
32	189
32	190
32	198
32	201
32	204
32	240
32	248
32	374
32	379
32	394
32	402
32	403
32	406
32	408
32	417
32	418
32	431
32	434
32	442
32	443
32	445
32	452
32	457
32	456
32	459
32	458
32	460
32	462
32	466
32	472
32	488
32	506
32	536
32	537
32	552
32	594
32	625
32	632
32	640
32	656
32	665
32	671
32	673
32	674
32	736
32	751
32	755
32	763
32	770
32	779
32	815
32	820
32	826
32	850
32	871
32	873
32	870
32	874
32	875
32	876
32	880
32	931
32	1164
32	1169
32	1170
32	1173
32	1181
32	1180
32	1179
32	1185
32	1186
32	1187
32	1188
32	1189
32	1190
32	1191
32	1194
32	1195
32	1209
32	1218
32	1223
32	1225
32	1232
32	1255
32	1259
32	1260
32	1266
32	1267
32	1268
32	1269
32	1278
32	1282
32	1286
32	1291
32	1308
32	1309
32	1310
32	1311
32	1313
32	1312
32	1314
32	1327
32	1328
32	1421
32	1431
32	1505
32	1533
32	1539
32	1538
32	1584
32	1624
32	1626
32	1644
32	1660
32	1663
32	1661
32	1673
32	1688
32	1687
32	1695
32	1741
32	1750
32	1755
32	1761
32	1769
32	1781
32	1784
32	1795
32	1797
32	1810
32	1882
32	1884
32	1892
32	1900
32	1899
32	1897
32	1904
32	1901
32	1920
32	1923
32	1926
32	1929
32	1934
32	1935
32	1942
32	1945
32	1956
32	1983
32	1984
32	2013
32	2032
32	2069
32	949
32	2093
32	2096
32	2102
32	2110
32	2108
32	2152
32	2226
32	2266
32	2277
32	2281
32	2284
32	2297
32	2310
32	2324
32	2327
32	2431
32	2448
32	2468
32	2500
32	2496
32	2507
32	2535
32	2553
32	2590
32	2611
32	2640
32	2650
32	2699
32	2703
32	2705
32	2738
32	2737
32	2771
32	2773
32	2800
32	2802
32	2831
32	2846
32	2857
32	2860
32	2975
32	2976
32	2989
32	3002
32	3010
32	3028
32	3060
32	3063
32	3071
32	3100
32	3107
32	3110
32	3129
32	3142
32	3143
32	3154
32	3166
32	3429
32	3430
32	3434
32	3438
32	3440
32	3441
32	3442
32	3443
32	3444
32	3445
32	3446
32	3447
32	3449
32	3450
32	3451
32	3452
32	3453
32	3454
32	3455
32	3457
32	3458
32	3459
32	3460
32	3536
32	3594
32	3604
32	3608
32	3614
32	3615
32	3620
32	3623
32	3626
32	3628
32	3630
32	3633
32	3637
32	3649
32	3651
32	3650
32	3653
32	3652
32	3654
32	3657
32	3659
32	3663
32	3668
32	3671
32	3672
32	3680
32	3687
32	3733
32	3743
32	3758
32	3760
32	3801
32	3812
32	3816
32	3820
32	3828
32	3833
32	3839
32	3849
32	3851
32	3865
32	3866
32	3870
32	3872
32	3874
32	3886
32	3893
32	3894
32	3898
32	3912
32	3914
32	3974
32	3977
32	3984
32	3991
32	3995
32	4008
32	4014
32	4019
32	4020
32	4031
32	4033
32	4041
32	4044
32	4046
32	4057
32	4083
32	4095
32	4103
32	4188
32	4244
33	20
33	2843
33	2864
33	2865
33	3502
33	3702
33	3703
33	3704
33	3706
33	3708
33	3709
33	3710
33	3712
33	3713
33	3714
33	3715
33	3716
34	20
34	2810
34	2822
34	3031
35	1
35	55
35	62
35	64
35	183
35	4177
35	4203
36	35
36	695
36	754
36	1208
36	1646
36	2897
36	2967
36	3122
36	3602
36	4174
37	36
37	120
37	247
37	257
37	770
37	1648
37	1649
37	1651
37	1650
37	1647
37	1654
37	2497
37	2900
37	2960
37	2961
37	2966
37	2967
37	2979
37	2980
37	2981
37	3792
37	4255
38	1
38	177
38	178
38	183
38	4188
39	38
39	39
39	98
39	2661
40	1
40	183
40	4164
40	4173
41	40
41	3028
41	3735
41	4020
42	5
43	42
44	10
45	8
45	1214
45	1229
45	1273
46	14
46	691
46	703
46	2098
46	2638
46	3121
46	4064
47	181
47	182
48	47
49	48
49	3098
49	3099
49	3102
49	3100
49	3103
49	3109
49	3661
49	3663
49	3678
49	3955
50	49
50	51
51	49
51	3661
51	3666
52	51
52	107
52	356
52	435
52	446
52	514
52	545
52	1537
52	2158
52	2378
52	2536
52	2838
52	2971
52	3075
52	3516
52	3874
52	3876
52	3957
52	364
52	3746
53	49
53	787
53	873
53	875
53	898
53	900
53	963
53	1123
53	1150
53	1515
53	1544
53	1551
53	1593
53	1615
53	1619
53	1882
53	1886
53	1899
53	1896
53	1903
53	1904
53	1905
53	1901
53	1910
53	1919
53	1951
53	1966
53	1965
53	1997
53	1998
53	1999
53	2063
53	2071
53	2084
53	2108
53	2114
53	2116
53	2153
53	2159
53	2187
53	2198
53	2204
53	2310
53	2318
53	2324
53	2326
53	2327
53	2378
53	2376
53	2496
53	2639
53	2787
53	2813
53	2821
53	2831
53	2833
53	2836
53	2835
53	2839
53	2843
53	2842
53	2849
53	2863
53	2880
53	2912
53	2986
53	3012
53	3029
53	3070
53	3125
53	3132
53	3425
53	3482
53	3495
53	3503
53	3506
53	3531
53	3549
53	3562
53	3580
53	3582
53	3589
53	3590
53	3710
53	3731
53	3737
53	3926
53	3994
53	4005
53	4141
54	53
54	459
54	907
54	1157
54	1163
54	1310
54	2187
54	2204
54	2205
54	2206
54	2214
54	2219
54	2222
54	2226
54	2231
54	2235
54	2236
54	2239
54	2246
54	2258
54	2263
54	3430
54	3447
54	3455
54	3651
55	172
55	185
56	183
57	56
57	132
57	1505
57	2371
57	2482
57	2780
57	2787
57	2800
57	2807
57	2808
57	2864
57	2866
57	3084
57	3086
57	3116
57	3202
57	3478
58	57
58	134
58	1506
58	1535
58	2378
58	3056
58	3491
59	57
59	2474
59	2533
59	2537
59	2681
59	4238
59	4242
59	4243
60	62
60	4202
61	60
61	176
61	205
61	206
61	207
61	208
61	209
61	210
61	211
61	212
61	214
61	215
61	216
61	228
61	229
61	239
61	390
61	438
61	499
61	655
61	880
61	888
61	1223
61	1406
61	1405
61	1407
61	1408
61	1427
61	1534
61	1594
61	1630
61	1631
61	1673
61	1676
61	1762
61	1764
61	1795
61	1796
61	1803
61	1804
61	1807
61	1814
61	1900
61	1937
61	1963
61	2011
61	949
61	2132
61	2348
61	2640
61	2681
61	2696
61	2824
61	3122
61	3783
61	3784
61	3787
61	3792
61	3991
61	3998
61	4095
61	4123
61	4146
62	63
62	670
62	820
64	63
66	4164
66	4213
67	66
67	67
67	2300
67	2302
67	4158
68	67
68	68
68	74
68	150
68	1042
68	1044
68	1045
68	1055
68	1057
68	1058
68	1557
68	2123
68	2338
68	2345
69	68
69	598
69	2350
70	69
70	595
70	600
71	70
71	191
71	192
71	242
71	245
71	247
71	252
71	255
71	257
71	303
71	304
71	319
71	568
71	577
71	658
71	666
71	667
71	672
71	690
71	710
71	720
71	736
71	757
71	762
71	763
71	766
71	769
71	777
71	778
71	782
71	784
71	786
71	811
71	817
71	880
71	913
71	928
71	957
71	970
71	976
71	1071
71	1128
71	1136
71	1328
71	1338
71	1398
71	1502
71	1515
71	1565
71	1564
71	1563
71	1567
71	1570
71	1572
71	1573
71	1574
71	1579
71	1584
71	1588
71	1591
71	1614
71	1618
71	1624
71	1629
71	1631
71	1746
71	1761
71	1769
71	1796
71	1797
71	1802
71	1892
71	1894
71	1903
71	1910
71	1912
71	1923
71	1942
71	1944
71	1948
71	1964
71	1972
71	1977
71	2012
71	2014
71	2015
71	2065
71	2064
71	2132
71	2133
71	2135
71	2136
71	2138
71	2140
71	2145
71	2151
71	2158
71	2167
71	2281
71	2291
71	2335
71	2349
71	2355
71	2379
71	2390
71	2393
71	2395
71	2431
71	2444
71	2482
71	2496
71	2501
71	2502
71	2503
71	2506
71	2511
71	2512
71	2513
71	2514
71	2516
71	2517
71	2518
71	2520
71	2527
71	2532
71	2552
71	2551
71	2564
71	2565
71	2574
71	2592
71	2593
71	2597
71	2614
71	2627
71	2628
71	2632
71	2636
71	2637
71	2640
71	2646
71	2665
71	2672
71	2675
71	2681
71	2685
71	2738
71	2767
71	2900
71	2917
71	2920
71	3008
71	3025
71	3028
71	3102
71	3132
71	3422
71	3435
71	3473
71	3523
71	3596
71	3786
71	3803
71	3806
71	3812
71	3827
71	3828
71	3834
71	3839
71	3841
71	3846
71	3847
71	3851
71	3874
71	3882
71	3886
71	3890
71	3894
71	3906
71	3934
71	3970
71	3974
71	3983
71	3991
71	3995
71	4001
71	4011
71	4039
71	4044
71	4046
71	4056
71	4057
71	4074
71	4108
71	4109
71	4110
71	4111
71	4112
71	4121
71	4189
72	67
72	2336
73	66
73	84
73	217
73	227
73	240
73	302
73	319
73	430
73	707
73	873
73	874
73	876
73	892
73	1275
73	1299
73	1330
73	1398
73	1439
73	1761
73	1769
73	1909
73	1914
73	1929
73	1934
73	1964
73	1966
73	1997
73	2318
73	2346
73	2439
73	2461
73	2590
73	2534
73	2795
73	2873
73	2874
73	3013
73	3017
73	3041
73	3043
73	3080
73	3096
73	3140
73	3190
73	3414
73	3419
73	3435
73	3593
73	3600
73	3893
73	4039
73	4046
73	4097
73	4100
73	4113
74	4164
75	74
75	203
75	227
75	238
75	295
75	351
75	748
75	1235
75	1399
75	1398
75	1468
75	1632
75	1751
75	1769
75	1783
75	1791
75	1795
75	1970
75	1976
75	1978
75	1980
75	1988
75	1991
75	2001
75	2008
75	2889
75	2897
75	2977
75	3129
75	3602
75	3614
75	3615
75	3623
75	3766
75	3767
75	3768
75	3769
75	3770
75	3771
75	3772
75	3773
75	3774
75	3775
75	3776
75	4124
75	4131
75	4136
75	4149
75	4165
75	4174
75	4201
76	75
77	75
78	75
78	1399
78	1803
78	2021
79	75
79	1399
79	1804
79	2022
80	75
80	80
80	21
80	319
80	831
80	846
80	845
80	1235
80	1315
80	1399
80	1434
80	1761
80	1983
80	2195
80	2363
80	2504
80	2696
80	2871
80	3666
80	3688
80	3755
80	3757
80	3778
80	4119
81	75
81	1399
81	2500
81	2497
81	2735
81	2736
81	2738
81	2740
81	2900
81	3924
81	4031
82	21
82	82
82	2112
82	2163
82	2164
82	2165
83	82
83	83
83	812
83	1192
83	1688
83	1687
83	1761
83	2025
83	3177
84	83
84	1172
85	84
85	1166
86	85
86	83
86	1166
87	84
87	190
87	1165
87	1169
87	1170
87	1173
87	1174
87	1180
87	1185
87	1186
87	1187
87	1188
87	1189
87	1190
87	1191
87	1193
87	1202
87	1204
88	84
88	1207
89	84
89	1165
89	1170
89	1172
89	1180
89	1185
89	1186
89	1187
89	1188
89	1189
89	1190
89	1191
89	1204
89	1207
90	84
91	90
91	1172
91	1179
92	28
93	92
93	2849
93	2850
93	2851
94	93
94	2845
94	3018
95	34
96	173
97	178
97	179
98	177
99	98
99	1221
99	1257
99	1264
99	1642
99	2295
99	3027
99	3128
99	3129
99	3602
99	3609
99	3615
99	3616
99	3623
100	99
100	372
100	376
100	379
100	431
100	432
100	434
100	435
100	436
100	437
100	438
100	439
100	441
100	442
100	443
100	444
100	445
100	446
100	447
100	448
100	449
100	450
100	451
100	468
100	1295
100	1519
100	1535
100	2064
100	949
100	2158
100	2159
100	2267
100	2274
100	2994
100	3066
100	3820
100	3849
100	3850
100	3866
100	3872
100	3884
100	3891
100	3892
100	3893
100	3968
100	3973
100	3984
100	4024
100	4083
100	4084
100	4086
100	1536
103	102
103	3131
103	3140
103	3146
103	3154
103	3166
104	102
105	104
105	3144
105	3145
105	3148
105	3151
105	3152
105	3153
105	3156
105	3157
105	3159
105	3163
105	3167
105	3170
105	3171
105	3174
105	3175
106	105
106	3191
107	105
107	107
107	1508
107	2780
107	2782
107	2820
107	2825
107	2833
107	3083
107	3176
107	3372
107	3589
109	108
111	110
111	112
111	3960
111	3961
112	111
113	112
113	280
113	1502
113	2386
113	2759
113	2763
113	2770
113	2853
113	2852
113	2857
113	2859
113	2864
113	2877
113	2876
113	2885
113	3090
113	3096
113	3111
113	3674
113	4254
114	112
114	448
114	475
114	477
114	482
114	2852
114	2861
114	2862
114	2864
114	2885
114	2886
114	2887
114	2888
114	3111
114	3434
114	3660
114	3664
114	3666
114	3681
114	3690
115	111
115	1533
115	3022
115	3113
115	3412
115	3590
116	115
116	2987
116	3412
117	115
117	110
117	3959
117	3961
118	115
118	647
118	787
118	796
118	832
118	837
118	839
118	838
118	841
118	844
118	847
118	850
118	876
118	882
118	890
118	892
118	1005
118	1023
118	1025
118	1031
118	1304
118	1325
118	1433
118	1541
118	1891
118	1894
118	1949
118	1957
118	1955
118	1967
118	1973
118	2081
118	2196
118	2294
118	2318
118	2496
118	2730
118	2956
118	2960
118	2961
118	2963
118	2968
118	3032
118	3412
118	3422
118	3424
118	3531
118	3729
118	4179
119	115
119	363
119	366
119	1042
119	1044
119	1045
119	1055
119	1057
119	1058
119	1425
119	2264
119	2318
119	2408
119	2548
119	2875
119	2878
119	2998
119	3123
119	3423
119	3534
119	3719
120	115
120	132
120	249
120	715
120	722
120	731
120	736
120	744
120	770
120	787
120	820
120	1002
120	1020
120	1024
120	1030
120	2080
120	2195
120	2318
120	2500
120	2497
120	2912
120	2965
120	2967
120	3412
120	3423
120	3513
120	3705
120	4157
121	120
121	132
121	134
121	243
121	253
121	371
121	376
121	379
121	392
121	406
121	421
121	436
121	438
121	449
121	468
121	567
121	757
121	1535
121	949
121	2108
121	2158
121	2497
121	2905
121	2994
121	3023
121	3066
121	3065
121	3116
121	3482
121	3511
121	3615
121	3623
121	3802
121	3825
121	3832
121	3834
121	3838
121	3845
121	3848
121	3854
121	3866
121	3876
121	3952
121	3973
121	3978
121	3981
121	3991
121	3992
121	3993
121	4011
121	4016
121	4015
121	4017
121	4024
121	4044
121	364
121	369
124	123
124	1543
124	3094
124	3095
124	3971
126	125
126	131
126	130
126	1513
126	2481
126	2482
126	3092
126	3093
126	3115
126	3114
126	3118
126	3122
126	3962
126	3964
128	127
128	2383
128	2384
128	2394
128	2395
128	2644
128	2769
128	2770
128	2773
128	2774
128	2775
128	2776
128	2777
128	2778
128	2779
128	2781
128	2782
128	2783
128	2784
128	2785
128	2786
128	2789
128	2790
128	2792
128	2793
128	2794
128	2796
128	2797
128	2798
128	2801
128	2802
128	2885
128	2888
128	2978
128	3427
128	3926
129	128
129	2759
129	2852
129	2859
129	2860
129	2882
129	2884
131	130
131	1515
131	3093
131	3964
132	131
132	2482
132	3115
133	132
133	3193
134	132
134	3116
134	3122
135	132
135	1532
135	2686
135	2977
135	2978
135	2985
135	2988
135	2990
135	2992
135	2993
135	2995
135	2996
135	3018
135	3030
135	3033
135	3037
135	3038
135	3042
135	3043
135	3047
135	3051
135	3054
135	3063
135	3070
135	3072
135	3082
135	3083
135	3084
135	3531
135	3600
135	3615
135	3623
135	3964
137	136
137	141
137	3582
137	3923
139	138
139	145
139	3538
139	3562
139	3563
139	3565
139	3579
140	139
140	3568
140	3571
140	3576
140	3580
140	3581
141	140
141	1565
141	1629
142	141
142	142
142	3571
144	143
145	144
145	3586
147	146
147	2195
147	2196
147	2197
147	2199
148	147
148	718
148	972
148	1029
148	1554
148	2040
148	2042
148	2047
148	2048
148	2060
148	2062
148	2068
148	2069
148	2073
148	2074
148	2076
148	2077
148	2084
148	2167
148	2177
148	2188
148	2192
148	2193
148	2194
148	2268
148	2273
148	2310
148	2325
148	3976
148	4164
150	149
151	150
151	1324
151	1751
151	1795
152	150
152	159
152	1324
152	1328
152	1676
152	1747
152	1751
152	1761
152	1764
152	1760
152	1795
152	1796
152	2067
152	2166
154	153
154	1556
154	2340
154	2341
154	2342
154	2343
154	2344
154	2346
156	155
156	1557
156	2049
156	2078
156	2079
156	2332
156	2339
156	2345
157	155
157	769
157	804
157	807
157	1557
157	2023
157	2025
157	2026
157	2027
157	2049
157	2067
157	2068
157	2079
157	2143
157	2144
157	2146
157	2147
157	2148
157	2149
157	2150
157	2151
157	2169
157	2283
157	2284
157	2345
157	3435
159	158
160	159
160	1328
160	1332
160	1762
160	1796
160	2166
161	159
161	165
161	2280
161	2329
163	162
163	2347
165	164
165	2020
165	2180
165	2305
165	2307
165	2320
170	171
175	174
175	361
175	592
175	1461
175	2317
175	2987
175	3730
175	3750
175	3764
175	3842
185	4219
187	186
187	190
187	394
187	406
187	416
187	1021
187	1029
187	1003
187	1327
188	189
195	194
195	237
195	332
195	359
195	361
195	483
195	543
195	594
195	602
195	653
195	759
195	1183
195	1749
195	2494
195	2698
195	2925
195	3005
195	3089
195	3646
195	3741
195	3817
195	3868
194	198
197	196
202	201
202	240
202	1398
203	202
203	1783
213	212
213	2338
213	3261
213	3266
213	3294
219	226
219	227
220	219
220	493
220	496
220	506
222	221
222	1497
222	1781
222	1798
222	1810
222	1812
222	1813
223	222
225	224
231	230
231	319
231	346
231	695
231	748
231	1351
231	1352
231	1403
231	1465
231	1466
231	1473
231	1483
231	1484
231	1523
231	1769
231	1797
231	1802
231	1807
231	1812
231	2891
231	3768
231	3775
231	4124
231	4131
231	4134
231	4136
231	4149
232	231
232	238
232	298
232	319
232	331
232	333
232	352
232	748
232	1339
232	1340
232	1395
232	1421
232	1453
232	1455
232	1465
232	1476
232	1486
232	1484
232	1761
232	1760
232	1769
232	1802
232	1807
232	1812
232	1967
232	2527
232	2891
232	3768
232	3774
232	3775
232	4124
232	4131
232	4134
232	4136
232	4149
232	4153
233	232
233	1452
233	1464
233	1466
233	1492
233	1807
233	1812
234	233
234	649
236	235
236	1659
236	1755
236	1761
236	1814
236	2026
236	2297
236	3280
236	3297
236	3621
236	3743
236	3760
236	3761
236	3913
239	238
239	240
239	4077
239	4080
238	4080
240	4076
241	240
241	456
241	570
241	1312
241	1319
241	1753
241	3440
241	3450
241	3458
241	3652
243	242
243	247
243	245
243	1565
243	1584
243	1588
244	245
246	245
246	1579
247	245
248	247
248	257
249	248
249	697
249	715
249	2957
249	2963
249	2964
249	3512
249	4043
250	249
250	696
250	757
250	2905
250	2912
250	2965
250	3802
250	3825
250	3834
250	3838
250	3845
250	3848
250	3854
250	3876
250	3952
250	3978
250	3981
250	3991
250	3992
250	3993
250	4011
250	4016
250	4015
250	4017
250	4044
251	248
251	1580
251	1615
251	1617
251	2926
251	2927
251	2965
253	252
253	255
253	1624
253	1627
253	1629
254	255
256	255
256	1621
257	255
259	258
261	260
261	1835
261	1836
261	1837
261	1838
261	1839
261	1840
261	1841
261	1842
261	1843
261	1844
261	1845
261	1846
261	1847
261	1848
261	1849
261	1850
261	1851
261	1852
261	1853
261	1854
261	1855
261	1856
261	1857
261	1858
261	1859
261	1860
261	1861
261	1862
261	1863
261	1864
261	1865
261	1866
261	1867
261	1868
261	1869
261	1870
261	1871
261	1872
261	1873
261	1874
261	1875
261	1876
261	1877
261	1878
261	1879
261	1880
262	261
262	1903
264	263
264	265
264	266
264	268
264	269
264	270
264	271
263	267
265	267
266	267
268	267
269	267
270	267
271	267
272	274
272	276
272	278
272	280
272	281
273	272
273	1263
273	2457
273	2772
275	274
275	2854
275	3469
275	3637
275	3690
275	3717
275	3720
277	276
277	2491
277	2490
277	2764
277	2852
277	2855
277	2854
277	2857
277	2859
277	3204
277	3632
279	278
282	281
282	2788
282	3535
282	3539
282	3540
282	3676
283	285
283	289
283	291
284	283
286	285
286	289
286	291
287	285
287	289
287	291
288	285
288	289
288	291
290	289
292	291
294	293
294	296
294	302
294	306
294	305
294	311
294	314
294	325
294	326
294	327
294	328
294	329
294	348
294	1524
294	1558
294	1559
294	1602
294	1608
294	2354
294	2355
294	2357
294	2358
294	2359
294	2658
294	2660
294	2662
294	2892
294	2893
294	2894
294	3796
293	296
293	302
293	306
293	307
293	308
293	310
293	312
293	325
293	326
293	327
293	328
293	1524
293	1558
293	1559
293	1560
293	1561
293	1601
293	1602
293	1603
293	1604
293	1605
293	1606
293	1607
293	1608
293	1609
293	1610
293	2354
293	2355
293	2357
293	2358
293	2359
293	2658
293	2660
293	2662
293	2892
293	2893
293	2894
293	3795
293	3796
296	295
296	297
296	348
297	295
299	298
301	300
303	302
303	303
303	319
303	2012
303	2161
303	2665
304	303
304	304
304	2016
306	305
306	309
306	311
306	313
306	329
306	1522
309	314
315	314
315	315
315	1398
316	315
316	323
316	1786
317	315
317	1956
317	1959
317	1968
317	1973
317	1979
317	1981
317	2002
317	2008
318	315
318	1335
319	315
319	319
320	319
320	1420
321	319
322	315
322	1791
323	322
324	315
324	1954
324	1959
324	1967
324	1970
324	1973
324	1976
324	1978
324	1980
324	1988
324	1991
324	2001
324	4253
331	330
331	333
331	335
331	336
331	337
331	338
331	339
331	340
331	341
331	342
331	343
331	344
331	345
331	347
331	2352
331	2353
331	2356
331	2360
331	2890
332	331
332	633
332	642
332	645
332	655
332	823
332	896
332	1322
332	1326
332	1418
332	1633
332	1645
332	1815
332	1817
332	1818
332	1819
332	1820
332	1821
332	1822
332	1823
332	1831
332	1832
332	1928
332	1960
332	1982
332	2271
332	2714
332	2716
332	2718
332	2719
332	2721
332	2722
332	2723
332	2726
332	2727
332	2729
332	2730
332	2731
332	2733
332	2734
332	2741
332	2742
332	2743
332	2744
332	2745
332	2746
332	2747
332	2748
332	2749
332	2754
332	2755
332	2757
332	2758
332	2970
332	3754
332	3756
332	3765
332	3777
332	3780
332	3781
332	3800
332	4160
334	333
334	611
334	655
334	848
334	1394
334	1397
334	1445
334	2640
334	3591
350	350
352	352
354	354
356	356
357	356
357	2182
357	2184
357	3788
357	3970
357	3972
357	4016
357	4089
358	356
358	372
358	371
358	376
358	434
358	435
358	436
358	438
358	440
358	442
358	443
358	445
358	447
358	448
358	449
358	451
358	558
358	1810
358	1896
358	1998
358	1999
358	3037
358	3043
358	3047
358	3050
358	3066
358	3072
358	3082
358	3083
358	3084
358	3129
358	3872
358	3884
358	3892
358	3893
358	3965
358	3973
358	4024
358	4084
358	4086
358	4089
360	359
360	361
362	361
362	376
362	379
362	560
362	757
362	2312
362	2987
362	3787
364	363
364	366
364	3415
366	365
366	374
366	379
367	365
367	374
367	379
368	365
368	415
368	416
368	775
368	2264
368	2273
368	3603
368	3977
368	4164
369	365
369	2197
369	2199
370	365
370	374
370	379
372	371
371	3043
373	372
373	376
373	427
373	431
373	432
373	439
373	441
373	447
373	450
373	578
373	928
373	931
373	923
373	1146
373	1260
373	1266
373	949
373	3945
373	4083
373	4084
373	1788
373	4096
374	371
374	377
375	374
375	379
377	376
378	376
378	4077
380	379
380	632
380	1443
380	1926
379	3067
381	379
382	379
382	3068
384	383
384	385
384	386
387	386
388	388
389	390
389	2081
389	3995
392	391
392	406
392	421
392	1010
392	1008
392	1028
392	2111
392	2113
392	2177
392	2995
391	406
391	421
393	392
393	1262
393	1641
393	1648
393	1649
393	1651
393	1650
393	1647
393	2264
393	2273
395	394
395	406
395	418
395	456
395	544
395	1185
395	1186
395	1187
395	1188
395	1189
395	1190
395	1191
395	1308
395	1312
395	1784
395	2086
395	2093
395	2118
395	2284
395	3440
395	3441
395	3445
395	3450
395	3453
395	3458
395	3649
395	3652
395	3758
395	3914
397	396
397	402
398	397
398	396
398	400
398	411
398	412
398	418
398	452
398	1185
398	1186
398	1187
398	1188
398	1189
398	1190
398	1191
398	1308
398	1554
398	1784
398	2062
398	2069
398	3441
398	3445
398	3453
398	3649
399	397
399	403
399	411
399	412
401	400
404	403
406	405
406	406
406	464
406	472
406	477
406	2108
406	2179
406	2272
406	2306
406	2310
406	2312
406	2325
406	2411
406	2431
406	2448
406	2657
406	2692
406	2693
406	3510
406	3540
406	3604
406	3628
406	3630
406	3632
406	3635
406	3638
406	3669
406	3674
406	3676
406	3685
407	405
409	408
409	417
409	946
409	959
409	1192
409	1554
409	2062
409	2069
409	2274
409	2707
409	3008
409	3600
409	4122
408	411
408	412
410	408
410	417
410	538
410	809
410	1885
410	1900
410	1934
410	1937
410	1947
410	2226
410	3908
410	3977
410	4018
414	413
414	4103
418	470
418	2284
419	2536
419	2681
421	420
423	422
424	422
424	1235
424	2284
424	2464
424	3155
426	425
426	2657
426	4246
428	427
428	429
428	430
428	1394
428	1397
428	1403
428	1404
428	1425
428	1465
428	1466
428	1491
428	1492
428	1516
428	1517
428	1518
428	1521
428	1530
428	1531
428	3418
428	3534
428	4085
428	4097
428	4239
428	4241
428	4247
433	432
433	949
433	4046
441	440
441	2160
441	2274
441	2993
441	3849
441	4054
447	465
447	1258
447	1267
447	2061
447	3600
447	3614
447	3891
453	452
452	456
452	458
455	454
455	464
455	469
455	474
455	475
455	3433
454	458
457	456
457	458
456	458
459	458
459	459
459	460
461	460
461	1172
461	1309
461	3013
461	3443
461	3446
461	3454
461	3650
461	4079
463	462
463	1311
463	3444
463	3452
463	3460
463	3657
465	469
466	465
466	466
466	470
466	2061
466	2284
466	3600
467	466
468	465
468	470
468	2061
468	2158
468	2282
468	2284
470	3600
471	470
473	472
476	475
476	478
476	481
476	482
476	487
479	478
481	480
481	484
481	485
481	489
483	488
484	484
486	485
486	3179
486	4014
492	491
492	493
492	496
492	506
492	507
494	493
494	1767
495	493
495	1767
497	496
497	499
497	507
497	647
497	2013
497	2025
497	2032
497	2152
497	2163
497	2164
497	3998
500	499
500	4249
501	499
501	2473
501	2900
502	499
502	503
502	505
504	503
504	505
509	508
509	2908
511	510
513	512
513	515
513	516
513	517
513	518
513	520
513	521
513	522
513	523
513	529
514	513
514	524
519	518
519	520
519	3922
526	525
527	525
528	2914
528	2923
530	530
530	533
530	3122
531	530
532	530
533	3122
534	533
535	533
541	540
541	3914
543	547
546	545
546	3957
550	549
549	3006
549	3049
549	3884
551	549
553	552
553	555
554	552
556	555
557	591
557	2178
557	3975
557	4185
559	558
561	560
561	757
561	828
561	1209
561	4035
561	4112
566	565
567	566
567	568
567	569
567	570
567	571
567	573
567	574
567	575
567	2080
567	2081
567	2108
567	2111
567	2113
567	2656
567	2995
567	4020
567	364
572	571
579	578
578	2155
580	578
582	581
583	582
583	586
585	584
585	587
590	589
590	3998
592	593
596	595
596	632
596	3102
596	3109
596	3110
596	3130
596	3180
599	598
598	2288
601	600
601	809
602	603
606	605
606	608
606	609
606	611
606	848
606	1962
606	3759
607	606
607	605
607	608
607	609
607	880
607	2117
607	3425
607	4007
611	610
611	611
611	614
611	615
611	622
611	624
611	627
611	635
611	637
611	3409
610	618
610	619
610	620
610	621
610	623
610	625
610	626
610	628
610	629
610	630
610	631
612	611
613	611
614	616
618	617
632	638
632	640
635	634
635	636
639	638
639	2237
639	3886
639	4226
639	4228
639	4230
639	4232
639	4236
639	4237
644	643
644	1406
644	1405
644	1408
644	1761
644	1786
644	1912
644	1966
644	1964
643	643
648	647
648	651
648	652
647	1399
650	649
649	1339
649	1785
654	650
655	1501
656	656
656	706
657	656
659	658
661	660
660	662
660	663
665	664
664	745
668	665
671	670
671	678
676	675
676	677
676	740
676	1680
676	1691
676	1695
678	678
679	678
679	758
680	678
680	752
681	678
683	682
684	683
684	695
684	705
685	684
685	692
685	700
685	702
685	704
686	685
686	706
686	761
687	686
687	694
687	768
687	817
688	687
688	699
688	701
688	708
688	710
688	713
688	714
688	765
688	784
688	811
689	687
689	721
689	722
689	731
689	730
689	2037
689	2038
689	2291
689	2900
689	3478
689	4024
689	4046
691	690
693	692
694	710
696	695
696	754
696	3924
697	696
697	2965
698	696
698	1208
698	1646
698	1654
698	2965
698	2979
698	3792
716	715
716	2640
716	2922
716	4046
718	717
718	719
718	2116
718	2178
718	2193
718	2198
718	2200
720	734
723	722
722	736
722	770
724	722
724	725
724	734
725	722
725	770
726	725
728	727
728	729
727	727
730	770
731	730
731	770
732	731
733	731
734	770
735	734
738	737
739	737
739	745
742	741
742	743
742	747
742	752
744	743
746	745
750	749
751	758
753	752
755	754
755	756
755	3795
755	3841
755	4021
755	4196
755	4200
756	755
757	755
758	819
758	827
761	760
761	767
760	788
764	763
764	766
767	766
767	799
767	800
767	801
768	767
768	769
768	791
768	804
769	767
769	779
769	798
771	770
771	4041
772	770
772	815
773	770
774	773
779	781
781	780
783	782
783	784
783	786
785	784
788	790
790	789
791	794
791	802
792	791
792	1799
792	2182
792	2473
792	3731
792	3960
792	3972
794	793
794	795
798	797
806	805
808	807
811	810
811	812
811	813
811	814
816	815
822	821
822	826
823	822
823	1583
823	2667
823	3687
823	4082
826	825
828	827
828	1277
828	1594
828	1630
828	1631
828	2696
828	4075
831	830
831	869
831	1282
831	1527
831	1956
831	2496
831	2912
831	3419
831	3422
831	3423
831	3736
830	837
830	839
830	844
832	831
832	887
833	831
833	849
833	869
833	1437
833	1959
833	1967
833	1973
833	2002
833	2750
833	2969
833	3419
834	831
834	882
834	887
834	1439
835	834
835	1438
835	1790
835	3732
836	831
836	842
836	1281
839	838
839	840
839	841
839	847
844	843
844	845
843	1398
846	845
846	2501
846	3420
849	2003
851	850
851	1791
850	883
852	853
852	854
852	855
852	856
857	858
857	860
857	861
857	862
858	859
858	852
863	864
863	865
863	866
863	857
866	867
866	868
871	870
872	871
872	873
872	875
873	871
873	873
877	876
876	876
878	876
878	2704
878	2705
878	4095
881	880
882	2495
885	884
885	2005
885	2503
885	3869
886	885
886	2005
886	2502
887	1949
887	2751
887	3421
887	3428
887	4113
888	1816
889	888
889	2738
893	892
893	1834
898	897
898	905
900	899
900	901
900	902
900	903
905	1904
905	2475
907	1278
907	1305
907	1911
907	1929
907	1985
907	1998
907	1999
907	2185
907	2206
907	2713
907	2831
907	2847
907	3071
909	908
909	911
909	915
909	918
909	919
909	920
909	964
909	965
909	966
909	967
909	968
910	909
910	913
910	976
910	977
913	912
913	914
913	916
913	917
922	921
922	932
922	940
922	942
922	943
923	922
923	925
925	924
925	937
925	938
925	939
925	941
925	944
927	926
928	927
928	934
930	929
931	930
931	936
934	933
936	935
945	928
945	931
945	957
945	923
945	963
946	928
946	959
946	947
947	928
947	923
947	971
947	975
948	928
948	931
948	923
948	1075
948	1148
948	1149
949	928
949	923
950	928
950	923
950	1534
951	928
951	923
951	2640
951	2737
952	928
952	923
953	931
953	1554
953	1557
953	2049
953	2061
953	2062
953	2069
953	2079
953	2169
953	2182
953	2345
954	931
955	931
956	931
957	960
957	961
957	962
958	957
959	923
959	969
972	947
973	972
973	2074
974	947
974	1232
974	3600
977	978
977	979
977	980
982	981
982	984
982	985
982	988
982	989
982	990
983	982
983	987
983	1037
983	993
987	986
992	991
992	994
992	997
992	998
992	1000
993	992
993	996
993	1036
993	1038
993	1039
993	1040
993	1041
996	995
996	999
1002	1001
1002	1017
1003	1002
1003	1005
1003	1030
1003	1031
1005	1004
1005	1015
1005	1016
1005	1018
1007	1006
1008	1007
1008	1014
1008	1026
1008	1027
1010	1009
1011	1010
1011	1021
1011	1008
1011	1028
1011	1029
1011	1003
1011	1032
1012	1010
1012	1008
1012	1028
1012	2093
1012	2094
1012	2111
1012	2113
1012	2177
1012	2312
1012	2995
1014	1013
1020	1019
1021	1020
1021	1023
1021	1024
1021	1025
1023	1022
1029	1034
1029	1035
1033	1032
1043	1042
1043	1044
1043	1045
1042	1047
1042	1052
1042	1053
1044	1046
1044	1051
1045	1048
1045	1049
1045	1050
1045	1054
1056	1055
1056	1057
1056	1058
1055	1060
1055	1065
1055	1066
1057	1061
1057	1062
1057	1063
1057	1067
1058	1059
1058	1064
1072	1071
1072	1089
1072	1126
1072	1128
1072	1130
1072	1133
1072	1134
1072	1137
1074	1073
1074	1081
1074	1082
1074	1083
1074	1084
1075	1074
1075	1077
1075	1090
1075	1091
1077	1076
1077	1085
1077	1086
1077	1087
1079	1078
1079	1080
1088	1075
1088	1092
1088	1101
1088	1113
1088	1114
1088	1119
1088	1120
1088	1122
1088	1124
1088	1125
1088	1127
1088	1129
1088	1132
1088	1135
1088	1136
1092	1093
1092	1094
1092	1096
1092	1098
1096	1095
1096	1099
1098	1097
1098	1100
1101	1102
1101	1103
1101	1105
1101	1110
1105	1104
1105	1106
1105	1107
1105	1108
1110	1109
1110	1111
1110	1112
1113	1115
1113	1117
1114	1116
1114	1118
1122	1121
1122	1123
1139	1138
1140	1138
1141	1138
1143	1142
1145	1144
1147	1146
1147	1148
1147	1149
1147	1150
1146	1155
1146	1156
1146	1162
1150	1149
1151	1150
1151	1157
1151	1163
1151	2273
1151	2277
1152	1151
1152	2247
1153	1151
1153	1157
1153	1163
1153	2219
1153	2222
1153	2226
1153	2231
1153	2236
1153	2235
1153	2239
1153	2247
1153	2258
1153	2263
1154	1151
1154	1157
1154	1163
1154	2214
1154	2219
1154	2222
1154	2226
1154	2231
1154	2236
1154	2235
1154	2239
1154	2246
1154	2247
1154	2254
1154	2258
1154	2263
1157	1156
1157	2273
1158	1157
1158	1163
1158	2214
1158	2219
1158	2222
1158	2226
1158	2231
1158	2235
1158	2236
1158	2239
1158	2246
1158	2254
1158	2258
1158	2263
1159	1157
1160	1159
1160	2237
1160	4223
1160	4224
1160	4225
1160	4226
1160	4227
1160	4228
1160	4229
1160	4230
1160	4231
1160	4232
1160	4233
1160	4236
1160	4237
1161	1159
1161	4223
1161	4224
1161	4225
1161	4227
1161	4229
1161	4231
1161	4233
1161	4234
1163	1162
1163	2273
1166	1165
1166	1687
1166	1761
1166	2096
1166	2163
1165	1172
1165	1195
1167	1166
1168	1165
1168	1882
1168	1910
1168	1913
1168	1909
1168	1934
1168	1942
1168	1999
1169	1185
1169	1187
1169	1188
1169	1189
1169	1190
1169	1191
1170	1169
1170	1172
1170	1186
1171	1170
1171	1185
1171	1186
1171	1187
1171	1188
1171	1189
1171	1190
1171	1191
1172	1170
1174	1180
1176	1175
1176	1176
1176	1177
1178	1181
1178	1202
1180	1179
1181	1180
1183	1182
1185	1184
1187	1186
1194	1193
1197	1196
1197	1198
1198	1199
1198	1200
1198	1201
1204	1203
1206	1205
1209	1208
1209	1216
1209	1227
1209	1232
1208	1212
1208	1270
1208	1271
1208	1272
1210	1209
1210	2502
1210	2503
1211	1209
1211	1232
1211	1255
1213	1212
1213	1216
1213	1227
1213	1272
1215	1214
1215	1273
1216	1215
1216	1229
1218	1217
1218	1238
1218	1274
1219	1218
1221	1220
1221	1254
1222	1221
1222	1223
1224	1223
1224	1232
1224	1255
1224	2673
1225	1223
1225	1226
1225	1240
1227	1229
1227	1230
1227	1237
1228	1227
1228	1230
1228	1237
1228	1656
1228	2291
1228	3002
1228	3008
1228	3523
1228	4158
1231	1230
1231	1270
1232	1231
1232	1237
1232	1255
1232	1271
1233	1232
1233	2673
1234	1231
1234	2590
1235	1231
1235	1269
1236	1231
1236	1269
1240	1239
1240	1242
1240	1243
1240	1244
1240	1251
1240	1252
1242	1241
1242	1245
1242	1246
1242	1247
1242	1248
1242	1249
1242	1250
1254	1253
1254	1256
1254	1258
1253	1259
1255	1254
1255	1259
1255	1261
1256	1263
1256	1265
1257	1256
1257	1265
1257	3614
1257	3615
1258	1267
1258	1268
1261	1260
1261	1266
1260	1263
1260	1268
1262	1261
1262	1641
1262	2661
1262	3008
1262	3122
1264	1263
1264	3614
1266	1265
1266	1267
1279	1278
1279	1290
1279	1292
1279	1299
1282	1283
1282	3415
1285	1284
1285	1288
1285	1289
1284	1288
1284	1289
1286	1284
1286	1301
1286	1302
1286	1304
1287	1286
1287	1290
1287	1307
1291	1290
1291	1292
1291	1291
1291	1300
1293	1291
1293	1303
1293	1306
1293	4087
1293	4094
1293	4096
1293	4098
1294	1293
1294	1471
1294	1479
1294	1489
1294	1500
1294	1794
1294	1998
1294	1999
1294	1782
1294	4096
1294	4251
1295	1294
1295	1929
1295	1480
1296	1291
1297	1291
1299	1298
1305	1304
1306	1305
1306	1792
1306	1793
1306	1800
1306	1805
1306	1813
1306	1788
1306	4095
1308	1312
1308	1314
1310	1309
1310	1310
1310	1314
1313	1312
1313	1314
1312	1314
1315	1314
1316	1315
1317	1315
1318	1315
1318	1319
1318	1320
1318	1321
1318	1325
1324	1323
1326	1334
1327	1328
1328	1329
1328	1330
1328	1331
1328	1332
1332	1333
1335	1406
1335	1408
1336	1335
1336	1921
1336	1923
1336	1914
1336	1944
1336	1946
1336	1952
1336	1955
1336	1972
1338	1337
1338	1345
1338	1350
1338	1365
1338	1373
1338	1389
1339	1338
1339	1776
1339	1797
1339	1798
1339	1802
1340	1338
1340	1342
1340	1346
1340	1351
1340	1366
1340	1374
1340	1390
1341	1338
1341	1337
1341	1345
1341	1344
1341	1343
1341	1350
1341	1349
1341	1356
1341	1355
1341	1359
1341	1361
1341	1363
1341	1365
1341	1367
1341	1369
1341	1371
1341	1373
1341	1375
1341	1378
1341	1377
1341	1381
1341	1383
1341	1385
1341	1387
1341	1389
1341	1409
1341	1411
1341	1413
1341	1415
1341	1785
1341	1802
1342	1337
1344	1343
1344	1356
1344	1359
1344	1371
1344	1383
1344	1387
1344	1409
1345	1344
1345	1353
1345	1361
1345	1367
1346	1345
1346	1347
1346	1354
1346	1368
1347	1344
1347	1348
1347	1357
1347	1360
1347	1372
1347	1384
1347	1388
1347	1410
1348	1343
1350	1349
1350	1363
1350	1369
1350	1378
1351	1350
1351	1352
1351	1364
1351	1370
1351	1379
1352	1349
1353	1375
1353	1415
1354	1353
1354	1362
1354	1376
1354	1416
1356	1355
1356	1381
1356	1385
1357	1356
1357	1358
1357	1382
1357	1386
1358	1355
1360	1359
1362	1361
1364	1363
1366	1365
1368	1367
1370	1369
1372	1371
1374	1373
1376	1375
1378	1377
1378	1411
1378	1413
1379	1378
1379	1380
1379	1412
1379	1414
1380	1377
1382	1381
1384	1383
1386	1385
1388	1387
1390	1389
1392	1391
1391	1398
1393	1392
1393	1772
1393	1773
1393	1774
1393	1790
1396	1395
1399	1398
1399	1400
1399	1783
1399	1790
1399	1812
1399	4114
1400	1399
1401	1398
1401	2079
1401	2674
1402	1398
1406	1405
1406	1407
1410	1409
1412	1411
1414	1413
1416	1415
1418	1417
1418	1419
1418	1426
1421	1421
1424	1423
1424	2378
1424	2391
1424	2412
1427	1427
1429	1428
1431	1430
1431	1435
1431	1451
1431	1467
1431	1496
1432	1431
1432	1433
1432	1434
1432	1445
1432	1452
1432	1490
1432	1497
1433	1430
1434	1430
1434	1435
1434	1468
1436	1435
1436	1462
1436	1472
1441	1440
1441	1513
1441	1515
1442	1436
1444	1443
1446	1445
1447	1445
1449	1448
1449	1458
1449	1493
1450	1449
1450	1472
1450	1474
1450	1484
1451	1450
1451	1462
1452	1451
1452	1453
1452	1463
1453	1450
1453	1454
1453	1473
1453	1475
1453	1485
1454	1449
1454	1456
1454	1459
1454	1494
1455	1454
1455	1457
1455	1460
1455	1495
1455	1776
1456	1448
1457	1456
1457	1775
1459	1458
1460	1459
1460	1779
1463	1462
1464	1463
1464	1785
1468	1467
1468	1469
1470	1469
1470	1477
1470	1481
1470	1482
1470	1483
1470	1487
1470	1498
1470	2117
1470	3124
1470	4248
1470	4250
1470	4257
1471	1469
1471	1781
1471	1792
1471	1810
1473	1472
1475	1474
1476	1475
1476	1798
1479	1478
1479	1800
1480	1478
1480	1499
1480	1911
1480	1953
1480	4090
1485	1484
1486	1485
1486	1484
1486	1519
1486	1801
1486	1802
1489	1488
1489	1805
1491	1490
1491	1807
1494	1493
1495	1494
1495	1808
1495	1810
1497	1496
1500	1499
1500	1787
1500	1789
1500	1813
1503	1502
1504	1503
1504	2815
1505	1504
1505	2372
1505	2806
1505	2807
1505	2808
1506	1505
1506	1534
1506	1644
1506	2836
1506	3116
1506	3582
1506	3589
1508	1507
1508	3219
1508	3220
1508	3222
1508	3237
1508	3259
1508	3267
1508	3272
1508	3280
1508	3282
1509	1508
1509	3195
1509	3199
1509	3200
1509	3201
1509	3202
1510	1509
1510	3132
1510	3191
1510	3192
1510	3205
1511	1510
1511	1644
1511	2392
1511	2465
1511	2485
1511	2490
1511	2796
1511	3195
1511	3201
1511	3205
1511	3220
1511	3223
1511	3405
1511	3408
1511	3703
1511	3704
1511	3708
1512	1509
1513	1513
1514	1513
1520	1519
1520	1761
1520	3602
1520	3601
1520	4081
1523	1522
1523	1524
1526	1525
1526	1529
1527	1526
1528	1527
1528	1532
1528	1544
1528	1550
1528	1553
1533	1532
1533	1540
1533	2686
1533	3019
1533	3037
1533	3039
1533	3047
1533	3050
1533	3052
1533	3063
1533	3069
1533	3070
1533	3965
1534	1533
1534	3021
1534	3024
1534	3027
1534	3594
1534	3600
1534	3620
1535	1534
1535	1540
1535	1539
1535	1541
1535	3019
1535	3021
1535	3024
1535	3032
1535	3037
1535	3039
1535	3055
1535	3065
1535	3067
1535	3069
1535	3072
1535	3082
1535	3083
1535	3117
1535	3122
1536	1532
1536	3070
1536	4089
1537	1532
1537	1541
1537	1542
1537	2811
1537	2839
1537	3032
1537	3725
1537	3727
1539	1538
1539	2389
1539	3053
1539	3058
1539	3071
1539	3085
1539	3086
1539	3087
1539	3088
1539	3583
1539	3590
1540	1539
1540	1541
1540	3030
1540	3032
1540	3036
1540	3042
1540	3043
1540	3054
1540	3055
1540	3064
1545	1544
1547	1546
1547	1578
1547	1613
1547	2157
1547	2470
1547	3726
1547	3783
1547	3786
1547	4030
1549	1548
1549	1552
1555	1554
1555	2060
1555	2062
1555	2069
1564	1563
1564	1572
1564	1573
1564	1574
1565	1564
1565	1567
1565	1570
1567	1566
1567	1571
1569	1568
1570	1569
1577	1588
1580	1579
1582	1581
1582	1622
1582	1637
1583	1582
1583	1626
1583	1636
1583	2972
1583	3010
1583	3197
1583	3613
1585	1584
1585	1588
1586	1584
1586	1596
1586	1597
1586	1621
1587	1584
1587	1624
1589	1588
1590	1588
1592	1591
1593	1591
1595	1594
1598	1597
1600	1599
1600	1795
1615	1614
1616	1615
1617	1614
1617	1618
1620	1619
1620	3184
1624	1623
1626	1625
1636	1635
1636	2983
1636	3779
1639	1638
1639	2977
1640	1639
1640	3122
1640	3129
1640	3623
1642	1641
1643	1641
1647	1646
1647	1653
1647	1656
1648	1647
1649	1647
1650	1647
1651	1650
1652	1646
1654	1656
1655	1654
1655	2736
1655	2900
1657	1656
1660	1659
1660	1662
1660	1661
1660	1685
1660	1687
1660	1688
1660	1698
1660	1701
1660	1702
1660	1705
1660	1751
1660	1755
1660	1756
1659	1661
1659	1701
1659	1702
1662	1661
1662	1681
1663	1662
1663	1685
1663	1687
1663	1705
1664	1663
1664	1670
1664	1674
1664	1704
1664	1723
1664	1741
1665	1664
1665	1669
1665	1705
1666	1661
1667	1661
1669	1668
1669	1673
1669	1678
1669	1698
1670	1668
1670	1678
1672	1671
1672	1687
1672	1758
1674	1673
1674	1698
1675	1674
1676	1750
1676	2068
1677	1676
1683	1682
1682	1687
1684	1682
1684	1695
1685	1705
1687	1686
1687	1695
1688	1687
1689	1687
1689	1705
1689	1706
1689	1742
1689	1743
1690	1687
1690	1691
1690	1750
1690	1752
1690	1753
1690	1754
1690	1755
1690	2068
1690	4252
1691	1687
1692	1691
1692	4252
1693	1691
1693	1750
1693	2068
1693	4252
1694	1686
1695	1748
1696	1695
1696	3626
1698	1697
1698	1741
1700	1699
1704	1703
1704	1723
1704	1738
1703	1740
1703	1743
1705	1704
1705	1708
1705	1727
1705	1739
1705	1741
1706	1704
1706	1741
1707	1703
1707	1755
1707	3626
1708	1726
1708	1728
1709	1710
1709	1716
1709	1717
1710	1711
1710	1712
1710	1713
1710	1714
1710	1715
1718	1710
1718	1719
1718	1720
1718	1721
1718	1717
1722	1710
1723	1725
1724	1723
1724	1742
1729	1730
1730	1731
1731	1732
1731	1733
1731	1734
1731	1735
1736	1730
1738	1737
1742	1741
1745	1744
1745	1748
1744	1755
1744	2069
1747	1746
1748	1747
1750	1751
1757	1756
1761	1760
1761	1766
1762	1761
1763	1761
1764	1761
1765	1761
1768	1767
1770	1769
1771	1769
1771	2670
1771	3608
1776	1775
1776	1779
1776	1808
1777	1776
1778	1776
1778	1780
1778	1808
1778	1809
1782	1781
1782	1801
1782	1810
1782	1998
1782	1999
1782	4089
1782	4090
1784	1795
1788	1787
1788	1789
1794	1793
1807	1806
1811	1812
1825	1824
1825	1833
1825	1834
1827	1826
1829	1828
1829	1830
1876	1881
1883	1882
1883	1886
1883	1887
1883	1925
1883	1941
1883	1943
1882	1894
1885	1947
1888	1887
1888	1894
1888	1910
1888	1943
1887	1964
1889	1887
1889	1912
1889	1929
1889	1964
1889	1972
1890	1889
1890	1895
1891	1889
1891	1895
1891	1956
1891	1959
1891	1967
1891	1985
1892	1887
1892	1894
1892	1900
1892	1920
1892	1934
1892	1941
1892	1943
1892	1945
1892	1985
1893	1892
1893	1903
1893	1905
1895	1894
1895	1923
1895	1944
1895	1943
1895	1955
1897	1896
1897	1902
1897	1911
1898	1897
1898	1898
1898	1899
1898	1910
1899	1897
1899	1910
1899	1919
1900	1899
1900	1900
1900	1926
1902	1901
1902	1953
1901	1929
1903	1902
1904	1902
1904	1901
1904	1935
1905	1902
1905	1911
1905	1910
1905	1909
1905	1919
1905	1930
1906	1901
1906	1909
1907	1901
1907	1908
1908	1901
1908	1909
1908	1910
1908	1929
1909	1901
1910	1909
1910	1925
1910	1929
1911	1910
1912	1910
1912	1964
1912	1972
1913	1912
1913	1971
1913	1973
1914	1913
1915	1913
1915	1921
1915	1923
1915	1944
1915	1965
1915	1971
1915	1999
1916	1912
1917	1912
1918	1909
1922	1922
1924	1923
1924	1944
1924	1955
1928	1927
1928	2007
1932	1931
1932	1933
1932	1936
1932	1992
1938	1937
1938	1947
1939	1938
1939	1940
1940	1937
1940	1947
1940	1948
1942	1944
1943	1942
1943	1948
1944	1943
1947	1947
1952	1964
1952	1972
1956	1955
1956	1972
1956	2000
1955	1964
1955	1993
1957	1956
1957	1955
1957	1972
1958	1957
1958	1964
1958	1965
1958	1966
1958	1972
1958	2000
1958	2002
1958	2006
1961	1961
1961	1974
1961	1975
1964	1977
1964	1990
1965	1964
1965	2000
1966	1965
1966	2002
1968	1967
1967	1971
1967	1977
1967	1989
1969	1971
1970	1970
1971	1979
1971	1981
1971	1987
1971	1992
1984	1983
1986	1985
1995	1994
1995	1996
1995	1997
1997	1996
1997	1998
1997	1999
2003	2004
2008	2008
2010	2009
2012	2012
2013	2012
2014	2012
2014	2014
2015	2014
2015	2016
2015	2132
2018	2017
2018	4108
2018	4109
2018	4110
2018	4111
2019	2017
2019	2133
2019	2135
2019	2137
2019	2139
2019	2140
2020	2308
2020	2309
2024	2023
2024	2025
2024	2026
2024	2027
2024	2030
2024	2143
2026	2068
2029	2028
2032	2031
2033	2032
2033	2037
2033	2038
2033	2039
2033	2054
2033	2057
2034	2032
2035	2032
2035	3194
2036	2031
2040	2042
2040	2048
2041	2040
2041	2047
2041	949
2041	2093
2041	2096
2041	2107
2041	2112
2041	2156
2041	2171
2041	2172
2041	2175
2041	2183
2041	2192
2041	2268
2041	2267
2041	2273
2041	2275
2041	2310
2041	2312
2041	2325
2041	2995
2041	3749
2041	3751
2043	2044
2045	2046
2050	2049
2050	2153
2050	3601
2051	2050
2051	2054
2051	2057
2051	2058
2051	2097
2052	2051
2052	2168
2053	2051
2053	2168
2056	2055
2056	2059
2056	2105
2056	2106
2061	2060
2061	2994
2060	2064
2060	2066
2060	2071
2064	2063
2064	2065
2071	2070
2071	2072
2074	2073
2074	2076
2074	2077
2075	949
2082	2081
2085	2084
2087	2086
2087	2095
2087	2098
2086	2089
2086	2090
2088	2086
2088	2092
2088	2304
2088	2305
2090	2091
2092	2095
2094	2095
2095	2096
2096	2098
2096	2325
2097	2096
2097	2097
2097	2107
2097	2111
2097	2113
2097	2298
2097	2325
2100	2099
2099	2101
2099	2102
2099	2103
2099	2104
2108	3499
2109	2108
2109	3510
2109	3608
2109	3619
2109	3632
2109	3635
2109	3669
2109	3674
2109	3685
2110	2109
2110	3743
2110	3752
2112	2111
2112	2113
2112	2169
2115	2114
2115	2116
2115	4164
2114	2116
2117	2117
2119	2118
2119	2120
2121	2120
2121	3761
2122	2120
2125	2124
2127	2126
2129	2128
2131	2130
2134	2133
2137	2136
2137	2138
2141	2140
2141	4234
2142	2140
2142	2710
2142	4111
2145	2144
2145	2147
2145	2149
2145	2150
2153	2152
2154	2153
2154	2169
2156	2155
2156	2171
2156	2173
2158	2159
2160	2159
2160	2267
2169	2170
2175	2174
2177	2176
2181	2180
2181	2278
2181	2301
2181	2302
2181	2329
2186	2185
2186	2192
2187	2185
2187	2205
2187	2378
2187	2390
2187	2840
2189	2044
2190	2191
2192	2267
2194	2193
2201	2202
2203	2202
2208	2207
2208	2211
2208	2215
2208	2217
2208	2224
2208	2227
2208	2229
2208	2233
2208	2241
2208	2243
2208	2248
2208	2250
2208	2259
2208	2261
2210	2209
2210	2216
2210	2220
2210	2223
2210	2228
2210	2232
2210	2242
2210	2249
2210	2252
2210	2256
2210	2260
2213	2212
2213	2218
2213	2221
2213	2225
2213	2230
2213	2234
2213	2238
2213	2240
2213	2244
2213	2245
2213	2251
2213	2253
2213	2257
2213	2262
2214	2277
2222	2264
2222	2274
2236	2235
2237	2235
2247	2267
2247	2273
2254	2277
2255	2254
2265	2264
2265	2267
2265	2273
2265	2274
2268	2267
2269	2268
2269	2272
2271	2270
2271	2333
2271	2334
2276	2275
2276	3185
2279	2278
2282	2281
2285	2284
2285	2286
2289	2288
2289	2290
2289	2294
2289	2295
2292	2291
2292	2296
2292	2289
2293	2291
2299	2298
2301	2300
2301	2304
2301	2313
2303	2302
2303	2347
2312	2311
2312	2319
2313	2314
2313	2315
2313	2316
2320	2321
2320	2322
2320	2323
2325	2326
2325	2328
2326	2327
2337	2336
2354	2359
2355	2354
2362	2361
2362	2381
2362	2395
2363	2361
2363	2371
2363	2381
2363	2382
2363	2387
2363	2389
2363	2395
2363	2482
2364	2363
2365	2364
2365	2482
2365	2497
2365	2496
2365	2525
2365	2576
2365	2640
2365	2688
2365	4174
2366	2361
2366	2367
2366	2368
2370	2369
2370	2555
2370	2558
2370	2637
2369	2369
2372	2371
2371	2389
2373	2371
2373	2402
2373	2440
2373	2442
2373	2548
2373	2614
2374	2373
2374	2398
2374	2399
2375	2371
2375	2548
2377	2376
2377	2390
2378	2376
2380	2379
2380	2531
2380	2553
2380	2639
2380	2688
2379	2381
2381	2643
2382	2381
2382	2524
2382	2574
2386	2385
2386	2692
2386	2693
2386	2768
2386	2804
2386	2861
2386	2862
2386	2871
2386	2873
2386	2874
2386	2886
2386	2887
2388	2387
2387	2521
2387	2572
2392	2556
2392	2557
2397	2396
2397	2405
2397	2406
2397	2407
2397	2414
2397	2419
2397	2423
2396	2424
2396	2473
2398	2397
2398	2402
2399	2397
2399	2406
2399	2407
2399	2414
2399	2423
2400	2396
2400	2453
2400	2455
2400	2688
2401	2400
2402	2401
2402	2440
2402	2442
2403	2400
2403	2453
2404	2403
2404	2441
2404	2444
2404	2455
2404	2472
2404	2476
2404	2477
2406	2417
2406	2418
2407	2415
2407	2416
2407	2420
2407	2422
2409	2408
2410	2409
2410	2411
2410	2413
2412	2441
2412	2454
2412	2455
2414	2421
2426	2425
2426	2428
2426	2429
2426	2430
2426	2433
2427	2426
2427	2525
2427	2576
2432	2431
2432	2448
2432	2449
2432	2450
2432	2451
2432	2457
2431	2434
2431	2435
2431	2436
2431	2437
2431	2438
2440	2439
2440	2445
2440	2452
2440	2453
2440	2454
2440	2455
2440	2456
2441	2439
2441	2446
2441	2447
2442	2441
2442	2460
2443	2441
2444	2439
2449	2461
2458	2457
2458	2459
2464	2548
2466	2465
2466	2490
2465	2555
2465	2556
2465	2557
2465	2558
2467	2466
2467	2492
2467	2493
2469	2468
2469	2502
2474	2473
2474	2477
2475	2473
2475	2475
2475	2479
2475	2796
2475	2849
2475	2986
2475	3017
2475	3029
2475	3047
2475	3053
2475	3192
2475	3191
2475	3703
2475	3704
2480	2479
2484	2483
2484	2486
2484	2490
2483	2485
2483	2487
2483	2488
2483	2489
2491	2490
2491	3669
2492	2490
2493	2490
2496	2497
2497	2496
2498	2497
2498	2900
2498	2960
2498	3978
2499	2498
2499	2955
2499	2961
2500	2499
2500	2962
2502	2501
2502	2509
2502	4174
2505	2504
2505	2521
2505	2522
2505	2524
2505	2547
2505	2549
2505	2551
2507	2506
2507	2511
2507	2512
2507	2513
2507	2514
2507	2516
2507	2517
2507	2518
2507	2520
2508	2507
2508	2560
2509	2508
2509	2525
2509	2527
2509	2528
2509	2553
2509	2576
2509	2640
2510	2508
2510	2525
2510	2576
2515	2514
2515	2532
2515	2564
2515	2565
2519	2518
2519	2532
2519	2568
2523	2522
2523	2525
2523	2570
2523	2576
2523	2612
2525	2538
2525	2539
2525	2540
2525	2541
2525	2542
2525	2543
2525	2544
2525	2545
2525	2546
2526	2525
2526	2576
2526	2641
2526	2687
2527	2525
2527	2576
2528	2527
2529	2525
2529	2549
2529	2576
2529	2648
2530	2525
2530	2550
2530	2576
2530	2614
2531	2530
2531	2576
2532	2525
2532	2576
2532	4174
2533	2532
2534	2533
2534	2537
2535	2532
2535	2670
2536	2532
2537	2532
2537	4187
2548	2547
2548	2646
2552	2551
2552	2601
2552	2636
2553	2552
2553	2590
2554	2553
2554	2640
2554	2687
2560	2559
2560	2562
2560	2563
2560	2564
2560	2565
2560	2566
2560	2567
2560	2568
2560	2569
2560	2603
2559	2602
2561	2560
2563	2604
2564	2605
2565	2606
2566	2607
2567	2608
2568	2609
2569	2610
2572	2571
2572	2613
2574	2573
2574	2614
2576	2575
2576	2582
2576	2615
2576	2682
2575	2578
2575	2579
2575	2580
2575	2583
2575	2584
2575	2585
2575	2586
2575	2587
2577	2576
2577	2588
2577	2614
2577	2625
2582	2581
2582	2619
2590	2589
2590	2626
2589	2592
2589	2593
2589	2594
2589	2595
2589	2596
2589	2597
2589	2598
2589	2599
2589	2600
2591	2590
2615	2616
2615	2617
2615	2618
2615	2620
2615	2621
2615	2622
2615	2623
2615	2624
2626	2627
2626	2628
2626	2629
2626	2630
2626	2631
2626	2632
2626	2633
2626	2634
2626	2635
2641	2640
2642	2640
2646	2645
2648	2647
2652	2651
2652	3515
2652	3927
2653	2652
2654	2653
2655	2652
2655	3515
2656	2652
2656	3434
2656	3515
2656	3526
2656	3527
2656	3529
2667	2666
2667	2668
2667	2669
2667	2676
2671	2670
2673	2686
2677	2678
2680	2681
2683	2684
2684	2685
2690	2689
2691	2689
2699	2701
2699	2702
2699	2704
2700	2699
2700	2703
2700	2705
2701	2701
2707	2706
2707	2708
2707	2710
2709	2708
2711	2710
2714	2713
2714	2720
2714	2728
2713	2715
2713	2732
2713	2752
2713	2756
2718	2717
2723	2724
2723	2725
2733	2753
2738	2737
2739	2738
2739	4031
2739	4046
2760	2759
2760	2762
2760	3209
2760	3404
2760	3426
2760	3697
2760	3698
2761	2760
2761	2852
2761	2859
2761	3204
2761	3208
2761	3690
2761	3701
2761	4256
2764	2763
2764	3193
2764	3212
2764	3214
2766	2765
2766	2767
2771	2770
2772	2771
2772	2804
2780	2782
2788	2787
2791	2790
2795	2794
2795	2795
2795	3531
2799	2798
2799	3095
2799	3101
2799	3106
2799	4035
2804	2803
2804	2805
2806	2811
2806	2813
2806	2828
2806	2830
2806	2837
2806	2839
2806	2840
2806	2845
2806	2847
2807	2810
2807	2817
2807	2820
2807	2821
2807	2822
2807	2824
2807	2833
2807	2835
2807	2842
2808	2812
2808	2814
2808	2823
2808	2825
2808	2827
2808	2848
2810	2809
2810	2819
2811	2847
2817	2816
2817	2826
2817	2829
2817	2834
2817	2844
2817	2846
2816	2818
2816	2841
2818	2866
2820	2866
2821	3084
2821	3085
2822	2866
2829	2866
2831	2830
2831	3053
2832	2831
2832	3536
2832	3538
2832	3542
2832	3544
2834	2866
2836	2835
2836	2880
2836	3582
2838	2837
2838	2839
2839	2840
2841	2866
2842	3087
2843	2842
2844	2866
2853	2852
2853	2857
2855	2854
2855	2857
2857	2856
2857	2858
2865	2864
2868	2867
2868	2869
2868	3643
2873	2872
2876	2875
2876	2878
2877	2876
2877	2879
2882	2881
2883	2883
2892	3794
2896	2895
2898	2897
2899	2899
2900	2911
2901	2900
2901	2913
2902	2901
2902	2904
2903	2900
2904	2900
2904	2924
2905	2900
2905	2906
2905	3420
2905	3979
2905	4012
2908	2907
2908	2909
2908	2910
2912	2911
2912	4016
2915	2914
2915	2923
2915	2922
2916	2915
2916	2902
2918	2917
2918	2920
2919	2917
2921	2920
2923	2922
2929	2930
2929	2931
2929	2942
2931	2932
2931	2939
2931	2940
2932	2933
2932	2934
2932	2935
2935	2936
2935	2938
2936	2937
2938	2937
2940	2941
2943	2944
2943	2933
2945	2946
2945	2932
2947	2948
2947	2949
2947	2932
2947	2937
2950	2951
2950	2933
2950	2942
2950	2952
2950	2953
2953	2954
2955	2956
2959	2958
2959	2956
2959	2960
2963	2968
2966	2965
2971	3713
2974	2973
2974	2975
2974	3638
2974	3700
2983	2982
2985	2984
2985	2986
2985	2991
2985	2996
2985	3958
2984	2999
2990	2989
2992	2991
2992	3594
2992	3620
2992	3626
2993	2994
2996	2997
2996	2998
3003	3002
3003	3008
3003	3523
3004	3002
3004	3008
3007	3006
3009	3008
3015	3014
3015	3016
3015	3017
3019	3018
3019	3051
3019	3072
3019	3082
3019	3083
3018	3040
3021	3020
3021	3022
3021	3023
3021	3025
3021	3026
3021	3028
3021	3120
3021	3963
3030	3029
3030	3031
3030	3048
3034	3033
3034	3036
3034	3044
3034	3057
3036	3035
3036	3045
3036	3059
3039	3038
3039	3084
3042	3041
3042	3060
3046	3045
3050	3049
3050	3067
3050	3068
3050	3966
3056	3055
3056	3582
3056	3589
3062	3061
3063	3062
3066	3065
3072	3079
3072	3080
3072	3081
3073	3072
3074	3072
3075	3072
3075	3075
3096	3097
3101	3100
3101	3103
3101	3108
3102	3100
3102	3108
3105	3104
3105	3106
3105	3107
3112	3111
3112	3113
3115	3114
3116	3117
3119	3119
3121	3122
3124	3123
3124	3125
3124	3126
3124	3426
3124	3514
3124	3696
3124	3699
3131	3130
3131	3142
3131	3143
3131	3149
3131	3150
3131	3155
3131	3158
3131	3162
3131	3168
3131	3169
3131	3172
3131	3173
3130	3136
3132	3130
3132	3142
3132	3143
3132	3144
3132	3145
3132	3158
3132	3162
3132	3168
3132	3169
3132	3172
3132	3173
3132	3177
3132	3178
3132	3179
3132	3180
3132	3181
3132	3183
3132	3184
3132	3185
3132	3186
3132	3187
3132	3189
3132	3194
3132	3308
3132	3349
3133	3132
3133	4013
3135	3134
3136	3135
3136	3137
3140	3147
3159	3160
3159	3161
3163	3164
3163	3165
3182	3181
3182	3190
3192	3191
3195	3194
3195	3218
3195	3224
3195	3225
3195	3226
3195	3227
3195	3228
3195	3229
3195	3230
3195	3231
3195	3232
3195	3241
3195	3242
3195	3243
3195	3244
3195	3246
3195	3248
3195	3252
3195	3261
3195	3262
3195	3263
3195	3264
3195	3275
3195	3278
3195	3279
3195	3283
3195	3285
3195	3292
3195	3293
3194	3255
3194	3287
3194	3288
3194	3289
3194	3290
3194	3291
3194	3325
3194	3334
3197	3196
3197	3203
3196	3198
3196	3206
3196	3210
3196	3211
3199	3207
3199	3266
3199	3284
3199	3295
3199	3296
3200	3217
3200	3221
3200	3233
3200	3234
3200	3239
3200	3240
3200	3247
3200	3249
3200	3250
3200	3251
3200	3253
3200	3254
3200	3256
3200	3269
3200	3270
3200	3271
3200	3273
3200	3274
3200	3276
3200	3277
3200	3281
3200	3286
3201	3223
3202	3235
3202	3257
3207	3260
3211	3300
3214	3213
3216	3215
3220	3236
3238	3237
3238	3303
3238	3305
3238	3348
3238	3372
3238	3408
3242	3245
3246	3294
3259	3258
3259	3265
3267	3372
3268	3267
3268	3297
3268	3298
3287	3351
3299	3298
3302	3301
3302	3304
3302	3306
3302	3313
3302	3314
3302	3315
3302	3316
3302	3317
3302	3318
3302	3319
3302	3320
3302	3321
3302	3322
3302	3323
3302	3325
3302	3328
3302	3329
3302	3332
3302	3333
3302	3334
3302	3335
3302	3336
3302	3337
3302	3338
3302	3339
3302	3340
3302	3341
3302	3343
3302	3346
3302	3350
3302	3351
3302	3353
3302	3356
3302	3361
3302	3362
3302	3364
3302	3365
3302	3366
3302	3367
3302	3368
3302	3370
3302	3371
3302	3373
3302	3374
3302	3375
3302	3376
3302	3377
3302	3380
3302	3381
3302	3386
3302	3388
3302	3389
3302	3394
3302	3395
3302	3396
3302	3397
3302	3399
3302	3400
3302	3401
3302	3402
3302	3409
3303	3302
3303	3307
3303	3309
3303	3311
3303	3312
3303	3324
3303	3330
3303	3352
3303	3354
3303	3358
3303	3363
3303	3369
3303	3378
3303	3379
3303	3384
3303	3390
3303	3391
3303	3393
3303	3410
3303	3411
3309	3308
3309	3349
3309	3357
3309	3360
3311	3310
3311	3326
3311	3327
3311	3331
3311	3344
3311	3345
3311	3382
3311	3383
3311	3385
3311	3387
3311	3392
3311	3398
3311	3403
3348	3347
3356	3355
3358	3359
3405	3408
3407	3406
3407	3409
3407	3413
3406	3406
3415	3416
3415	3417
3429	3429
3430	3429
3430	3430
3430	3442
3430	3443
3432	3431
3434	3433
3434	3448
3434	3456
3433	3442
3435	3434
3435	3655
3436	3435
3436	3623
3436	3626
3436	3663
3437	3434
3437	3508
3437	3509
3437	3518
3437	3527
3437	3701
3438	3433
3438	3440
3438	3442
3439	3438
3440	3442
3441	3440
3441	3442
3445	3450
3445	3451
3447	3446
3447	3447
3447	3451
3448	3451
3449	3448
3449	3450
3449	3451
3450	3451
3453	3458
3453	3459
3455	3454
3455	3455
3455	3459
3456	3459
3457	3456
3457	3458
3457	3459
3458	3459
3462	3461
3462	3466
3464	3463
3464	3465
3464	3467
3469	3468
3469	3470
3469	3719
3471	3471
3472	3472
3474	3473
3476	3475
3479	3478
3481	3480
3483	3482
3483	3487
3482	3484
3482	3485
3485	3486
3486	3497
3487	3486
3487	3713
3487	3715
3487	3725
3488	3490
3488	3493
3490	3489
3490	3494
3490	3507
3491	3490
3491	3493
3491	3495
3491	3497
3491	3503
3491	3504
3491	3506
3491	3701
3493	3492
3493	3505
3497	3496
3497	3498
3499	3510
3500	3499
3502	3501
3503	3502
3511	3510
3513	3512
3516	3515
3516	3523
3517	3517
3520	3519
3520	3523
3522	3521
3523	3524
3523	3525
3531	3530
3531	3532
3531	3533
3531	3535
3536	3542
3536	3544
3536	3549
3536	3552
3542	3541
3542	3556
3544	3543
3544	3545
3544	3547
3544	3550
3544	3551
3544	3553
3544	3554
3544	3557
3544	3558
3544	3559
3544	3560
3546	3545
3549	3548
3549	3555
3562	3561
3562	3564
3562	3575
3565	3566
3568	3567
3568	3578
3570	3569
3571	3570
3571	3573
3573	3572
3573	3574
3576	3577
3585	3584
3588	3587
3589	3588
3592	3591
3595	3594
3595	3620
3598	3597
3598	3606
3598	3619
3598	3622
3598	3631
3599	3598
3602	3601
3602	3625
3602	3627
3605	3604
3605	3608
3605	3609
3605	3630
3611	3610
3611	3753
3612	3610
3614	3617
3624	3623
3629	3628
3629	3630
3632	3633
3633	3638
3635	3634
3635	3637
3636	3634
3636	3638
3637	3638
3639	3639
3641	3640
3641	3642
3643	3643
3646	3645
3645	3647
3645	3648
3649	3652
3649	3654
3651	3650
3651	3651
3651	3654
3653	3652
3653	3654
3652	3654
3655	3654
3656	3655
3656	3658
3656	3659
3656	3663
3656	3667
3660	3662
3663	3662
3662	3666
3664	3663
3666	3665
3679	3678
3679	3680
3679	3681
3679	3684
3679	3685
3682	3681
3682	3683
3691	3690
3691	3694
3691	3695
3691	3697
3691	3701
3692	3692
3694	3693
3694	3696
3695	3695
3702	3705
3702	3707
3702	3711
3717	3718
3721	3722
3723	3724
3728	3727
3728	3729
3728	3737
3730	3731
3732	3733
3733	3735
3739	3738
3739	3740
3745	3744
3745	3745
3746	3744
3750	3764
3758	3758
3759	3759
3762	3761
3763	3761
3785	3784
3785	3787
3790	3789
3793	3792
3793	4046
3795	3796
3799	3798
3800	3799
3800	3843
3800	3867
3800	3883
3800	4061
3802	3801
3802	3804
3802	3808
3802	3809
3802	3812
3802	4039
3801	3806
3804	3803
3808	3807
3808	3810
3808	3811
3814	3813
3814	3816
3814	3826
3814	3839
3814	3845
3814	3849
3814	3851
3814	4044
3813	3851
3813	3856
3813	3886
3815	3813
3816	3818
3816	3821
3818	3886
3819	3818
3819	3894
3821	3820
3821	3860
3821	3886
3821	3890
3822	3821
3822	3861
3822	3894
3822	3897
3822	4009
3823	3820
3823	3866
3823	3984
3825	3824
3825	3826
3825	3830
3824	3827
3824	3828
3829	3828
3832	3831
3832	3833
3832	3836
3832	4039
3834	3833
3834	3837
3834	3846
3835	3834
3838	3837
3838	3839
3838	3851
3838	4044
3845	3844
3845	3846
3845	3894
3848	3847
3848	3851
3848	3853
3848	4002
3848	4057
3848	4058
3853	3852
3854	3854
3855	3854
3855	3997
3857	3856
3857	3887
3856	3860
3859	3858
3859	3864
3860	3865
3860	3898
3862	3861
3862	3885
3862	3889
3862	3897
3861	3889
3864	3863
3864	3878
3864	3895
3863	3879
3863	3873
3863	3892
3865	3866
3865	3891
3865	3892
3870	3874
3872	3871
3871	3873
3871	3880
3874	3873
3874	3880
3874	3889
3875	3874
3875	3911
3875	4009
3876	3875
3876	3894
3876	3907
3876	3909
3876	4002
3876	4057
3877	3874
3878	3877
3878	3879
3879	3874
3887	3886
3887	3890
3888	3886
3894	3893
3895	3894
3896	3894
3900	3899
3900	3901
3900	3903
3900	3905
3900	3935
3900	4048
3900	4049
3900	4050
3902	3901
3902	3905
3903	3901
3904	3903
3904	3905
3907	3906
3911	3910
3912	4008
3915	3914
3915	3997
3917	3916
3918	3916
3918	3934
3918	3944
3918	4021
3918	4034
3919	3918
3920	3919
3921	3918
3922	3918
3922	3942
3925	3924
3929	3928
3929	3937
3929	3940
3929	4051
3929	4052
3931	3930
3933	3932
3933	3940
3936	3935
3936	3939
3938	3937
3938	3939
3939	3940
3941	3940
3945	3951
3945	3953
3946	3947
3948	3949
3949	3950
3951	3975
3952	3951
3952	3975
3952	3998
3952	4000
3952	4001
3952	4002
3952	4057
3953	3990
3953	3994
3957	3956
3968	3967
3969	3967
3973	3972
3976	3975
3976	3990
3976	3994
3977	3975
3978	3975
3978	3990
3978	3994
3978	4041
3978	4046
3978	4053
3979	3978
3980	3978
3981	3980
3981	3982
3982	3978
3986	3985
3986	3988
3986	3989
3987	3985
3987	3988
3987	3989
3987	3990
3987	3991
3987	3994
3991	3990
3991	3994
3992	3991
3992	4004
3992	4006
3993	3991
3993	4008
3993	4010
4000	3999
4000	4003
4006	4005
4007	4005
4008	4009
4016	4015
4016	4017
4023	4022
4023	4025
4023	4026
4023	4027
4029	4039
4036	4035
4038	4037
4040	4039
4040	4057
4040	4058
4041	4039
4041	4043
4041	4053
4042	4041
4043	4041
4044	4041
4044	4046
4045	4041
4046	4041
4046	4053
4046	4062
4047	4046
4047	4065
4047	4066
4055	4054
4061	4060
4063	4062
4065	4067
4065	4068
4065	4069
4065	4070
4065	4071
4065	4072
4078	4077
4088	4087
4091	4090
4092	4090
4093	4090
4100	4099
4100	4101
4100	4102
4104	4105
4106	4105
4106	4107
4112	4162
4115	1336
4116	1336
4117	1336
4118	1336
4128	4129
4155	4154
4156	4154
4156	4157
4156	4158
4160	4161
4164	4163
4164	4166
4164	4167
4164	4168
4164	4169
4164	4170
4164	4171
4173	4181
4173	4182
4173	4183
4173	4184
4173	4185
4173	4186
4173	4187
4173	4188
4173	4190
4173	4191
4173	4193
4173	4194
4174	4173
4175	4173
4176	4181
4177	4180
4179	4183
4179	4185
4192	4193
4197	4212
4199	4198
4199	4206
4199	4208
4199	4209
4199	4210
4199	4213
4199	4215
4199	4217
4198	4211
4198	4214
4198	4218
4200	4202
4200	4220
4200	4221
4202	4203
4235	4234
4240	4239
4240	4241
