1	0
1	180
1	4193
1	4229
2	1
2	47
2	55
2	173
2	177
2	178
2	179
2	183
2	184
2	242
2	245
2	252
2	255
2	664
2	813
2	4186
2	4212
2	4220
2	4233
2	4234
3	2
3	171
3	4177
3	4178
3	4209
4	3
5	4
6	4
6	11
6	20
6	43
6	42
6	45
6	15
6	17
6	64
6	68
6	92
6	34
6	107
6	172
6	179
6	184
6	185
6	193
6	199
6	217
6	218
6	219
6	227
6	238
6	240
6	265
6	305
6	323
6	322
6	354
6	357
6	370
6	426
6	434
6	435
6	450
6	471
6	586
6	719
6	716
6	730
6	745
6	752
6	757
6	787
6	795
6	821
6	837
6	875
6	1131
6	1173
6	1202
6	1214
6	1220
6	1225
6	1256
6	1258
6	1261
6	1289
6	1312
6	1512
6	1545
6	1560
6	1578
6	1620
6	1637
6	1897
6	1915
6	1926
6	1917
6	1937
6	1947
6	1958
6	1962
6	1966
6	1967
6	1970
6	1976
6	1980
6	1982
6	1984
6	1986
6	1988
6	1990
6	1992
6	2000
6	2012
6	2017
6	2045
6	2050
6	2051
6	2092
6	2168
6	2231
6	2267
6	2283
6	2336
6	2341
6	2393
6	2411
6	2465
6	2466
6	2468
6	2549
6	2627
6	2672
6	2676
6	2701
6	2835
6	2842
6	2847
6	2849
6	2851
6	2859
6	2878
6	2879
6	2912
6	2939
6	2941
6	2984
6	3000
6	3006
6	3008
6	3009
6	3016
6	3020
6	3028
6	3032
6	3036
6	3049
6	3069
6	3071
6	3072
6	3087
6	3088
6	3094
6	3095
6	3100
6	3114
6	3131
6	3141
6	3233
6	3418
6	3447
6	3455
6	3464
6	3472
6	3499
6	3516
6	3529
6	3530
6	3536
6	3541
6	3565
6	3607
6	3614
6	3627
6	3632
6	3635
6	3638
6	3666
6	3718
6	3728
6	3794
6	3796
6	3842
6	3884
6	3970
6	3978
6	4053
6	4058
6	4089
6	4124
6	4177
6	4187
6	4191
6	4206
6	4207
6	4209
6	4252
7	3
7	19
7	26
7	29
7	42
7	45
7	48
7	50
7	49
7	56
7	60
7	65
7	68
7	69
7	70
7	74
7	82
7	84
7	97
7	98
7	105
7	122
7	150
7	159
7	166
7	172
7	173
7	177
7	188
7	190
7	193
7	199
7	200
7	205
7	208
7	210
7	211
7	218
7	219
7	221
7	224
7	227
7	230
7	235
7	240
7	244
7	254
7	256
7	304
7	306
7	397
7	413
7	449
7	448
7	451
7	452
7	458
7	465
7	470
7	475
7	482
7	537
7	580
7	581
7	587
7	590
7	591
7	599
7	604
7	652
7	654
7	657
7	664
7	665
7	667
7	672
7	681
7	689
7	700
7	704
7	716
7	724
7	728
7	730
7	738
7	742
7	745
7	746
7	749
7	751
7	748
7	757
7	764
7	772
7	778
7	781
7	787
7	798
7	808
7	813
7	819
7	820
7	873
7	881
7	897
7	1131
7	1152
7	1157
7	1158
7	1165
7	1166
7	1174
7	1173
7	1181
7	1185
7	1186
7	1187
7	1196
7	1211
7	1210
7	1218
7	1220
7	1228
7	1251
7	1252
7	1260
7	1261
7	1270
7	1274
7	1307
7	1308
7	1311
7	1310
7	1315
7	1325
7	1326
7	1328
7	1330
7	1337
7	1344
7	1402
7	1405
7	1412
7	1435
7	1492
7	1517
7	1531
7	1578
7	1593
7	1613
7	1621
7	1626
7	1633
7	1634
7	1661
7	1666
7	1664
7	1676
7	1681
7	1689
7	1698
7	1758
7	1764
7	1769
7	1772
7	1798
7	1805
7	1806
7	1895
7	1906
7	1921
7	1939
7	1953
7	1972
7	1981
7	1982
7	1984
7	1986
7	1987
7	1991
7	2014
7	2035
7	2043
7	2050
7	2052
7	2071
7	942
7	2081
7	2085
7	2091
7	2104
7	2115
7	2118
7	2142
7	2145
7	2147
7	2146
7	2148
7	2168
7	2191
7	2228
7	2240
7	2244
7	2245
7	2246
7	2248
7	2272
7	2290
7	2296
7	2299
7	2301
7	2307
7	2310
7	2320
7	2322
7	2334
7	2335
7	2339
7	2341
7	2344
7	2349
7	2357
7	2358
7	2360
7	2361
7	2362
7	2363
7	2385
7	2393
7	2409
7	2415
7	2413
7	2418
7	2419
7	2420
7	2424
7	2427
7	2436
7	2449
7	2461
7	2477
7	2481
7	2514
7	2515
7	2531
7	2533
7	2548
7	2569
7	2603
7	2663
7	2670
7	2672
7	2678
7	2690
7	2707
7	2709
7	2719
7	2725
7	2758
7	2766
7	2904
7	3006
7	3013
7	3015
7	3020
7	3022
7	3114
7	3129
7	3138
7	3151
7	3152
7	3168
7	3169
7	3170
7	3202
7	3230
7	3231
7	3232
7	3236
7	3237
7	3240
7	3242
7	3243
7	3246
7	3247
7	3248
7	3250
7	3254
7	3255
7	3256
7	3257
7	3258
7	3259
7	3263
7	3268
7	3273
7	3278
7	3280
7	3282
7	3284
7	3287
7	3288
7	3289
7	3291
7	3293
7	3294
7	3295
7	3297
7	3298
7	3301
7	3303
7	3304
7	3308
7	3309
7	3418
7	3433
7	3435
7	3443
7	3456
7	3459
7	3460
7	3462
7	3467
7	3468
7	3470
7	3491
7	3519
7	3536
7	3593
7	3610
7	3620
7	3634
7	3638
7	3640
7	3642
7	3643
7	3649
7	3662
7	3663
7	3665
7	3664
7	3678
7	3677
7	3700
7	3747
7	3754
7	3755
7	3772
7	3780
7	3786
7	3787
7	3790
7	3813
7	3846
7	3851
7	3853
7	3860
7	3893
7	3924
7	3952
7	3955
7	3999
7	4003
7	4007
7	4020
7	4024
7	4032
7	4040
7	4047
7	4053
7	4087
7	4089
7	4093
7	4112
7	4115
7	4121
7	4123
7	4134
7	4136
7	4143
7	4146
7	4148
7	4161
7	4171
7	4175
7	4190
7	4192
7	4195
7	4197
7	4198
7	4199
7	4200
7	4204
7	4206
7	4208
7	4209
7	4210
7	4211
7	4215
7	4216
7	4217
7	4235
7	4236
7	4237
7	4238
7	4239
7	4240
7	4241
7	4242
7	4243
7	4244
7	4245
7	4246
7	4249
7	4250
8	3
9	8
9	14
9	16
9	18
9	19
9	35
9	38
9	40
9	48
9	56
9	60
9	65
9	66
9	74
9	96
9	97
9	98
9	170
9	4187
9	4188
9	4189
9	4191
9	4192
9	4205
9	4213
9	4214
10	9
11	8
11	2
11	38
11	1
11	40
11	66
11	74
11	98
11	171
11	179
11	242
11	664
11	813
11	4177
11	4178
11	4187
11	4188
11	4191
11	4192
11	4195
11	4196
11	4197
11	4198
11	4199
11	4200
11	4201
11	4203
11	4204
11	4206
11	4209
11	4213
11	4214
11	4216
12	11
12	8
12	14
12	17
12	2
12	18
12	21
12	20
12	35
12	1
12	41
12	40
12	43
12	42
12	49
12	66
12	74
12	84
12	83
12	82
12	96
12	97
12	105
12	115
12	128
12	171
12	172
12	173
12	181
12	183
12	184
12	185
12	189
12	196
12	217
12	219
12	227
12	248
12	247
12	305
12	345
12	352
12	356
12	363
12	365
12	367
12	370
12	397
12	413
12	418
12	420
12	424
12	426
12	428
12	430
12	431
12	433
12	434
12	435
12	439
12	441
12	442
12	444
12	457
12	463
12	473
12	483
12	532
12	570
12	577
12	665
12	667
12	681
12	690
12	716
12	731
12	738
12	737
12	739
12	745
12	749
12	751
12	748
12	752
12	757
12	764
12	781
12	808
12	813
12	817
12	820
12	824
12	836
12	839
12	869
12	873
12	921
12	924
12	916
12	1061
12	1064
12	1085
12	1117
12	1118
12	1120
12	1121
12	1122
12	1123
12	1125
12	1128
12	1129
12	1131
12	1163
12	1174
12	1173
12	1172
12	1178
12	1179
12	1180
12	1181
12	1182
12	1183
12	1184
12	1185
12	1202
12	1201
12	1216
12	1218
12	1219
12	1220
12	1225
12	1248
12	1252
12	1254
12	1259
12	1304
12	1306
12	1315
12	1313
12	1317
12	1326
12	1328
12	1330
12	1399
12	1397
12	1405
12	1411
12	1429
12	1521
12	1530
12	1542
12	1540
12	1547
12	1567
12	1581
12	1593
12	1620
12	1626
12	1632
12	1633
12	1634
12	1659
12	1672
12	1676
12	1681
12	1691
12	1690
12	1708
12	1707
12	1706
12	1711
12	1740
12	1743
12	1744
12	1750
12	1758
12	1759
12	1767
12	1764
12	1763
12	1769
12	1772
12	1775
12	1787
12	1798
12	1799
12	1805
12	1895
12	1899
12	1907
12	1916
12	1915
12	1913
12	1912
12	1924
12	1926
12	1932
12	1944
12	1947
12	1945
12	1949
12	1959
12	1958
12	1962
12	1969
12	1968
12	1967
12	1970
12	1974
12	1976
12	1987
12	2001
12	2002
12	2012
12	2014
12	2016
12	2017
12	2028
12	2029
12	2063
12	2067
12	2071
12	942
12	2085
12	2118
12	2117
12	2116
12	2120
12	2124
12	2133
12	2136
12	2140
12	2153
12	2168
12	2171
12	2172
12	2179
12	2191
12	2192
12	2205
12	2273
12	2276
12	2281
12	2282
12	2289
12	2293
12	2320
12	2328
12	2334
12	2335
12	2337
12	2346
12	2349
12	2356
12	2357
12	2361
12	2362
12	2364
12	2376
12	2398
12	2405
12	2406
12	2439
12	2444
12	2461
12	2468
12	2472
12	2515
12	2516
12	2541
12	2540
12	2538
12	2554
12	2566
12	2569
12	2570
12	2589
12	2595
12	2603
12	2652
12	2653
12	2670
12	2677
12	2695
12	2699
12	2705
12	2706
12	2709
12	2710
12	2717
12	2773
12	2783
12	2795
12	2807
12	2809
12	2813
12	2856
12	2855
12	2865
12	2873
12	2877
12	2886
12	2887
12	2902
12	2913
12	2939
12	2978
12	2986
12	2994
12	2998
12	3002
12	3008
12	3015
12	3020
12	3026
12	3037
12	3041
12	3049
12	3050
12	3066
12	3067
12	3078
12	3082
12	3084
12	3094
12	3095
12	3102
12	3103
12	3125
12	3128
12	3132
12	3134
12	3138
12	3145
12	3168
12	3171
12	3189
12	3190
12	3191
12	3231
12	3250
12	3418
12	3419
12	3449
12	3448
12	3447
12	3454
12	3455
12	3458
12	3464
12	3466
12	3486
12	3490
12	3503
12	3506
12	3508
12	3515
12	3519
12	3523
12	3544
12	3543
12	3545
12	3546
12	3553
12	3613
12	3615
12	3617
12	3621
12	3628
12	3630
12	3635
12	3638
12	3640
12	3642
12	3643
12	3661
12	3674
12	3690
12	3697
12	3698
12	3700
12	3747
12	3754
12	3755
12	3759
12	3771
12	27
12	3794
12	3795
12	3799
12	3809
12	3815
12	3817
12	3818
12	3824
12	3825
12	3828
12	3836
12	3840
12	3842
12	3846
12	3863
12	3882
12	3884
12	3894
12	3898
12	3906
12	3946
12	3951
12	3952
12	3934
12	3976
12	3979
12	3985
12	3984
12	3989
12	3990
12	3996
12	4003
12	4002
12	4006
12	4009
12	4014
12	4020
12	4023
12	4032
12	4033
12	4036
12	4047
12	4051
12	4053
12	4058
12	4069
12	4070
12	4085
12	4086
12	4087
12	4096
12	1791
12	4102
12	4108
12	4110
12	4175
12	4177
12	4187
12	4189
12	4200
12	4201
12	4206
12	4208
12	4209
12	4212
12	4215
12	4227
13	11
13	14
13	16
13	18
13	26
13	31
13	33
13	19
13	50
13	51
13	49
13	53
13	48
13	56
13	60
13	64
13	65
13	81
13	88
13	89
13	90
13	84
13	96
13	97
13	104
13	118
13	111
13	134
13	132
13	146
13	160
13	167
13	168
13	169
13	172
13	173
13	181
13	183
13	184
13	185
13	191
13	209
13	214
13	215
13	227
13	240
13	246
13	245
13	252
13	256
13	257
13	255
13	259
13	261
13	263
13	265
13	266
13	268
13	269
13	271
13	272
13	287
13	291
13	293
13	296
13	306
13	305
13	325
13	327
13	328
13	329
13	330
13	332
13	335
13	336
13	338
13	340
13	342
13	344
13	346
13	385
13	393
13	404
13	406
13	408
13	409
13	412
13	429
13	430
13	432
13	436
13	437
13	491
13	499
13	501
13	503
13	508
13	509
13	510
13	514
13	515
13	516
13	518
13	521
13	522
13	533
13	535
13	541
13	550
13	555
13	556
13	559
13	566
13	567
13	568
13	569
13	597
13	598
13	601
13	602
13	603
13	608
13	615
13	626
13	632
13	634
13	635
13	640
13	643
13	650
13	652
13	657
13	663
13	664
13	668
13	672
13	681
13	680
13	679
13	678
13	676
13	685
13	686
13	688
13	690
13	694
13	695
13	697
13	698
13	699
13	700
13	702
13	703
13	705
13	706
13	713
13	719
13	716
13	723
13	726
13	725
13	729
13	732
13	731
13	739
13	741
13	750
13	748
13	753
13	755
13	754
13	756
13	759
13	760
13	767
13	764
13	770
13	771
13	773
13	775
13	774
13	778
13	782
13	784
13	783
13	785
13	786
13	788
13	789
13	792
13	793
13	795
13	796
13	797
13	798
13	804
13	803
13	805
13	806
13	807
13	808
13	810
13	811
13	815
13	817
13	818
13	820
13	822
13	824
13	835
13	862
13	872
13	880
13	884
13	886
13	887
13	888
13	899
13	900
13	924
13	916
13	956
13	975
13	980
13	1003
13	1014
13	1001
13	1021
13	996
13	1030
13	986
13	1062
13	1063
13	1064
13	1066
13	1069
13	1117
13	1118
13	1120
13	1122
13	1123
13	1124
13	1125
13	1128
13	1160
13	1159
13	1158
13	1163
13	1166
13	1167
13	1168
13	1170
13	1171
13	1175
13	1178
13	1180
13	1179
13	1182
13	1183
13	1184
13	1185
13	1188
13	1190
13	1191
13	1195
13	1196
13	1198
13	1202
13	1209
13	1211
13	1225
13	1231
13	1246
13	1249
13	1251
13	1252
13	1254
13	1263
13	1264
13	1267
13	1269
13	1270
13	1274
13	1278
13	1279
13	1280
13	1284
13	1282
13	1289
13	1296
13	1298
13	1301
13	1304
13	1305
13	1308
13	1307
13	1309
13	1315
13	1313
13	1312
13	1326
13	1329
13	1338
13	1439
13	1438
13	1445
13	1446
13	1447
13	1449
13	1448
13	1444
13	1451
13	1459
13	1458
13	1457
13	1456
13	1475
13	1477
13	1482
13	1485
13	1492
13	1495
13	1496
13	1501
13	1504
13	1506
13	1509
13	1510
13	1519
13	1515
13	1525
13	1526
13	1529
13	1530
13	1538
13	1539
13	1546
13	1555
13	1557
13	1559
13	1564
13	1577
13	1579
13	1581
13	1586
13	1593
13	1595
13	1610
13	1611
13	1615
13	1617
13	1619
13	1623
13	1628
13	1631
13	1632
13	1633
13	1645
13	1656
13	1659
13	1662
13	1665
13	1671
13	1674
13	1676
13	1682
13	1684
13	1688
13	1690
13	1701
13	1704
13	1708
13	1711
13	1729
13	1731
13	1744
13	1746
13	1747
13	1750
13	1752
13	1753
13	1754
13	1757
13	1758
13	1759
13	1761
13	1762
13	1767
13	1764
13	1766
13	1772
13	1778
13	1782
13	1784
13	1798
13	1800
13	1801
13	1802
13	1807
13	1811
13	1814
13	1819
13	1903
13	1906
13	1907
13	1916
13	1915
13	1921
13	1940
13	1953
13	1957
13	1965
13	1968
13	1970
13	1973
13	1974
13	1978
13	1979
13	1980
13	1983
13	1985
13	1987
13	1986
13	1990
13	1992
13	1994
13	1995
13	1998
13	1997
13	2004
13	2005
13	2008
13	2364
13	2380
13	2381
13	2392
13	2396
13	2397
13	2432
13	2444
13	2452
13	2468
13	2472
13	2475
13	2476
13	2488
13	2491
13	2514
13	2519
13	2524
13	2525
13	2526
13	2527
13	2529
13	2530
13	2541
13	2540
13	2544
13	2543
13	2546
13	2550
13	2561
13	2563
13	2590
13	2627
13	2653
13	2657
13	2659
13	2662
13	2666
13	2677
13	2685
13	2690
13	2692
13	2708
13	2714
13	2715
13	2716
13	2717
13	2725
13	2736
13	2737
13	2738
13	2742
13	2764
13	2765
13	2773
13	2921
13	2935
13	2937
13	2979
13	2992
13	3014
13	3015
13	3020
13	3022
13	3023
13	3028
13	3043
13	3060
13	3061
13	3063
13	3070
13	3080
13	3086
13	3089
13	3090
13	3092
13	3093
13	3113
13	3115
13	3139
13	3140
13	3144
13	3145
13	3155
13	3156
13	3175
13	3187
13	3188
13	3196
13	3199
13	3201
13	3203
13	3207
13	3213
13	3215
13	3220
13	3223
13	3225
13	3227
13	3233
13	3234
13	3235
13	3238
13	3239
13	3241
13	3244
13	3245
13	3252
13	3253
13	3260
13	3261
13	3262
13	3264
13	3265
13	3266
13	3267
13	3269
13	3270
13	3272
13	3271
13	3275
13	3276
13	3277
13	3283
13	3285
13	3286
13	3290
13	3292
13	3296
13	3299
13	3300
13	3302
13	3305
13	3306
13	3355
13	3418
13	3426
13	3428
13	3431
13	3437
13	3440
13	3443
13	3448
13	3454
13	3453
13	3455
13	3456
13	3457
13	3458
13	3460
13	3459
13	3463
13	3465
13	3466
13	3471
13	3472
13	3488
13	3490
13	3493
13	3495
13	3497
13	3501
13	3515
13	3517
13	3522
13	3531
13	3532
13	3534
13	3539
13	3542
13	3548
13	3550
13	3563
13	3596
13	3597
13	3610
13	3628
13	3631
13	3634
13	3637
13	3641
13	3648
13	3646
13	3649
13	3650
13	3656
13	3661
13	3662
13	3666
13	3669
13	3678
13	3677
13	3682
13	3685
13	3687
13	3689
13	3701
13	3710
13	3711
13	3712
13	3727
13	3729
13	3743
13	3746
13	3757
13	3759
13	3763
13	3766
13	3768
13	3771
13	3778
13	3779
13	3781
13	3782
13	3783
13	3784
13	3785
13	3788
13	3801
13	3804
13	3809
13	3816
13	3815
13	3818
13	3819
13	3821
13	3823
13	3824
13	3834
13	3832
13	3835
13	3836
13	3838
13	3840
13	3842
13	3845
13	3851
13	3859
13	3862
13	3864
13	3866
13	3869
13	3868
13	3870
13	3872
13	3876
13	3877
13	3878
13	3881
13	3882
13	3896
13	3897
13	3899
13	3890
13	3902
13	3910
13	3919
13	3921
13	3923
13	3922
13	3940
13	3944
13	3952
13	3956
13	3966
13	3968
13	3970
13	3973
13	3978
13	3980
13	3984
13	3991
13	3993
13	3990
13	3996
13	3999
13	4008
13	4009
13	4012
13	4013
13	4016
13	4019
13	4021
13	4022
13	4023
13	4024
13	4025
13	4026
13	4027
13	4029
13	4037
13	4039
13	4041
13	4044
13	4046
13	4047
13	4056
13	4058
13	4067
13	4066
13	4069
13	4070
13	4071
13	4085
13	4087
13	4089
13	4091
13	1791
13	4097
13	4110
13	4120
13	4122
13	4131
13	4132
13	4137
13	4138
13	4139
13	4140
13	4142
13	4144
13	4145
13	4147
13	4149
13	4150
13	4151
13	4152
13	4154
13	4155
13	4156
13	4157
13	4158
13	4159
13	4160
13	4162
13	4163
13	4164
13	4165
13	4166
13	4171
13	4172
13	4173
13	4175
13	4185
13	4189
13	4190
13	4196
13	4198
13	4201
13	4203
13	4207
13	4212
13	4211
13	4218
13	4225
13	4227
13	4254
13	4255
13	4258
14	3
15	3
16	2
16	101
16	4177
17	16
17	17
17	115
17	132
17	150
17	159
17	1634
17	2179
17	2340
17	2349
17	2357
17	2358
17	2360
17	2376
17	2513
17	2510
17	2778
17	2780
17	2781
17	2807
17	2873
17	3134
17	3206
17	3425
17	3536
17	3544
18	1
18	173
18	183
19	1
19	173
19	178
19	4200
19	4201
20	19
20	132
20	270
20	284
20	2376
20	2674
20	2877
20	2910
20	2986
20	3134
20	3447
20	3491
20	3726
21	20
21	2117
21	3448
21	3529
21	3540
21	3553
21	3678
21	3688
21	3769
22	20
22	284
22	1150
22	1156
22	2223
22	2228
22	2231
22	2235
22	2240
22	2244
22	2245
22	2248
22	2255
22	2263
22	2267
22	2272
23	20
23	58
23	57
23	410
23	469
23	2386
23	2390
23	2694
23	3121
23	3529
23	3869
23	4255
24	20
24	39
24	42
24	17
24	70
24	105
24	159
24	188
24	201
24	204
24	219
24	227
24	240
24	272
24	273
24	284
24	299
24	305
24	306
24	341
24	379
24	480
24	538
24	556
24	557
24	571
24	590
24	642
24	650
24	659
24	667
24	714
24	716
24	722
24	725
24	738
24	764
24	770
24	771
24	772
24	808
24	839
24	869
24	876
24	1061
24	1141
24	1144
24	1152
24	1150
24	1156
24	1174
24	1228
24	1314
24	1326
24	1415
24	1430
24	1435
24	1475
24	1560
24	1613
24	1637
24	1641
24	1690
24	1711
24	1764
24	1772
24	1806
24	1807
24	1888
24	1916
24	1937
24	1955
24	1977
24	1986
24	1995
24	2011
24	2018
24	2042
24	2053
24	2058
24	2059
24	2113
24	2114
24	2118
24	2123
24	2125
24	2136
24	2140
24	2165
24	2168
24	2176
24	2182
24	2210
24	2223
24	2228
24	2231
24	2235
24	2240
24	2245
24	2246
24	2244
24	2248
24	2255
24	2256
24	2263
24	2267
24	2272
24	2306
24	2328
24	2348
24	2349
24	2356
24	2359
24	2376
24	2392
24	2416
24	2457
24	2484
24	2540
24	2561
24	2624
24	2627
24	2653
24	2547
24	2685
24	2696
24	2751
24	2785
24	2784
24	2808
24	2883
24	2884
24	2919
24	2926
24	2969
24	2973
24	2976
24	3004
24	3016
24	3025
24	3026
24	3038
24	3114
24	3135
24	3154
24	3222
24	3233
24	3417
24	3419
24	3427
24	3449
24	3484
24	3485
24	3486
24	3527
24	3606
24	3617
24	3625
24	3642
24	3651
24	3654
24	3655
24	3656
24	3677
24	3760
24	27
24	3852
24	3867
24	3951
24	3957
24	3969
24	4033
24	4041
24	4051
24	4065
24	4085
24	4089
24	1335
24	4175
24	4210
24	4236
24	4237
24	4238
24	4239
24	4240
24	4241
24	4242
24	4243
24	4244
24	4245
24	4246
24	4247
24	4249
24	4250
25	20
25	25
25	19
25	55
25	96
25	184
26	25
26	39
26	72
26	142
26	380
26	1520
26	1634
26	2310
26	2345
26	2361
26	2362
26	2546
26	2550
26	2693
26	2709
26	2780
26	2815
26	3232
26	3280
26	3361
26	3536
26	3790
27	25
27	39
28	20
29	20
29	29
29	2376
29	2802
29	2804
29	2875
29	3449
29	3527
29	3675
30	29
30	20
30	1
30	41
30	84
30	186
30	190
30	244
30	254
30	354
30	357
30	374
30	376
30	377
30	399
30	402
30	408
30	409
30	416
30	429
30	448
30	451
30	452
30	454
30	458
30	457
30	550
30	558
30	587
30	650
30	652
30	677
30	689
30	696
30	711
30	713
30	716
30	761
30	764
30	787
30	794
30	808
30	814
30	819
30	921
30	924
30	952
30	916
30	962
30	1014
30	1158
30	1174
30	1172
30	1188
30	1310
30	1427
30	1702
30	1926
30	1947
30	2035
30	2064
30	2107
30	2202
30	2213
30	2214
30	2215
30	2235
30	2344
30	2468
30	2469
30	2663
30	2714
30	2715
30	2716
30	2717
30	2769
30	2857
30	2940
30	2996
30	3020
30	3040
30	3055
30	3076
30	3080
30	3084
30	3086
30	3094
30	3095
30	3114
30	3132
30	3134
30	3144
30	3143
30	3159
30	3160
30	3162
30	3163
30	3210
30	3224
30	3313
30	3320
30	3468
30	3467
30	3473
30	3607
30	3613
30	3632
30	3663
30	3664
30	3745
30	3747
30	3803
30	3815
30	3836
30	3838
30	3846
30	3857
30	3862
30	3863
30	3878
30	3957
30	3986
30	3999
30	4002
30	4003
30	4006
30	4007
30	4026
30	4031
30	4032
30	4036
30	4056
30	4053
30	4067
30	4066
30	4069
30	4070
31	20
32	31
32	20
32	1
32	50
32	87
32	84
32	82
32	105
32	102
32	111
32	136
32	171
32	188
32	189
32	190
32	198
32	201
32	204
32	240
32	248
32	365
32	370
32	385
32	393
32	394
32	397
32	399
32	408
32	409
32	423
32	426
32	434
32	435
32	437
32	444
32	449
32	448
32	451
32	450
32	452
32	454
32	458
32	465
32	481
32	499
32	529
32	530
32	545
32	587
32	619
32	626
32	634
32	650
32	659
32	665
32	667
32	668
32	730
32	745
32	749
32	757
32	764
32	773
32	808
32	813
32	819
32	843
32	864
32	866
32	863
32	867
32	868
32	869
32	873
32	888
32	924
32	1157
32	1162
32	1163
32	1166
32	1174
32	1173
32	1172
32	1178
32	1179
32	1180
32	1181
32	1182
32	1183
32	1184
32	1187
32	1188
32	1202
32	1211
32	1216
32	1218
32	1225
32	1248
32	1252
32	1253
32	1259
32	1260
32	1261
32	1262
32	1276
32	1280
32	1284
32	1289
32	1306
32	1307
32	1308
32	1309
32	1311
32	1310
32	1312
32	1325
32	1326
32	1429
32	1439
32	1513
32	1541
32	1547
32	1546
32	1586
32	1628
32	1630
32	1647
32	1663
32	1666
32	1664
32	1676
32	1691
32	1690
32	1698
32	1744
32	1753
32	1758
32	1764
32	1772
32	1784
32	1787
32	1798
32	1800
32	1813
32	1885
32	1887
32	1895
32	1903
32	1902
32	1900
32	1907
32	1904
32	1923
32	1926
32	1929
32	1932
32	1937
32	1938
32	1945
32	1948
32	1959
32	1986
32	1987
32	2016
32	2035
32	942
32	2085
32	2101
32	2104
32	2110
32	2118
32	2116
32	2162
32	2235
32	2275
32	2286
32	2290
32	2293
32	2307
32	2320
32	2334
32	2337
32	2360
32	2444
32	2461
32	2481
32	2513
32	2509
32	2520
32	2548
32	2566
32	2603
32	2624
32	2653
32	2663
32	2712
32	2716
32	2718
32	2751
32	2750
32	2784
32	2786
32	2813
32	2815
32	2844
32	2859
32	2870
32	2873
32	2988
32	2989
32	3002
32	3015
32	3022
32	3040
32	3072
32	3075
32	3083
32	3112
32	3119
32	3122
32	3141
32	3155
32	3156
32	3167
32	3179
32	3442
32	3443
32	3447
32	3451
32	3453
32	3454
32	3455
32	3456
32	3457
32	3458
32	3459
32	3460
32	3462
32	3463
32	3464
32	3465
32	3466
32	3467
32	3468
32	3470
32	3471
32	3472
32	3473
32	3549
32	3607
32	3617
32	3621
32	3627
32	3628
32	3632
32	3635
32	3638
32	3640
32	3642
32	3645
32	3649
32	3661
32	3663
32	3662
32	3665
32	3664
32	3666
32	3669
32	3671
32	3675
32	3680
32	3683
32	3684
32	3692
32	3699
32	3745
32	3755
32	3770
32	3772
32	3813
32	3824
32	3828
32	3832
32	3840
32	3845
32	3851
32	3861
32	3863
32	3877
32	3878
32	3882
32	3884
32	3886
32	3898
32	3905
32	3906
32	3910
32	3924
32	3926
32	3986
32	3989
32	3996
32	4003
32	4007
32	4020
32	4026
32	4031
32	4032
32	4043
32	4045
32	4053
32	4056
32	4058
32	4069
32	4095
32	4107
32	4115
32	4201
32	4257
33	20
33	2856
33	2877
33	2878
33	3515
33	3714
33	3715
33	3716
33	3718
33	3720
33	3721
33	3722
33	3724
33	3725
33	3726
33	3727
33	3728
34	20
34	2823
34	2835
34	3043
35	1
35	55
35	62
35	64
35	183
35	4190
35	4216
36	35
36	689
36	748
36	1201
36	1649
36	2910
36	2980
36	3134
36	3615
36	4187
37	36
37	120
37	247
37	257
37	764
37	1651
37	1652
37	1654
37	1653
37	1650
37	1657
37	2510
37	2913
37	2973
37	2974
37	2979
37	2980
37	2992
37	2993
37	2994
37	3804
37	4268
38	1
38	177
38	178
38	183
38	4201
39	38
39	39
39	98
39	2674
40	1
40	183
40	4177
40	4186
41	40
41	3040
41	3747
41	4032
42	5
43	42
44	10
45	8
45	1207
45	1222
45	1266
46	14
46	685
46	697
46	2106
46	2651
46	3133
46	4076
47	181
47	182
48	47
49	48
49	3110
49	3111
49	3114
49	3112
49	3121
49	3673
49	3675
49	3690
49	3967
50	49
50	51
51	49
51	3673
51	3678
52	51
52	107
52	347
52	427
52	438
52	507
52	538
52	1545
52	2168
52	2391
52	2549
52	2851
52	2984
52	3087
52	3529
52	3886
52	3888
52	3969
52	355
52	3758
53	49
53	781
53	866
53	868
53	891
53	893
53	956
53	1116
53	1143
53	1523
53	1552
53	1558
53	1592
53	1620
53	1624
53	1885
53	1889
53	1902
53	1899
53	1906
53	1907
53	1908
53	1904
53	1913
53	1922
53	1954
53	1969
53	1968
53	2000
53	2001
53	2002
53	2066
53	2071
53	2092
53	2116
53	2122
53	2124
53	2163
53	2169
53	2196
53	2207
53	2213
53	2320
53	2328
53	2334
53	2336
53	2337
53	2391
53	2389
53	2509
53	2652
53	2800
53	2826
53	2834
53	2844
53	2846
53	2849
53	2848
53	2852
53	2856
53	2855
53	2862
53	2876
53	2893
53	2925
53	2999
53	3024
53	3041
53	3082
53	3137
53	3145
53	3438
53	3495
53	3508
53	3516
53	3519
53	3544
53	3562
53	3575
53	3593
53	3595
53	3602
53	3603
53	3722
53	3743
53	3749
53	3938
53	4006
53	4017
53	4153
54	53
54	451
54	900
54	1150
54	1156
54	1308
54	2196
54	2213
54	2214
54	2215
54	2223
54	2228
54	2231
54	2235
54	2240
54	2244
54	2245
54	2248
54	2255
54	2267
54	2272
54	3443
54	3460
54	3468
54	3663
55	172
55	185
56	183
57	56
57	132
57	1513
57	2384
57	2495
57	2793
57	2800
57	2813
57	2820
57	2821
57	2877
57	2879
57	3096
57	3098
57	3128
57	3215
57	3491
58	57
58	134
58	1514
58	1543
58	2391
58	3068
58	3504
59	57
59	2487
59	2546
59	2550
59	2694
59	4251
59	4255
59	4256
60	62
60	4215
61	60
61	176
61	205
61	206
61	207
61	208
61	209
61	210
61	211
61	212
61	214
61	215
61	216
61	228
61	229
61	239
61	381
61	492
61	649
61	873
61	881
61	1216
61	1414
61	1413
61	1415
61	1416
61	1435
61	1542
61	1593
61	1633
61	1634
61	1676
61	1679
61	1765
61	1767
61	1798
61	1799
61	1806
61	1807
61	1810
61	1817
61	1903
61	1940
61	1966
61	2014
61	942
61	2142
61	2361
61	2653
61	2694
61	2709
61	2837
61	3134
61	3795
61	3796
61	3799
61	3804
61	4003
61	4010
61	4107
61	4135
61	4158
62	63
62	664
62	813
64	63
66	4177
66	4226
67	66
67	67
67	2310
67	2312
67	2358
67	2360
67	4171
68	67
68	68
68	74
68	150
68	1035
68	1037
68	1038
68	1048
68	1050
68	1051
68	1271
68	2133
68	2348
68	2349
68	2355
68	2357
68	2358
69	68
69	591
69	2363
70	69
70	588
70	593
71	70
71	191
71	192
71	242
71	245
71	247
71	252
71	255
71	257
71	305
71	306
71	561
71	570
71	652
71	660
71	661
71	666
71	684
71	704
71	714
71	730
71	751
71	756
71	757
71	760
71	763
71	771
71	772
71	776
71	778
71	780
71	804
71	810
71	873
71	906
71	921
71	950
71	963
71	969
71	1121
71	1129
71	1326
71	1337
71	1397
71	1405
71	1510
71	1523
71	1567
71	1566
71	1565
71	1569
71	1572
71	1574
71	1575
71	1576
71	1581
71	1586
71	1590
71	1611
71	1619
71	1623
71	1628
71	1632
71	1634
71	1749
71	1764
71	1772
71	1799
71	1800
71	1805
71	1895
71	1897
71	1906
71	1913
71	1915
71	1926
71	1945
71	1947
71	1951
71	1967
71	1975
71	1980
71	2015
71	2017
71	2018
71	2068
71	2067
71	2142
71	2143
71	2145
71	2146
71	2148
71	2150
71	2155
71	2161
71	2168
71	2177
71	2290
71	2301
71	2345
71	2362
71	2368
71	2392
71	2403
71	2406
71	2408
71	2444
71	2457
71	2495
71	2509
71	2514
71	2515
71	2516
71	2519
71	2524
71	2525
71	2526
71	2527
71	2529
71	2530
71	2531
71	2533
71	2540
71	2545
71	2565
71	2564
71	2577
71	2578
71	2587
71	2605
71	2606
71	2610
71	2627
71	2640
71	2641
71	2645
71	2649
71	2650
71	2653
71	2659
71	2678
71	2685
71	2688
71	2694
71	2698
71	2751
71	2780
71	2913
71	2930
71	2933
71	3020
71	3037
71	3040
71	3114
71	3145
71	3435
71	3448
71	3486
71	3536
71	3609
71	3798
71	3815
71	3818
71	3824
71	3839
71	3840
71	3846
71	3851
71	3853
71	3858
71	3859
71	3863
71	3886
71	3894
71	3898
71	3902
71	3906
71	3918
71	3946
71	3982
71	3986
71	3995
71	4003
71	4007
71	4013
71	4023
71	4051
71	4056
71	4058
71	4068
71	4069
71	4086
71	4120
71	4121
71	4122
71	4123
71	4124
71	4133
71	4202
72	67
72	2346
73	66
73	84
73	217
73	227
73	240
73	304
73	422
73	701
73	866
73	867
73	869
73	885
73	1268
73	1297
73	1328
73	1397
73	1405
73	1447
73	1764
73	1772
73	1912
73	1917
73	1932
73	1937
73	1967
73	1969
73	2000
73	2328
73	2356
73	2452
73	2474
73	2603
73	2547
73	2808
73	2886
73	2887
73	3025
73	3026
73	3029
73	3053
73	3055
73	3092
73	3108
73	3153
73	3203
73	3427
73	3432
73	3448
73	3606
73	3613
73	3905
73	4051
73	4058
73	4109
73	4112
73	4125
74	4177
75	74
75	203
75	227
75	238
75	297
75	342
75	742
75	1228
75	1398
75	1397
75	1476
75	1635
75	1754
75	1772
75	1786
75	1794
75	1798
75	1973
75	1979
75	1981
75	1983
75	1991
75	1994
75	2004
75	2011
75	2902
75	2910
75	2990
75	3141
75	3615
75	3627
75	3628
75	3635
75	3778
75	3779
75	3780
75	3781
75	3782
75	3783
75	3784
75	3785
75	3786
75	3787
75	3788
75	4136
75	4143
75	4148
75	4161
75	4178
75	4187
75	4214
76	75
77	75
78	75
78	1398
78	1806
78	2024
79	75
79	1398
79	1807
79	2025
80	75
80	80
80	21
80	824
80	839
80	838
80	1228
80	1313
80	1398
80	1405
80	1442
80	1764
80	1986
80	2204
80	2376
80	2517
80	2709
80	2884
80	3678
80	3700
80	3767
80	3769
80	3790
80	4131
81	75
81	1398
81	2513
81	2510
81	2748
81	2749
81	2751
81	2753
81	2913
81	3936
81	4043
82	21
82	82
82	2120
82	2173
82	2174
82	2175
82	2179
82	2349
82	2357
83	82
83	83
83	805
83	1185
83	1691
83	1690
83	1764
83	2028
83	3190
84	83
84	1165
85	84
85	1159
86	85
86	83
86	1159
87	84
87	190
87	1158
87	1162
87	1163
87	1166
87	1167
87	1173
87	1178
87	1179
87	1180
87	1181
87	1182
87	1183
87	1184
87	1186
87	1195
87	1197
88	84
88	1200
89	84
89	1158
89	1163
89	1165
89	1173
89	1178
89	1179
89	1180
89	1181
89	1182
89	1183
89	1184
89	1197
89	1200
90	84
91	90
91	1165
91	1172
92	28
93	92
93	2862
93	2863
93	2864
94	93
94	2858
94	3030
95	34
96	173
97	178
97	179
98	177
99	98
99	1214
99	1250
99	1257
99	1645
99	2305
99	3039
99	3140
99	3141
99	3615
99	3622
99	3628
99	3635
100	99
100	363
100	367
100	370
100	423
100	424
100	426
100	427
100	428
100	429
100	430
100	431
100	433
100	434
100	435
100	436
100	437
100	438
100	439
100	440
100	441
100	442
100	443
100	461
100	1293
100	1527
100	1543
100	2067
100	942
100	2168
100	2169
100	2276
100	2283
100	3007
100	3078
100	3832
100	3861
100	3862
100	3878
100	3884
100	3896
100	3903
100	3904
100	3905
100	3980
100	3985
100	3996
100	4036
100	4095
100	4096
100	4098
100	1544
103	102
103	3144
103	3153
103	3159
103	3167
103	3179
104	102
105	104
105	3157
105	3158
105	3161
105	3164
105	3165
105	3166
105	3169
105	3170
105	3172
105	3176
105	3180
105	3183
105	3184
105	3187
105	3188
106	105
106	3204
107	105
107	107
107	1516
107	2793
107	2795
107	2833
107	2838
107	2846
107	3095
107	3189
107	3385
107	3602
109	108
111	110
111	112
111	3972
111	3973
112	111
113	112
113	281
113	1510
113	2399
113	2772
113	2776
113	2783
113	2866
113	2865
113	2870
113	2872
113	2877
113	2890
113	2889
113	2898
113	3102
113	3108
113	3123
113	3686
113	4267
114	112
114	440
114	468
114	470
114	475
114	2865
114	2874
114	2875
114	2877
114	2898
114	2899
114	2900
114	2901
114	3123
114	3447
114	3672
114	3676
114	3678
114	3693
114	3702
115	111
115	1541
115	3034
115	3125
115	3425
115	3603
116	115
116	3000
116	3425
117	115
117	110
117	3971
117	3973
118	115
118	641
118	781
118	789
118	825
118	830
118	832
118	831
118	834
118	837
118	840
118	843
118	869
118	875
118	883
118	885
118	998
118	1016
118	1018
118	1024
118	1302
118	1323
118	1441
118	1549
118	1894
118	1897
118	1952
118	1960
118	1958
118	1970
118	1976
118	2089
118	2205
118	2304
118	2328
118	2358
118	2360
118	2509
118	2743
118	2969
118	2973
118	2974
118	2976
118	2981
118	3044
118	3425
118	3435
118	3437
118	3544
118	3741
118	4192
119	115
119	354
119	357
119	1035
119	1037
119	1038
119	1048
119	1050
119	1051
119	1433
119	2273
119	2328
119	2421
119	2561
119	2888
119	2891
119	3011
119	3135
119	3436
119	3547
119	3731
120	115
120	132
120	249
120	709
120	716
120	725
120	730
120	738
120	764
120	781
120	813
120	995
120	1013
120	1017
120	1023
120	2088
120	2204
120	2328
120	2358
120	2360
120	2513
120	2510
120	2925
120	2978
120	2980
120	3425
120	3436
120	3526
120	3717
120	4170
121	120
121	132
121	134
121	243
121	253
121	362
121	367
121	370
121	383
121	397
121	412
121	428
121	430
121	441
121	461
121	560
121	751
121	1543
121	942
121	2116
121	2168
121	2510
121	2918
121	3007
121	3035
121	3078
121	3077
121	3128
121	3495
121	3524
121	3628
121	3635
121	3814
121	3837
121	3844
121	3846
121	3850
121	3857
121	3860
121	3866
121	3878
121	3888
121	3964
121	3985
121	3990
121	3993
121	4003
121	4004
121	4005
121	4023
121	4028
121	4027
121	4029
121	4036
121	4056
121	355
121	360
124	123
124	1551
124	3106
124	3107
124	3983
126	125
126	131
126	130
126	1521
126	2494
126	2495
126	3104
126	3105
126	3127
126	3126
126	3130
126	3134
126	3974
126	3976
128	127
128	2396
128	2397
128	2407
128	2408
128	2657
128	2782
128	2783
128	2786
128	2787
128	2788
128	2789
128	2790
128	2791
128	2792
128	2794
128	2795
128	2796
128	2797
128	2798
128	2799
128	2802
128	2803
128	2805
128	2806
128	2807
128	2809
128	2810
128	2811
128	2814
128	2815
128	2898
128	2901
128	2991
128	3440
128	3938
129	128
129	2772
129	2865
129	2872
129	2873
129	2895
129	2897
131	130
131	1523
131	3105
131	3976
132	131
132	2495
132	3127
133	132
133	3206
134	132
134	3128
134	3134
135	132
135	1540
135	2699
135	2990
135	2991
135	2998
135	3001
135	3003
135	3005
135	3006
135	3008
135	3009
135	3030
135	3042
135	3045
135	3049
135	3050
135	3054
135	3055
135	3059
135	3063
135	3066
135	3075
135	3082
135	3084
135	3094
135	3095
135	3096
135	3544
135	3613
135	3628
135	3635
135	3976
137	136
137	141
137	3595
137	3935
139	138
139	145
139	3551
139	3575
139	3576
139	3578
139	3592
140	139
140	3581
140	3584
140	3589
140	3593
140	3594
141	140
141	1567
141	1632
142	141
142	142
142	3584
144	143
145	144
145	3599
147	146
147	2204
147	2205
147	2206
147	2208
148	147
148	712
148	965
148	1022
148	1274
148	2043
148	2045
148	2050
148	2051
148	2063
148	2073
148	2074
148	2076
148	2077
148	2081
148	2084
148	2085
148	2092
148	2177
148	2186
148	2197
148	2201
148	2202
148	2203
148	2277
148	2282
148	2320
148	2335
148	3988
148	4177
150	149
151	150
151	1322
151	1754
151	1798
152	150
152	159
152	1322
152	1326
152	1679
152	1750
152	1754
152	1764
152	1767
152	1763
152	1798
152	1799
152	2082
152	2176
154	153
154	1275
154	2078
154	2080
154	2083
154	2086
154	2352
154	2353
154	2354
154	2356
156	155
156	1274
156	2052
156	2079
156	2081
156	2085
156	2087
156	2342
156	2351
156	2355
157	155
157	763
157	797
157	800
157	2026
157	2028
157	2029
157	2030
157	2052
157	2064
157	2082
157	2084
157	2085
157	2087
157	2153
157	2154
157	2156
157	2157
157	2158
157	2159
157	2160
157	2161
157	2179
157	2292
157	2293
157	2349
157	2357
157	3448
159	158
160	159
160	1326
160	1330
160	1765
160	1799
160	2176
161	159
161	165
161	2289
161	2339
163	162
163	2359
165	164
165	2023
165	2189
165	2315
165	2317
165	2330
170	171
175	174
175	352
175	585
175	1469
175	2327
175	3000
175	3742
175	3762
175	3776
175	3854
185	4232
187	186
187	190
187	385
187	397
187	407
187	1014
187	1022
187	996
187	1325
188	189
195	194
195	237
195	324
195	350
195	352
195	476
195	536
195	587
195	595
195	647
195	753
195	1176
195	1752
195	2507
195	2711
195	2938
195	3017
195	3101
195	3658
195	3753
195	3829
195	3880
194	198
197	196
202	201
202	240
202	1397
203	202
203	1786
213	212
213	2348
213	3274
213	3279
213	3307
219	226
219	227
220	219
220	486
220	489
220	499
222	221
222	1505
222	1784
222	1801
222	1813
222	1815
222	1816
223	222
225	224
231	230
231	337
231	689
231	742
231	1350
231	1351
231	1405
231	1411
231	1473
231	1474
231	1481
231	1491
231	1492
231	1531
231	1772
231	1800
231	1805
231	1810
231	1815
231	2904
231	3780
231	3787
231	4136
231	4143
231	4146
231	4148
231	4161
232	231
232	238
232	300
232	323
232	343
232	742
232	1338
232	1339
232	1394
232	1405
232	1429
232	1461
232	1463
232	1473
232	1484
232	1494
232	1492
232	1764
232	1763
232	1772
232	1805
232	1810
232	1815
232	1970
232	2540
232	2904
232	3780
232	3786
232	3787
232	4136
232	4143
232	4146
232	4148
232	4161
232	4166
233	232
233	1460
233	1472
233	1474
233	1500
233	1810
233	1815
234	233
234	643
236	235
236	1662
236	1758
236	1764
236	1817
236	2029
236	2307
236	3293
236	3310
236	3633
236	3755
236	3772
236	3773
236	3925
239	238
239	240
239	4089
239	4092
238	4092
240	4088
241	240
241	448
241	563
241	1310
241	1317
241	1756
241	3453
241	3463
241	3471
241	3664
243	242
243	247
243	245
243	1567
243	1586
244	245
246	245
246	1581
247	245
248	247
248	257
249	248
249	691
249	709
249	2970
249	2976
249	2977
249	3525
249	4055
250	249
250	690
250	751
250	2918
250	2925
250	2978
250	3814
250	3837
250	3846
250	3850
250	3857
250	3860
250	3866
250	3888
250	3964
250	3990
250	3993
250	4003
250	4004
250	4005
250	4023
250	4028
250	4027
250	4029
250	4056
251	248
251	1582
251	1620
251	1622
251	2939
251	2940
251	2978
253	252
253	255
253	1615
253	1628
253	1632
254	255
256	255
256	1626
257	255
259	258
261	260
261	1838
261	1839
261	1840
261	1841
261	1842
261	1843
261	1844
261	1845
261	1846
261	1847
261	1848
261	1849
261	1850
261	1851
261	1852
261	1853
261	1854
261	1855
261	1856
261	1857
261	1858
261	1859
261	1860
261	1861
261	1862
261	1863
261	1864
261	1865
261	1866
261	1867
261	1868
261	1869
261	1870
261	1871
261	1872
261	1873
261	1874
261	1875
261	1876
261	1877
261	1878
261	1879
261	1880
261	1881
261	1882
261	1883
262	261
262	1906
264	263
264	265
264	266
264	268
264	269
264	270
264	271
264	272
263	267
265	267
266	267
268	267
269	267
270	267
271	267
272	267
273	275
273	277
273	279
273	281
273	282
274	273
274	1256
274	2470
274	2785
276	275
276	2867
276	3482
276	3649
276	3702
276	3729
276	3732
278	277
278	2504
278	2503
278	2777
278	2865
278	2868
278	2867
278	2870
278	2872
278	3217
278	3644
280	279
283	282
283	2801
283	3548
283	3552
283	3553
283	3688
284	287
284	291
284	293
285	284
286	284
288	287
288	291
288	293
289	287
289	291
289	293
290	287
290	291
290	293
292	291
294	293
296	295
296	298
296	304
296	308
296	307
296	313
296	316
296	317
296	318
296	319
296	320
296	321
296	339
296	1532
296	1561
296	1562
296	1602
296	1608
296	2367
296	2368
296	2370
296	2371
296	2372
296	2671
296	2673
296	2675
296	2905
296	2906
296	2907
296	3808
295	298
295	304
295	308
295	309
295	310
295	312
295	314
295	317
295	318
295	319
295	320
295	1532
295	1561
295	1562
295	1563
295	1601
295	1602
295	1603
295	1604
295	1605
295	1606
295	1607
295	1608
295	1609
295	1611
295	2367
295	2368
295	2370
295	2371
295	2372
295	2671
295	2673
295	2675
295	2905
295	2906
295	2907
295	3807
295	3808
298	297
298	299
298	339
299	297
301	300
303	302
305	304
305	305
305	1405
305	2015
305	2171
305	2678
306	305
306	306
306	2019
308	307
308	311
308	313
308	315
308	321
308	1530
311	316
323	322
323	325
323	326
323	327
323	328
323	329
323	330
323	331
323	332
323	333
323	334
323	335
323	336
323	338
323	2365
323	2366
323	2369
323	2373
323	2903
324	323
324	627
324	636
324	639
324	649
324	816
324	889
324	1320
324	1324
324	1426
324	1636
324	1648
324	1818
324	1820
324	1821
324	1822
324	1823
324	1824
324	1825
324	1826
324	1834
324	1835
324	1931
324	1963
324	1985
324	2280
324	2727
324	2729
324	2731
324	2732
324	2734
324	2735
324	2736
324	2739
324	2740
324	2742
324	2743
324	2744
324	2746
324	2747
324	2754
324	2755
324	2756
324	2757
324	2758
324	2759
324	2760
324	2761
324	2762
324	2767
324	2768
324	2770
324	2771
324	2983
324	3766
324	3768
324	3777
324	3789
324	3792
324	3793
324	3812
324	4173
341	341
343	343
345	345
347	347
348	347
348	2132
348	2191
348	2193
348	3800
348	3982
348	3984
348	4028
348	4101
349	347
349	363
349	362
349	367
349	426
349	427
349	428
349	432
349	434
349	435
349	437
349	439
349	440
349	441
349	443
349	551
349	1813
349	1899
349	2001
349	2002
349	3049
349	3055
349	3059
349	3062
349	3078
349	3084
349	3094
349	3095
349	3096
349	3141
349	3884
349	3896
349	3904
349	3905
349	3977
349	3985
349	4036
349	4096
349	4098
349	4101
351	350
351	352
353	352
353	367
353	370
353	553
353	751
353	2322
353	3000
353	3799
355	354
355	357
355	3428
357	356
357	365
357	370
358	356
358	365
358	370
359	356
359	406
359	407
359	769
359	2273
359	2282
359	3616
359	3989
359	4177
360	356
360	2206
360	2208
361	356
361	365
361	370
363	362
362	3055
364	363
364	367
364	418
364	423
364	424
364	431
364	433
364	439
364	442
364	571
364	921
364	924
364	916
364	1139
364	1253
364	1259
364	942
364	3957
364	4095
364	4096
364	1791
364	4108
365	362
365	368
366	365
366	370
368	367
369	367
369	4089
371	370
371	626
371	1451
371	1929
370	3079
372	370
373	370
373	3080
375	374
375	376
375	377
378	377
379	379
380	381
380	2089
380	4007
383	382
383	397
383	412
383	1003
383	1001
383	1021
383	2119
383	2121
383	2186
383	3008
382	397
382	412
384	383
384	1255
384	1644
384	1651
384	1652
384	1654
384	1653
384	1650
384	2273
384	2282
386	385
386	397
386	409
386	448
386	537
386	1178
386	1179
386	1180
386	1181
386	1182
386	1183
386	1184
386	1306
386	1310
386	1787
386	2094
386	2101
386	2126
386	2293
386	3453
386	3454
386	3458
386	3463
386	3466
386	3471
386	3661
386	3664
386	3770
386	3926
388	387
388	393
389	388
389	387
389	391
389	402
389	403
389	409
389	444
389	1178
389	1179
389	1180
389	1181
389	1182
389	1183
389	1184
389	1274
389	1306
389	1787
389	2081
389	2085
389	2349
389	2357
389	3454
389	3458
389	3466
389	3661
390	388
390	394
390	402
390	403
392	391
395	394
397	396
397	397
397	456
397	465
397	470
397	2116
397	2188
397	2281
397	2316
397	2320
397	2322
397	2335
397	2424
397	2444
397	2461
397	2670
397	2705
397	2706
397	3523
397	3553
397	3617
397	3640
397	3642
397	3644
397	3647
397	3650
397	3681
397	3686
397	3688
397	3697
398	396
400	399
400	408
400	939
400	952
400	1185
400	1274
400	2081
400	2085
400	2283
400	2300
400	2349
400	2357
400	2720
400	3020
400	3613
400	4134
399	402
399	403
401	399
401	408
401	531
401	802
401	1888
401	1903
401	1937
401	1940
401	1950
401	2235
401	3920
401	3989
401	4030
405	404
405	4115
409	463
409	2293
410	2549
410	2694
412	411
414	413
415	413
415	1228
415	2293
415	2477
415	3168
417	416
417	2670
417	4259
419	418
419	420
419	422
419	1393
419	1396
419	1411
419	1412
419	1433
419	1473
419	1474
419	1499
419	1500
419	1524
419	1525
419	1526
419	1529
419	1538
419	1539
419	3431
419	3547
419	4097
419	4109
419	4252
419	4254
419	4260
421	420
421	785
421	1802
421	2191
421	2486
421	3743
421	3972
421	3984
425	424
425	942
425	4058
433	432
433	2170
433	2283
433	3006
433	3861
433	4066
439	457
439	1251
439	1260
439	2064
439	3613
439	3627
439	3903
445	444
444	448
444	450
447	446
447	456
447	462
447	467
447	468
447	3446
446	450
449	448
449	450
448	450
451	450
451	451
451	452
453	452
453	1165
453	1307
453	3025
453	3456
453	3459
453	3467
453	3662
453	4091
455	454
455	1309
455	3457
455	3465
455	3473
455	3669
457	462
458	457
458	458
458	463
458	2064
458	2293
458	3613
459	458
460	458
461	457
461	463
461	2064
461	2168
461	2291
461	2293
463	3613
464	463
466	465
469	468
469	471
469	474
469	475
469	480
472	471
474	473
474	477
474	478
474	482
476	481
477	477
479	478
479	3192
479	4026
485	484
485	486
485	489
485	499
485	500
487	486
487	1770
488	486
488	1770
490	489
490	492
490	500
490	641
490	2016
490	2028
490	2035
490	2162
490	2173
490	2174
490	4010
493	492
493	4262
494	492
494	2486
494	2913
495	492
495	496
495	498
497	496
497	498
502	501
502	2921
504	503
506	505
506	508
506	509
506	510
506	511
506	513
506	514
506	515
506	516
506	522
507	506
507	517
512	511
512	513
512	3934
519	518
520	518
521	2927
521	2936
523	523
523	526
523	3134
524	523
525	523
526	3134
527	526
528	526
534	533
534	3926
536	540
539	538
539	3969
543	542
542	3018
542	3061
542	3896
544	542
546	545
546	548
547	545
549	548
550	584
550	2187
550	3987
550	4198
552	551
554	553
554	751
554	821
554	1202
554	4047
554	4124
559	558
560	559
560	561
560	562
560	563
560	564
560	566
560	567
560	568
560	2088
560	2089
560	2116
560	2119
560	2121
560	2669
560	3008
560	4032
560	355
565	564
572	571
571	2165
573	571
575	574
576	575
576	579
578	577
578	580
583	582
583	4010
585	586
589	588
589	626
589	3114
589	3121
589	3122
589	3143
589	3193
592	591
591	2297
594	593
594	802
595	596
599	598
599	601
599	602
599	604
599	841
599	1965
599	3771
600	599
600	598
600	601
600	602
600	873
600	2125
600	3438
600	4019
604	603
604	604
604	608
604	609
604	616
604	618
604	621
604	629
604	631
604	3422
603	612
603	613
603	614
603	615
603	617
603	619
603	620
603	622
603	623
603	624
603	625
605	604
606	604
607	604
607	649
607	841
607	1393
607	1396
607	1453
607	2653
607	3604
608	610
612	611
626	632
626	634
629	628
629	630
633	632
633	2246
633	3898
633	4239
633	4241
633	4243
633	4245
633	4249
638	637
638	1414
638	1413
638	1416
638	1764
638	1789
638	1915
638	1969
638	1967
637	637
642	641
642	645
642	646
641	1398
644	643
643	1338
643	1788
648	644
649	1509
650	650
650	700
651	650
653	652
655	654
654	656
654	657
659	658
658	739
662	659
665	664
665	672
670	669
670	671
670	734
670	1683
670	1694
670	1698
672	672
673	672
673	752
674	672
674	746
675	672
677	676
678	677
678	689
678	699
679	678
679	686
679	694
679	696
679	698
680	679
680	700
680	755
681	680
681	688
681	762
681	810
682	681
682	693
682	695
682	702
682	704
682	707
682	708
682	759
682	778
682	804
683	681
683	715
683	716
683	725
683	724
683	2040
683	2041
683	2301
683	2913
683	3491
683	4036
683	4058
685	684
687	686
688	704
690	689
690	748
690	3936
691	690
691	2978
692	690
692	1201
692	1649
692	1657
692	2978
692	2992
692	3804
710	709
710	2653
710	2935
710	4058
712	711
712	713
712	2124
712	2132
712	2187
712	2202
712	2207
712	2209
714	728
717	716
716	730
716	764
718	716
718	719
718	728
719	716
719	764
720	719
722	721
722	723
721	721
724	764
725	724
725	764
726	725
727	725
728	764
729	728
732	731
733	731
733	739
733	2349
733	2357
736	735
736	737
736	741
736	746
738	737
740	739
744	743
745	752
747	746
749	748
749	750
749	3807
749	3853
749	4033
749	4209
749	4213
750	749
751	749
752	812
752	820
755	754
755	761
754	782
758	757
758	760
761	760
761	792
761	793
761	794
762	761
762	763
762	785
762	797
763	761
763	773
763	791
765	764
765	4053
766	764
766	808
767	764
768	767
773	775
775	774
777	776
777	778
777	780
779	778
782	784
784	783
785	787
785	795
787	786
787	788
791	790
799	798
801	800
804	803
804	805
804	806
804	807
809	808
815	814
815	819
816	815
816	1585
816	2680
816	3699
816	4094
819	818
821	820
821	1270
821	1593
821	1633
821	1634
821	2709
821	4087
824	823
824	862
824	1280
824	1535
824	1959
824	2509
824	2925
824	3432
824	3435
824	3436
824	3748
823	830
823	832
823	837
825	824
825	880
826	824
826	842
826	862
826	1445
826	1962
826	1970
826	1976
826	2005
826	2763
826	2982
826	3432
827	824
827	875
827	880
827	1447
828	827
828	1446
828	1793
828	3744
829	824
829	835
829	1279
832	831
832	833
832	834
832	840
837	836
837	838
836	1397
839	838
839	2514
839	3433
842	2006
844	843
844	1794
843	876
845	846
845	847
845	848
845	849
850	851
850	853
850	854
850	855
851	852
851	845
856	857
856	858
856	859
856	850
859	860
859	861
864	863
865	864
865	866
865	868
866	864
866	866
870	869
869	869
871	869
871	2717
871	2718
871	4107
874	873
875	2508
878	877
878	2008
878	2516
878	3881
879	878
879	2008
879	2515
880	1952
880	2764
880	3434
880	3441
880	4125
882	881
882	2751
886	885
886	1837
891	890
891	898
893	892
893	894
893	895
893	896
898	1907
898	2488
900	1276
900	1303
900	1914
900	1932
900	1988
900	2001
900	2002
900	2194
900	2215
900	2726
900	2844
900	2860
900	3083
902	901
902	904
902	908
902	911
902	912
902	913
902	957
902	958
902	959
902	960
902	961
903	902
903	906
903	969
903	970
906	905
906	907
906	909
906	910
915	914
915	925
915	933
915	935
915	936
916	915
916	918
918	917
918	930
918	931
918	932
918	934
918	937
920	919
921	920
921	927
923	922
924	923
924	929
927	926
929	928
938	921
938	924
938	950
938	916
938	956
939	921
939	952
939	940
940	921
940	916
940	964
940	968
941	921
941	924
941	916
941	1068
941	1141
941	1142
942	921
942	916
943	921
943	916
943	1542
944	921
944	916
944	2653
944	2750
945	921
945	916
946	924
946	1274
946	2052
946	2064
946	2081
946	2087
946	2179
946	2191
946	2355
947	924
948	924
949	924
950	953
950	954
950	955
951	950
952	916
952	962
965	940
966	965
966	2074
967	940
967	1225
967	3613
970	971
970	972
970	973
975	974
975	977
975	978
975	981
975	982
975	983
976	975
976	980
976	1030
976	986
980	979
985	984
985	987
985	990
985	991
985	993
986	985
986	989
986	1029
986	1031
986	1032
986	1033
986	1034
989	988
989	992
995	994
995	1010
996	995
996	998
996	1023
996	1024
998	997
998	1008
998	1009
998	1011
1000	999
1001	1000
1001	1007
1001	1019
1001	1020
1003	1002
1004	1003
1004	1014
1004	1001
1004	1021
1004	1022
1004	996
1004	1025
1005	1003
1005	1001
1005	1021
1005	2101
1005	2102
1005	2119
1005	2121
1005	2186
1005	2322
1005	3008
1007	1006
1013	1012
1014	1013
1014	1016
1014	1017
1014	1018
1016	1015
1022	1027
1022	1028
1026	1025
1036	1035
1036	1037
1036	1038
1035	1040
1035	1045
1035	1046
1037	1039
1037	1044
1038	1041
1038	1042
1038	1043
1038	1047
1049	1048
1049	1050
1049	1051
1048	1053
1048	1058
1048	1059
1050	1054
1050	1055
1050	1056
1050	1060
1051	1052
1051	1057
1065	1064
1065	1082
1065	1119
1065	1121
1065	1123
1065	1126
1065	1127
1065	1130
1067	1066
1067	1074
1067	1075
1067	1076
1067	1077
1068	1067
1068	1070
1068	1083
1068	1084
1070	1069
1070	1078
1070	1079
1070	1080
1072	1071
1072	1073
1081	1068
1081	1085
1081	1094
1081	1106
1081	1107
1081	1112
1081	1113
1081	1115
1081	1117
1081	1118
1081	1120
1081	1122
1081	1125
1081	1128
1081	1129
1085	1086
1085	1087
1085	1089
1085	1091
1089	1088
1089	1092
1091	1090
1091	1093
1094	1095
1094	1096
1094	1098
1094	1103
1098	1097
1098	1099
1098	1100
1098	1101
1103	1102
1103	1104
1103	1105
1106	1108
1106	1110
1107	1109
1107	1111
1115	1114
1115	1116
1132	1131
1133	1131
1134	1131
1136	1135
1138	1137
1140	1139
1140	1141
1140	1142
1140	1143
1139	1148
1139	1149
1139	1155
1143	1142
1144	1143
1144	1150
1144	1156
1144	2282
1144	2286
1145	1144
1145	2256
1146	1144
1146	1150
1146	1156
1146	2228
1146	2231
1146	2235
1146	2240
1146	2245
1146	2244
1146	2248
1146	2256
1146	2267
1146	2272
1147	1144
1147	1150
1147	1156
1147	2223
1147	2228
1147	2231
1147	2235
1147	2240
1147	2245
1147	2244
1147	2248
1147	2255
1147	2256
1147	2263
1147	2267
1147	2272
1150	1149
1150	2282
1151	1150
1151	1156
1151	2223
1151	2228
1151	2231
1151	2235
1151	2240
1151	2244
1151	2245
1151	2248
1151	2255
1151	2263
1151	2267
1151	2272
1152	1150
1153	1152
1153	2246
1153	4236
1153	4237
1153	4238
1153	4239
1153	4240
1153	4241
1153	4242
1153	4243
1153	4244
1153	4245
1153	4246
1153	4249
1153	4250
1154	1152
1154	4236
1154	4237
1154	4238
1154	4240
1154	4242
1154	4244
1154	4246
1154	4247
1154	4250
1156	1155
1156	2282
1159	1158
1159	1690
1159	1764
1159	2104
1159	2173
1158	1165
1158	1188
1160	1159
1161	1158
1161	1885
1161	1913
1161	1916
1161	1912
1161	1937
1161	1945
1161	2002
1162	1178
1162	1180
1162	1181
1162	1182
1162	1183
1162	1184
1163	1162
1163	1165
1163	1179
1164	1163
1164	1178
1164	1179
1164	1180
1164	1181
1164	1182
1164	1183
1164	1184
1165	1163
1167	1173
1169	1168
1169	1169
1169	1170
1171	1174
1171	1195
1173	1172
1174	1173
1176	1175
1178	1177
1180	1179
1187	1186
1190	1189
1190	1191
1191	1192
1191	1193
1191	1194
1197	1196
1199	1198
1202	1201
1202	1209
1202	1220
1202	1225
1201	1205
1201	1263
1201	1264
1201	1265
1203	1202
1203	2515
1203	2516
1204	1202
1204	1225
1204	1248
1206	1205
1206	1209
1206	1220
1206	1265
1208	1207
1208	1266
1209	1208
1209	1222
1211	1210
1211	1231
1211	1267
1212	1211
1214	1213
1214	1247
1215	1214
1215	1216
1217	1216
1217	1225
1217	1248
1217	2686
1218	1216
1218	1219
1218	1233
1220	1222
1220	1223
1220	1230
1221	1220
1221	1223
1221	1230
1221	1659
1221	2301
1221	2349
1221	2357
1221	3015
1221	3020
1221	3536
1221	4171
1224	1223
1224	1263
1225	1224
1225	1230
1225	1248
1225	1264
1226	1225
1226	2686
1227	1224
1227	2603
1228	1224
1228	1262
1229	1224
1229	1262
1233	1232
1233	1235
1233	1236
1233	1237
1233	1244
1233	1245
1235	1234
1235	1238
1235	1239
1235	1240
1235	1241
1235	1242
1235	1243
1247	1246
1247	1249
1247	1251
1246	1252
1248	1247
1248	1252
1248	1254
1249	1256
1249	1258
1250	1249
1250	1258
1250	3627
1250	3628
1251	1260
1251	1261
1254	1253
1254	1259
1253	1256
1253	1261
1255	1254
1255	1644
1255	2674
1255	3020
1255	3134
1257	1256
1257	3627
1259	1258
1259	1260
1273	1272
1273	1554
1273	1580
1273	1614
1273	1618
1273	2167
1273	2483
1273	3738
1273	3795
1273	3798
1273	4042
1277	1276
1277	1288
1277	1290
1277	1297
1280	1281
1280	3428
1283	1282
1283	1286
1283	1287
1282	1286
1282	1287
1284	1282
1284	1299
1284	1300
1284	1302
1285	1284
1285	1288
1285	1305
1289	1288
1289	1290
1289	1289
1289	1298
1291	1289
1291	1301
1291	1304
1291	4099
1291	4106
1291	4108
1291	4110
1292	1291
1292	1479
1292	1487
1292	1497
1292	1508
1292	1797
1292	2001
1292	2002
1292	1785
1292	4108
1292	4264
1293	1292
1293	1932
1293	1488
1294	1289
1295	1289
1297	1296
1303	1302
1304	1303
1304	1795
1304	1796
1304	1803
1304	1808
1304	1816
1304	1791
1304	4107
1306	1310
1306	1312
1308	1307
1308	1308
1308	1312
1311	1310
1311	1312
1310	1312
1313	1312
1314	1313
1315	1313
1316	1313
1316	1317
1316	1318
1316	1319
1316	1323
1322	1321
1324	1332
1325	1326
1326	1327
1326	1328
1326	1329
1326	1330
1330	1331
1334	1333
1334	1402
1333	1414
1333	1416
1335	1333
1335	1924
1335	1926
1335	1917
1335	1947
1335	1949
1335	1955
1335	1958
1335	1975
1337	1336
1337	1344
1337	1349
1337	1364
1337	1372
1337	1388
1338	1337
1338	1779
1338	1800
1338	1801
1338	1805
1339	1337
1339	1341
1339	1345
1339	1350
1339	1365
1339	1373
1339	1389
1340	1337
1340	1336
1340	1344
1340	1343
1340	1342
1340	1349
1340	1348
1340	1355
1340	1354
1340	1358
1340	1360
1340	1362
1340	1364
1340	1366
1340	1368
1340	1370
1340	1372
1340	1374
1340	1377
1340	1376
1340	1380
1340	1382
1340	1384
1340	1386
1340	1388
1340	1417
1340	1419
1340	1421
1340	1423
1340	1788
1340	1805
1341	1336
1343	1342
1343	1355
1343	1358
1343	1370
1343	1382
1343	1386
1343	1417
1344	1343
1344	1352
1344	1360
1344	1366
1345	1344
1345	1346
1345	1353
1345	1367
1346	1343
1346	1347
1346	1356
1346	1359
1346	1371
1346	1383
1346	1387
1346	1418
1347	1342
1349	1348
1349	1362
1349	1368
1349	1377
1350	1349
1350	1351
1350	1363
1350	1369
1350	1378
1351	1348
1352	1374
1352	1423
1353	1352
1353	1361
1353	1375
1353	1424
1355	1354
1355	1380
1355	1384
1356	1355
1356	1357
1356	1381
1356	1385
1357	1354
1359	1358
1361	1360
1363	1362
1365	1364
1367	1366
1369	1368
1371	1370
1373	1372
1375	1374
1377	1376
1377	1419
1377	1421
1378	1377
1378	1379
1378	1420
1378	1422
1379	1376
1381	1380
1383	1382
1385	1384
1387	1386
1389	1388
1391	1390
1390	1397
1392	1391
1392	1775
1392	1776
1392	1777
1392	1793
1395	1394
1398	1397
1398	1399
1398	1786
1398	1793
1398	1815
1398	4126
1399	1398
1400	1397
1400	2087
1400	2687
1401	1397
1402	1397
1402	1402
1403	1402
1403	1409
1403	1789
1404	1402
1404	1959
1404	1962
1404	1971
1404	1976
1404	1982
1404	1984
1404	2005
1404	2011
1405	1402
1405	1405
1406	1405
1406	1428
1407	1405
1408	1402
1408	1794
1409	1408
1410	1402
1410	1957
1410	1962
1410	1970
1410	1973
1410	1976
1410	1979
1410	1981
1410	1983
1410	1991
1410	1994
1410	2004
1410	4266
1414	1413
1414	1415
1418	1417
1420	1419
1422	1421
1424	1423
1426	1425
1426	1427
1426	1434
1429	1429
1432	1431
1432	2391
1432	2404
1432	2425
1435	1435
1437	1436
1439	1438
1439	1443
1439	1459
1439	1475
1439	1504
1440	1439
1440	1441
1440	1442
1440	1453
1440	1460
1440	1498
1440	1505
1441	1438
1442	1438
1442	1443
1442	1476
1444	1443
1444	1470
1444	1480
1449	1448
1449	1521
1449	1523
1450	1444
1452	1451
1452	1613
1454	1453
1455	1453
1457	1456
1457	1466
1457	1501
1458	1457
1458	1480
1458	1482
1458	1492
1459	1458
1459	1470
1460	1459
1460	1461
1460	1471
1461	1458
1461	1462
1461	1481
1461	1483
1461	1493
1462	1457
1462	1464
1462	1467
1462	1502
1463	1462
1463	1465
1463	1468
1463	1503
1463	1779
1464	1456
1465	1464
1465	1778
1467	1466
1468	1467
1468	1782
1471	1470
1472	1471
1472	1788
1476	1475
1476	1477
1478	1477
1478	1485
1478	1489
1478	1490
1478	1491
1478	1495
1478	1506
1478	2125
1478	3136
1478	4261
1478	4263
1478	4270
1479	1477
1479	1784
1479	1795
1479	1813
1481	1480
1483	1482
1484	1483
1484	1801
1487	1486
1487	1803
1488	1486
1488	1507
1488	1914
1488	1956
1488	4102
1493	1492
1494	1493
1494	1492
1494	1527
1494	1804
1494	1805
1497	1496
1497	1808
1499	1498
1499	1810
1502	1501
1503	1502
1503	1811
1503	1813
1505	1504
1508	1507
1508	1790
1508	1792
1508	1816
1511	1510
1512	1511
1512	2828
1513	1512
1513	2385
1513	2819
1513	2820
1513	2821
1514	1513
1514	1542
1514	1647
1514	2849
1514	3128
1514	3595
1514	3602
1516	1515
1516	3232
1516	3233
1516	3235
1516	3250
1516	3272
1516	3280
1516	3285
1516	3293
1516	3295
1517	1516
1517	3208
1517	3212
1517	3213
1517	3214
1517	3215
1518	1517
1518	3145
1518	3204
1518	3205
1518	3218
1519	1518
1519	1647
1519	2405
1519	2478
1519	2498
1519	2503
1519	2809
1519	3208
1519	3214
1519	3218
1519	3233
1519	3236
1519	3418
1519	3421
1519	3715
1519	3716
1519	3720
1520	1517
1521	1521
1522	1521
1528	1527
1528	1764
1528	3615
1528	3614
1528	4093
1531	1530
1531	1532
1534	1533
1534	1537
1535	1534
1536	1535
1536	1540
1536	1552
1536	1557
1536	1560
1541	1540
1541	1548
1541	2699
1541	3031
1541	3049
1541	3051
1541	3059
1541	3062
1541	3064
1541	3075
1541	3081
1541	3082
1541	3977
1542	1541
1542	3033
1542	3036
1542	3039
1542	3607
1542	3613
1542	3632
1543	1542
1543	1548
1543	1547
1543	1549
1543	3031
1543	3033
1543	3036
1543	3044
1543	3049
1543	3051
1543	3067
1543	3077
1543	3079
1543	3081
1543	3084
1543	3094
1543	3095
1543	3129
1543	3134
1544	1540
1544	3082
1544	4101
1545	1540
1545	1549
1545	1550
1545	2824
1545	2852
1545	3044
1545	3737
1545	3739
1547	1546
1547	2402
1547	3065
1547	3070
1547	3083
1547	3097
1547	3098
1547	3099
1547	3100
1547	3596
1547	3603
1548	1547
1548	1549
1548	3042
1548	3044
1548	3048
1548	3054
1548	3055
1548	3066
1548	3067
1548	3076
1553	1552
1556	1555
1556	1559
1566	1565
1566	1574
1566	1575
1566	1576
1567	1566
1567	1569
1567	1572
1569	1568
1569	1573
1571	1570
1572	1571
1582	1581
1584	1583
1584	1627
1584	1640
1585	1584
1585	1630
1585	1639
1585	2985
1585	3022
1585	3210
1585	3626
1587	1586
1588	1586
1588	1595
1588	1596
1588	1597
1588	1626
1589	1586
1589	1628
1591	1590
1592	1590
1594	1593
1598	1597
1600	1599
1600	1798
1613	1612
1616	1615
1620	1619
1621	1620
1622	1619
1622	1623
1625	1624
1625	3197
1630	1629
1639	1638
1639	2996
1639	3791
1642	1641
1642	2990
1643	1642
1643	3134
1643	3141
1643	3635
1645	1644
1645	3142
1646	1644
1650	1649
1650	1656
1650	1659
1651	1650
1652	1650
1653	1650
1654	1653
1655	1649
1657	1659
1658	1657
1658	2749
1658	2913
1660	1659
1660	3015
1660	3020
1663	1662
1663	1665
1663	1664
1663	1688
1663	1690
1663	1691
1663	1701
1663	1704
1663	1705
1663	1708
1663	1754
1663	1758
1663	1759
1662	1664
1662	1704
1662	1705
1665	1664
1665	1684
1666	1665
1666	1688
1666	1690
1666	1708
1667	1666
1667	1673
1667	1677
1667	1707
1667	1726
1667	1744
1668	1667
1668	1672
1668	1708
1669	1664
1670	1664
1672	1671
1672	1676
1672	1681
1672	1701
1673	1671
1673	1681
1675	1674
1675	1690
1675	1761
1677	1676
1677	1701
1678	1677
1679	1753
1679	2084
1680	1679
1686	1685
1685	1690
1687	1685
1687	1698
1688	1708
1690	1689
1690	1698
1691	1690
1692	1690
1692	1708
1692	1709
1692	1745
1692	1746
1693	1690
1693	1694
1693	1753
1693	1755
1693	1756
1693	1757
1693	1758
1693	2084
1693	4265
1694	1690
1695	1694
1695	4265
1696	1694
1696	1753
1696	2084
1696	4265
1697	1689
1698	1751
1699	1698
1699	3638
1701	1700
1701	1744
1703	1702
1707	1706
1707	1726
1707	1741
1706	1743
1706	1746
1708	1707
1708	1711
1708	1730
1708	1742
1708	1744
1709	1707
1709	1744
1710	1706
1710	1758
1710	3638
1711	1729
1711	1731
1712	1713
1712	1719
1712	1720
1713	1714
1713	1715
1713	1716
1713	1717
1713	1718
1721	1713
1721	1722
1721	1723
1721	1724
1721	1720
1725	1713
1726	1728
1727	1726
1727	1745
1732	1733
1733	1734
1734	1735
1734	1736
1734	1737
1734	1738
1739	1733
1741	1740
1745	1744
1748	1747
1748	1751
1747	1758
1747	2085
1750	1749
1751	1750
1753	1754
1760	1759
1764	1763
1764	1769
1765	1764
1766	1764
1767	1764
1768	1764
1771	1770
1773	1772
1774	1772
1774	2683
1774	3621
1779	1778
1779	1782
1779	1811
1780	1779
1781	1779
1781	1783
1781	1811
1781	1812
1785	1784
1785	1804
1785	1813
1785	2001
1785	2002
1785	4101
1785	4102
1787	1798
1791	1790
1791	1792
1797	1796
1810	1809
1814	1815
1828	1827
1828	1836
1828	1837
1830	1829
1832	1831
1832	1833
1879	1884
1886	1885
1886	1889
1886	1890
1886	1928
1886	1944
1886	1946
1885	1897
1888	1950
1891	1890
1891	1897
1891	1913
1891	1946
1890	1967
1892	1890
1892	1915
1892	1932
1892	1967
1892	1975
1893	1892
1893	1898
1894	1892
1894	1898
1894	1959
1894	1962
1894	1970
1894	1988
1895	1890
1895	1897
1895	1903
1895	1923
1895	1937
1895	1944
1895	1946
1895	1948
1895	1988
1896	1895
1896	1906
1896	1908
1898	1897
1898	1926
1898	1947
1898	1946
1898	1958
1900	1899
1900	1905
1900	1914
1901	1900
1901	1901
1901	1902
1901	1913
1902	1900
1902	1913
1902	1922
1903	1902
1903	1903
1903	1929
1905	1904
1905	1956
1904	1932
1906	1905
1907	1905
1907	1904
1907	1938
1908	1905
1908	1914
1908	1913
1908	1912
1908	1922
1908	1933
1909	1904
1909	1912
1910	1904
1910	1911
1911	1904
1911	1912
1911	1913
1911	1932
1912	1904
1913	1912
1913	1928
1913	1932
1914	1913
1915	1913
1915	1967
1915	1975
1916	1915
1916	1974
1916	1976
1917	1916
1918	1916
1918	1924
1918	1926
1918	1947
1918	1968
1918	1974
1918	2002
1919	1915
1920	1915
1921	1912
1925	1925
1927	1926
1927	1947
1927	1958
1931	1930
1931	2010
1935	1934
1935	1936
1935	1939
1935	1995
1941	1940
1941	1950
1942	1941
1942	1943
1943	1940
1943	1950
1943	1951
1945	1947
1946	1945
1946	1951
1947	1946
1950	1950
1955	1967
1955	1975
1959	1958
1959	1975
1959	2003
1958	1967
1958	1996
1960	1959
1960	1958
1960	1975
1961	1960
1961	1967
1961	1968
1961	1969
1961	1975
1961	2003
1961	2005
1961	2009
1964	1964
1964	1977
1964	1978
1967	1980
1967	1993
1968	1967
1968	2003
1969	1968
1969	2005
1971	1970
1970	1974
1970	1980
1970	1992
1972	1974
1973	1973
1974	1982
1974	1984
1974	1990
1974	1995
1987	1986
1989	1988
1998	1997
1998	1999
1998	2000
2000	1999
2000	2001
2000	2002
2006	2007
2011	2011
2013	2012
2015	2015
2016	2015
2017	2015
2017	2017
2018	2017
2018	2019
2018	2142
2021	2020
2021	4120
2021	4121
2021	4122
2021	4123
2022	2020
2022	2143
2022	2145
2022	2147
2022	2149
2022	2150
2023	2318
2023	2319
2027	2026
2027	2028
2027	2029
2027	2030
2027	2033
2027	2153
2029	2084
2032	2031
2035	2034
2036	2035
2036	2040
2036	2041
2036	2042
2036	2053
2036	2057
2037	2035
2038	2035
2038	3207
2039	2034
2043	2045
2043	2051
2044	2043
2044	2050
2044	2071
2044	942
2044	2101
2044	2104
2044	2115
2044	2120
2044	2166
2044	2179
2044	2180
2044	2181
2044	2184
2044	2192
2044	2201
2044	2277
2044	2276
2044	2282
2044	2284
2044	2320
2044	2322
2044	2335
2044	3008
2044	3761
2044	3763
2046	2047
2048	2049
2054	2053
2054	2057
2054	2058
2054	2060
2054	2105
2056	2055
2056	2059
2056	2113
2056	2114
2060	2163
2060	2349
2060	3614
2061	2054
2061	2178
2062	2054
2062	2178
2064	2063
2064	3007
2063	2067
2063	2069
2063	2071
2065	2063
2067	2066
2067	2068
2071	2070
2071	2072
2074	2073
2074	2076
2074	2077
2075	942
2090	2089
2093	2092
2095	2094
2095	2103
2095	2106
2094	2097
2094	2098
2096	2094
2096	2100
2096	2314
2096	2315
2098	2099
2100	2103
2102	2103
2103	2104
2104	2106
2104	2335
2105	2104
2105	2105
2105	2115
2105	2119
2105	2121
2105	2308
2105	2335
2108	2107
2107	2109
2107	2110
2107	2111
2107	2112
2116	3512
2117	2116
2117	3523
2117	3621
2117	3631
2117	3644
2117	3647
2117	3681
2117	3686
2117	3697
2118	2117
2118	3755
2118	3764
2120	2119
2120	2121
2123	2122
2123	2124
2123	4177
2122	2124
2125	2125
2127	2126
2127	2128
2129	2128
2129	3773
2130	2128
2132	2131
2135	2134
2137	2136
2139	2138
2141	2140
2144	2143
2147	2146
2147	2148
2151	2150
2151	4247
2152	2150
2152	2723
2152	4123
2155	2154
2155	2157
2155	2159
2155	2160
2163	2162
2164	2163
2164	2179
2164	2349
2164	2357
2166	2165
2166	2180
2166	2182
2168	2169
2170	2169
2170	2276
2184	2183
2186	2185
2190	2189
2190	2287
2190	2311
2190	2312
2190	2339
2195	2194
2195	2201
2196	2194
2196	2214
2196	2391
2196	2403
2196	2853
2198	2047
2199	2200
2201	2276
2203	2202
2210	2211
2212	2211
2217	2216
2217	2220
2217	2224
2217	2226
2217	2233
2217	2236
2217	2238
2217	2242
2217	2250
2217	2252
2217	2257
2217	2259
2217	2268
2217	2270
2219	2218
2219	2225
2219	2229
2219	2232
2219	2237
2219	2241
2219	2251
2219	2258
2219	2261
2219	2265
2219	2269
2222	2221
2222	2227
2222	2230
2222	2234
2222	2239
2222	2243
2222	2247
2222	2249
2222	2253
2222	2254
2222	2260
2222	2262
2222	2266
2222	2271
2223	2286
2231	2273
2231	2283
2245	2244
2246	2244
2256	2276
2256	2282
2263	2286
2264	2263
2274	2273
2274	2276
2274	2282
2274	2283
2277	2276
2278	2277
2278	2281
2280	2279
2280	2343
2280	2344
2285	2284
2285	3198
2288	2287
2291	2290
2294	2293
2294	2295
2298	2297
2298	2299
2298	2304
2298	2305
2302	2301
2302	2306
2302	2298
2303	2301
2309	2308
2311	2310
2311	2314
2311	2323
2313	2312
2313	2359
2322	2321
2322	2329
2323	2324
2323	2325
2323	2326
2330	2331
2330	2332
2330	2333
2335	2336
2335	2338
2336	2337
2347	2346
2350	2349
2350	2357
2367	2372
2368	2367
2375	2374
2375	2394
2375	2408
2376	2374
2376	2384
2376	2394
2376	2395
2376	2400
2376	2402
2376	2408
2376	2495
2377	2376
2378	2377
2378	2495
2378	2510
2378	2509
2378	2538
2378	2589
2378	2653
2378	2701
2378	4187
2379	2374
2379	2380
2379	2381
2383	2382
2383	2568
2383	2571
2383	2650
2382	2382
2385	2384
2384	2402
2386	2384
2386	2415
2386	2453
2386	2455
2386	2561
2386	2627
2387	2386
2387	2411
2387	2412
2388	2384
2388	2561
2390	2389
2390	2403
2391	2389
2393	2392
2393	2544
2393	2566
2393	2652
2393	2701
2392	2394
2394	2656
2395	2394
2395	2537
2395	2587
2399	2398
2399	2705
2399	2706
2399	2781
2399	2817
2399	2874
2399	2875
2399	2884
2399	2886
2399	2887
2399	2899
2399	2900
2401	2400
2400	2534
2400	2585
2405	2569
2405	2570
2410	2409
2410	2418
2410	2419
2410	2420
2410	2427
2410	2432
2410	2436
2409	2437
2409	2486
2411	2410
2411	2415
2412	2410
2412	2419
2412	2420
2412	2427
2412	2436
2413	2409
2413	2466
2413	2468
2413	2701
2414	2413
2415	2414
2415	2453
2415	2455
2416	2413
2416	2466
2417	2416
2417	2454
2417	2457
2417	2468
2417	2485
2417	2489
2417	2490
2419	2430
2419	2431
2420	2428
2420	2429
2420	2433
2420	2435
2422	2421
2423	2422
2423	2424
2423	2426
2425	2454
2425	2467
2425	2468
2427	2434
2439	2438
2439	2441
2439	2442
2439	2443
2439	2446
2440	2439
2440	2538
2440	2589
2445	2444
2445	2461
2445	2462
2445	2463
2445	2464
2445	2470
2444	2447
2444	2448
2444	2449
2444	2450
2444	2451
2453	2452
2453	2458
2453	2465
2453	2466
2453	2467
2453	2468
2453	2469
2454	2452
2454	2459
2454	2460
2455	2454
2455	2473
2456	2454
2457	2452
2462	2474
2471	2470
2471	2472
2477	2561
2479	2478
2479	2503
2478	2568
2478	2569
2478	2570
2478	2571
2480	2479
2480	2505
2480	2506
2482	2481
2482	2515
2487	2486
2487	2490
2488	2486
2488	2488
2488	2492
2488	2809
2488	2862
2488	2999
2488	3029
2488	3041
2488	3059
2488	3065
2488	3205
2488	3204
2488	3715
2488	3716
2493	2492
2497	2496
2497	2499
2497	2503
2496	2498
2496	2500
2496	2501
2496	2502
2504	2503
2504	3681
2505	2503
2506	2503
2509	2510
2510	2509
2511	2510
2511	2913
2511	2973
2511	3990
2512	2511
2512	2968
2512	2974
2513	2512
2513	2975
2515	2514
2515	2522
2515	4187
2518	2517
2518	2534
2518	2535
2518	2537
2518	2560
2518	2562
2518	2564
2520	2519
2520	2524
2520	2525
2520	2526
2520	2527
2520	2529
2520	2530
2520	2531
2520	2533
2521	2520
2521	2573
2522	2521
2522	2538
2522	2540
2522	2541
2522	2566
2522	2589
2522	2653
2523	2521
2523	2538
2523	2589
2528	2527
2528	2545
2528	2577
2528	2578
2532	2531
2532	2545
2532	2581
2536	2535
2536	2538
2536	2583
2536	2589
2536	2625
2538	2551
2538	2552
2538	2553
2538	2554
2538	2555
2538	2556
2538	2557
2538	2558
2538	2559
2539	2538
2539	2589
2539	2654
2539	2700
2540	2538
2540	2589
2541	2540
2542	2538
2542	2562
2542	2589
2542	2661
2543	2538
2543	2563
2543	2589
2543	2627
2544	2543
2544	2589
2545	2538
2545	2589
2545	4187
2546	2545
2547	2546
2547	2550
2548	2545
2548	2683
2549	2545
2550	2545
2550	4200
2561	2560
2561	2659
2565	2564
2565	2614
2565	2649
2566	2565
2566	2603
2567	2566
2567	2653
2567	2700
2573	2572
2573	2575
2573	2576
2573	2577
2573	2578
2573	2579
2573	2580
2573	2581
2573	2582
2573	2616
2572	2615
2574	2573
2576	2617
2577	2618
2578	2619
2579	2620
2580	2621
2581	2622
2582	2623
2585	2584
2585	2626
2587	2586
2587	2627
2589	2588
2589	2595
2589	2628
2589	2695
2588	2591
2588	2592
2588	2593
2588	2596
2588	2597
2588	2598
2588	2599
2588	2600
2590	2589
2590	2601
2590	2627
2590	2638
2595	2594
2595	2632
2603	2602
2603	2639
2602	2605
2602	2606
2602	2607
2602	2608
2602	2609
2602	2610
2602	2611
2602	2612
2602	2613
2604	2603
2628	2629
2628	2630
2628	2631
2628	2633
2628	2634
2628	2635
2628	2636
2628	2637
2639	2640
2639	2641
2639	2642
2639	2643
2639	2644
2639	2645
2639	2646
2639	2647
2639	2648
2654	2653
2655	2653
2659	2658
2661	2660
2665	2664
2665	3528
2665	3939
2666	2665
2667	2666
2668	2665
2668	3528
2669	2665
2669	3447
2669	3528
2669	3539
2669	3540
2669	3542
2680	2679
2680	2681
2680	2682
2680	2689
2684	2683
2686	2699
2690	2691
2693	2694
2696	2697
2697	2698
2703	2702
2704	2702
2712	2714
2712	2715
2712	2717
2713	2712
2713	2716
2713	2718
2714	2714
2720	2719
2720	2721
2720	2723
2722	2721
2724	2723
2727	2726
2727	2733
2727	2741
2726	2728
2726	2745
2726	2765
2726	2769
2731	2730
2736	2737
2736	2738
2746	2766
2751	2750
2752	2751
2752	4043
2752	4058
2773	2772
2773	2775
2773	3222
2773	3417
2773	3439
2773	3709
2773	3710
2774	2773
2774	2865
2774	2872
2774	3217
2774	3221
2774	3702
2774	3713
2774	4269
2777	2776
2777	3206
2777	3225
2777	3227
2779	2778
2779	2780
2784	2783
2785	2784
2785	2817
2793	2795
2801	2800
2804	2803
2808	2807
2808	2808
2808	3544
2812	2811
2812	3107
2812	3113
2812	3118
2812	4047
2817	2816
2817	2818
2819	2824
2819	2826
2819	2841
2819	2843
2819	2850
2819	2852
2819	2853
2819	2858
2819	2860
2820	2823
2820	2830
2820	2833
2820	2834
2820	2835
2820	2837
2820	2846
2820	2848
2820	2855
2821	2825
2821	2827
2821	2836
2821	2838
2821	2840
2821	2861
2823	2822
2823	2832
2824	2860
2830	2829
2830	2839
2830	2842
2830	2847
2830	2857
2830	2859
2829	2831
2829	2854
2831	2879
2833	2879
2834	3096
2834	3097
2835	2879
2842	2879
2844	2843
2844	3065
2845	2844
2845	3549
2845	3551
2845	3555
2845	3557
2847	2879
2849	2848
2849	2893
2849	3595
2851	2850
2851	2852
2852	2853
2854	2879
2855	3099
2856	2855
2857	2879
2866	2865
2866	2870
2868	2867
2868	2870
2870	2869
2870	2871
2878	2877
2881	2880
2881	2882
2881	3655
2886	2885
2889	2888
2889	2891
2890	2889
2890	2892
2895	2894
2896	2896
2905	3806
2909	2908
2911	2910
2912	2912
2913	2924
2914	2913
2914	2926
2915	2914
2915	2917
2916	2913
2917	2913
2917	2937
2918	2913
2918	2919
2918	3433
2918	3991
2918	4024
2921	2920
2921	2922
2921	2923
2925	2924
2925	4028
2928	2927
2928	2936
2928	2935
2929	2928
2929	2915
2931	2930
2931	2933
2932	2930
2934	2933
2936	2935
2942	2943
2942	2944
2942	2955
2944	2945
2944	2952
2944	2953
2945	2946
2945	2947
2945	2948
2948	2949
2948	2951
2949	2950
2951	2950
2953	2954
2956	2957
2956	2946
2958	2959
2958	2945
2960	2961
2960	2962
2960	2945
2960	2950
2963	2964
2963	2946
2963	2955
2963	2965
2963	2966
2966	2967
2968	2969
2972	2971
2972	2969
2972	2973
2976	2981
2979	2978
2984	3725
2987	2986
2987	2988
2987	3650
2987	3712
2996	2995
2998	2997
2998	2999
2998	3004
2998	3009
2998	3970
2997	3012
3003	3002
3005	3004
3005	3607
3005	3632
3005	3638
3006	3007
3009	3010
3009	3011
3016	3015
3016	3020
3016	3536
3019	3018
3021	3020
3027	3026
3027	3028
3027	3029
3031	3030
3031	3063
3031	3084
3031	3094
3031	3095
3030	3052
3033	3032
3033	3034
3033	3035
3033	3037
3033	3038
3033	3040
3033	3132
3033	3975
3042	3041
3042	3043
3042	3060
3046	3045
3046	3048
3046	3056
3046	3069
3048	3047
3048	3057
3048	3071
3051	3050
3051	3096
3054	3053
3054	3072
3058	3057
3062	3061
3062	3079
3062	3080
3062	3978
3068	3067
3068	3595
3068	3602
3074	3073
3075	3074
3078	3077
3084	3091
3084	3092
3084	3093
3085	3084
3086	3084
3087	3084
3087	3087
3108	3109
3113	3112
3113	3115
3113	3120
3114	3112
3114	3120
3117	3116
3117	3118
3117	3119
3124	3123
3124	3125
3127	3126
3128	3129
3131	3131
3133	3134
3136	3135
3136	3137
3136	3138
3136	3439
3136	3527
3136	3708
3136	3711
3144	3143
3144	3155
3144	3156
3144	3162
3144	3163
3144	3168
3144	3171
3144	3175
3144	3181
3144	3182
3144	3185
3144	3186
3143	3149
3145	3143
3145	3155
3145	3156
3145	3157
3145	3158
3145	3171
3145	3175
3145	3181
3145	3182
3145	3185
3145	3186
3145	3190
3145	3191
3145	3192
3145	3193
3145	3194
3145	3196
3145	3197
3145	3198
3145	3199
3145	3200
3145	3202
3145	3207
3145	3321
3145	3362
3146	3145
3146	4025
3148	3147
3149	3148
3149	3150
3153	3160
3172	3173
3172	3174
3176	3177
3176	3178
3195	3194
3195	3203
3205	3204
3208	3207
3208	3231
3208	3237
3208	3238
3208	3239
3208	3240
3208	3241
3208	3242
3208	3243
3208	3244
3208	3245
3208	3254
3208	3255
3208	3256
3208	3257
3208	3259
3208	3261
3208	3265
3208	3274
3208	3275
3208	3276
3208	3277
3208	3288
3208	3291
3208	3292
3208	3296
3208	3298
3208	3305
3208	3306
3207	3268
3207	3300
3207	3301
3207	3302
3207	3303
3207	3304
3207	3338
3207	3347
3210	3209
3210	3216
3209	3211
3209	3219
3209	3223
3209	3224
3212	3220
3212	3279
3212	3297
3212	3308
3212	3309
3213	3230
3213	3234
3213	3246
3213	3247
3213	3252
3213	3253
3213	3260
3213	3262
3213	3263
3213	3264
3213	3266
3213	3267
3213	3269
3213	3282
3213	3283
3213	3284
3213	3286
3213	3287
3213	3289
3213	3290
3213	3294
3213	3299
3214	3236
3215	3248
3215	3270
3220	3273
3224	3313
3227	3226
3229	3228
3233	3249
3251	3250
3251	3316
3251	3318
3251	3361
3251	3385
3251	3421
3255	3258
3259	3307
3272	3271
3272	3278
3280	3385
3281	3280
3281	3310
3281	3311
3300	3364
3312	3311
3315	3314
3315	3317
3315	3319
3315	3326
3315	3327
3315	3328
3315	3329
3315	3330
3315	3331
3315	3332
3315	3333
3315	3334
3315	3335
3315	3336
3315	3338
3315	3341
3315	3342
3315	3345
3315	3346
3315	3347
3315	3348
3315	3349
3315	3350
3315	3351
3315	3352
3315	3353
3315	3354
3315	3356
3315	3359
3315	3363
3315	3364
3315	3366
3315	3369
3315	3374
3315	3375
3315	3377
3315	3378
3315	3379
3315	3380
3315	3381
3315	3383
3315	3384
3315	3386
3315	3387
3315	3388
3315	3389
3315	3390
3315	3393
3315	3394
3315	3399
3315	3401
3315	3402
3315	3407
3315	3408
3315	3409
3315	3410
3315	3412
3315	3413
3315	3414
3315	3415
3315	3422
3316	3315
3316	3320
3316	3322
3316	3324
3316	3325
3316	3337
3316	3343
3316	3365
3316	3367
3316	3371
3316	3376
3316	3382
3316	3391
3316	3392
3316	3397
3316	3403
3316	3404
3316	3406
3316	3423
3316	3424
3322	3321
3322	3362
3322	3370
3322	3373
3324	3323
3324	3339
3324	3340
3324	3344
3324	3357
3324	3358
3324	3395
3324	3396
3324	3398
3324	3400
3324	3405
3324	3411
3324	3416
3361	3360
3369	3368
3371	3372
3418	3421
3420	3419
3420	3422
3420	3426
3419	3419
3428	3429
3428	3430
3442	3442
3443	3442
3443	3443
3443	3455
3443	3456
3445	3444
3447	3446
3447	3461
3447	3469
3446	3455
3448	3447
3448	3667
3449	3448
3449	3635
3449	3638
3449	3675
3450	3447
3450	3521
3450	3522
3450	3531
3450	3540
3450	3713
3451	3446
3451	3453
3451	3455
3452	3451
3453	3455
3454	3453
3454	3455
3458	3463
3458	3464
3460	3459
3460	3460
3460	3464
3461	3464
3462	3461
3462	3463
3462	3464
3463	3464
3466	3471
3466	3472
3468	3467
3468	3468
3468	3472
3469	3472
3470	3469
3470	3471
3470	3472
3471	3472
3475	3474
3475	3479
3477	3476
3477	3478
3477	3480
3482	3481
3482	3483
3482	3731
3484	3484
3485	3485
3487	3486
3489	3488
3492	3491
3494	3493
3496	3495
3496	3500
3495	3497
3495	3498
3498	3499
3499	3510
3500	3499
3500	3725
3500	3727
3500	3737
3501	3503
3501	3506
3503	3502
3503	3507
3503	3520
3504	3503
3504	3506
3504	3508
3504	3510
3504	3516
3504	3517
3504	3519
3504	3713
3506	3505
3506	3518
3510	3509
3510	3511
3512	3523
3513	3512
3515	3514
3516	3515
3524	3523
3526	3525
3529	3528
3529	3536
3530	3530
3533	3532
3533	3536
3535	3534
3536	3537
3536	3538
3544	3543
3544	3545
3544	3546
3544	3548
3549	3555
3549	3557
3549	3562
3549	3565
3555	3554
3555	3569
3557	3556
3557	3558
3557	3560
3557	3563
3557	3564
3557	3566
3557	3567
3557	3570
3557	3571
3557	3572
3557	3573
3559	3558
3562	3561
3562	3568
3575	3574
3575	3577
3575	3588
3578	3579
3581	3580
3581	3591
3583	3582
3584	3583
3584	3586
3586	3585
3586	3587
3589	3590
3598	3597
3601	3600
3602	3601
3605	3604
3608	3607
3608	3632
3611	3610
3611	3619
3611	3631
3611	3634
3611	3643
3612	3611
3615	3614
3615	3637
3615	3639
3618	3617
3618	3621
3618	3622
3618	3642
3624	3623
3624	3765
3625	3623
3627	3629
3636	3635
3641	3640
3641	3642
3644	3645
3645	3650
3647	3646
3647	3649
3648	3646
3648	3650
3649	3650
3651	3651
3653	3652
3653	3654
3655	3655
3658	3657
3657	3659
3657	3660
3661	3664
3661	3666
3663	3662
3663	3663
3663	3666
3665	3664
3665	3666
3664	3666
3667	3666
3668	3667
3668	3670
3668	3671
3668	3675
3668	3679
3672	3674
3675	3674
3674	3678
3676	3675
3678	3677
3691	3690
3691	3692
3691	3693
3691	3696
3691	3697
3694	3693
3694	3695
3703	3702
3703	3706
3703	3707
3703	3709
3703	3713
3704	3704
3706	3705
3706	3708
3707	3707
3714	3717
3714	3719
3714	3723
3729	3730
3733	3734
3735	3736
3740	3739
3740	3741
3740	3749
3742	3743
3744	3745
3745	3747
3751	3750
3751	3752
3757	3756
3757	3757
3758	3756
3762	3776
3770	3770
3771	3771
3774	3773
3775	3773
3797	3796
3797	3799
3802	3801
3805	3804
3805	4058
3807	3808
3811	3810
3812	3811
3812	3855
3812	3879
3812	3895
3812	4073
3814	3813
3814	3816
3814	3820
3814	3821
3814	3824
3814	4051
3813	3818
3816	3815
3820	3819
3820	3822
3820	3823
3826	3825
3826	3828
3826	3838
3826	3851
3826	3857
3826	3861
3826	3863
3826	4056
3825	3863
3825	3868
3825	3898
3827	3825
3828	3830
3828	3833
3830	3898
3831	3830
3831	3906
3833	3832
3833	3872
3833	3898
3833	3902
3834	3833
3834	3873
3834	3906
3834	3909
3834	4021
3835	3832
3835	3878
3835	3996
3837	3836
3837	3838
3837	3842
3836	3839
3836	3840
3841	3840
3844	3843
3844	3845
3844	3848
3844	4051
3846	3845
3846	3849
3846	3858
3847	3846
3850	3849
3850	3851
3850	3863
3850	4056
3857	3856
3857	3858
3857	3906
3860	3859
3860	3863
3860	3865
3860	4014
3860	4069
3860	4070
3865	3864
3866	3866
3867	3866
3867	4009
3869	3868
3869	3899
3868	3872
3871	3870
3871	3876
3872	3877
3872	3910
3874	3873
3874	3897
3874	3901
3874	3909
3873	3901
3876	3875
3876	3890
3876	3907
3875	3891
3875	3885
3875	3904
3877	3878
3877	3903
3877	3904
3882	3886
3884	3883
3883	3885
3883	3892
3886	3885
3886	3892
3886	3901
3887	3886
3887	3923
3887	4021
3888	3887
3888	3906
3888	3919
3888	3921
3888	4014
3888	4069
3889	3886
3890	3889
3890	3891
3891	3886
3899	3898
3899	3902
3900	3898
3906	3905
3907	3906
3908	3906
3912	3911
3912	3913
3912	3915
3912	3917
3912	3947
3912	4060
3912	4061
3912	4062
3914	3913
3914	3917
3915	3913
3916	3915
3916	3917
3919	3918
3923	3922
3924	4020
3927	3926
3927	4009
3929	3928
3930	3928
3930	3946
3930	3956
3930	4033
3930	4046
3931	3930
3932	3931
3933	3930
3934	3930
3934	3954
3937	3936
3941	3940
3941	3949
3941	3952
3941	4063
3941	4064
3943	3942
3945	3944
3945	3952
3948	3947
3948	3951
3950	3949
3950	3951
3951	3952
3953	3952
3957	3963
3957	3965
3958	3959
3960	3961
3961	3962
3963	3987
3964	3963
3964	3987
3964	4010
3964	4012
3964	4013
3964	4014
3964	4069
3965	4002
3965	4006
3969	3968
3980	3979
3981	3979
3985	3984
3988	3987
3988	4002
3988	4006
3989	3987
3990	3987
3990	4002
3990	4006
3990	4053
3990	4058
3990	4065
3991	3990
3992	3990
3993	3992
3993	3994
3994	3990
3998	3997
3998	4000
3998	4001
3999	3997
3999	4000
3999	4001
3999	4002
3999	4003
3999	4006
4003	4002
4003	4006
4004	4003
4004	4016
4004	4018
4005	4003
4005	4020
4005	4022
4012	4011
4012	4015
4018	4017
4019	4017
4020	4021
4028	4027
4028	4029
4035	4034
4035	4037
4035	4038
4035	4039
4041	4051
4048	4047
4050	4049
4052	4051
4052	4069
4052	4070
4053	4051
4053	4055
4053	4065
4054	4053
4055	4053
4056	4053
4056	4058
4057	4053
4058	4053
4058	4065
4058	4074
4059	4058
4059	4077
4059	4078
4067	4066
4073	4072
4075	4074
4077	4079
4077	4080
4077	4081
4077	4082
4077	4083
4077	4084
4090	4089
4100	4099
4103	4102
4104	4102
4105	4102
4112	4111
4112	4113
4112	4114
4116	4117
4118	4117
4118	4119
4124	4175
4127	1335
4128	1335
4129	1335
4130	1335
4140	4141
4168	4167
4169	4167
4169	4170
4169	4171
4173	4174
4177	4176
4177	4179
4177	4180
4177	4181
4177	4182
4177	4183
4177	4184
4186	4194
4186	4195
4186	4196
4186	4197
4186	4198
4186	4199
4186	4200
4186	4201
4186	4203
4186	4204
4186	4206
4186	4207
4187	4186
4188	4186
4189	4194
4190	4193
4192	4196
4192	4198
4205	4206
4210	4225
4212	4211
4212	4219
4212	4221
4212	4222
4212	4223
4212	4226
4212	4228
4212	4230
4211	4224
4211	4227
4211	4231
4213	4215
4213	4233
4213	4234
4215	4216
4248	4247
4253	4252
4253	4254
