1	0
1	180
1	4250
1	4286
2	1
2	47
2	55
2	173
2	177
2	178
2	179
2	183
2	189
2	246
2	249
2	256
2	259
2	679
2	681
2	844
2	4243
2	4269
2	4277
2	4290
2	4291
2	4292
3	2
3	171
3	4234
3	4235
3	4266
4	3
5	4
6	4
6	11
6	20
6	43
6	42
6	45
6	15
6	17
6	64
6	68
6	92
6	34
6	107
6	172
6	179
6	189
6	190
6	198
6	203
6	221
6	222
6	223
6	231
6	242
6	244
6	269
6	311
6	322
6	340
6	339
6	369
6	372
6	385
6	441
6	449
6	450
6	465
6	486
6	601
6	685
6	738
6	735
6	749
6	764
6	771
6	776
6	806
6	814
6	851
6	867
6	907
6	1163
6	1205
6	1234
6	1246
6	1252
6	1257
6	1288
6	1290
6	1293
6	1321
6	1344
6	1543
6	1576
6	1591
6	1609
6	1655
6	1672
6	1932
6	1950
6	1961
6	1952
6	1972
6	1982
6	1993
6	1997
6	2001
6	2002
6	2005
6	2011
6	2015
6	2017
6	2019
6	2021
6	2023
6	2025
6	2027
6	2035
6	2047
6	2052
6	2080
6	2085
6	2086
6	2127
6	2204
6	2266
6	2302
6	2318
6	2372
6	2377
6	2429
6	2447
6	2501
6	2502
6	2504
6	2585
6	2663
6	2708
6	2712
6	2737
6	2871
6	2878
6	2883
6	2885
6	2887
6	2895
6	2914
6	2915
6	2948
6	2975
6	2977
6	3020
6	3036
6	3042
6	3044
6	3045
6	3052
6	3056
6	3064
6	3068
6	3072
6	3085
6	3105
6	3107
6	3108
6	3123
6	3124
6	3130
6	3131
6	3136
6	3150
6	3167
6	3177
6	3270
6	3463
6	3491
6	3499
6	3508
6	3516
6	3543
6	3560
6	3573
6	3574
6	3580
6	3585
6	3609
6	3653
6	3660
6	3673
6	3678
6	3681
6	3684
6	3714
6	3766
6	3776
6	3847
6	3849
6	3895
6	3938
6	4026
6	4034
6	4109
6	4114
6	4146
6	4181
6	4234
6	4244
6	4248
6	4263
6	4264
6	4266
6	4310
7	3
7	19
7	26
7	29
7	42
7	45
7	48
7	50
7	49
7	56
7	60
7	65
7	68
7	69
7	70
7	74
7	82
7	84
7	97
7	98
7	105
7	122
7	150
7	159
7	166
7	172
7	173
7	177
7	193
7	195
7	198
7	203
7	204
7	209
7	212
7	214
7	215
7	222
7	223
7	225
7	228
7	231
7	234
7	239
7	244
7	248
7	258
7	260
7	321
7	323
7	412
7	428
7	464
7	463
7	466
7	467
7	473
7	480
7	485
7	490
7	497
7	552
7	595
7	596
7	602
7	605
7	606
7	614
7	619
7	667
7	669
7	672
7	679
7	680
7	681
7	682
7	685
7	691
7	700
7	708
7	719
7	723
7	735
7	743
7	747
7	749
7	754
7	761
7	764
7	765
7	768
7	770
7	767
7	776
7	783
7	791
7	797
7	800
7	806
7	817
7	831
7	844
7	849
7	850
7	905
7	913
7	929
7	1163
7	1184
7	1189
7	1190
7	1197
7	1198
7	1206
7	1205
7	1213
7	1217
7	1218
7	1219
7	1228
7	1243
7	1242
7	1250
7	1252
7	1260
7	1283
7	1284
7	1292
7	1293
7	1302
7	1306
7	1339
7	1340
7	1343
7	1342
7	1347
7	1357
7	1358
7	1360
7	1362
7	1369
7	1376
7	1434
7	1437
7	1444
7	1467
7	1523
7	1548
7	1562
7	1609
7	1623
7	1634
7	1646
7	1656
7	1661
7	1668
7	1669
7	1696
7	1701
7	1699
7	1711
7	1716
7	1724
7	1733
7	1793
7	1799
7	1804
7	1807
7	1833
7	1840
7	1841
7	1930
7	1941
7	1956
7	1974
7	1988
7	2007
7	2016
7	2017
7	2019
7	2021
7	2022
7	2026
7	2049
7	2070
7	2078
7	2085
7	2087
7	2106
7	974
7	2116
7	2120
7	2126
7	2139
7	2150
7	2153
7	2177
7	2180
7	2182
7	2181
7	2183
7	2204
7	2227
7	2263
7	2275
7	2279
7	2280
7	2281
7	2283
7	2307
7	2325
7	2331
7	2334
7	2336
7	2343
7	2346
7	2356
7	2358
7	2370
7	2371
7	2375
7	2377
7	2380
7	2385
7	2393
7	2394
7	2396
7	2397
7	2398
7	2399
7	2421
7	2429
7	2445
7	2451
7	2449
7	2454
7	2455
7	2456
7	2460
7	2463
7	2472
7	2485
7	2497
7	2513
7	2517
7	2550
7	2551
7	2567
7	2569
7	2584
7	2605
7	2639
7	2699
7	2706
7	2708
7	2714
7	2726
7	2743
7	2745
7	2755
7	2761
7	2794
7	2802
7	2940
7	3042
7	3049
7	3051
7	3056
7	3058
7	3150
7	3165
7	3174
7	3187
7	3188
7	3204
7	3205
7	3206
7	3239
7	3267
7	3268
7	3269
7	3273
7	3274
7	3277
7	3279
7	3280
7	3283
7	3284
7	3285
7	3287
7	3291
7	3292
7	3293
7	3294
7	3295
7	3296
7	3300
7	3305
7	3310
7	3315
7	3317
7	3319
7	3321
7	3324
7	3325
7	3326
7	3328
7	3330
7	3331
7	3332
7	3334
7	3335
7	3338
7	3340
7	3341
7	3345
7	3346
7	3463
7	3477
7	3479
7	3487
7	3500
7	3503
7	3504
7	3506
7	3511
7	3512
7	3514
7	3535
7	3563
7	3580
7	3637
7	3656
7	3666
7	3680
7	3684
7	3686
7	3688
7	3689
7	3696
7	3710
7	3711
7	3713
7	3712
7	3726
7	3725
7	3748
7	3800
7	3807
7	3808
7	3825
7	3833
7	3839
7	3840
7	3843
7	3866
7	3899
7	3904
7	3906
7	3913
7	3947
7	3978
7	4008
7	4011
7	4055
7	4059
7	4063
7	4076
7	4080
7	4088
7	4096
7	4103
7	4109
7	4144
7	4146
7	4150
7	4169
7	4172
7	4178
7	4180
7	4191
7	4193
7	4200
7	4203
7	4205
7	4218
7	4228
7	4232
7	4247
7	4249
7	4252
7	4254
7	4255
7	4256
7	4257
7	4261
7	4263
7	4265
7	4266
7	4267
7	4268
7	4272
7	4273
7	4274
7	4293
7	4294
7	4295
7	4296
7	4297
7	4298
7	4299
7	4300
7	4301
7	4302
7	4303
7	4304
7	4307
7	4308
8	3
9	8
9	14
9	16
9	18
9	19
9	35
9	38
9	40
9	48
9	56
9	60
9	65
9	66
9	74
9	96
9	97
9	98
9	170
9	4244
9	4245
9	4246
9	4248
9	4249
9	4262
9	4270
9	4271
10	9
11	8
11	2
11	38
11	1
11	40
11	66
11	74
11	98
11	171
11	179
11	246
11	679
11	681
11	844
11	4234
11	4235
11	4244
11	4245
11	4248
11	4249
11	4252
11	4253
11	4254
11	4255
11	4256
11	4257
11	4258
11	4260
11	4261
11	4263
11	4266
11	4270
11	4271
11	4273
12	11
12	8
12	14
12	17
12	2
12	18
12	21
12	20
12	35
12	1
12	41
12	40
12	43
12	42
12	49
12	66
12	74
12	84
12	83
12	82
12	96
12	97
12	105
12	115
12	128
12	171
12	172
12	173
12	181
12	183
12	189
12	190
12	194
12	200
12	221
12	223
12	231
12	252
12	251
12	322
12	361
12	367
12	371
12	378
12	380
12	382
12	385
12	412
12	428
12	433
12	435
12	439
12	441
12	443
12	445
12	446
12	448
12	449
12	450
12	454
12	456
12	457
12	459
12	472
12	478
12	488
12	498
12	547
12	585
12	592
12	606
12	680
12	682
12	685
12	700
12	709
12	735
12	750
12	754
12	757
12	759
12	764
12	768
12	770
12	767
12	771
12	776
12	783
12	800
12	831
12	844
12	847
12	850
12	854
12	866
12	869
12	899
12	905
12	953
12	956
12	948
12	1093
12	1096
12	1117
12	1149
12	1150
12	1152
12	1153
12	1154
12	1155
12	1157
12	1160
12	1161
12	1163
12	1195
12	1206
12	1205
12	1204
12	1210
12	1211
12	1212
12	1213
12	1214
12	1215
12	1216
12	1217
12	1234
12	1233
12	1248
12	1250
12	1251
12	1252
12	1257
12	1280
12	1284
12	1286
12	1291
12	1336
12	1338
12	1347
12	1345
12	1349
12	1358
12	1360
12	1362
12	1431
12	1429
12	1437
12	1443
12	1461
12	1552
12	1561
12	1573
12	1571
12	1578
12	1598
12	1612
12	1623
12	1648
12	1655
12	1661
12	1667
12	1668
12	1669
12	1694
12	1707
12	1711
12	1716
12	1726
12	1725
12	1743
12	1742
12	1741
12	1746
12	1775
12	1778
12	1779
12	1785
12	1793
12	1794
12	1802
12	1799
12	1798
12	1804
12	1807
12	1810
12	1822
12	1833
12	1834
12	1840
12	1930
12	1934
12	1942
12	1951
12	1950
12	1948
12	1947
12	1959
12	1961
12	1967
12	1979
12	1982
12	1980
12	1984
12	1994
12	1993
12	1997
12	2004
12	2003
12	2002
12	2005
12	2009
12	2011
12	2022
12	2036
12	2037
12	2047
12	2049
12	2051
12	2052
12	2063
12	2064
12	2098
12	2102
12	2106
12	974
12	2120
12	2153
12	2152
12	2151
12	2155
12	2159
12	2168
12	2171
12	2175
12	2188
12	2204
12	2207
12	2208
12	2215
12	2227
12	2228
12	2240
12	2308
12	2311
12	2316
12	2317
12	2324
12	2328
12	2356
12	2364
12	2370
12	2371
12	2373
12	2382
12	2385
12	2392
12	2393
12	2397
12	2398
12	2400
12	2412
12	2434
12	2441
12	2442
12	2475
12	2480
12	2497
12	2504
12	2508
12	2551
12	2552
12	2577
12	2576
12	2574
12	2590
12	2602
12	2605
12	2606
12	2625
12	2631
12	2639
12	2688
12	2689
12	2706
12	2713
12	2731
12	2735
12	2741
12	2742
12	2745
12	2746
12	2753
12	2809
12	2819
12	2831
12	2843
12	2845
12	2849
12	2892
12	2891
12	2901
12	2909
12	2913
12	2922
12	2923
12	2938
12	2949
12	2975
12	3014
12	3022
12	3030
12	3034
12	3038
12	3044
12	3051
12	3056
12	3062
12	3073
12	3077
12	3085
12	3086
12	3102
12	3103
12	3114
12	3118
12	3120
12	3130
12	3131
12	3138
12	3139
12	3161
12	3164
12	3168
12	3170
12	3174
12	3181
12	3204
12	3207
12	3225
12	3226
12	3227
12	3268
12	3287
12	3463
12	3464
12	3493
12	3492
12	3491
12	3498
12	3499
12	3502
12	3508
12	3510
12	3530
12	3534
12	3547
12	3550
12	3552
12	3559
12	3563
12	3567
12	3588
12	3587
12	3589
12	3590
12	3597
12	3659
12	3661
12	3663
12	3667
12	3674
12	3676
12	3681
12	3684
12	3686
12	3688
12	3689
12	3709
12	3722
12	3738
12	3745
12	3746
12	3748
12	3800
12	3807
12	3808
12	3812
12	3824
12	27
12	3847
12	3848
12	3852
12	3862
12	3868
12	3870
12	3871
12	3877
12	3878
12	3881
12	3889
12	3893
12	3895
12	3899
12	3918
12	3936
12	3938
12	3948
12	3952
12	3960
12	4000
12	4005
12	4008
12	3988
12	4032
12	4035
12	4041
12	4040
12	4045
12	4046
12	4052
12	4059
12	4058
12	4062
12	4065
12	4070
12	4076
12	4079
12	4088
12	4089
12	4092
12	4103
12	4107
12	4109
12	4114
12	4126
12	4127
12	4142
12	4143
12	4144
12	4153
12	1826
12	4159
12	4165
12	4167
12	4232
12	4234
12	4244
12	4246
12	4257
12	4258
12	4263
12	4265
12	4266
12	4269
12	4272
12	4284
13	11
13	14
13	16
13	18
13	26
13	31
13	33
13	19
13	50
13	51
13	49
13	53
13	48
13	56
13	60
13	64
13	65
13	81
13	88
13	89
13	90
13	84
13	96
13	97
13	104
13	118
13	111
13	134
13	132
13	146
13	160
13	167
13	168
13	169
13	172
13	173
13	181
13	183
13	189
13	190
13	196
13	213
13	218
13	219
13	231
13	244
13	250
13	249
13	256
13	260
13	261
13	259
13	263
13	265
13	267
13	269
13	270
13	272
13	273
13	275
13	276
13	290
13	293
13	297
13	301
13	305
13	307
13	309
13	310
13	313
13	323
13	322
13	341
13	343
13	344
13	345
13	346
13	348
13	351
13	352
13	354
13	356
13	358
13	360
13	362
13	400
13	408
13	419
13	421
13	423
13	424
13	427
13	444
13	445
13	447
13	451
13	452
13	506
13	514
13	516
13	518
13	523
13	524
13	525
13	529
13	530
13	531
13	533
13	536
13	537
13	548
13	550
13	556
13	565
13	570
13	571
13	574
13	581
13	582
13	583
13	584
13	612
13	613
13	616
13	617
13	618
13	623
13	630
13	641
13	647
13	649
13	650
13	655
13	658
13	665
13	667
13	672
13	678
13	679
13	681
13	684
13	687
13	691
13	700
13	699
13	698
13	697
13	695
13	704
13	705
13	707
13	709
13	713
13	714
13	716
13	717
13	718
13	719
13	721
13	722
13	724
13	725
13	732
13	738
13	735
13	742
13	745
13	744
13	748
13	751
13	750
13	758
13	759
13	769
13	767
13	772
13	774
13	773
13	775
13	778
13	779
13	786
13	783
13	789
13	790
13	792
13	794
13	793
13	797
13	801
13	803
13	802
13	804
13	805
13	807
13	808
13	811
13	812
13	814
13	815
13	816
13	817
13	822
13	823
13	824
13	825
13	826
13	827
13	828
13	829
13	830
13	831
13	833
13	837
13	836
13	838
13	839
13	840
13	841
13	842
13	846
13	847
13	848
13	850
13	852
13	854
13	865
13	892
13	903
13	902
13	904
13	912
13	916
13	918
13	919
13	920
13	931
13	932
13	956
13	948
13	988
13	1007
13	1012
13	1035
13	1046
13	1033
13	1053
13	1028
13	1062
13	1018
13	1094
13	1095
13	1096
13	1098
13	1101
13	1149
13	1150
13	1152
13	1154
13	1155
13	1156
13	1157
13	1160
13	1192
13	1191
13	1190
13	1195
13	1198
13	1199
13	1200
13	1202
13	1203
13	1207
13	1210
13	1212
13	1211
13	1214
13	1215
13	1216
13	1217
13	1220
13	1222
13	1223
13	1227
13	1228
13	1230
13	1234
13	1241
13	1243
13	1257
13	1263
13	1278
13	1281
13	1283
13	1284
13	1286
13	1295
13	1296
13	1299
13	1301
13	1302
13	1306
13	1310
13	1311
13	1312
13	1316
13	1314
13	1321
13	1328
13	1330
13	1333
13	1336
13	1337
13	1340
13	1339
13	1341
13	1347
13	1345
13	1344
13	1358
13	1361
13	1370
13	1471
13	1470
13	1477
13	1478
13	1479
13	1481
13	1480
13	1476
13	1483
13	1491
13	1490
13	1489
13	1488
13	1507
13	1509
13	1514
13	1517
13	1523
13	1526
13	1527
13	1532
13	1535
13	1537
13	1540
13	1541
13	1550
13	1546
13	1556
13	1557
13	1560
13	1561
13	1569
13	1570
13	1577
13	1586
13	1588
13	1590
13	1595
13	1608
13	1610
13	1612
13	1616
13	1623
13	1625
13	1635
13	1643
13	1644
13	1649
13	1651
13	1652
13	1654
13	1658
13	1663
13	1666
13	1667
13	1668
13	1680
13	1691
13	1694
13	1697
13	1700
13	1706
13	1709
13	1711
13	1717
13	1719
13	1723
13	1725
13	1736
13	1739
13	1743
13	1746
13	1764
13	1766
13	1779
13	1781
13	1782
13	1785
13	1787
13	1788
13	1789
13	1792
13	1793
13	1794
13	1796
13	1797
13	1802
13	1799
13	1801
13	1807
13	1813
13	1817
13	1819
13	1833
13	1835
13	1836
13	1837
13	1842
13	1846
13	1849
13	1854
13	1938
13	1941
13	1942
13	1951
13	1950
13	1956
13	1975
13	1988
13	1992
13	2000
13	2003
13	2005
13	2008
13	2009
13	2013
13	2014
13	2015
13	2018
13	2020
13	2022
13	2021
13	2025
13	2027
13	2029
13	2030
13	2033
13	2032
13	2039
13	2040
13	2043
13	2400
13	2416
13	2417
13	2428
13	2432
13	2433
13	2468
13	2480
13	2488
13	2504
13	2508
13	2511
13	2512
13	2524
13	2527
13	2550
13	2555
13	2560
13	2561
13	2562
13	2563
13	2565
13	2566
13	2577
13	2576
13	2580
13	2579
13	2582
13	2586
13	2597
13	2599
13	2626
13	2663
13	2689
13	2693
13	2695
13	2698
13	2702
13	2713
13	2721
13	2726
13	2728
13	2744
13	2750
13	2751
13	2752
13	2753
13	2761
13	2772
13	2773
13	2774
13	2778
13	2800
13	2801
13	2809
13	2957
13	2971
13	2973
13	3015
13	3028
13	3050
13	3051
13	3056
13	3058
13	3059
13	3064
13	3079
13	3096
13	3097
13	3099
13	3106
13	3116
13	3122
13	3125
13	3126
13	3128
13	3129
13	3149
13	3151
13	3175
13	3176
13	3180
13	3181
13	3191
13	3192
13	3211
13	3223
13	3224
13	3232
13	3235
13	3237
13	3238
13	3240
13	3244
13	3250
13	3252
13	3257
13	3260
13	3262
13	3264
13	3270
13	3271
13	3272
13	3275
13	3276
13	3278
13	3281
13	3282
13	3289
13	3290
13	3297
13	3298
13	3299
13	3301
13	3302
13	3303
13	3304
13	3306
13	3307
13	3309
13	3308
13	3312
13	3313
13	3314
13	3320
13	3322
13	3323
13	3327
13	3329
13	3333
13	3336
13	3337
13	3339
13	3342
13	3343
13	3392
13	3463
13	3471
13	3473
13	3481
13	3484
13	3487
13	3492
13	3498
13	3497
13	3499
13	3500
13	3501
13	3502
13	3504
13	3503
13	3507
13	3509
13	3510
13	3515
13	3516
13	3532
13	3534
13	3537
13	3539
13	3541
13	3545
13	3559
13	3561
13	3566
13	3575
13	3576
13	3578
13	3583
13	3586
13	3592
13	3594
13	3607
13	3640
13	3641
13	3656
13	3674
13	3677
13	3680
13	3683
13	3687
13	3695
13	3693
13	3696
13	3697
13	3704
13	3709
13	3710
13	3714
13	3717
13	3726
13	3725
13	3730
13	3733
13	3735
13	3737
13	3749
13	3758
13	3759
13	3760
13	3775
13	3777
13	3796
13	3799
13	3810
13	3812
13	3816
13	3819
13	3821
13	3824
13	3831
13	3832
13	3834
13	3835
13	3836
13	3837
13	3838
13	3841
13	3854
13	3857
13	3862
13	3869
13	3868
13	3871
13	3872
13	3874
13	3876
13	3877
13	3887
13	3885
13	3888
13	3889
13	3891
13	3893
13	3895
13	3898
13	3904
13	3912
13	3917
13	3919
13	3920
13	3923
13	3922
13	3924
13	3926
13	3930
13	3931
13	3932
13	3935
13	3936
13	3950
13	3951
13	3953
13	3944
13	3956
13	3964
13	3973
13	3975
13	3977
13	3976
13	3994
13	3998
13	4003
13	4004
13	4008
13	4012
13	4022
13	4024
13	4026
13	4029
13	4034
13	4036
13	4040
13	4047
13	4049
13	4046
13	4052
13	4055
13	4064
13	4065
13	4068
13	4069
13	4072
13	4075
13	4077
13	4078
13	4079
13	4080
13	4081
13	4082
13	4083
13	4085
13	4093
13	4095
13	4097
13	4100
13	4102
13	4103
13	4112
13	4114
13	4122
13	4124
13	4123
13	4126
13	4127
13	4128
13	4142
13	4144
13	4146
13	4148
13	1826
13	4154
13	4167
13	4177
13	4179
13	4188
13	4189
13	4194
13	4195
13	4196
13	4197
13	4199
13	4201
13	4202
13	4204
13	4206
13	4207
13	4208
13	4209
13	4211
13	4212
13	4213
13	4214
13	4215
13	4216
13	4217
13	4219
13	4220
13	4221
13	4222
13	4223
13	4228
13	4229
13	4230
13	4232
13	4242
13	4246
13	4247
13	4253
13	4255
13	4258
13	4260
13	4264
13	4269
13	4268
13	4275
13	4282
13	4284
13	4312
13	4313
13	4316
14	3
15	3
16	2
16	101
16	4234
17	16
17	17
17	115
17	132
17	150
17	159
17	1669
17	2215
17	2376
17	2385
17	2393
17	2394
17	2396
17	2412
17	2549
17	2546
17	2814
17	2816
17	2817
17	2843
17	2909
17	3170
17	3243
17	3470
17	3580
17	3588
18	1
18	173
18	183
19	1
19	173
19	178
19	4257
19	4258
20	19
20	132
20	274
20	298
20	2412
20	2710
20	2913
20	2946
20	3022
20	3170
20	3491
20	3535
20	3774
21	20
21	2152
21	3492
21	3573
21	3584
21	3597
21	3726
21	3736
21	3822
22	20
22	298
22	1182
22	1188
22	2258
22	2263
22	2266
22	2270
22	2275
22	2279
22	2280
22	2283
22	2290
22	2298
22	2302
22	2307
23	20
23	58
23	57
23	425
23	484
23	2422
23	2426
23	2730
23	3157
23	3573
23	3923
23	4313
24	20
24	39
24	42
24	17
24	70
24	105
24	159
24	193
24	205
24	208
24	223
24	231
24	244
24	276
24	279
24	298
24	311
24	316
24	322
24	323
24	357
24	394
24	495
24	553
24	571
24	572
24	586
24	605
24	657
24	665
24	674
24	685
24	733
24	735
24	741
24	744
24	754
24	783
24	789
24	790
24	791
24	831
24	869
24	899
24	908
24	1093
24	1173
24	1176
24	1184
24	1182
24	1188
24	1206
24	1260
24	1346
24	1358
24	1447
24	1462
24	1467
24	1507
24	1591
24	1646
24	1672
24	1676
24	1725
24	1746
24	1799
24	1807
24	1841
24	1842
24	1923
24	1951
24	1972
24	1990
24	2012
24	2021
24	2030
24	2046
24	2053
24	2077
24	2088
24	2093
24	2094
24	2148
24	2149
24	2153
24	2158
24	2160
24	2171
24	2175
24	2201
24	2204
24	2212
24	2218
24	2245
24	2258
24	2263
24	2266
24	2270
24	2275
24	2280
24	2281
24	2279
24	2283
24	2290
24	2291
24	2298
24	2302
24	2307
24	2342
24	2364
24	2384
24	2385
24	2392
24	2395
24	2412
24	2428
24	2452
24	2493
24	2520
24	2576
24	2597
24	2660
24	2663
24	2689
24	2583
24	2721
24	2732
24	2787
24	2821
24	2820
24	2844
24	2919
24	2920
24	2955
24	2962
24	3005
24	3009
24	3012
24	3040
24	3052
24	3061
24	3062
24	3074
24	3150
24	3171
24	3190
24	3259
24	3270
24	3462
24	3464
24	3472
24	3493
24	3528
24	3529
24	3530
24	3571
24	3652
24	3663
24	3671
24	3688
24	3698
24	3699
24	3702
24	3703
24	3704
24	3725
24	3813
24	27
24	3905
24	3921
24	4005
24	4013
24	4025
24	4089
24	4097
24	4107
24	4142
24	4146
24	1367
24	4232
24	4267
24	4294
24	4295
24	4296
24	4297
24	4298
24	4299
24	4300
24	4301
24	4302
24	4303
24	4304
24	4305
24	4307
24	4308
25	20
25	25
25	19
25	55
25	96
25	189
26	25
26	39
26	72
26	142
26	395
26	1551
26	1669
26	2346
26	2381
26	2397
26	2398
26	2582
26	2586
26	2729
26	2745
26	2816
26	2851
26	3269
26	3317
26	3398
26	3580
26	3843
27	25
27	39
28	20
29	20
29	29
29	2412
29	2838
29	2840
29	2911
29	3493
29	3571
29	3723
30	29
30	20
30	1
30	41
30	84
30	191
30	195
30	248
30	258
30	369
30	372
30	389
30	391
30	392
30	414
30	417
30	423
30	424
30	431
30	444
30	463
30	466
30	467
30	469
30	473
30	472
30	565
30	573
30	602
30	665
30	667
30	696
30	708
30	715
30	730
30	732
30	735
30	780
30	783
30	806
30	813
30	831
30	845
30	849
30	953
30	956
30	984
30	948
30	994
30	1046
30	1190
30	1206
30	1204
30	1220
30	1342
30	1459
30	1737
30	1961
30	1982
30	2070
30	2099
30	2142
30	2237
30	2248
30	2249
30	2250
30	2270
30	2380
30	2504
30	2505
30	2699
30	2750
30	2751
30	2752
30	2753
30	2805
30	2893
30	2976
30	3032
30	3056
30	3076
30	3091
30	3112
30	3116
30	3120
30	3122
30	3130
30	3131
30	3150
30	3168
30	3170
30	3180
30	3179
30	3195
30	3196
30	3198
30	3199
30	3247
30	3261
30	3350
30	3357
30	3512
30	3511
30	3517
30	3653
30	3659
30	3678
30	3711
30	3712
30	3798
30	3800
30	3856
30	3868
30	3889
30	3891
30	3899
30	3910
30	3917
30	3918
30	3932
30	4013
30	4042
30	4055
30	4058
30	4059
30	4062
30	4063
30	4082
30	4087
30	4088
30	4092
30	4112
30	4109
30	4124
30	4123
30	4126
30	4127
31	20
32	31
32	20
32	1
32	50
32	87
32	84
32	82
32	105
32	102
32	111
32	136
32	171
32	193
32	194
32	195
32	202
32	205
32	208
32	244
32	252
32	380
32	385
32	400
32	408
32	409
32	412
32	414
32	423
32	424
32	438
32	441
32	449
32	450
32	452
32	459
32	464
32	463
32	466
32	465
32	467
32	469
32	473
32	480
32	496
32	514
32	544
32	545
32	560
32	602
32	634
32	641
32	649
32	665
32	674
32	679
32	680
32	682
32	685
32	687
32	749
32	764
32	768
32	776
32	783
32	792
32	831
32	844
32	849
32	873
32	894
32	896
32	893
32	897
32	898
32	899
32	905
32	920
32	956
32	1189
32	1194
32	1195
32	1198
32	1206
32	1205
32	1204
32	1210
32	1211
32	1212
32	1213
32	1214
32	1215
32	1216
32	1219
32	1220
32	1234
32	1243
32	1248
32	1250
32	1257
32	1280
32	1284
32	1285
32	1291
32	1292
32	1293
32	1294
32	1308
32	1312
32	1316
32	1321
32	1338
32	1339
32	1340
32	1341
32	1343
32	1342
32	1344
32	1357
32	1358
32	1461
32	1471
32	1544
32	1572
32	1578
32	1577
32	1616
32	1653
32	1663
32	1665
32	1682
32	1698
32	1701
32	1699
32	1711
32	1726
32	1725
32	1733
32	1779
32	1788
32	1793
32	1799
32	1807
32	1819
32	1822
32	1833
32	1835
32	1848
32	1920
32	1922
32	1930
32	1938
32	1937
32	1935
32	1942
32	1939
32	1958
32	1961
32	1964
32	1967
32	1972
32	1973
32	1980
32	1983
32	1994
32	2021
32	2022
32	2051
32	2070
32	974
32	2120
32	2136
32	2139
32	2145
32	2153
32	2151
32	2198
32	2270
32	2310
32	2321
32	2325
32	2328
32	2343
32	2356
32	2370
32	2373
32	2396
32	2480
32	2497
32	2517
32	2549
32	2545
32	2556
32	2584
32	2602
32	2639
32	2660
32	2689
32	2699
32	2748
32	2752
32	2754
32	2787
32	2786
32	2820
32	2822
32	2849
32	2851
32	2880
32	2895
32	2906
32	2909
32	3024
32	3025
32	3038
32	3051
32	3058
32	3076
32	3108
32	3110
32	3119
32	3148
32	3155
32	3158
32	3177
32	3191
32	3192
32	3203
32	3215
32	3486
32	3487
32	3491
32	3495
32	3497
32	3498
32	3499
32	3500
32	3501
32	3502
32	3503
32	3504
32	3506
32	3507
32	3508
32	3509
32	3510
32	3511
32	3512
32	3514
32	3515
32	3516
32	3517
32	3593
32	3653
32	3663
32	3667
32	3673
32	3674
32	3678
32	3681
32	3684
32	3686
32	3688
32	3692
32	3696
32	3709
32	3711
32	3710
32	3713
32	3712
32	3714
32	3717
32	3719
32	3723
32	3728
32	3731
32	3732
32	3740
32	3747
32	3798
32	3808
32	3823
32	3825
32	3866
32	3877
32	3881
32	3885
32	3893
32	3898
32	3904
32	3916
32	3918
32	3931
32	3932
32	3936
32	3938
32	3940
32	3952
32	3959
32	3960
32	3964
32	3978
32	3980
32	4042
32	4045
32	4052
32	4059
32	4063
32	4076
32	4082
32	4087
32	4088
32	4099
32	4101
32	4109
32	4112
32	4114
32	4126
32	4152
32	4164
32	4172
32	4258
32	4315
33	20
33	277
33	297
33	2892
33	2913
33	2914
33	3559
33	3762
33	3763
33	3764
33	3766
33	3768
33	3769
33	3770
33	3772
33	3773
33	3774
33	3775
33	3776
34	20
34	2859
34	2871
34	3079
35	1
35	55
35	62
35	64
35	183
35	4247
35	4273
36	35
36	708
36	767
36	1233
36	1684
36	2946
36	3016
36	3170
36	3661
36	4244
37	36
37	120
37	251
37	261
37	783
37	1686
37	1687
37	1689
37	1688
37	1685
37	1692
37	2546
37	2949
37	3009
37	3010
37	3015
37	3016
37	3028
37	3029
37	3030
37	3857
37	4326
38	1
38	177
38	178
38	183
38	4258
39	38
39	39
39	98
39	2710
40	1
40	183
40	4234
40	4243
41	40
41	3076
41	3800
41	4088
42	5
43	42
44	10
45	8
45	1239
45	1254
45	1298
46	14
46	704
46	716
46	2141
46	2687
46	3169
46	4133
47	181
47	182
48	47
49	48
49	3146
49	3147
49	3150
49	3148
49	3157
49	3721
49	3723
49	3738
49	4023
50	49
50	51
51	49
51	3721
51	3726
52	51
52	107
52	363
52	442
52	453
52	522
52	553
52	1576
52	2204
52	2427
52	2585
52	2887
52	3020
52	3123
52	3573
52	3940
52	3942
52	4025
52	370
52	3811
53	49
53	293
53	296
53	311
53	800
53	896
53	898
53	923
53	925
53	988
53	1148
53	1175
53	1554
53	1583
53	1589
53	1622
53	1655
53	1659
53	1920
53	1924
53	1937
53	1934
53	1941
53	1942
53	1943
53	1939
53	1948
53	1957
53	1989
53	2004
53	2003
53	2035
53	2036
53	2037
53	2101
53	2106
53	2127
53	2151
53	2157
53	2159
53	2199
53	2205
53	2242
53	2248
53	2356
53	2364
53	2370
53	2372
53	2373
53	2427
53	2425
53	2545
53	2688
53	2836
53	2862
53	2870
53	2880
53	2882
53	2885
53	2884
53	2888
53	2892
53	2891
53	2898
53	2912
53	2929
53	2961
53	3035
53	3060
53	3077
53	3118
53	3173
53	3181
53	3482
53	3539
53	3552
53	3560
53	3563
53	3588
53	3606
53	3619
53	3637
53	3639
53	3648
53	3649
53	3690
53	3770
53	3796
53	3802
53	3992
53	4062
53	4073
53	4210
54	53
54	296
54	466
54	932
54	1182
54	1188
54	1340
54	2248
54	2249
54	2250
54	2258
54	2263
54	2266
54	2270
54	2275
54	2279
54	2280
54	2283
54	2290
54	2302
54	2307
54	3487
54	3504
54	3512
54	3711
55	172
55	190
56	183
57	56
57	132
57	1544
57	2420
57	2531
57	2829
57	2836
57	2849
57	2856
57	2857
57	2913
57	2915
57	3132
57	3134
57	3164
57	3252
57	3535
58	57
58	134
58	1545
58	1574
58	2427
58	3104
58	3548
59	57
59	2523
59	2582
59	2586
59	2730
59	4309
59	4313
59	4314
60	62
60	4272
61	60
61	176
61	209
61	210
61	211
61	212
61	213
61	214
61	215
61	216
61	218
61	219
61	220
61	232
61	233
61	243
61	396
61	507
61	664
61	905
61	913
61	1248
61	1446
61	1445
61	1447
61	1448
61	1467
61	1573
61	1623
61	1634
61	1648
61	1668
61	1669
61	1711
61	1714
61	1800
61	1802
61	1833
61	1834
61	1841
61	1842
61	1845
61	1852
61	1938
61	1975
61	2001
61	2049
61	974
61	2177
61	2397
61	2689
61	2730
61	2745
61	2873
61	3170
61	3848
61	3849
61	3852
61	3857
61	4059
61	4066
61	4164
61	4192
61	4215
62	63
62	679
62	681
62	844
64	63
66	4234
66	4283
67	66
67	67
67	2346
67	2348
67	2394
67	2396
67	4228
68	67
68	68
68	74
68	150
68	1067
68	1069
68	1070
68	1080
68	1082
68	1083
68	1303
68	2168
68	2384
68	2385
68	2391
68	2393
68	2394
69	68
69	606
69	2399
70	69
70	603
70	608
71	70
71	196
71	197
71	246
71	249
71	251
71	256
71	259
71	261
71	322
71	323
71	576
71	585
71	667
71	675
71	676
71	683
71	703
71	723
71	733
71	749
71	770
71	775
71	776
71	779
71	782
71	790
71	791
71	795
71	797
71	799
71	826
71	833
71	837
71	841
71	905
71	938
71	953
71	982
71	995
71	1001
71	1153
71	1161
71	1358
71	1369
71	1429
71	1437
71	1541
71	1554
71	1598
71	1597
71	1596
71	1600
71	1603
71	1605
71	1606
71	1607
71	1612
71	1616
71	1620
71	1644
71	1654
71	1658
71	1663
71	1667
71	1669
71	1784
71	1799
71	1807
71	1834
71	1835
71	1840
71	1930
71	1932
71	1941
71	1948
71	1950
71	1961
71	1980
71	1982
71	1986
71	2002
71	2010
71	2015
71	2050
71	2052
71	2053
71	2103
71	2102
71	2177
71	2178
71	2180
71	2181
71	2183
71	2185
71	2190
71	2197
71	2204
71	2213
71	2325
71	2336
71	2381
71	2398
71	2404
71	2428
71	2439
71	2442
71	2444
71	2480
71	2493
71	2531
71	2545
71	2550
71	2551
71	2552
71	2555
71	2560
71	2561
71	2562
71	2563
71	2565
71	2566
71	2567
71	2569
71	2576
71	2581
71	2601
71	2600
71	2613
71	2614
71	2623
71	2641
71	2642
71	2646
71	2663
71	2676
71	2677
71	2681
71	2685
71	2686
71	2689
71	2695
71	2714
71	2721
71	2724
71	2730
71	2734
71	2787
71	2816
71	2949
71	2966
71	2969
71	3056
71	3073
71	3076
71	3150
71	3181
71	3479
71	3492
71	3530
71	3580
71	3655
71	3851
71	3868
71	3871
71	3877
71	3892
71	3893
71	3899
71	3904
71	3906
71	3911
71	3912
71	3918
71	3940
71	3948
71	3952
71	3956
71	3960
71	3972
71	4000
71	4038
71	4042
71	4051
71	4059
71	4063
71	4069
71	4079
71	4107
71	4112
71	4114
71	4125
71	4126
71	4143
71	4177
71	4178
71	4179
71	4180
71	4181
71	4190
71	4259
72	67
72	2382
73	66
73	84
73	221
73	231
73	244
73	321
73	437
73	720
73	896
73	897
73	899
73	917
73	1300
73	1329
73	1360
73	1429
73	1437
73	1479
73	1799
73	1807
73	1947
73	1952
73	1967
73	1972
73	2002
73	2004
73	2035
73	2364
73	2392
73	2488
73	2510
73	2639
73	2583
73	2844
73	2922
73	2923
73	3061
73	3062
73	3065
73	3089
73	3091
73	3128
73	3144
73	3189
73	3240
73	3472
73	3492
73	3652
73	3659
73	3699
73	3959
73	4107
73	4114
73	4166
73	4169
73	4182
74	4234
75	74
75	207
75	231
75	242
75	314
75	358
75	761
75	1260
75	1430
75	1429
75	1508
75	1670
75	1789
75	1807
75	1821
75	1829
75	1833
75	2008
75	2014
75	2016
75	2018
75	2026
75	2029
75	2039
75	2046
75	2938
75	2946
75	3026
75	3177
75	3661
75	3673
75	3674
75	3681
75	3831
75	3832
75	3833
75	3834
75	3835
75	3836
75	3837
75	3838
75	3839
75	3840
75	3841
75	4193
75	4200
75	4205
75	4218
75	4235
75	4244
75	4271
76	75
77	75
78	75
78	1430
78	1841
78	2059
79	75
79	1430
79	1842
79	2060
80	75
80	80
80	21
80	289
80	854
80	869
80	868
80	1260
80	1345
80	1430
80	1437
80	1474
80	1799
80	2021
80	2239
80	2412
80	2553
80	2745
80	2920
80	3726
80	3748
80	3820
80	3822
80	3843
80	4188
81	75
81	1430
81	2549
81	2546
81	2784
81	2785
81	2787
81	2789
81	2949
81	3990
81	4099
82	21
82	82
82	2155
82	2209
82	2210
82	2211
82	2215
82	2385
82	2393
83	82
83	83
83	823
83	828
83	838
83	1217
83	1726
83	1725
83	1799
83	2063
83	3226
84	83
84	1197
85	84
85	1191
86	85
86	83
86	1191
87	84
87	195
87	1190
87	1194
87	1195
87	1198
87	1199
87	1205
87	1210
87	1211
87	1212
87	1213
87	1214
87	1215
87	1216
87	1218
87	1227
87	1229
88	84
88	1232
89	84
89	1190
89	1195
89	1197
89	1205
89	1210
89	1211
89	1212
89	1213
89	1214
89	1215
89	1216
89	1229
89	1232
90	84
91	90
91	1197
91	1204
92	28
93	92
93	2898
93	2899
93	2900
94	93
94	2894
94	3066
95	34
96	173
97	178
97	179
98	177
99	98
99	1246
99	1282
99	1289
99	1680
99	2341
99	3075
99	3176
99	3177
99	3661
99	3668
99	3674
99	3681
100	99
100	378
100	382
100	385
100	438
100	439
100	441
100	442
100	443
100	444
100	445
100	446
100	448
100	449
100	450
100	451
100	452
100	453
100	454
100	455
100	456
100	457
100	458
100	476
100	1325
100	1558
100	1574
100	2102
100	974
100	2204
100	2205
100	2311
100	2318
100	3043
100	3114
100	3885
100	3916
100	3917
100	3932
100	3938
100	3950
100	3957
100	3958
100	3959
100	4036
100	4041
100	4052
100	4092
100	4152
100	4153
100	4155
100	1575
103	102
103	3180
103	3189
103	3195
103	3203
103	3215
104	102
105	104
105	3193
105	3194
105	3197
105	3200
105	3201
105	3202
105	3205
105	3206
105	3208
105	3212
105	3216
105	3219
105	3220
105	3223
105	3224
106	105
106	3241
107	105
107	107
107	1547
107	2829
107	2831
107	2869
107	2874
107	2882
107	3131
107	3225
107	3430
107	3648
109	108
111	110
111	112
111	4028
111	4029
112	111
113	112
113	286
113	1541
113	2435
113	2808
113	2812
113	2819
113	2902
113	2901
113	2906
113	2908
113	2913
113	2926
113	2925
113	2934
113	3138
113	3144
113	3159
113	3734
113	4325
114	112
114	455
114	483
114	485
114	490
114	2901
114	2910
114	2911
114	2913
114	2934
114	2935
114	2936
114	2937
114	3159
114	3491
114	3720
114	3724
114	3726
114	3741
114	3750
115	111
115	1572
115	3070
115	3161
115	3470
115	3649
116	115
116	3036
116	3470
117	115
117	110
117	4027
117	4029
118	115
118	656
118	800
118	808
118	855
118	860
118	862
118	861
118	864
118	867
118	870
118	873
118	899
118	907
118	915
118	917
118	1030
118	1048
118	1050
118	1056
118	1334
118	1355
118	1473
118	1580
118	1929
118	1932
118	1987
118	1995
118	1993
118	2005
118	2011
118	2124
118	2240
118	2340
118	2364
118	2394
118	2396
118	2545
118	2779
118	3005
118	3009
118	3010
118	3012
118	3017
118	3080
118	3470
118	3479
118	3481
118	3588
118	3794
118	4249
119	115
119	369
119	372
119	1067
119	1069
119	1070
119	1080
119	1082
119	1083
119	1465
119	2308
119	2364
119	2457
119	2597
119	2924
119	2927
119	3047
119	3171
119	3480
119	3591
119	3779
119	3792
120	115
120	132
120	253
120	680
120	728
120	735
120	744
120	749
120	754
120	783
120	800
120	844
120	1027
120	1045
120	1049
120	1055
120	2123
120	2239
120	2339
120	2364
120	2394
120	2396
120	2549
120	2546
120	2961
120	3014
120	3016
120	3470
120	3480
120	3570
120	3765
120	4227
121	120
121	132
121	134
121	247
121	257
121	377
121	382
121	385
121	398
121	412
121	427
121	443
121	445
121	456
121	476
121	575
121	770
121	1574
121	974
121	2151
121	2204
121	2546
121	2954
121	3043
121	3071
121	3114
121	3113
121	3164
121	3539
121	3568
121	3674
121	3681
121	3867
121	3890
121	3897
121	3899
121	3903
121	3910
121	3913
121	3920
121	3932
121	3942
121	4020
121	4041
121	4046
121	4049
121	4059
121	4060
121	4061
121	4079
121	4084
121	4083
121	4085
121	4092
121	4112
121	370
121	375
124	123
124	1582
124	3142
124	3143
124	4039
126	125
126	131
126	130
126	1552
126	2530
126	2531
126	3140
126	3141
126	3163
126	3162
126	3166
126	3170
126	4030
126	4032
128	127
128	2432
128	2433
128	2443
128	2444
128	2693
128	2818
128	2819
128	2822
128	2823
128	2824
128	2825
128	2826
128	2827
128	2828
128	2830
128	2831
128	2832
128	2833
128	2834
128	2835
128	2838
128	2839
128	2841
128	2842
128	2843
128	2845
128	2846
128	2847
128	2850
128	2851
128	2934
128	2937
128	3027
128	3484
128	3992
129	128
129	2808
129	2901
129	2908
129	2909
129	2931
129	2933
131	130
131	1554
131	3141
131	4032
132	131
132	2531
132	3163
133	132
133	3243
134	132
134	3164
134	3170
135	132
135	1571
135	2735
135	3026
135	3027
135	3034
135	3037
135	3039
135	3041
135	3042
135	3044
135	3045
135	3066
135	3078
135	3081
135	3085
135	3086
135	3090
135	3091
135	3095
135	3099
135	3102
135	3110
135	3118
135	3120
135	3130
135	3131
135	3132
135	3588
135	3659
135	3674
135	3681
135	4032
137	136
137	141
137	3639
137	3989
139	138
139	145
139	3595
139	3619
139	3620
139	3622
139	3636
140	139
140	3625
140	3628
140	3633
140	3637
140	3638
140	3644
140	3645
141	140
141	1598
141	1667
142	141
142	142
142	3628
144	143
145	144
145	3643
147	146
147	2239
147	2240
147	2241
147	2243
148	147
148	731
148	997
148	1054
148	1306
148	2078
148	2080
148	2085
148	2086
148	2098
148	2108
148	2109
148	2111
148	2112
148	2116
148	2119
148	2120
148	2127
148	2213
148	2222
148	2232
148	2236
148	2237
148	2238
148	2312
148	2317
148	2356
148	2371
148	4044
148	4234
150	149
151	150
151	1354
151	1789
151	1833
152	150
152	159
152	1354
152	1358
152	1714
152	1785
152	1789
152	1799
152	1802
152	1798
152	1833
152	1834
152	2117
152	2212
154	153
154	1307
154	2113
154	2115
154	2118
154	2121
154	2388
154	2389
154	2390
154	2392
156	155
156	1306
156	2087
156	2114
156	2116
156	2120
156	2122
156	2378
156	2387
156	2391
157	155
157	782
157	816
157	819
157	834
157	2061
157	2063
157	2064
157	2065
157	2087
157	2099
157	2117
157	2119
157	2120
157	2122
157	2188
157	2189
157	2191
157	2192
157	2193
157	2194
157	2195
157	2196
157	2197
157	2215
157	2327
157	2328
157	2385
157	2393
157	3492
159	158
160	159
160	1358
160	1362
160	1800
160	1834
160	2212
161	159
161	165
161	2324
161	2375
163	162
163	2395
165	164
165	2058
165	2225
165	2351
165	2353
165	2366
170	171
175	174
175	367
175	600
175	1501
175	2363
175	3036
175	3795
175	3815
175	3829
175	3907
185	184
185	1615
185	1665
185	1674
185	3021
185	3058
185	3247
185	3672
186	185
186	846
186	2716
186	3747
186	4151
187	186
187	340
187	642
187	651
187	654
187	664
187	921
187	1352
187	1356
187	1458
187	1671
187	1683
187	1853
187	1855
187	1856
187	1857
187	1858
187	1859
187	1860
187	1861
187	1869
187	1870
187	1966
187	1998
187	2020
187	2315
187	2763
187	2765
187	2767
187	2768
187	2770
187	2771
187	2772
187	2775
187	2776
187	2778
187	2779
187	2780
187	2782
187	2783
187	2790
187	2791
187	2792
187	2793
187	2794
187	2795
187	2796
187	2797
187	2798
187	2803
187	2804
187	2806
187	2807
187	3019
187	3819
187	3821
187	3830
187	3842
187	3845
187	3846
187	3865
187	4230
188	187
188	199
188	241
188	365
188	367
188	491
188	551
188	602
188	610
188	662
188	772
188	1208
188	1787
188	2543
188	2747
188	2974
188	3053
188	3137
188	3706
188	3806
188	3882
188	3934
190	4289
192	191
192	195
192	400
192	412
192	422
192	1046
192	1054
192	1028
192	1357
193	194
199	202
201	200
206	205
206	244
206	1429
207	206
207	1821
217	216
217	2384
217	3311
217	3316
217	3344
223	230
223	231
224	223
224	501
224	504
224	514
226	225
226	1536
226	1819
226	1836
226	1848
226	1850
226	1851
227	226
229	228
235	234
235	353
235	708
235	761
235	1382
235	1383
235	1437
235	1443
235	1505
235	1506
235	1513
235	1522
235	1523
235	1562
235	1807
235	1835
235	1840
235	1845
235	1850
235	2940
235	3833
235	3840
235	4193
235	4200
235	4203
235	4205
235	4218
236	235
236	242
236	317
236	340
236	359
236	761
236	1370
236	1371
236	1426
236	1437
236	1461
236	1493
236	1495
236	1505
236	1516
236	1525
236	1523
236	1799
236	1798
236	1807
236	1840
236	1845
236	1850
236	2005
236	2576
236	2940
236	3833
236	3839
236	3840
236	4193
236	4200
236	4203
236	4205
236	4218
236	4223
237	236
237	1492
237	1504
237	1506
237	1531
237	1845
237	1850
238	237
238	658
240	239
240	1697
240	1793
240	1799
240	1852
240	2064
240	2343
240	3330
240	3347
240	3679
240	3808
240	3825
240	3826
240	3979
243	242
243	244
243	4146
243	4149
242	4149
244	4145
245	244
245	463
245	578
245	1342
245	1349
245	1791
245	3497
245	3507
245	3515
245	3712
247	246
247	251
247	249
247	1598
247	1616
248	249
250	249
250	1612
251	249
252	251
252	261
253	252
253	710
253	728
253	3006
253	3012
253	3013
253	3569
253	4111
254	253
254	709
254	770
254	2954
254	2961
254	3014
254	3867
254	3890
254	3899
254	3903
254	3910
254	3913
254	3920
254	3942
254	4020
254	4046
254	4049
254	4059
254	4060
254	4061
254	4079
254	4084
254	4083
254	4085
254	4112
255	252
255	1613
255	1655
255	1657
255	2975
255	2976
255	3014
257	256
257	259
257	1649
257	1663
257	1667
258	259
260	259
260	1661
261	259
263	262
265	264
265	1873
265	1874
265	1875
265	1876
265	1877
265	1878
265	1879
265	1880
265	1881
265	1882
265	1883
265	1884
265	1885
265	1886
265	1887
265	1888
265	1889
265	1890
265	1891
265	1892
265	1893
265	1894
265	1895
265	1896
265	1897
265	1898
265	1899
265	1900
265	1901
265	1902
265	1903
265	1904
265	1905
265	1906
265	1907
265	1908
265	1909
265	1910
265	1911
265	1912
265	1913
265	1914
265	1915
265	1916
265	1917
265	1918
266	265
266	1941
268	267
268	269
268	270
268	272
268	273
268	274
268	275
268	276
267	271
269	271
270	271
272	271
273	271
274	271
275	271
276	271
278	277
278	281
278	290
278	2903
278	3526
278	3696
278	3750
278	3777
278	3780
279	281
279	282
279	284
279	286
279	287
280	279
280	1288
280	2506
280	2821
283	282
283	2540
283	2539
283	2813
283	2901
283	2904
283	2903
283	2906
283	2908
283	3254
283	3691
285	284
288	287
288	2837
288	3592
288	3596
288	3597
288	3736
289	311
291	290
291	1518
291	1538
291	1949
291	1991
291	4159
292	290
292	363
292	2167
292	2227
292	2229
292	3853
292	4038
292	4040
292	4084
292	4158
294	293
294	295
294	297
296	295
296	296
296	2230
296	2249
296	2427
296	2439
296	2889
297	311
298	301
298	305
298	307
298	310
299	298
300	298
302	301
302	305
302	307
302	310
303	301
303	305
303	307
303	310
304	301
304	305
304	307
304	310
306	305
308	307
308	310
313	312
313	315
313	321
313	325
313	324
313	330
313	333
313	334
313	335
313	336
313	337
313	338
313	355
313	1563
313	1592
313	1593
313	1633
313	1641
313	2403
313	2404
313	2406
313	2407
313	2408
313	2707
313	2709
313	2711
313	2941
313	2942
313	2943
313	3861
312	315
312	321
312	325
312	326
312	327
312	329
312	331
312	334
312	335
312	336
312	337
312	1563
312	1592
312	1593
312	1594
312	1631
312	1632
312	1633
312	1635
312	1636
312	1637
312	1638
312	1639
312	1640
312	1641
312	1642
312	1644
312	2403
312	2404
312	2406
312	2407
312	2408
312	2707
312	2709
312	2711
312	2941
312	2942
312	2943
312	3860
312	3861
315	314
315	316
315	355
316	314
318	317
318	1634
320	319
322	321
322	322
322	1437
322	2050
322	2207
322	2714
323	322
323	323
323	2054
325	324
325	328
325	330
325	332
325	338
325	1561
328	333
340	339
340	341
340	342
340	343
340	344
340	345
340	346
340	347
340	348
340	349
340	350
340	351
340	352
340	354
340	2401
340	2402
340	2405
340	2409
340	2939
357	357
359	359
361	361
363	363
364	363
364	378
364	377
364	382
364	441
364	442
364	443
364	447
364	449
364	450
364	452
364	454
364	455
364	456
364	458
364	566
364	1848
364	1934
364	2036
364	2037
364	3085
364	3091
364	3095
364	3098
364	3114
364	3120
364	3130
364	3131
364	3132
364	3177
364	3938
364	3950
364	3958
364	3959
364	4033
364	4041
364	4092
364	4153
364	4155
364	4158
366	365
366	367
368	367
368	382
368	385
368	568
368	770
368	2358
368	3036
368	3852
370	369
370	372
370	3473
372	371
372	380
372	385
373	371
373	380
373	385
374	371
374	421
374	422
374	788
374	2308
374	2317
374	3662
374	4045
374	4234
375	371
375	2241
375	2243
376	371
376	380
376	385
378	377
377	3091
379	378
379	382
379	433
379	438
379	439
379	446
379	448
379	454
379	457
379	586
379	953
379	956
379	948
379	1171
379	1285
379	1291
379	974
379	4013
379	4152
379	4153
379	1826
379	4165
380	377
380	383
381	380
381	385
383	382
384	382
384	4146
386	385
386	641
386	1483
386	1964
386	3238
385	3115
387	385
388	385
388	3116
390	389
390	391
390	392
393	392
394	394
395	396
395	2124
395	4063
398	397
398	412
398	427
398	1035
398	1033
398	1053
398	2154
398	2156
398	2222
398	3044
397	412
397	427
399	398
399	1287
399	1679
399	1686
399	1687
399	1689
399	1688
399	1685
399	2308
399	2317
401	400
401	412
401	424
401	463
401	552
401	1210
401	1211
401	1212
401	1213
401	1214
401	1215
401	1216
401	1338
401	1342
401	1822
401	2129
401	2136
401	2161
401	2328
401	3497
401	3498
401	3502
401	3507
401	3510
401	3515
401	3709
401	3712
401	3823
401	3980
403	402
403	408
404	403
404	402
404	406
404	417
404	418
404	424
404	459
404	1210
404	1211
404	1212
404	1213
404	1214
404	1215
404	1216
404	1306
404	1338
404	1822
404	2116
404	2120
404	2385
404	2393
404	3498
404	3502
404	3510
404	3709
405	403
405	409
405	417
405	418
407	406
410	409
412	411
412	412
412	471
412	480
412	485
412	2151
412	2224
412	2316
412	2352
412	2356
412	2358
412	2371
412	2460
412	2480
412	2497
412	2706
412	2741
412	2742
412	3567
412	3597
412	3663
412	3686
412	3688
412	3691
412	3694
412	3697
412	3729
412	3734
412	3736
412	3745
413	411
415	414
415	423
415	971
415	984
415	1217
415	1306
415	2116
415	2120
415	2318
415	2335
415	2385
415	2393
415	2756
415	3056
415	3659
415	4191
414	417
414	418
416	414
416	423
416	546
416	821
416	835
416	1923
416	1938
416	1972
416	1975
416	1985
416	2270
416	3974
416	4045
416	4086
420	419
420	4172
424	478
424	2328
425	2585
425	2730
427	426
429	428
430	428
430	1260
430	2328
430	2513
430	3204
432	431
432	2706
432	4317
434	433
434	435
434	437
434	1425
434	1428
434	1443
434	1444
434	1465
434	1505
434	1506
434	1530
434	1531
434	1555
434	1556
434	1557
434	1560
434	1569
434	1570
434	3591
434	4154
434	4166
434	4310
434	4312
434	4318
436	435
436	804
436	1837
436	2227
436	2522
436	3796
436	4028
436	4040
440	439
440	974
440	4114
448	447
448	2206
448	2318
448	3042
448	3916
448	4123
454	472
454	1283
454	1292
454	2099
454	3659
454	3673
454	3957
460	459
459	463
459	465
462	461
462	471
462	477
462	482
462	483
462	3490
461	465
464	463
464	465
463	465
466	465
466	466
466	467
468	467
468	1197
468	1339
468	3061
468	3500
468	3503
468	3511
468	3710
468	4148
470	469
470	1341
470	3501
470	3509
470	3517
470	3717
472	477
473	472
473	473
473	478
473	2099
473	2328
473	3659
474	473
475	473
476	472
476	478
476	2099
476	2204
476	2326
476	2328
478	3659
479	478
481	480
484	483
484	486
484	489
484	490
484	495
487	486
489	488
489	492
489	493
489	497
491	496
492	492
494	493
494	3228
494	4082
500	499
500	501
500	504
500	514
500	515
502	501
502	1805
503	501
503	1805
505	504
505	507
505	515
505	656
505	2051
505	2063
505	2070
505	2198
505	2209
505	2210
505	4066
508	507
508	4320
509	507
509	2522
509	2949
510	507
510	511
510	513
512	511
512	513
517	516
517	2957
519	518
521	520
521	523
521	524
521	525
521	526
521	528
521	529
521	530
521	531
521	537
522	521
522	532
527	526
527	528
527	3988
534	533
535	533
536	2963
536	2972
538	538
538	541
538	3170
539	538
540	538
541	3170
542	541
543	541
549	548
549	3980
551	555
554	553
554	4025
558	557
557	3054
557	3097
557	3950
559	557
561	560
561	563
562	560
564	563
565	599
565	2223
565	4043
565	4255
567	566
569	568
569	770
569	851
569	1234
569	4103
569	4181
574	573
575	574
575	576
575	577
575	578
575	579
575	581
575	582
575	583
575	2123
575	2124
575	2151
575	2154
575	2156
575	2705
575	3044
575	4088
575	370
580	579
587	586
586	2201
588	586
590	589
591	590
591	594
593	592
593	595
598	597
598	4066
600	601
604	603
604	641
604	3150
604	3157
604	3158
604	3179
604	3229
607	606
606	2332
609	608
609	821
609	835
610	611
614	613
614	616
614	617
614	619
614	871
614	2000
614	3824
615	614
615	613
615	616
615	617
615	905
615	2160
615	3482
615	4075
619	618
619	619
619	623
619	624
619	631
619	633
619	636
619	644
619	646
619	3467
618	627
618	628
618	629
618	630
618	632
618	634
618	635
618	637
618	638
618	639
618	640
620	619
621	619
622	619
622	664
622	871
622	1425
622	1428
622	1485
622	2689
622	3650
623	625
627	626
641	647
641	649
644	643
644	645
648	647
648	2281
648	3952
648	4297
648	4299
648	4301
648	4303
648	4307
653	652
653	1446
653	1445
653	1448
653	1799
653	1824
653	1950
653	2004
653	2002
652	652
657	656
657	660
657	661
656	1430
659	658
658	1370
658	1823
663	659
664	1540
665	665
665	719
666	665
668	667
670	669
669	671
669	672
674	673
673	759
677	674
682	681
682	691
686	685
689	688
689	690
689	753
689	1718
689	1729
689	1733
691	691
692	691
692	771
693	691
693	765
694	691
696	695
697	696
697	708
697	718
698	697
698	705
698	713
698	715
698	717
699	698
699	719
699	774
700	699
700	707
700	781
700	841
701	700
701	712
701	714
701	721
701	723
701	726
701	727
701	778
701	797
701	837
702	700
702	734
702	735
702	744
702	743
702	833
702	2075
702	2076
702	2336
702	2949
702	3535
702	4092
702	4114
704	703
706	705
707	723
709	708
709	767
709	3990
710	709
710	3014
711	709
711	1233
711	1684
711	1692
711	3014
711	3028
711	3857
729	728
729	2689
729	2971
729	4114
731	730
731	732
731	2159
731	2167
731	2223
731	2237
731	2242
731	2244
733	747
736	735
735	749
735	783
737	735
737	738
737	747
738	735
738	783
739	738
741	740
741	742
740	740
743	783
744	743
744	783
745	744
746	744
747	783
748	747
751	750
752	750
752	759
752	2385
752	2393
754	757
756	755
756	757
756	758
756	765
760	759
763	762
764	771
766	765
768	767
768	769
768	3860
768	3906
768	4089
768	4266
768	4270
769	768
770	768
771	843
771	850
774	773
774	780
773	801
777	776
777	779
780	779
780	811
780	812
780	813
781	780
781	782
781	804
781	816
782	780
782	792
782	810
784	783
784	4109
785	783
785	831
786	783
787	786
792	794
794	793
796	795
796	797
796	799
798	797
801	803
803	802
804	806
804	814
806	805
806	807
810	809
818	817
820	819
820	834
832	831
837	836
837	838
837	839
837	840
846	845
846	849
849	848
851	850
851	1302
851	1623
851	1668
851	1669
851	2745
851	4144
854	853
854	892
854	1312
854	1566
854	1994
854	2545
854	2961
854	3479
854	3480
854	3801
853	860
853	862
853	867
855	854
855	903
856	854
856	872
856	892
856	912
856	1477
856	1997
856	2005
856	2011
856	2040
856	2799
856	3018
857	854
857	903
857	907
857	1479
858	857
858	1478
858	1828
858	3797
859	854
859	865
859	1311
862	861
862	863
862	864
862	870
867	866
867	868
866	1429
869	868
869	2550
869	3477
872	2041
874	873
874	1829
873	908
875	876
875	877
875	878
875	879
880	881
880	883
880	884
880	885
881	882
881	875
886	887
886	888
886	889
886	880
889	890
889	891
894	893
895	894
895	896
895	898
896	894
896	896
900	899
899	899
901	899
901	2753
901	2754
901	4164
903	902
903	1987
903	2800
903	3478
903	3485
903	4182
902	3476
906	905
907	2544
910	909
910	2043
910	2552
910	3935
911	910
911	2043
911	2551
914	913
914	2787
918	917
918	1872
923	922
923	930
925	924
925	926
925	927
925	928
930	1942
930	2524
932	1308
932	1335
932	1949
932	1967
932	2023
932	2036
932	2037
932	2230
932	2250
932	2762
932	2880
932	2896
932	3119
934	933
934	936
934	940
934	943
934	944
934	945
934	989
934	990
934	991
934	992
934	993
935	934
935	938
935	1001
935	1002
938	937
938	939
938	941
938	942
947	946
947	957
947	965
947	967
947	968
948	947
948	950
950	949
950	962
950	963
950	964
950	966
950	969
952	951
953	952
953	959
955	954
956	955
956	961
959	958
961	960
970	953
970	956
970	982
970	948
970	988
971	953
971	984
971	972
972	953
972	948
972	996
972	1000
973	953
973	956
973	948
973	1100
973	1173
973	1174
974	953
974	948
975	953
975	948
975	1573
976	953
976	948
976	2689
976	2786
977	953
977	948
978	956
978	1306
978	2087
978	2099
978	2116
978	2122
978	2215
978	2227
978	2391
979	956
980	956
981	956
982	985
982	986
982	987
983	982
984	948
984	994
997	972
998	997
998	2109
999	972
999	1257
999	3659
1002	1003
1002	1004
1002	1005
1007	1006
1007	1009
1007	1010
1007	1013
1007	1014
1007	1015
1008	1007
1008	1012
1008	1062
1008	1018
1012	1011
1017	1016
1017	1019
1017	1022
1017	1023
1017	1025
1018	1017
1018	1021
1018	1061
1018	1063
1018	1064
1018	1065
1018	1066
1021	1020
1021	1024
1027	1026
1027	1042
1028	1027
1028	1030
1028	1055
1028	1056
1030	1029
1030	1040
1030	1041
1030	1043
1032	1031
1033	1032
1033	1039
1033	1051
1033	1052
1035	1034
1036	1035
1036	1046
1036	1033
1036	1053
1036	1054
1036	1028
1036	1057
1037	1035
1037	1033
1037	1053
1037	2136
1037	2137
1037	2154
1037	2156
1037	2222
1037	2358
1037	3044
1039	1038
1045	1044
1046	1045
1046	1048
1046	1049
1046	1050
1048	1047
1054	1059
1054	1060
1058	1057
1068	1067
1068	1069
1068	1070
1067	1072
1067	1077
1067	1078
1069	1071
1069	1076
1070	1073
1070	1074
1070	1075
1070	1079
1081	1080
1081	1082
1081	1083
1080	1085
1080	1090
1080	1091
1082	1086
1082	1087
1082	1088
1082	1092
1083	1084
1083	1089
1097	1096
1097	1114
1097	1151
1097	1153
1097	1155
1097	1158
1097	1159
1097	1162
1099	1098
1099	1106
1099	1107
1099	1108
1099	1109
1100	1099
1100	1102
1100	1115
1100	1116
1102	1101
1102	1110
1102	1111
1102	1112
1104	1103
1104	1105
1113	1100
1113	1117
1113	1126
1113	1138
1113	1139
1113	1144
1113	1145
1113	1147
1113	1149
1113	1150
1113	1152
1113	1154
1113	1157
1113	1160
1113	1161
1117	1118
1117	1119
1117	1121
1117	1123
1121	1120
1121	1124
1123	1122
1123	1125
1126	1127
1126	1128
1126	1130
1126	1135
1130	1129
1130	1131
1130	1132
1130	1133
1135	1134
1135	1136
1135	1137
1138	1140
1138	1142
1139	1141
1139	1143
1147	1146
1147	1148
1164	1163
1165	1163
1166	1163
1168	1167
1170	1169
1172	1171
1172	1173
1172	1174
1172	1175
1171	1180
1171	1181
1171	1187
1175	1174
1176	1175
1176	1182
1176	1188
1176	2317
1176	2321
1177	1176
1177	2291
1178	1176
1178	1182
1178	1188
1178	2263
1178	2266
1178	2270
1178	2275
1178	2280
1178	2279
1178	2283
1178	2291
1178	2302
1178	2307
1179	1176
1179	1182
1179	1188
1179	2258
1179	2263
1179	2266
1179	2270
1179	2275
1179	2280
1179	2279
1179	2283
1179	2290
1179	2291
1179	2298
1179	2302
1179	2307
1182	1181
1182	2317
1183	1182
1183	1188
1183	2258
1183	2263
1183	2266
1183	2270
1183	2275
1183	2279
1183	2280
1183	2283
1183	2290
1183	2298
1183	2302
1183	2307
1184	1182
1185	1184
1185	2281
1185	4294
1185	4295
1185	4296
1185	4297
1185	4298
1185	4299
1185	4300
1185	4301
1185	4302
1185	4303
1185	4304
1185	4307
1185	4308
1186	1184
1186	4294
1186	4295
1186	4296
1186	4298
1186	4300
1186	4302
1186	4304
1186	4305
1186	4308
1188	1187
1188	2317
1191	1190
1191	1725
1191	1799
1191	2139
1191	2209
1190	1197
1190	1220
1192	1191
1193	1190
1193	1920
1193	1948
1193	1951
1193	1947
1193	1972
1193	1980
1193	2037
1194	1210
1194	1212
1194	1213
1194	1214
1194	1215
1194	1216
1195	1194
1195	1197
1195	1211
1196	1195
1196	1210
1196	1211
1196	1212
1196	1213
1196	1214
1196	1215
1196	1216
1197	1195
1199	1205
1201	1200
1201	1201
1201	1202
1203	1206
1203	1227
1205	1204
1206	1205
1208	1207
1210	1209
1212	1211
1219	1218
1222	1221
1222	1223
1223	1224
1223	1225
1223	1226
1229	1228
1231	1230
1234	1233
1234	1241
1234	1252
1234	1257
1233	1237
1233	1295
1233	1296
1233	1297
1235	1234
1235	2551
1235	2552
1236	1234
1236	1257
1236	1280
1238	1237
1238	1241
1238	1252
1238	1297
1240	1239
1240	1298
1241	1240
1241	1254
1243	1242
1243	1263
1243	1299
1244	1243
1246	1245
1246	1279
1247	1246
1247	1248
1249	1248
1249	1257
1249	1280
1249	2722
1250	1248
1250	1251
1250	1265
1252	1254
1252	1255
1252	1262
1253	1252
1253	1255
1253	1262
1253	1694
1253	2336
1253	2385
1253	2393
1253	3051
1253	3056
1253	3580
1253	4228
1256	1255
1256	1295
1257	1256
1257	1262
1257	1280
1257	1296
1258	1257
1258	2722
1259	1256
1259	2639
1260	1256
1260	1294
1261	1256
1261	1294
1265	1264
1265	1267
1265	1268
1265	1269
1265	1276
1265	1277
1267	1266
1267	1270
1267	1271
1267	1272
1267	1273
1267	1274
1267	1275
1279	1278
1279	1281
1279	1283
1278	1284
1280	1279
1280	1284
1280	1286
1281	1288
1281	1290
1282	1281
1282	1290
1282	3673
1282	3674
1283	1292
1283	1293
1286	1285
1286	1291
1285	1288
1285	1293
1287	1286
1287	1679
1287	2710
1287	3056
1287	3170
1289	1288
1289	3673
1291	1290
1291	1292
1305	1304
1305	1585
1305	1611
1305	1647
1305	1653
1305	2203
1305	2519
1305	3786
1305	3848
1305	3851
1305	4098
1309	1308
1309	1320
1309	1322
1309	1329
1312	1313
1312	3473
1315	1314
1315	1318
1315	1319
1314	1318
1314	1319
1316	1314
1316	1331
1316	1332
1316	1334
1317	1316
1317	1320
1317	1337
1321	1320
1321	1322
1321	1321
1321	1330
1323	1321
1323	1333
1323	1336
1323	4156
1323	4163
1323	4165
1323	4167
1324	1323
1324	1511
1324	1519
1324	1528
1324	1539
1324	1832
1324	2036
1324	2037
1324	1820
1324	4165
1324	4322
1325	1324
1325	1967
1325	291
1326	1321
1327	1321
1329	1328
1335	1334
1336	1335
1336	1830
1336	1831
1336	1838
1336	1843
1336	1851
1336	1826
1336	4164
1338	1342
1338	1344
1340	1339
1340	1340
1340	1344
1343	1342
1343	1344
1342	1344
1345	1344
1346	1345
1347	1345
1348	1345
1348	1349
1348	1350
1348	1351
1348	1355
1354	1353
1356	1364
1357	1358
1358	1359
1358	1360
1358	1361
1358	1362
1362	1363
1366	1365
1366	1434
1365	1446
1365	1448
1367	1365
1367	1959
1367	1961
1367	1952
1367	1982
1367	1984
1367	1990
1367	1993
1367	2010
1369	1368
1369	1376
1369	1381
1369	1396
1369	1404
1369	1420
1370	1369
1370	1814
1370	1835
1370	1836
1370	1840
1371	1369
1371	1373
1371	1377
1371	1382
1371	1397
1371	1405
1371	1421
1372	1369
1372	1368
1372	1376
1372	1375
1372	1374
1372	1381
1372	1380
1372	1387
1372	1386
1372	1390
1372	1392
1372	1394
1372	1396
1372	1398
1372	1400
1372	1402
1372	1404
1372	1406
1372	1409
1372	1408
1372	1412
1372	1414
1372	1416
1372	1418
1372	1420
1372	1449
1372	1451
1372	1453
1372	1455
1372	1823
1372	1840
1373	1368
1375	1374
1375	1387
1375	1390
1375	1402
1375	1414
1375	1418
1375	1449
1376	1375
1376	1384
1376	1392
1376	1398
1377	1376
1377	1378
1377	1385
1377	1399
1378	1375
1378	1379
1378	1388
1378	1391
1378	1403
1378	1415
1378	1419
1378	1450
1379	1374
1381	1380
1381	1394
1381	1400
1381	1409
1382	1381
1382	1383
1382	1395
1382	1401
1382	1410
1383	1380
1384	1406
1384	1455
1385	1384
1385	1393
1385	1407
1385	1456
1387	1386
1387	1412
1387	1416
1388	1387
1388	1389
1388	1413
1388	1417
1389	1386
1391	1390
1393	1392
1395	1394
1397	1396
1399	1398
1401	1400
1403	1402
1405	1404
1407	1406
1409	1408
1409	1451
1409	1453
1410	1409
1410	1411
1410	1452
1410	1454
1411	1408
1413	1412
1415	1414
1417	1416
1419	1418
1421	1420
1423	1422
1422	1429
1424	1423
1424	1810
1424	1811
1424	1812
1424	1828
1427	1426
1430	1429
1430	1431
1430	1821
1430	1828
1430	1850
1430	4183
1431	1430
1432	1429
1432	2122
1432	2723
1433	1429
1434	1429
1434	1434
1435	1434
1435	1441
1435	1824
1436	1434
1436	1994
1436	1997
1436	2006
1436	2011
1436	2017
1436	2019
1436	2040
1436	2046
1437	1434
1437	1437
1438	1437
1438	1460
1439	1437
1440	1434
1440	1829
1441	1440
1442	1434
1442	1992
1442	1997
1442	2005
1442	2008
1442	2011
1442	2014
1442	2016
1442	2018
1442	2026
1442	2029
1442	2039
1442	4324
1446	1445
1446	1447
1450	1449
1452	1451
1454	1453
1456	1455
1458	1457
1458	1459
1458	1466
1461	1461
1464	1463
1464	2427
1464	2440
1464	2461
1467	1467
1469	1468
1471	1470
1471	1475
1471	1491
1471	1507
1471	1535
1472	1471
1472	1473
1472	1474
1472	1485
1472	1492
1472	1529
1472	1536
1473	1470
1474	1470
1474	1475
1474	1508
1476	1475
1476	1502
1476	1512
1481	1480
1481	1552
1481	1554
1482	1476
1484	1483
1484	1646
1486	1485
1487	1485
1489	1488
1489	1498
1489	1532
1490	1489
1490	1512
1490	1514
1490	1523
1491	1490
1491	1502
1492	1491
1492	1493
1492	1503
1493	1490
1493	1494
1493	1513
1493	1515
1493	1524
1494	1489
1494	1496
1494	1499
1494	1533
1495	1494
1495	1497
1495	1500
1495	1534
1495	1814
1496	1488
1497	1496
1497	1813
1499	1498
1500	1499
1500	1817
1503	1502
1504	1503
1504	1823
1508	1507
1508	1509
1510	1509
1510	1517
1510	1520
1510	1521
1510	1522
1510	1526
1510	1537
1510	2160
1510	3172
1510	4319
1510	4321
1510	4328
1511	1509
1511	1819
1511	1830
1511	1848
1513	1512
1515	1514
1516	1515
1516	1836
1519	1518
1519	1838
1524	1523
1525	1524
1525	1523
1525	1558
1525	1839
1525	1840
1528	1527
1528	1843
1530	1529
1530	1845
1533	1532
1534	1533
1534	1846
1534	1848
1536	1535
1539	1538
1539	1825
1539	1827
1539	1851
1542	1541
1543	1542
1543	2864
1544	1543
1544	2421
1544	2855
1544	2856
1544	2857
1545	1544
1545	1573
1545	1682
1545	2885
1545	3164
1545	3639
1545	3648
1547	1546
1547	3269
1547	3270
1547	3272
1547	3287
1547	3309
1547	3317
1547	3322
1547	3330
1547	3332
1548	1547
1548	3245
1548	3249
1548	3250
1548	3251
1548	3252
1549	1548
1549	3181
1549	3241
1549	3242
1549	3255
1550	1549
1550	1682
1550	2441
1550	2514
1550	2534
1550	2539
1550	2845
1550	3245
1550	3251
1550	3255
1550	3270
1550	3273
1550	3463
1550	3466
1550	3763
1550	3764
1550	3768
1551	1548
1552	1552
1553	1552
1559	1558
1559	1799
1559	3661
1559	3660
1559	4150
1562	1561
1562	1563
1565	1564
1565	1568
1566	1565
1567	1566
1567	1571
1567	1583
1567	1588
1567	1591
1572	1571
1572	1579
1572	2735
1572	3067
1572	3085
1572	3087
1572	3095
1572	3098
1572	3100
1572	3110
1572	3117
1572	3118
1572	4033
1573	1572
1573	3069
1573	3072
1573	3075
1573	3653
1573	3659
1573	3678
1574	1573
1574	1579
1574	1578
1574	1580
1574	3067
1574	3069
1574	3072
1574	3080
1574	3085
1574	3087
1574	3103
1574	3113
1574	3115
1574	3117
1574	3120
1574	3130
1574	3131
1574	3165
1574	3170
1575	1571
1575	3118
1575	4158
1576	1571
1576	1580
1576	1581
1576	2860
1576	2888
1576	3080
1576	3785
1578	1577
1578	2438
1578	3101
1578	3106
1578	3119
1578	3133
1578	3134
1578	3135
1578	3136
1578	3640
1578	3649
1579	1578
1579	1580
1579	3078
1579	3080
1579	3084
1579	3090
1579	3091
1579	3102
1579	3103
1579	3112
1584	1583
1587	1586
1587	1590
1597	1596
1597	1605
1597	1606
1597	1607
1598	1597
1598	1600
1598	1603
1600	1599
1600	1604
1602	1601
1603	1602
1613	1612
1615	1614
1615	1662
1615	1675
1617	1616
1618	1616
1618	1625
1618	1626
1618	1627
1618	1661
1619	1616
1619	1663
1621	1620
1622	1620
1624	1623
1628	1627
1630	1629
1630	1833
1646	1645
1650	1649
1655	1654
1656	1655
1657	1654
1657	1658
1660	1659
1660	3233
1665	1664
1674	1673
1674	3032
1674	3844
1677	1676
1677	3026
1678	1677
1678	3170
1678	3177
1678	3681
1680	1679
1680	3178
1681	1679
1685	1684
1685	1691
1685	1694
1686	1685
1687	1685
1688	1685
1689	1688
1690	1684
1692	1694
1693	1692
1693	2785
1693	2949
1695	1694
1695	3051
1695	3056
1698	1697
1698	1700
1698	1699
1698	1723
1698	1725
1698	1726
1698	1736
1698	1739
1698	1740
1698	1743
1698	1789
1698	1793
1698	1794
1697	1699
1697	1739
1697	1740
1700	1699
1700	1719
1701	1700
1701	1723
1701	1725
1701	1743
1702	1701
1702	1708
1702	1712
1702	1742
1702	1761
1702	1779
1703	1702
1703	1707
1703	1743
1704	1699
1705	1699
1707	1706
1707	1711
1707	1716
1707	1736
1708	1706
1708	1716
1710	1709
1710	1725
1710	1796
1712	1711
1712	1736
1713	1712
1714	1788
1714	2119
1715	1714
1721	1720
1720	1725
1722	1720
1722	1733
1723	1743
1725	1724
1725	1733
1726	1725
1727	1725
1727	1743
1727	1744
1727	1780
1727	1781
1728	1725
1728	1729
1728	1788
1728	1790
1728	1791
1728	1792
1728	1793
1728	2119
1728	4323
1729	1725
1730	1729
1730	4323
1731	1729
1731	1788
1731	2119
1731	4323
1732	1724
1733	1786
1734	1733
1734	3684
1736	1735
1736	1779
1738	1737
1742	1741
1742	1761
1742	1776
1741	1778
1741	1781
1743	1742
1743	1746
1743	1765
1743	1777
1743	1779
1744	1742
1744	1779
1745	1741
1745	1793
1745	3684
1746	1764
1746	1766
1747	1748
1747	1754
1747	1755
1748	1749
1748	1750
1748	1751
1748	1752
1748	1753
1756	1748
1756	1757
1756	1758
1756	1759
1756	1755
1760	1748
1761	1763
1762	1761
1762	1780
1767	1768
1768	1769
1769	1770
1769	1771
1769	1772
1769	1773
1774	1768
1776	1775
1780	1779
1783	1782
1783	1786
1782	1793
1782	2120
1785	1784
1786	1785
1788	1789
1795	1794
1799	1798
1799	1804
1800	1799
1801	1799
1802	1799
1803	1799
1806	1805
1808	1807
1809	1807
1809	2719
1809	3667
1814	1813
1814	1817
1814	1846
1815	1814
1816	1814
1816	1818
1816	1846
1816	1847
1820	1819
1820	1839
1820	1848
1820	2036
1820	2037
1820	4158
1820	4159
1822	1833
1826	1825
1826	1827
1832	1831
1845	1844
1849	1850
1863	1862
1863	1871
1863	1872
1865	1864
1867	1866
1867	1868
1914	1919
1921	1920
1921	1924
1921	1925
1921	1963
1921	1979
1921	1981
1920	1932
1923	1985
1926	1925
1926	1932
1926	1948
1926	1981
1925	2002
1927	1925
1927	1950
1927	1967
1927	2002
1927	2010
1928	1927
1928	1933
1929	1927
1929	1933
1929	1994
1929	1997
1929	2005
1929	2023
1930	1925
1930	1932
1930	1938
1930	1958
1930	1972
1930	1979
1930	1981
1930	1983
1930	2023
1931	1930
1931	1941
1931	1943
1933	1932
1933	1961
1933	1982
1933	1981
1933	1993
1935	1934
1935	1940
1935	1949
1936	1935
1936	1936
1936	1937
1936	1948
1937	1935
1937	1948
1937	1957
1938	1937
1938	1938
1938	1964
1940	1939
1940	1991
1939	1967
1941	1940
1942	1940
1942	1939
1942	1973
1943	1940
1943	1949
1943	1948
1943	1947
1943	1957
1943	1968
1944	1939
1944	1947
1945	1939
1945	1946
1946	1939
1946	1947
1946	1948
1946	1967
1947	1939
1948	1947
1948	1963
1948	1967
1949	1948
1950	1948
1950	2002
1950	2010
1951	1950
1951	2009
1951	2011
1952	1951
1953	1951
1953	1959
1953	1961
1953	1982
1953	2003
1953	2009
1953	2037
1954	1950
1955	1950
1956	1947
1960	1960
1962	1961
1962	1982
1962	1993
1966	1965
1966	2045
1970	1969
1970	1971
1970	1974
1970	2030
1976	1975
1976	1985
1977	1976
1977	1978
1978	1975
1978	1985
1978	1986
1980	1982
1981	1980
1981	1986
1982	1981
1985	1985
1990	2002
1990	2010
1994	1993
1994	2010
1994	2038
1993	2002
1993	2031
1995	1994
1995	1993
1995	2010
1996	1995
1996	2002
1996	2003
1996	2004
1996	2010
1996	2038
1996	2040
1996	2044
1999	1999
1999	2012
1999	2013
2002	2015
2002	2028
2003	2002
2003	2038
2004	2003
2004	2040
2006	2005
2005	2009
2005	2015
2005	2027
2007	2009
2008	2008
2009	2017
2009	2019
2009	2025
2009	2030
2022	2021
2024	2023
2033	2032
2033	2034
2033	2035
2035	2034
2035	2036
2035	2037
2041	2042
2046	2046
2048	2047
2050	2050
2051	2050
2052	2050
2052	2052
2052	2385
2052	2393
2053	2052
2053	2054
2053	2177
2056	2055
2056	4177
2056	4178
2056	4179
2056	4180
2057	2055
2057	2178
2057	2180
2057	2182
2057	2184
2057	2185
2058	2354
2058	2355
2062	2061
2062	2063
2062	2064
2062	2065
2062	2068
2062	2188
2064	2119
2067	2066
2070	2069
2071	2070
2071	2075
2071	2076
2071	2077
2071	2088
2071	2092
2072	2070
2073	2070
2073	3244
2074	2069
2078	2080
2078	2086
2079	2078
2079	2085
2079	2106
2079	974
2079	2136
2079	2139
2079	2150
2079	2155
2079	2202
2079	2215
2079	2216
2079	2217
2079	2220
2079	2228
2079	2236
2079	2312
2079	2311
2079	2317
2079	2319
2079	2356
2079	2358
2079	2371
2079	3044
2079	3814
2079	3816
2081	2082
2083	2084
2089	2088
2089	2092
2089	2093
2089	2095
2089	2140
2091	2090
2091	2094
2091	2148
2091	2149
2095	2199
2095	2385
2095	3660
2096	2089
2096	2214
2097	2089
2097	2214
2099	2098
2099	3043
2098	2102
2098	2104
2098	2106
2100	2098
2102	2101
2102	2103
2106	2105
2106	2107
2109	2108
2109	2111
2109	2112
2110	974
2125	2124
2128	2127
2130	2129
2130	2138
2130	2141
2129	2132
2129	2133
2131	2129
2131	2135
2131	2350
2131	2351
2133	2134
2135	2138
2137	2138
2138	2139
2139	2141
2139	2371
2140	2139
2140	2140
2140	2150
2140	2154
2140	2156
2140	2344
2140	2371
2143	2142
2142	2144
2142	2145
2142	2146
2142	2147
2151	3556
2152	2151
2152	3567
2152	3667
2152	3677
2152	3691
2152	3694
2152	3729
2152	3734
2152	3745
2153	2152
2153	3808
2153	3817
2155	2154
2155	2156
2158	2157
2158	2159
2158	4234
2157	2159
2160	2160
2162	2161
2162	2163
2164	2163
2164	3826
2165	2163
2167	2166
2170	2169
2172	2171
2174	2173
2176	2175
2179	2178
2182	2181
2182	2183
2186	2185
2186	4305
2187	2185
2187	2759
2187	4180
2190	2189
2190	2193
2190	2195
2190	2196
2199	2198
2200	2199
2200	2215
2200	2385
2200	2393
2202	2201
2202	2216
2202	2218
2204	2205
2206	2205
2206	2311
2220	2219
2222	2221
2226	2225
2226	2322
2226	2347
2226	2348
2226	2375
2231	2230
2231	2236
2233	2082
2234	2235
2236	2311
2238	2237
2245	2246
2247	2246
2252	2251
2252	2255
2252	2259
2252	2261
2252	2268
2252	2271
2252	2273
2252	2277
2252	2285
2252	2287
2252	2292
2252	2294
2252	2303
2252	2305
2254	2253
2254	2260
2254	2264
2254	2267
2254	2272
2254	2276
2254	2286
2254	2293
2254	2296
2254	2300
2254	2304
2257	2256
2257	2262
2257	2265
2257	2269
2257	2274
2257	2278
2257	2282
2257	2284
2257	2288
2257	2289
2257	2295
2257	2297
2257	2301
2257	2306
2258	2321
2266	2308
2266	2318
2280	2279
2281	2279
2291	2311
2291	2317
2298	2321
2299	2298
2309	2308
2309	2311
2309	2317
2309	2318
2312	2311
2313	2312
2313	2316
2315	2314
2315	2379
2315	2380
2320	2319
2320	3234
2323	2322
2326	2325
2329	2328
2329	2330
2333	2332
2333	2334
2333	2339
2333	2340
2333	2341
2337	2336
2337	2342
2337	2333
2338	2336
2345	2344
2347	2346
2347	2350
2347	2359
2349	2348
2349	2395
2358	2357
2358	2365
2359	2360
2359	2361
2359	2362
2366	2367
2366	2368
2366	2369
2371	2372
2371	2374
2372	2373
2383	2382
2386	2385
2386	2393
2403	2408
2404	2403
2411	2410
2411	2430
2411	2444
2412	2410
2412	2420
2412	2430
2412	2431
2412	2436
2412	2438
2412	2444
2412	2531
2413	2412
2414	2413
2414	2531
2414	2546
2414	2545
2414	2574
2414	2625
2414	2689
2414	2737
2414	4244
2415	2410
2415	2416
2415	2417
2419	2418
2419	2604
2419	2607
2419	2686
2418	2418
2421	2420
2420	2438
2422	2420
2422	2451
2422	2489
2422	2491
2422	2597
2422	2663
2423	2422
2423	2447
2423	2448
2424	2420
2424	2597
2426	2425
2426	2439
2427	2425
2429	2428
2429	2580
2429	2602
2429	2688
2429	2737
2428	2430
2430	2692
2431	2430
2431	2573
2431	2623
2435	2434
2435	2741
2435	2742
2435	2817
2435	2853
2435	2910
2435	2911
2435	2920
2435	2922
2435	2923
2435	2935
2435	2936
2437	2436
2436	2570
2436	2621
2441	2605
2441	2606
2446	2445
2446	2454
2446	2455
2446	2456
2446	2463
2446	2468
2446	2472
2445	2473
2445	2522
2447	2446
2447	2451
2448	2446
2448	2455
2448	2456
2448	2463
2448	2472
2449	2445
2449	2502
2449	2504
2449	2737
2450	2449
2451	2450
2451	2489
2451	2491
2452	2449
2452	2502
2453	2452
2453	2490
2453	2493
2453	2504
2453	2521
2453	2525
2453	2526
2455	2466
2455	2467
2456	2464
2456	2465
2456	2469
2456	2471
2458	2457
2459	2458
2459	2460
2459	2462
2461	2490
2461	2503
2461	2504
2463	2470
2475	2474
2475	2477
2475	2478
2475	2479
2475	2482
2476	2475
2476	2574
2476	2625
2481	2480
2481	2497
2481	2498
2481	2499
2481	2500
2481	2506
2480	2483
2480	2484
2480	2485
2480	2486
2480	2487
2489	2488
2489	2494
2489	2501
2489	2502
2489	2503
2489	2504
2489	2505
2490	2488
2490	2495
2490	2496
2491	2490
2491	2509
2492	2490
2493	2488
2498	2510
2507	2506
2507	2508
2513	2597
2515	2514
2515	2539
2514	2604
2514	2605
2514	2606
2514	2607
2516	2515
2516	2541
2516	2542
2518	2517
2518	2551
2523	2522
2523	2526
2524	2522
2524	2524
2524	2528
2524	2845
2524	2898
2524	3035
2524	3065
2524	3077
2524	3095
2524	3101
2524	3242
2524	3241
2524	3763
2524	3764
2529	2528
2533	2532
2533	2535
2533	2539
2532	2534
2532	2536
2532	2537
2532	2538
2540	2539
2540	3729
2541	2539
2542	2539
2545	2546
2546	2545
2547	2546
2547	2949
2547	3009
2547	4046
2548	2547
2548	3004
2548	3010
2549	2548
2549	3011
2551	2550
2551	2558
2551	4244
2554	2553
2554	2570
2554	2571
2554	2573
2554	2596
2554	2598
2554	2600
2556	2555
2556	2560
2556	2561
2556	2562
2556	2563
2556	2565
2556	2566
2556	2567
2556	2569
2557	2556
2557	2609
2558	2557
2558	2574
2558	2576
2558	2577
2558	2602
2558	2625
2558	2689
2559	2557
2559	2574
2559	2625
2564	2563
2564	2581
2564	2613
2564	2614
2568	2567
2568	2581
2568	2617
2572	2571
2572	2574
2572	2619
2572	2625
2572	2661
2574	2587
2574	2588
2574	2589
2574	2590
2574	2591
2574	2592
2574	2593
2574	2594
2574	2595
2575	2574
2575	2625
2575	2690
2575	2736
2576	2574
2576	2625
2577	2576
2578	2574
2578	2598
2578	2625
2578	2697
2579	2574
2579	2599
2579	2625
2579	2663
2580	2579
2580	2625
2581	2574
2581	2625
2581	4244
2582	2581
2583	2582
2583	2586
2584	2581
2584	2719
2585	2581
2586	2581
2586	4257
2597	2596
2597	2695
2601	2600
2601	2650
2601	2685
2602	2601
2602	2639
2603	2602
2603	2689
2603	2736
2609	2608
2609	2611
2609	2612
2609	2613
2609	2614
2609	2615
2609	2616
2609	2617
2609	2618
2609	2652
2608	2651
2610	2609
2612	2653
2613	2654
2614	2655
2615	2656
2616	2657
2617	2658
2618	2659
2621	2620
2621	2662
2623	2622
2623	2663
2625	2624
2625	2631
2625	2664
2625	2731
2624	2627
2624	2628
2624	2629
2624	2632
2624	2633
2624	2634
2624	2635
2624	2636
2626	2625
2626	2637
2626	2663
2626	2674
2631	2630
2631	2668
2639	2638
2639	2675
2638	2641
2638	2642
2638	2643
2638	2644
2638	2645
2638	2646
2638	2647
2638	2648
2638	2649
2640	2639
2664	2665
2664	2666
2664	2667
2664	2669
2664	2670
2664	2671
2664	2672
2664	2673
2675	2676
2675	2677
2675	2678
2675	2679
2675	2680
2675	2681
2675	2682
2675	2683
2675	2684
2690	2689
2691	2689
2695	2694
2697	2696
2701	2700
2701	3572
2701	3993
2702	2701
2703	2702
2704	2701
2704	3572
2705	2701
2705	3491
2705	3572
2705	3583
2705	3584
2705	3586
2716	2715
2716	2717
2716	2718
2716	2725
2720	2719
2722	2735
2726	2727
2729	2730
2732	2733
2733	2734
2739	2738
2740	2738
2748	2750
2748	2751
2748	2753
2749	2748
2749	2752
2749	2754
2750	2750
2756	2755
2756	2757
2756	2759
2758	2757
2760	2759
2763	2762
2763	2769
2763	2777
2762	2764
2762	2781
2762	2801
2762	2805
2767	2766
2772	2773
2772	2774
2782	2802
2787	2786
2788	2787
2788	4099
2788	4114
2809	2808
2809	2811
2809	3259
2809	3462
2809	3483
2809	3757
2809	3758
2810	2809
2810	2901
2810	2908
2810	3254
2810	3258
2810	3750
2810	3761
2810	4327
2813	2812
2813	3243
2813	3262
2813	3264
2815	2814
2815	2816
2820	2819
2821	2820
2821	2853
2829	2831
2837	2836
2840	2839
2844	2843
2844	2844
2844	3588
2848	2847
2848	3143
2848	3149
2848	3154
2848	4103
2853	2852
2853	2854
2855	2860
2855	2862
2855	2877
2855	2879
2855	2886
2855	2888
2855	2889
2855	2894
2855	2896
2856	2859
2856	2866
2856	2869
2856	2870
2856	2871
2856	2873
2856	2882
2856	2884
2856	2891
2857	2861
2857	2863
2857	2872
2857	2874
2857	2876
2857	2897
2859	2858
2859	2868
2860	2896
2866	2865
2866	2875
2866	2878
2866	2883
2866	2893
2866	2895
2865	2867
2865	2890
2867	2915
2869	2915
2870	3132
2870	3133
2871	2915
2878	2915
2880	2879
2880	3101
2881	2880
2881	3593
2881	3595
2881	3599
2881	3601
2883	2915
2885	2884
2885	2929
2885	3639
2887	2886
2887	2888
2888	2889
2890	2915
2891	3135
2892	2891
2893	2915
2902	2901
2902	2906
2904	2903
2904	2906
2906	2905
2906	2907
2914	2913
2917	2916
2917	2918
2917	3703
2922	2921
2925	2924
2925	2927
2926	2925
2926	2928
2931	2930
2932	2932
2941	3859
2945	2944
2947	2946
2948	2948
2949	2960
2950	2949
2950	2962
2951	2950
2951	2953
2952	2949
2953	2949
2953	2973
2954	2949
2954	2955
2954	3477
2954	4047
2954	4080
2957	2956
2957	2958
2957	2959
2961	2960
2961	4084
2964	2963
2964	2972
2964	2971
2965	2964
2965	2951
2967	2966
2967	2969
2968	2966
2970	2969
2972	2971
2978	2979
2978	2980
2978	2991
2980	2981
2980	2988
2980	2989
2981	2982
2981	2983
2981	2984
2984	2985
2984	2987
2985	2986
2987	2986
2989	2990
2992	2993
2992	2982
2994	2995
2994	2981
2996	2997
2996	2998
2996	2981
2996	2986
2999	3000
2999	2982
2999	2991
2999	3001
2999	3002
3002	3003
3004	3005
3008	3007
3008	3005
3008	3009
3012	3017
3015	3014
3020	3773
3023	3022
3023	3024
3023	3697
3023	3760
3032	3031
3034	3033
3034	3035
3034	3040
3034	3045
3034	4026
3033	3048
3039	3038
3041	3040
3041	3653
3041	3678
3041	3684
3042	3043
3045	3046
3045	3047
3052	3051
3052	3056
3052	3580
3055	3054
3057	3056
3063	3062
3063	3064
3063	3065
3067	3066
3067	3099
3067	3120
3067	3130
3067	3131
3066	3088
3069	3068
3069	3070
3069	3071
3069	3073
3069	3074
3069	3076
3069	3168
3069	4031
3078	3077
3078	3079
3078	3096
3082	3081
3082	3084
3082	3092
3082	3105
3084	3083
3084	3093
3084	3107
3087	3086
3087	3132
3090	3089
3090	3108
3094	3093
3098	3097
3098	3115
3098	3116
3098	4034
3104	3103
3104	3639
3104	3648
3110	3109
3110	3111
3114	3113
3120	3127
3120	3128
3120	3129
3121	3120
3122	3120
3123	3120
3123	3123
3144	3145
3149	3148
3149	3151
3149	3156
3150	3148
3150	3156
3153	3152
3153	3154
3153	3155
3160	3159
3160	3161
3163	3162
3164	3165
3167	3167
3169	3170
3172	3171
3172	3173
3172	3174
3172	3483
3172	3571
3172	3756
3172	3759
3180	3179
3180	3191
3180	3192
3180	3198
3180	3199
3180	3204
3180	3207
3180	3211
3180	3217
3180	3218
3180	3221
3180	3222
3179	3185
3181	3179
3181	3191
3181	3192
3181	3193
3181	3194
3181	3207
3181	3211
3181	3217
3181	3218
3181	3221
3181	3222
3181	3226
3181	3227
3181	3228
3181	3229
3181	3230
3181	3232
3181	3233
3181	3234
3181	3235
3181	3236
3181	3238
3181	3239
3181	3244
3181	3358
3181	3399
3182	3181
3182	4081
3184	3183
3185	3184
3185	3186
3189	3196
3208	3209
3208	3210
3212	3213
3212	3214
3231	3230
3231	3240
3242	3241
3245	3244
3245	3268
3245	3274
3245	3275
3245	3276
3245	3277
3245	3278
3245	3279
3245	3280
3245	3281
3245	3282
3245	3291
3245	3292
3245	3293
3245	3294
3245	3296
3245	3298
3245	3302
3245	3311
3245	3312
3245	3313
3245	3314
3245	3325
3245	3328
3245	3329
3245	3333
3245	3335
3245	3342
3245	3343
3244	3305
3244	3337
3244	3338
3244	3339
3244	3340
3244	3341
3244	3375
3244	3384
3247	3246
3247	3253
3246	3248
3246	3256
3246	3260
3246	3261
3249	3257
3249	3316
3249	3334
3249	3345
3249	3346
3250	3267
3250	3271
3250	3283
3250	3284
3250	3289
3250	3290
3250	3297
3250	3299
3250	3300
3250	3301
3250	3303
3250	3304
3250	3306
3250	3319
3250	3320
3250	3321
3250	3323
3250	3324
3250	3326
3250	3327
3250	3331
3250	3336
3251	3273
3252	3285
3252	3307
3257	3310
3261	3350
3264	3263
3266	3265
3270	3286
3288	3287
3288	3353
3288	3355
3288	3398
3288	3430
3288	3466
3292	3295
3296	3344
3309	3308
3309	3315
3317	3430
3318	3317
3318	3347
3318	3348
3337	3401
3349	3348
3352	3351
3352	3354
3352	3356
3352	3363
3352	3364
3352	3365
3352	3366
3352	3367
3352	3368
3352	3369
3352	3370
3352	3371
3352	3372
3352	3373
3352	3375
3352	3378
3352	3379
3352	3382
3352	3383
3352	3384
3352	3385
3352	3386
3352	3387
3352	3388
3352	3389
3352	3390
3352	3391
3352	3393
3352	3396
3352	3400
3352	3401
3352	3403
3352	3406
3352	3411
3352	3412
3352	3414
3352	3415
3352	3424
3352	3425
3352	3426
3352	3428
3352	3429
3352	3431
3352	3432
3352	3433
3352	3434
3352	3435
3352	3438
3352	3439
3352	3444
3352	3446
3352	3447
3352	3452
3352	3453
3352	3454
3352	3455
3352	3457
3352	3458
3352	3459
3352	3460
3352	3467
3353	3352
3353	3357
3353	3359
3353	3361
3353	3362
3353	3374
3353	3380
3353	3402
3353	3404
3353	3408
3353	3413
3353	3427
3353	3436
3353	3437
3353	3442
3353	3448
3353	3449
3353	3451
3353	3468
3353	3469
3359	3358
3359	3399
3359	3407
3359	3410
3361	3360
3361	3376
3361	3377
3361	3381
3361	3394
3361	3395
3361	3423
3361	3440
3361	3441
3361	3443
3361	3445
3361	3450
3361	3456
3361	3461
3398	3397
3406	3405
3408	3409
3416	3417
3416	3419
3416	3421
3417	3418
3419	3417
3419	3420
3419	3421
3421	3417
3421	3422
3463	3466
3465	3464
3465	3467
3465	3471
3464	3464
3473	3474
3473	3475
3486	3486
3487	3486
3487	3487
3487	3499
3487	3500
3489	3488
3491	3490
3491	3505
3491	3513
3490	3499
3492	3491
3492	3715
3493	3492
3493	3681
3493	3684
3493	3723
3494	3491
3494	3565
3494	3566
3494	3575
3494	3584
3494	3761
3495	3490
3495	3497
3495	3499
3496	3495
3497	3499
3498	3497
3498	3499
3502	3507
3502	3508
3504	3503
3504	3504
3504	3508
3505	3508
3506	3505
3506	3507
3506	3508
3507	3508
3510	3515
3510	3516
3512	3511
3512	3512
3512	3516
3513	3516
3514	3513
3514	3515
3514	3516
3515	3516
3519	3518
3519	3523
3521	3520
3521	3522
3521	3524
3526	3525
3526	3527
3526	3779
3528	3528
3529	3529
3531	3530
3533	3532
3536	3535
3538	3537
3540	3539
3540	3544
3539	3541
3539	3542
3542	3543
3543	3554
3544	3543
3544	3773
3544	3775
3544	3785
3545	3547
3545	3550
3547	3546
3547	3551
3547	3564
3548	3547
3548	3550
3548	3552
3548	3554
3548	3560
3548	3561
3548	3563
3548	3761
3550	3549
3550	3562
3554	3553
3554	3555
3556	3567
3557	3556
3559	3558
3560	3559
3568	3567
3570	3569
3573	3572
3573	3580
3574	3574
3577	3576
3577	3580
3579	3578
3580	3581
3580	3582
3588	3587
3588	3589
3588	3590
3588	3592
3593	3599
3593	3601
3593	3606
3593	3609
3599	3598
3599	3613
3601	3600
3601	3602
3601	3604
3601	3607
3601	3608
3601	3610
3601	3611
3601	3614
3601	3615
3601	3616
3601	3617
3603	3602
3606	3605
3606	3612
3619	3618
3619	3621
3619	3632
3622	3623
3625	3624
3625	3635
3627	3626
3628	3627
3628	3630
3630	3629
3630	3631
3633	3634
3642	3641
3647	3646
3648	3647
3651	3650
3654	3653
3654	3678
3657	3656
3657	3665
3657	3677
3657	3680
3657	3689
3658	3657
3661	3660
3661	3683
3661	3685
3664	3663
3664	3667
3664	3668
3664	3688
3670	3669
3670	3818
3671	3669
3673	3675
3682	3681
3687	3686
3687	3688
3691	3692
3692	3697
3694	3693
3694	3696
3695	3693
3695	3697
3696	3697
3698	3698
3701	3700
3701	3702
3703	3703
3706	3705
3705	3707
3705	3708
3709	3712
3709	3714
3711	3710
3711	3711
3711	3714
3713	3712
3713	3714
3712	3714
3715	3714
3716	3715
3716	3718
3716	3719
3716	3723
3716	3727
3720	3722
3723	3722
3722	3726
3724	3723
3726	3725
3739	3738
3739	3740
3739	3741
3739	3744
3739	3745
3742	3741
3742	3743
3751	3750
3751	3754
3751	3755
3751	3757
3751	3761
3752	3752
3754	3753
3754	3756
3755	3755
3762	3765
3762	3767
3762	3771
3777	3778
3781	3782
3783	3784
3787	882
3787	883
3787	884
3787	885
3788	3787
3789	3790
3789	3791
3790	2990
3793	3792
3793	3794
3793	3802
3795	3796
3797	3798
3798	3800
3804	3803
3804	3805
3810	3809
3810	3810
3811	3809
3815	3829
3823	3823
3824	3824
3827	3826
3828	3826
3850	3849
3850	3852
3855	3854
3858	3857
3858	4114
3860	3861
3864	3863
3865	3864
3865	3908
3865	3933
3865	3949
3865	4130
3867	3866
3867	3869
3867	3873
3867	3874
3867	3877
3867	4107
3866	3871
3869	3868
3873	3872
3873	3875
3873	3876
3879	3878
3879	3881
3879	3891
3879	3904
3879	3910
3879	3916
3879	3918
3879	4112
3878	3918
3878	3922
3878	3952
3880	3878
3881	3883
3881	3886
3883	3952
3884	3883
3884	3960
3886	3885
3886	3926
3886	3952
3886	3956
3887	3886
3887	3927
3887	3960
3887	3963
3887	4077
3888	3885
3888	3932
3888	4052
3890	3889
3890	3891
3890	3895
3889	3892
3889	3893
3894	3893
3897	3896
3897	3898
3897	3901
3897	4107
3899	3898
3899	3902
3899	3911
3900	3899
3903	3902
3903	3904
3903	3918
3903	4112
3910	3909
3910	3911
3910	3960
3913	3912
3913	3915
3913	3918
3913	4070
3913	4126
3913	4127
3915	3914
3915	3919
3920	3920
3921	3920
3921	4065
3923	3922
3923	3953
3922	3926
3925	3924
3925	3930
3926	3931
3926	3964
3928	3927
3928	3951
3928	3955
3928	3963
3927	3955
3930	3929
3930	3944
3930	3961
3929	3945
3929	3939
3929	3958
3931	3932
3931	3957
3931	3958
3936	3940
3938	3937
3937	3939
3937	3946
3940	3939
3940	3946
3940	3955
3941	3940
3941	3977
3941	4077
3942	3941
3942	3960
3942	3973
3942	3975
3942	4070
3942	4126
3943	3940
3944	3943
3944	3945
3945	3940
3953	3952
3953	3956
3954	3952
3960	3959
3961	3960
3962	3960
3966	3965
3966	3967
3966	3969
3966	3971
3966	4001
3966	4116
3966	4117
3966	4118
3968	3967
3968	3971
3969	3967
3970	3969
3970	3971
3973	3972
3977	3976
3978	4076
3981	3980
3981	4065
3983	3982
3984	3982
3984	4000
3984	4012
3984	4089
3984	4102
3985	3984
3986	3985
3987	3984
3988	3984
3988	4010
3991	3990
3995	3994
3995	4003
3995	4008
3995	4119
3995	4120
3997	3996
3997	4004
3997	4121
3999	3998
3999	4008
4002	4001
4002	4005
4005	4008
4006	4005
4007	4005
4009	4008
4013	4019
4013	4021
4014	4015
4016	4017
4017	4018
4019	4043
4020	4019
4020	4043
4020	4066
4020	4068
4020	4069
4020	4070
4020	4126
4021	4058
4021	4062
4025	4024
4036	4035
4037	4035
4041	4040
4044	4043
4044	4058
4044	4062
4045	4043
4046	4043
4046	4058
4046	4062
4046	4109
4046	4114
4047	4046
4048	4046
4049	4048
4049	4050
4050	4046
4054	4053
4054	4056
4054	4057
4055	4053
4055	4056
4055	4057
4055	4058
4055	4059
4055	4062
4059	4058
4059	4062
4060	4059
4060	4072
4060	4074
4061	4059
4061	4076
4061	4078
4068	4067
4068	4071
4074	4073
4075	4073
4076	4077
4084	4083
4084	4085
4091	4090
4091	4093
4091	4094
4091	4095
4097	4107
4104	4103
4106	4105
4108	4107
4108	4126
4108	4127
4109	4107
4109	4111
4109	4122
4110	4109
4111	4109
4112	4109
4112	4114
4113	4109
4114	4109
4114	4131
4115	4114
4115	4134
4115	4135
4124	4123
4130	4129
4132	4131
4134	4136
4134	4137
4134	4138
4134	4139
4134	4140
4134	4141
4147	4146
4157	4156
4160	4159
4161	4159
4162	4159
4169	4168
4169	4170
4169	4171
4173	4174
4175	4174
4175	4176
4181	4232
4184	1367
4185	1367
4186	1367
4187	1367
4197	4198
4225	4224
4226	4224
4226	4227
4226	4228
4230	4231
4234	4233
4234	4236
4234	4237
4234	4238
4234	4239
4234	4240
4234	4241
4243	4251
4243	4252
4243	4253
4243	4254
4243	4255
4243	4256
4243	4257
4243	4258
4243	4260
4243	4261
4243	4263
4243	4264
4244	4243
4245	4243
4246	4251
4247	4250
4249	4253
4249	4255
4262	4263
4267	4282
4269	4268
4269	4276
4269	4278
4269	4279
4269	4280
4269	4283
4269	4285
4269	4287
4268	4281
4268	4284
4268	4288
4270	4272
4270	4290
4270	4291
4270	4292
4272	4273
4306	4305
4311	4310
4311	4312
