1	0
1	180
1	4533
1	4560
1	4583
2	1
2	47
2	55
2	173
2	177
2	178
2	179
2	183
2	189
2	246
2	249
2	256
2	259
2	845
2	847
2	1006
2	4526
2	4551
2	4566
2	4574
2	4587
2	4588
2	4589
3	2
3	171
3	4517
3	4518
3	4563
4	3
5	4
6	4
6	11
6	20
6	43
6	42
6	45
6	15
6	17
6	64
6	68
6	92
6	34
6	107
6	172
6	179
6	189
6	190
6	198
6	203
6	221
6	222
6	223
6	231
6	242
6	244
6	269
6	311
6	337
6	336
6	366
6	369
6	382
6	438
6	446
6	447
6	462
6	483
6	598
6	681
6	694
6	759
6	773
6	790
6	797
6	851
6	900
6	897
6	912
6	927
6	934
6	939
6	968
6	976
6	1013
6	1029
6	1069
6	1325
6	1367
6	1396
6	1408
6	1414
6	1419
6	1450
6	1452
6	1455
6	1483
6	1506
6	1601
6	1707
6	1740
6	1755
6	1820
6	1837
6	2097
6	2115
6	2126
6	2117
6	2137
6	2147
6	2158
6	2162
6	2166
6	2167
6	2170
6	2176
6	2180
6	2182
6	2184
6	2186
6	2188
6	2190
6	2192
6	2200
6	2212
6	2217
6	2245
6	2250
6	2251
6	2292
6	2369
6	2431
6	2467
6	2483
6	2537
6	2542
6	2594
6	2612
6	2666
6	2667
6	2669
6	2750
6	2828
6	2873
6	2877
6	2902
6	3035
6	3042
6	3047
6	3049
6	3051
6	3059
6	3078
6	3079
6	3112
6	3140
6	3142
6	3187
6	3203
6	3209
6	3211
6	3212
6	3219
6	3223
6	3231
6	3235
6	3239
6	3252
6	3272
6	3274
6	3275
6	3290
6	3291
6	3297
6	3298
6	3303
6	3317
6	3334
6	3344
6	3437
6	3662
6	3689
6	3697
6	3706
6	3714
6	3741
6	3758
6	3771
6	3772
6	3778
6	3783
6	3807
6	3851
6	3858
6	3871
6	3876
6	3879
6	3882
6	3912
6	3964
6	3974
6	4044
6	4046
6	4096
6	4103
6	4192
6	4315
6	4323
6	4395
6	4400
6	4430
6	4464
6	4517
6	4527
6	4531
6	4546
6	4547
6	4563
6	4609
7	3
7	19
7	26
7	29
7	42
7	45
7	48
7	50
7	49
7	56
7	60
7	65
7	68
7	69
7	70
7	74
7	82
7	84
7	97
7	98
7	105
7	122
7	150
7	159
7	166
7	172
7	173
7	177
7	193
7	195
7	198
7	203
7	204
7	209
7	212
7	214
7	215
7	222
7	223
7	225
7	228
7	231
7	234
7	239
7	244
7	248
7	258
7	260
7	409
7	425
7	461
7	460
7	463
7	464
7	470
7	477
7	482
7	487
7	494
7	549
7	592
7	593
7	599
7	602
7	603
7	611
7	616
7	654
7	690
7	694
7	695
7	697
7	699
7	701
7	700
7	756
7	782
7	791
7	800
7	833
7	835
7	838
7	845
7	846
7	847
7	848
7	851
7	857
7	866
7	873
7	883
7	887
7	897
7	905
7	909
7	912
7	917
7	924
7	927
7	928
7	931
7	933
7	930
7	939
7	946
7	953
7	959
7	962
7	968
7	979
7	993
7	1006
7	1011
7	1012
7	1067
7	1075
7	1091
7	1325
7	1346
7	1351
7	1352
7	1359
7	1360
7	1368
7	1367
7	1375
7	1379
7	1380
7	1381
7	1390
7	1405
7	1404
7	1412
7	1414
7	1422
7	1445
7	1446
7	1454
7	1455
7	1464
7	1468
7	1501
7	1502
7	1505
7	1504
7	1509
7	1519
7	1520
7	1522
7	1524
7	1531
7	1538
7	1596
7	1599
7	1602
7	1608
7	1631
7	1687
7	1712
7	1726
7	1787
7	1798
7	1811
7	1821
7	1826
7	1833
7	1834
7	1861
7	1866
7	1864
7	1876
7	1881
7	1889
7	1898
7	1958
7	1964
7	1969
7	1972
7	1998
7	2005
7	2006
7	2095
7	2106
7	2121
7	2139
7	2153
7	2172
7	2181
7	2182
7	2184
7	2186
7	2187
7	2191
7	2214
7	2235
7	2243
7	2250
7	2252
7	2271
7	1136
7	2281
7	2285
7	2291
7	2304
7	2315
7	2318
7	2342
7	2345
7	2347
7	2346
7	2348
7	2369
7	2392
7	2428
7	2440
7	2444
7	2445
7	2446
7	2448
7	2472
7	2490
7	2496
7	2499
7	2501
7	2508
7	2511
7	2521
7	2523
7	2535
7	2536
7	2540
7	2542
7	2545
7	2550
7	2558
7	2559
7	2561
7	2562
7	2563
7	2564
7	2586
7	2594
7	2610
7	2616
7	2614
7	2619
7	2620
7	2621
7	2625
7	2628
7	2637
7	2650
7	2662
7	2678
7	2682
7	2715
7	2716
7	2732
7	2734
7	2749
7	2770
7	2804
7	2864
7	2871
7	2873
7	2879
7	2891
7	2908
7	2910
7	2920
7	2926
7	2958
7	2966
7	3104
7	3209
7	3216
7	3218
7	3223
7	3225
7	3317
7	3332
7	3341
7	3354
7	3355
7	3371
7	3372
7	3373
7	3406
7	3434
7	3435
7	3436
7	3440
7	3441
7	3444
7	3446
7	3447
7	3450
7	3451
7	3452
7	3454
7	3458
7	3459
7	3460
7	3461
7	3462
7	3463
7	3467
7	3472
7	3477
7	3482
7	3484
7	3486
7	3488
7	3491
7	3492
7	3493
7	3495
7	3497
7	3498
7	3499
7	3501
7	3502
7	3505
7	3507
7	3508
7	3512
7	3513
7	3662
7	3676
7	3678
7	3685
7	3698
7	3701
7	3702
7	3704
7	3709
7	3710
7	3712
7	3733
7	3761
7	3778
7	3835
7	3854
7	3864
7	3878
7	3882
7	3884
7	3886
7	3887
7	3894
7	3908
7	3909
7	3911
7	3910
7	3924
7	3923
7	3946
7	3998
7	4005
7	4006
7	4023
7	4031
7	4037
7	4038
7	4041
7	4059
7	4139
7	4157
7	4158
7	4167
7	4196
7	4200
7	4202
7	4209
7	4242
7	4272
7	4299
7	4301
7	4342
7	4346
7	4350
7	4363
7	4367
7	4375
7	4383
7	4390
7	4395
7	4428
7	4430
7	4434
7	4452
7	4455
7	4461
7	4463
7	4474
7	4476
7	4483
7	4486
7	4488
7	4501
7	4511
7	4515
7	4530
7	4532
7	4535
7	4537
7	4538
7	4539
7	4544
7	4546
7	4548
7	4549
7	4550
7	4554
7	4555
7	4563
7	4564
7	4565
7	4569
7	4570
7	4571
7	4592
7	4593
7	4594
7	4595
7	4596
7	4597
7	4598
7	4599
7	4600
7	4601
7	4602
7	4603
7	4606
7	4607
8	3
9	8
9	14
9	16
9	18
9	19
9	35
9	38
9	40
9	48
9	56
9	60
9	65
9	66
9	74
9	96
9	97
9	98
9	170
9	4527
9	4528
9	4529
9	4531
9	4532
9	4545
9	4552
9	4553
9	4567
9	4568
10	9
11	8
11	2
11	38
11	1
11	40
11	66
11	74
11	98
11	171
11	179
11	246
11	845
11	847
11	1006
11	4517
11	4518
11	4527
11	4528
11	4531
11	4532
11	4535
11	4536
11	4537
11	4538
11	4539
11	4540
11	4541
11	4543
11	4544
11	4546
11	4553
11	4555
11	4563
11	4567
11	4568
11	4570
12	11
12	8
12	14
12	17
12	2
12	18
12	21
12	20
12	35
12	1
12	41
12	40
12	43
12	42
12	49
12	66
12	74
12	84
12	83
12	82
12	96
12	97
12	105
12	115
12	128
12	171
12	172
12	173
12	181
12	183
12	189
12	190
12	194
12	200
12	221
12	223
12	231
12	252
12	251
12	358
12	364
12	368
12	375
12	377
12	379
12	382
12	409
12	425
12	430
12	432
12	436
12	438
12	440
12	442
12	443
12	445
12	446
12	447
12	451
12	453
12	454
12	456
12	469
12	475
12	485
12	495
12	544
12	582
12	589
12	603
12	658
12	660
12	661
12	667
12	668
12	681
12	679
12	682
12	686
12	692
12	694
12	701
12	700
12	739
12	751
12	759
12	756
12	767
12	769
12	785
12	790
12	792
12	798
12	803
12	809
12	811
12	815
12	818
12	819
12	820
12	846
12	848
12	851
12	866
12	874
12	897
12	913
12	917
12	920
12	922
12	927
12	931
12	933
12	930
12	934
12	939
12	946
12	962
12	993
12	1006
12	1009
12	1012
12	1016
12	1028
12	1031
12	1061
12	1067
12	1115
12	1118
12	1110
12	1255
12	1258
12	1279
12	1311
12	1312
12	1314
12	1315
12	1316
12	1317
12	1319
12	1322
12	1323
12	1325
12	1357
12	1368
12	1367
12	1366
12	1372
12	1373
12	1374
12	1375
12	1376
12	1377
12	1378
12	1379
12	1396
12	1395
12	1410
12	1412
12	1413
12	1414
12	1419
12	1442
12	1446
12	1448
12	1453
12	1498
12	1500
12	1509
12	1507
12	1511
12	1520
12	1522
12	1524
12	1593
12	1591
12	1601
12	1599
12	1607
12	1625
12	1716
12	1725
12	1737
12	1735
12	1742
12	1762
12	1776
12	1787
12	1813
12	1820
12	1826
12	1832
12	1833
12	1834
12	1859
12	1872
12	1876
12	1881
12	1891
12	1890
12	1908
12	1907
12	1906
12	1911
12	1940
12	1943
12	1944
12	1950
12	1958
12	1959
12	1967
12	1964
12	1963
12	1969
12	1972
12	1975
12	1987
12	1998
12	1999
12	2005
12	2095
12	2099
12	2107
12	2116
12	2115
12	2113
12	2112
12	2124
12	2126
12	2132
12	2144
12	2147
12	2145
12	2149
12	2159
12	2158
12	2162
12	2169
12	2168
12	2167
12	2170
12	2174
12	2176
12	2187
12	2201
12	2202
12	2212
12	2214
12	2216
12	2217
12	2228
12	2229
12	2263
12	2267
12	2271
12	1136
12	2285
12	2318
12	2317
12	2316
12	2320
12	2324
12	2333
12	2336
12	2340
12	2353
12	2369
12	2372
12	2373
12	2380
12	2392
12	2393
12	2405
12	2473
12	2476
12	2481
12	2482
12	2489
12	2493
12	2521
12	2529
12	2535
12	2536
12	2538
12	2547
12	2550
12	2557
12	2558
12	2562
12	2563
12	2565
12	2577
12	2599
12	2606
12	2607
12	2640
12	2645
12	2662
12	2669
12	2673
12	2716
12	2717
12	2742
12	2741
12	2739
12	2755
12	2767
12	2770
12	2771
12	2790
12	2796
12	2804
12	2853
12	2854
12	2871
12	2878
12	2896
12	2900
12	2906
12	2907
12	2910
12	2911
12	2918
12	2973
12	2983
12	2995
12	3007
12	3009
12	3013
12	3056
12	3055
12	3065
12	3073
12	3077
12	3086
12	3087
12	3102
12	3113
12	3140
12	3179
12	3189
12	3197
12	3201
12	3205
12	3211
12	3218
12	3223
12	3229
12	3240
12	3244
12	3252
12	3253
12	3269
12	3270
12	3281
12	3285
12	3287
12	3297
12	3298
12	3305
12	3306
12	3328
12	3331
12	3335
12	3337
12	3341
12	3348
12	3371
12	3374
12	3392
12	3393
12	3394
12	3435
12	3454
12	3662
12	3663
12	3691
12	3690
12	3689
12	3696
12	3697
12	3700
12	3706
12	3708
12	3728
12	3732
12	3745
12	3748
12	3750
12	3757
12	3761
12	3765
12	3786
12	3785
12	3787
12	3788
12	3795
12	3857
12	3859
12	3861
12	3865
12	3872
12	3874
12	3879
12	3882
12	3884
12	3886
12	3887
12	3907
12	3920
12	3936
12	3943
12	3944
12	3946
12	3998
12	4006
12	4010
12	4022
12	27
12	4044
12	4045
12	4049
12	4056
12	4062
12	4102
12	4104
12	4110
12	4109
12	4111
12	4124
12	4132
12	4143
12	4149
12	4156
12	4157
12	4158
12	4163
12	4169
12	4171
12	4172
12	4178
12	4179
12	4180
12	4187
12	4191
12	4192
12	4196
12	4214
12	4232
12	4243
12	4247
12	4254
12	4292
12	4296
12	4299
12	4282
12	4321
12	4324
12	4328
12	4332
12	4333
12	4339
12	4346
12	4345
12	4349
12	4352
12	4357
12	4363
12	4366
12	4375
12	4376
12	4379
12	4390
12	4393
12	4395
12	4400
12	4410
12	4426
12	4427
12	4428
12	4437
12	1991
12	4443
12	4448
12	4450
12	4515
12	4517
12	4527
12	4529
12	4540
12	4541
12	4546
12	4548
12	4551
12	4554
12	4559
12	4563
12	4566
12	4569
12	4581
13	11
13	14
13	16
13	18
13	26
13	31
13	33
13	19
13	50
13	51
13	49
13	53
13	48
13	56
13	60
13	64
13	65
13	81
13	88
13	89
13	90
13	84
13	96
13	97
13	104
13	118
13	111
13	134
13	132
13	146
13	160
13	167
13	168
13	169
13	172
13	173
13	181
13	183
13	189
13	190
13	196
13	213
13	218
13	219
13	231
13	244
13	250
13	249
13	256
13	260
13	261
13	259
13	263
13	265
13	267
13	269
13	270
13	272
13	273
13	275
13	276
13	290
13	293
13	297
13	301
13	305
13	307
13	309
13	310
13	313
13	317
13	320
13	338
13	340
13	341
13	342
13	343
13	345
13	348
13	349
13	351
13	353
13	355
13	357
13	359
13	397
13	405
13	416
13	418
13	420
13	421
13	424
13	441
13	442
13	444
13	448
13	449
13	503
13	511
13	513
13	515
13	520
13	521
13	522
13	526
13	527
13	528
13	530
13	533
13	534
13	545
13	547
13	553
13	562
13	567
13	568
13	571
13	578
13	579
13	580
13	581
13	609
13	610
13	613
13	614
13	615
13	620
13	627
13	638
13	644
13	646
13	647
13	654
13	658
13	661
13	662
13	664
13	666
13	667
13	668
13	670
13	675
13	677
13	674
13	681
13	682
13	685
13	686
13	687
13	692
13	697
13	704
13	709
13	713
13	712
13	714
13	715
13	719
13	725
13	728
13	730
13	729
13	736
13	739
13	741
13	744
13	746
13	748
13	749
13	750
13	751
13	753
13	754
13	755
13	759
13	769
13	770
13	781
13	783
13	785
13	786
13	787
13	793
13	796
13	797
13	798
13	799
13	802
13	801
13	807
13	810
13	811
13	817
13	818
13	822
13	825
13	832
13	833
13	838
13	844
13	845
13	847
13	850
13	853
13	857
13	866
13	865
13	864
13	863
13	861
13	869
13	870
13	872
13	874
13	877
13	878
13	880
13	881
13	882
13	883
13	885
13	886
13	888
13	889
13	894
13	900
13	897
13	904
13	907
13	906
13	910
13	914
13	913
13	921
13	922
13	911
13	932
13	930
13	935
13	937
13	936
13	938
13	941
13	942
13	948
13	946
13	951
13	952
13	954
13	956
13	955
13	959
13	963
13	965
13	964
13	966
13	967
13	969
13	970
13	973
13	974
13	976
13	977
13	978
13	979
13	984
13	985
13	986
13	987
13	988
13	989
13	990
13	991
13	992
13	993
13	995
13	999
13	998
13	1000
13	1001
13	1002
13	1003
13	1004
13	1008
13	1009
13	1010
13	1012
13	1014
13	1016
13	1027
13	1054
13	1065
13	1064
13	1066
13	1074
13	1078
13	1080
13	1081
13	1082
13	1093
13	1094
13	1118
13	1110
13	1150
13	1169
13	1174
13	1197
13	1208
13	1195
13	1215
13	1190
13	1224
13	1180
13	1256
13	1257
13	1258
13	1260
13	1263
13	1311
13	1312
13	1314
13	1316
13	1317
13	1318
13	1319
13	1322
13	1354
13	1353
13	1352
13	1357
13	1360
13	1361
13	1362
13	1364
13	1365
13	1369
13	1372
13	1374
13	1373
13	1376
13	1377
13	1378
13	1379
13	1382
13	1384
13	1385
13	1389
13	1390
13	1392
13	1396
13	1403
13	1405
13	1419
13	1425
13	1440
13	1443
13	1445
13	1446
13	1448
13	1457
13	1458
13	1461
13	1463
13	1464
13	1468
13	1472
13	1473
13	1474
13	1478
13	1476
13	1483
13	1490
13	1492
13	1495
13	1498
13	1499
13	1502
13	1501
13	1509
13	1507
13	1506
13	1520
13	1523
13	1532
13	1602
13	1601
13	1635
13	1634
13	1641
13	1642
13	1643
13	1645
13	1644
13	1640
13	1647
13	1649
13	1655
13	1654
13	1653
13	1652
13	1671
13	1673
13	1678
13	1681
13	1682
13	1687
13	1690
13	1691
13	1695
13	1696
13	1699
13	1701
13	1704
13	1705
13	1714
13	1710
13	1720
13	1721
13	1724
13	1725
13	1733
13	1734
13	1741
13	1750
13	1752
13	1754
13	1759
13	1772
13	1773
13	1774
13	1776
13	1780
13	1787
13	1789
13	1800
13	1808
13	1809
13	1814
13	1816
13	1817
13	1819
13	1823
13	1828
13	1831
13	1832
13	1833
13	1845
13	1856
13	1859
13	1862
13	1865
13	1871
13	1874
13	1876
13	1882
13	1884
13	1888
13	1890
13	1901
13	1904
13	1908
13	1911
13	1929
13	1931
13	1944
13	1946
13	1947
13	1950
13	1952
13	1953
13	1954
13	1957
13	1958
13	1959
13	1961
13	1962
13	1967
13	1964
13	1966
13	1972
13	1978
13	1982
13	1984
13	1998
13	2000
13	2001
13	2002
13	2007
13	2011
13	2014
13	2019
13	2103
13	2106
13	2107
13	2116
13	2115
13	2121
13	2140
13	2153
13	2157
13	2165
13	2168
13	2170
13	2173
13	2174
13	2178
13	2179
13	2180
13	2183
13	2185
13	2187
13	2186
13	2190
13	2192
13	2194
13	2195
13	2198
13	2197
13	2204
13	2205
13	2208
13	2565
13	2581
13	2582
13	2593
13	2597
13	2598
13	2633
13	2645
13	2653
13	2669
13	2673
13	2676
13	2677
13	2689
13	2692
13	2711
13	2715
13	2720
13	2725
13	2726
13	2727
13	2728
13	2730
13	2731
13	2742
13	2741
13	2745
13	2744
13	2747
13	2751
13	2762
13	2764
13	2791
13	2828
13	2854
13	2858
13	2860
13	2863
13	2867
13	2878
13	2879
13	2886
13	2891
13	2893
13	2909
13	2915
13	2916
13	2917
13	2918
13	2926
13	2937
13	2938
13	2939
13	2943
13	2964
13	2965
13	2973
13	3121
13	3136
13	3138
13	3180
13	3186
13	3195
13	3217
13	3218
13	3223
13	3225
13	3226
13	3231
13	3246
13	3263
13	3264
13	3266
13	3273
13	3283
13	3289
13	3292
13	3293
13	3295
13	3296
13	3316
13	3318
13	3342
13	3343
13	3347
13	3348
13	3358
13	3359
13	3378
13	3390
13	3391
13	3399
13	3402
13	3404
13	3405
13	3407
13	3411
13	3417
13	3419
13	3424
13	3427
13	3429
13	3431
13	3437
13	3438
13	3439
13	3442
13	3443
13	3445
13	3448
13	3449
13	3456
13	3457
13	3464
13	3465
13	3466
13	3468
13	3469
13	3470
13	3471
13	3473
13	3474
13	3476
13	3475
13	3479
13	3480
13	3481
13	3487
13	3489
13	3490
13	3494
13	3496
13	3500
13	3503
13	3504
13	3506
13	3509
13	3510
13	3567
13	3662
13	3670
13	3672
13	3682
13	3685
13	3690
13	3696
13	3695
13	3697
13	3698
13	3699
13	3700
13	3702
13	3701
13	3705
13	3707
13	3708
13	3713
13	3714
13	3730
13	3732
13	3735
13	3737
13	3739
13	3743
13	3757
13	3759
13	3764
13	3773
13	3774
13	3776
13	3781
13	3784
13	3790
13	3792
13	3805
13	3838
13	3839
13	3854
13	3872
13	3875
13	3878
13	3881
13	3885
13	3893
13	3891
13	3894
13	3895
13	3902
13	3907
13	3908
13	3912
13	3915
13	3924
13	3923
13	3928
13	3931
13	3933
13	3935
13	3947
13	3956
13	3957
13	3958
13	3973
13	3975
13	3994
13	3997
13	4008
13	4010
13	4014
13	4017
13	4019
13	4022
13	4029
13	4030
13	4032
13	4033
13	4034
13	4035
13	4036
13	4039
13	4051
13	4053
13	4056
13	4057
13	4058
13	4060
13	4063
13	4061
13	4066
13	4068
13	4069
13	4072
13	4074
13	4073
13	4079
13	4077
13	4092
13	4094
13	4096
13	4099
13	4103
13	4105
13	4109
13	4112
13	4115
13	4119
13	4121
13	4122
13	4123
13	4124
13	4125
13	4126
13	4127
13	4129
13	4133
13	4136
13	4132
13	4140
13	4144
13	4147
13	4149
13	4150
13	4151
13	4156
13	4157
13	4158
13	4163
13	4170
13	4169
13	4172
13	4173
13	4175
13	4177
13	4178
13	4179
13	4185
13	4183
13	4186
13	4187
13	4189
13	4191
13	4192
13	4195
13	4200
13	4208
13	4213
13	4215
13	4216
13	4219
13	4218
13	4220
13	4222
13	4226
13	4227
13	4228
13	4231
13	4232
13	4245
13	4246
13	4248
13	4247
13	4239
13	4250
13	4254
13	4258
13	4267
13	4269
13	4271
13	4270
13	4290
13	4295
13	4299
13	4302
13	4312
13	4314
13	4315
13	4318
13	4323
13	4328
13	4334
13	4336
13	4333
13	4339
13	4342
13	4351
13	4352
13	4355
13	4356
13	4359
13	4362
13	4364
13	4365
13	4366
13	4367
13	4368
13	4369
13	4370
13	4372
13	4380
13	4382
13	4384
13	4387
13	4389
13	4390
13	4398
13	4400
13	4406
13	4408
13	4407
13	4410
13	4412
13	4426
13	4428
13	4430
13	4432
13	1991
13	4438
13	4450
13	4460
13	4462
13	4471
13	4472
13	4477
13	4478
13	4479
13	4480
13	4482
13	4484
13	4485
13	4487
13	4489
13	4490
13	4491
13	4492
13	4494
13	4495
13	4496
13	4497
13	4498
13	4499
13	4500
13	4502
13	4503
13	4504
13	4505
13	4506
13	4511
13	4512
13	4513
13	4515
13	4525
13	4529
13	4530
13	4536
13	4538
13	4540
13	4541
13	4543
13	4546
13	4547
13	4551
13	4550
13	4552
13	4559
13	4566
13	4565
13	4572
13	4579
13	4581
13	4590
13	4611
13	4612
13	4615
14	3
15	3
16	2
16	101
16	4517
17	16
17	17
17	115
17	132
17	150
17	159
17	1834
17	2380
17	2541
17	2550
17	2558
17	2559
17	2561
17	2577
17	2714
17	2978
17	2980
17	2981
17	3007
17	3073
17	3337
17	3410
17	3669
17	3778
17	3786
18	1
18	173
18	183
19	1
19	173
19	178
19	4540
19	4541
20	19
20	132
20	274
20	298
20	2577
20	2875
20	3077
20	3110
20	3189
20	3337
20	3689
20	3733
20	3972
21	20
21	2317
21	3690
21	3771
21	3782
21	3795
21	3924
21	3934
21	4020
22	20
22	298
22	1344
22	1350
22	2423
22	2428
22	2431
22	2435
22	2440
22	2444
22	2445
22	2448
22	2455
22	2463
22	2467
22	2472
23	20
23	58
23	57
23	422
23	481
23	708
23	2587
23	2591
23	2895
23	3324
23	3771
23	4219
23	4590
23	4612
24	20
24	39
24	42
24	17
24	70
24	105
24	159
24	193
24	205
24	208
24	223
24	231
24	244
24	276
24	279
24	298
24	311
24	316
24	354
24	391
24	492
24	550
24	568
24	569
24	583
24	602
24	698
24	747
24	772
24	787
24	824
24	832
24	840
24	851
24	895
24	897
24	903
24	906
24	917
24	946
24	951
24	952
24	953
24	993
24	1031
24	1061
24	1070
24	1255
24	1335
24	1338
24	1346
24	1344
24	1350
24	1368
24	1422
24	1508
24	1520
24	1601
24	1611
24	1602
24	1626
24	1631
24	1671
24	1755
24	1811
24	1837
24	1841
24	1890
24	1911
24	1964
24	1972
24	2006
24	2007
24	2088
24	2116
24	2137
24	2155
24	2177
24	2186
24	2195
24	2211
24	2218
24	2242
24	2253
24	2258
24	2259
24	2313
24	2314
24	2318
24	2323
24	2325
24	2336
24	2340
24	2366
24	2369
24	2377
24	2383
24	2410
24	2423
24	2428
24	2431
24	2435
24	2440
24	2445
24	2446
24	2444
24	2448
24	2455
24	2456
24	2463
24	2467
24	2472
24	2507
24	2529
24	2549
24	2550
24	2557
24	2560
24	2577
24	2593
24	2617
24	2658
24	2685
24	2741
24	2762
24	2825
24	2828
24	2854
24	2748
24	2886
24	2897
24	2952
24	2985
24	2984
24	3008
24	3083
24	3084
24	3119
24	3127
24	3170
24	3174
24	3177
24	3207
24	3219
24	3228
24	3229
24	3241
24	3317
24	3338
24	3357
24	3426
24	3437
24	3661
24	3663
24	3671
24	3691
24	3726
24	3727
24	3728
24	3769
24	3850
24	3861
24	3869
24	3886
24	3896
24	3897
24	3900
24	3901
24	3902
24	3923
24	4011
24	27
24	4068
24	4082
24	4091
24	4095
24	4149
24	4156
24	4201
24	4217
24	4296
24	4303
24	4376
24	4384
24	4393
24	4426
24	4430
24	1529
24	4515
24	4549
24	4564
24	4593
24	4594
24	4595
24	4596
24	4597
24	4598
24	4599
24	4600
24	4601
24	4602
24	4603
24	4604
24	4606
24	4607
25	20
25	25
25	19
25	55
25	96
25	189
26	25
26	39
26	72
26	142
26	392
26	1715
26	1834
26	2511
26	2546
26	2562
26	2563
26	2747
26	2751
26	2894
26	2910
26	2980
26	3015
26	3436
26	3484
26	3573
26	3778
26	4041
27	25
27	39
28	20
29	20
29	29
29	2577
29	3002
29	3004
29	3075
29	3691
29	3769
29	3921
30	29
30	20
30	1
30	41
30	84
30	191
30	195
30	248
30	258
30	366
30	369
30	386
30	388
30	389
30	411
30	414
30	420
30	421
30	428
30	441
30	460
30	463
30	464
30	466
30	470
30	469
30	562
30	570
30	599
30	658
30	681
30	682
30	687
30	690
30	715
30	744
30	743
30	746
30	773
30	782
30	784
30	832
30	833
30	862
30	873
30	879
30	892
30	894
30	897
30	943
30	946
30	968
30	975
30	993
30	1007
30	1011
30	1115
30	1118
30	1146
30	1110
30	1156
30	1208
30	1352
30	1368
30	1366
30	1382
30	1503
30	1504
30	1623
30	1902
30	2126
30	2147
30	2235
30	2264
30	2307
30	2402
30	2413
30	2414
30	2415
30	2435
30	2545
30	2669
30	2670
30	2864
30	2915
30	2916
30	2917
30	2918
30	2969
30	3057
30	3141
30	3199
30	3223
30	3243
30	3258
30	3279
30	3283
30	3287
30	3289
30	3297
30	3298
30	3317
30	3335
30	3337
30	3347
30	3346
30	3362
30	3363
30	3365
30	3366
30	3414
30	3428
30	3517
30	3533
30	3710
30	3709
30	3715
30	3851
30	3857
30	3876
30	3909
30	3910
30	3996
30	3998
30	4052
30	4062
30	4082
30	4091
30	4113
30	4126
30	4127
30	4128
30	4143
30	4169
30	4187
30	4189
30	4196
30	4206
30	4213
30	4214
30	4228
30	4303
30	4329
30	4342
30	4345
30	4346
30	4349
30	4350
30	4369
30	4374
30	4375
30	4379
30	4398
30	4395
30	4408
30	4407
30	4410
30	4411
30	4559
31	20
32	31
32	20
32	1
32	50
32	87
32	84
32	82
32	105
32	102
32	111
32	136
32	171
32	193
32	194
32	195
32	202
32	205
32	208
32	244
32	252
32	377
32	382
32	397
32	405
32	406
32	409
32	411
32	420
32	421
32	435
32	438
32	446
32	447
32	449
32	456
32	461
32	460
32	463
32	462
32	464
32	466
32	470
32	477
32	493
32	511
32	541
32	542
32	557
32	599
32	631
32	638
32	646
32	667
32	670
32	674
32	681
32	686
32	692
32	694
32	697
32	700
32	708
32	707
32	711
32	714
32	715
32	737
32	738
32	746
32	749
32	785
32	790
32	798
32	799
32	800
32	803
32	801
32	809
32	816
32	832
32	840
32	845
32	846
32	848
32	851
32	853
32	912
32	927
32	931
32	939
32	946
32	954
32	993
32	1006
32	1011
32	1035
32	1056
32	1058
32	1055
32	1059
32	1060
32	1061
32	1067
32	1082
32	1118
32	1351
32	1356
32	1357
32	1360
32	1368
32	1367
32	1366
32	1372
32	1373
32	1374
32	1375
32	1376
32	1377
32	1378
32	1381
32	1382
32	1396
32	1405
32	1410
32	1412
32	1419
32	1442
32	1446
32	1447
32	1453
32	1454
32	1455
32	1456
32	1470
32	1474
32	1478
32	1483
32	1500
32	1501
32	1502
32	1503
32	1505
32	1504
32	1506
32	1519
32	1520
32	1625
32	1635
32	1708
32	1736
32	1742
32	1741
32	1780
32	1818
32	1828
32	1830
32	1847
32	1863
32	1866
32	1864
32	1876
32	1891
32	1890
32	1898
32	1944
32	1953
32	1958
32	1964
32	1972
32	1984
32	1987
32	1998
32	2000
32	2013
32	2085
32	2087
32	2095
32	2103
32	2102
32	2100
32	2107
32	2104
32	2123
32	2126
32	2129
32	2132
32	2137
32	2138
32	2145
32	2148
32	2159
32	2186
32	2187
32	2216
32	2235
32	1136
32	2285
32	2301
32	2304
32	2310
32	2318
32	2316
32	2363
32	2435
32	2475
32	2486
32	2490
32	2493
32	2508
32	2521
32	2535
32	2538
32	2561
32	2645
32	2662
32	2682
32	2714
32	2710
32	2721
32	2749
32	2767
32	2804
32	2825
32	2854
32	2864
32	2913
32	2917
32	2919
32	2952
32	2951
32	2984
32	2986
32	3013
32	3015
32	3044
32	3059
32	3070
32	3073
32	3191
32	3192
32	3205
32	3218
32	3225
32	3243
32	3275
32	3277
32	3286
32	3315
32	3322
32	3325
32	3344
32	3358
32	3359
32	3370
32	3382
32	3407
32	3684
32	3685
32	3689
32	3693
32	3695
32	3696
32	3697
32	3698
32	3699
32	3700
32	3701
32	3702
32	3704
32	3705
32	3706
32	3707
32	3708
32	3709
32	3710
32	3712
32	3713
32	3714
32	3715
32	3791
32	3851
32	3861
32	3865
32	3871
32	3872
32	3876
32	3879
32	3882
32	3884
32	3886
32	3890
32	3894
32	3907
32	3909
32	3908
32	3911
32	3910
32	3912
32	3915
32	3917
32	3921
32	3926
32	3929
32	3930
32	3938
32	3945
32	3996
32	4006
32	4021
32	4023
32	4059
32	4061
32	4062
32	4126
32	4128
32	4155
32	4167
32	4178
32	4180
32	4183
32	4191
32	4195
32	4200
32	4212
32	4214
32	4227
32	4228
32	4232
32	4235
32	4247
32	4253
32	4254
32	4258
32	4272
32	4274
32	4329
32	4332
32	4339
32	4346
32	4350
32	4363
32	4369
32	4374
32	4375
32	4386
32	4388
32	4395
32	4398
32	4400
32	4436
32	4447
32	4455
32	4541
32	4559
32	4591
32	4614
33	20
33	277
33	297
33	3056
33	3077
33	3078
33	3757
33	3960
33	3961
33	3962
33	3964
33	3966
33	3967
33	3968
33	3970
33	3971
33	3972
33	3973
33	3974
34	20
34	3023
34	3035
34	3246
35	1
35	55
35	62
35	64
35	183
35	4530
35	4555
35	4570
36	35
36	873
36	930
36	1395
36	1849
36	3110
36	3181
36	3337
36	3859
36	4527
37	36
37	120
37	251
37	261
37	758
37	946
37	1851
37	1852
37	1854
37	1853
37	1850
37	1857
37	3113
37	3174
37	3175
37	3180
37	3181
37	3195
37	3196
37	3197
37	4053
37	4625
38	1
38	177
38	178
38	183
38	4541
39	38
39	39
39	98
39	2875
40	1
40	183
40	4517
40	4526
41	40
41	3243
41	3998
41	4375
42	5
43	42
44	10
45	8
45	1401
45	1416
45	1460
46	14
46	869
46	880
46	2306
46	2852
46	3336
46	4417
47	181
47	182
48	47
49	48
49	3313
49	3314
49	3317
49	3315
49	3324
49	3919
49	3921
49	3936
49	4093
49	4313
50	49
50	51
51	49
51	3919
51	3924
52	51
52	107
52	360
52	439
52	450
52	519
52	550
52	726
52	1740
52	2369
52	2592
52	2750
52	3051
52	3187
52	3290
52	3771
52	4095
52	4235
52	4237
52	367
52	4009
53	49
53	293
53	296
53	311
53	962
53	1058
53	1060
53	1085
53	1087
53	1150
53	1310
53	1337
53	1718
53	1747
53	1753
53	1786
53	1820
53	1824
53	2085
53	2089
53	2102
53	2099
53	2106
53	2107
53	2108
53	2104
53	2113
53	2122
53	2154
53	2169
53	2168
53	2200
53	2201
53	2202
53	2266
53	2271
53	2292
53	2316
53	2322
53	2324
53	2364
53	2370
53	2407
53	2413
53	2521
53	2529
53	2535
53	2537
53	2538
53	2592
53	2590
53	2710
53	2853
53	3000
53	3026
53	3034
53	3044
53	3046
53	3049
53	3048
53	3052
53	3056
53	3055
53	3062
53	3076
53	3093
53	3125
53	3185
53	3202
53	3227
53	3244
53	3285
53	3340
53	3348
53	3680
53	3737
53	3750
53	3758
53	3761
53	3786
53	3804
53	3817
53	3835
53	3837
53	3846
53	3847
53	3888
53	3968
53	3994
53	4000
53	4064
53	4117
53	4286
53	4349
53	4360
53	4493
54	53
54	296
54	463
54	1094
54	1344
54	1350
54	1502
54	2413
54	2414
54	2415
54	2423
54	2428
54	2431
54	2435
54	2440
54	2444
54	2445
54	2448
54	2455
54	2467
54	2472
54	3685
54	3702
54	3710
54	3909
55	172
55	190
56	183
57	56
57	132
57	1708
57	2585
57	2696
57	2993
57	3000
57	3013
57	3020
57	3021
57	3077
57	3079
57	3299
57	3301
57	3331
57	3419
57	3733
58	57
58	134
58	1709
58	1738
58	2592
58	3271
58	3746
59	57
59	2688
59	2747
59	2751
59	2895
59	4590
59	4608
59	4612
59	4613
60	62
60	4554
60	4569
61	60
61	176
61	209
61	210
61	211
61	212
61	213
61	214
61	215
61	216
61	218
61	219
61	220
61	232
61	233
61	243
61	393
61	504
61	704
61	759
61	831
61	1067
61	1075
61	1410
61	1610
61	1609
61	1611
61	1612
61	1631
61	1737
61	1787
61	1798
61	1813
61	1833
61	1834
61	1876
61	1879
61	1965
61	1967
61	1998
61	1999
61	2006
61	2007
61	2010
61	2017
61	2103
61	2140
61	2166
61	2214
61	1136
61	2342
61	2562
61	2854
61	2895
61	2910
61	3037
61	3337
61	4045
61	4046
61	4049
61	4053
61	4081
61	4121
61	4150
61	4346
61	4353
61	4447
61	4475
61	4498
62	63
62	845
62	847
62	1006
64	63
66	4517
66	4556
66	4558
66	4580
67	66
67	67
67	2511
67	2513
67	2559
67	2561
67	4511
68	67
68	68
68	74
68	150
68	1229
68	1231
68	1232
68	1242
68	1244
68	1245
68	1465
68	2333
68	2549
68	2550
68	2556
68	2558
68	2559
69	68
69	603
69	2564
70	69
70	600
70	605
71	70
71	196
71	197
71	246
71	249
71	251
71	256
71	259
71	261
71	573
71	582
71	658
71	661
71	667
71	681
71	691
71	692
71	697
71	699
71	701
71	724
71	745
71	746
71	751
71	759
71	792
71	798
71	801
71	803
71	809
71	811
71	814
71	833
71	841
71	842
71	849
71	868
71	887
71	895
71	912
71	933
71	938
71	939
71	942
71	945
71	952
71	953
71	957
71	959
71	961
71	988
71	995
71	999
71	1003
71	1067
71	1100
71	1115
71	1144
71	1157
71	1163
71	1315
71	1323
71	1520
71	1531
71	1591
71	1599
71	1601
71	1602
71	1705
71	1718
71	1762
71	1761
71	1760
71	1764
71	1767
71	1769
71	1770
71	1771
71	1776
71	1780
71	1784
71	1809
71	1819
71	1823
71	1828
71	1832
71	1834
71	1949
71	1964
71	1972
71	1999
71	2000
71	2005
71	2095
71	2097
71	2106
71	2113
71	2115
71	2126
71	2145
71	2147
71	2151
71	2167
71	2175
71	2180
71	2215
71	2217
71	2218
71	2268
71	2267
71	2342
71	2343
71	2345
71	2346
71	2348
71	2350
71	2355
71	2362
71	2369
71	2378
71	2490
71	2501
71	2546
71	2563
71	2569
71	2593
71	2604
71	2607
71	2609
71	2645
71	2658
71	2696
71	2710
71	2715
71	2716
71	2717
71	2720
71	2725
71	2726
71	2727
71	2728
71	2730
71	2731
71	2732
71	2734
71	2741
71	2746
71	2766
71	2765
71	2778
71	2779
71	2788
71	2806
71	2807
71	2811
71	2828
71	2841
71	2842
71	2846
71	2850
71	2851
71	2854
71	2860
71	2879
71	2886
71	2889
71	2895
71	2899
71	2952
71	2980
71	3113
71	3131
71	3134
71	3223
71	3240
71	3243
71	3317
71	3348
71	3678
71	3690
71	3728
71	3778
71	3853
71	4048
71	4060
71	4061
71	4068
71	4076
71	4107
71	4124
71	4150
71	4152
71	4154
71	4169
71	4172
71	4178
71	4190
71	4191
71	4196
71	4200
71	4202
71	4207
71	4208
71	4214
71	4235
71	4243
71	4247
71	4250
71	4254
71	4266
71	4292
71	4326
71	4329
71	4338
71	4346
71	4350
71	4356
71	4366
71	4393
71	4398
71	4400
71	4409
71	4427
71	4460
71	4461
71	4462
71	4463
71	4464
71	4473
71	4542
71	4559
72	67
72	2547
73	66
73	84
73	221
73	231
73	244
73	434
73	884
73	1058
73	1059
73	1061
73	1079
73	1462
73	1491
73	1522
73	1591
73	1599
73	1643
73	1964
73	1972
73	2112
73	2117
73	2132
73	2137
73	2167
73	2169
73	2200
73	2529
73	2557
73	2653
73	2675
73	2804
73	2748
73	3008
73	3086
73	3087
73	3228
73	3229
73	3232
73	3256
73	3258
73	3295
73	3311
73	3356
73	3407
73	3671
73	3690
73	3850
73	3857
73	3897
73	4145
73	4253
73	4393
73	4400
73	4449
73	4452
73	4465
74	4517
75	74
75	207
75	231
75	242
75	314
75	355
75	924
75	1422
75	1592
75	1591
75	1672
75	1835
75	1954
75	1972
75	1986
75	1994
75	1998
75	2173
75	2179
75	2181
75	2183
75	2191
75	2194
75	2204
75	2211
75	3102
75	3110
75	3193
75	3344
75	3859
75	3871
75	3872
75	3879
75	4029
75	4030
75	4031
75	4032
75	4033
75	4034
75	4035
75	4036
75	4037
75	4038
75	4039
75	4476
75	4483
75	4488
75	4501
75	4518
75	4527
75	4553
75	4568
76	75
77	75
78	75
78	1592
78	2006
78	2224
79	75
79	1592
79	2007
79	2225
80	75
80	80
80	21
80	289
80	1016
80	1031
80	1030
80	1422
80	1507
80	1592
80	1599
80	1638
80	1964
80	2186
80	2404
80	2577
80	2718
80	2910
80	3084
80	3924
80	3946
80	4018
80	4020
80	4041
80	4140
80	4148
80	4471
81	75
81	1592
81	2714
81	2711
81	2949
81	2950
81	2952
81	2953
81	3113
81	4155
81	4284
81	4386
82	21
82	82
82	2320
82	2374
82	2375
82	2376
82	2380
82	2550
82	2558
83	82
83	83
83	985
83	990
83	1000
83	1379
83	1891
83	1890
83	1964
83	2228
83	3393
84	83
84	1359
85	84
85	1353
86	85
86	83
86	1353
87	84
87	195
87	1352
87	1356
87	1357
87	1360
87	1361
87	1367
87	1372
87	1373
87	1374
87	1375
87	1376
87	1377
87	1378
87	1380
87	1389
87	1391
88	84
88	1394
89	84
89	1352
89	1357
89	1359
89	1367
89	1372
89	1373
89	1374
89	1375
89	1376
89	1377
89	1378
89	1391
89	1394
90	84
91	90
91	1359
91	1366
92	28
93	92
93	3062
93	3063
93	3064
94	93
94	3058
94	3233
95	34
96	173
97	178
97	179
98	177
99	98
99	1408
99	1444
99	1451
99	1845
99	2506
99	3242
99	3343
99	3344
99	3859
99	3866
99	3872
99	3879
100	99
100	375
100	379
100	382
100	435
100	436
100	438
100	439
100	440
100	441
100	442
100	443
100	445
100	446
100	447
100	448
100	449
100	450
100	451
100	452
100	453
100	454
100	455
100	473
100	674
100	715
100	790
100	793
100	794
100	795
100	811
100	1487
100	1722
100	1738
100	2267
100	1136
100	2369
100	2370
100	2476
100	2483
100	3210
100	3281
100	4105
100	4110
100	4143
100	4183
100	4212
100	4213
100	4228
100	4245
100	4251
100	4252
100	4253
100	4339
100	4379
100	4436
100	4437
100	4439
100	1739
103	102
103	3347
103	3356
103	3362
103	3370
103	3382
104	102
105	104
105	3360
105	3361
105	3364
105	3367
105	3368
105	3369
105	3372
105	3373
105	3375
105	3379
105	3383
105	3386
105	3387
105	3390
105	3391
106	105
106	3408
107	105
107	107
107	1711
107	2993
107	2995
107	3033
107	3038
107	3046
107	3298
107	3392
107	3629
107	3846
109	108
111	110
111	112
111	4098
111	4099
111	4317
111	4318
112	111
113	112
113	286
113	1705
113	2600
113	2972
113	2976
113	2983
113	3066
113	3065
113	3070
113	3072
113	3077
113	3090
113	3089
113	3098
113	3305
113	3311
113	3326
113	3932
113	4624
114	112
114	452
114	480
114	482
114	487
114	3065
114	3074
114	3075
114	3077
114	3098
114	3099
114	3100
114	3101
114	3326
114	3689
114	3918
114	3922
114	3924
114	3939
114	3948
115	111
115	1736
115	3237
115	3328
115	3669
115	3847
116	115
116	3203
116	3520
116	3669
117	115
117	110
117	4097
117	4099
117	4316
117	4318
118	115
118	823
118	962
118	970
118	1017
118	1022
118	1024
118	1023
118	1026
118	1029
118	1032
118	1035
118	1061
118	1069
118	1077
118	1079
118	1192
118	1210
118	1212
118	1218
118	1496
118	1517
118	1637
118	1744
118	2094
118	2097
118	2152
118	2160
118	2158
118	2170
118	2176
118	2289
118	2405
118	2505
118	2529
118	2559
118	2561
118	2710
118	2944
118	3126
118	3170
118	3174
118	3175
118	3177
118	3182
118	3186
118	3247
118	3669
118	3678
118	3786
118	3992
118	4129
118	4532
119	115
119	366
119	369
119	1229
119	1231
119	1232
119	1242
119	1244
119	1245
119	1629
119	2473
119	2529
119	2622
119	2762
119	3088
119	3091
119	3214
119	3338
119	3679
119	3789
119	3977
119	3990
120	115
120	132
120	253
120	846
120	897
120	906
120	912
120	917
120	946
120	962
120	1006
120	1189
120	1207
120	1211
120	1217
120	2288
120	2404
120	2504
120	2529
120	2559
120	2561
120	2714
120	2711
120	3125
120	3179
120	3181
120	3669
120	3679
120	3768
120	3963
120	4131
120	4510
121	120
121	132
121	134
121	247
121	257
121	374
121	379
121	382
121	395
121	409
121	424
121	440
121	442
121	453
121	473
121	572
121	655
121	680
121	688
121	696
121	701
121	709
121	713
121	715
121	726
121	746
121	751
121	933
121	1738
121	1136
121	2316
121	2369
121	2711
121	3118
121	3210
121	3238
121	3281
121	3280
121	3331
121	3737
121	3766
121	3872
121	3879
121	4080
121	4110
121	4116
121	4120
121	4124
121	4132
121	4133
121	4136
121	4143
121	4168
121	4188
121	4194
121	4196
121	4199
121	4206
121	4209
121	4216
121	4228
121	4237
121	4310
121	4333
121	4336
121	4346
121	4347
121	4348
121	4366
121	4371
121	4370
121	4372
121	4379
121	4398
121	367
121	372
124	123
124	1746
124	3309
124	3310
124	4108
124	4327
126	125
126	131
126	130
126	1716
126	2695
126	2696
126	3307
126	3308
126	3330
126	3329
126	3333
126	3337
126	4100
126	4102
126	4319
126	4321
128	127
128	2597
128	2598
128	2608
128	2609
128	2858
128	2982
128	2983
128	2986
128	2987
128	2988
128	2989
128	2990
128	2991
128	2992
128	2994
128	2995
128	2996
128	2997
128	2998
128	2999
128	3002
128	3003
128	3005
128	3006
128	3007
128	3009
128	3010
128	3011
128	3014
128	3015
128	3098
128	3101
128	3194
128	3682
128	4064
128	4286
129	128
129	2972
129	3065
129	3072
129	3073
129	3095
129	3097
131	130
131	1718
131	3308
131	4102
131	4321
132	131
132	2696
132	3330
133	132
133	3410
134	132
134	3331
134	3337
135	132
135	1735
135	2900
135	3193
135	3194
135	3201
135	3204
135	3206
135	3208
135	3209
135	3211
135	3212
135	3233
135	3245
135	3248
135	3252
135	3253
135	3257
135	3258
135	3262
135	3266
135	3269
135	3277
135	3285
135	3287
135	3297
135	3298
135	3299
135	3520
135	3786
135	3857
135	3872
135	3879
135	4102
135	4321
137	136
137	141
137	3837
137	4283
139	138
139	145
139	3793
139	3817
139	3818
139	3820
139	3834
140	139
140	3823
140	3826
140	3831
140	3835
140	3836
140	3842
140	3843
141	140
141	1762
141	1832
142	141
142	142
142	3826
144	143
145	144
145	3841
147	146
147	2404
147	2405
147	2406
147	2408
148	147
148	893
148	1159
148	1216
148	1468
148	2243
148	2245
148	2250
148	2251
148	2263
148	2273
148	2274
148	2276
148	2277
148	2281
148	2284
148	2285
148	2292
148	2378
148	2387
148	2397
148	2401
148	2402
148	2403
148	2477
148	2482
148	2521
148	2536
148	4061
148	4331
148	4517
150	149
151	150
151	1516
151	1954
151	1998
152	150
152	159
152	1516
152	1520
152	1879
152	1950
152	1954
152	1964
152	1967
152	1963
152	1998
152	1999
152	2282
152	2377
154	153
154	1469
154	2278
154	2280
154	2283
154	2286
154	2553
154	2554
154	2555
154	2557
156	155
156	1468
156	2252
156	2279
156	2281
156	2285
156	2287
156	2543
156	2552
156	2556
157	155
157	945
157	978
157	981
157	996
157	2226
157	2228
157	2229
157	2230
157	2252
157	2264
157	2282
157	2284
157	2285
157	2287
157	2353
157	2354
157	2356
157	2357
157	2358
157	2359
157	2360
157	2361
157	2362
157	2380
157	2492
157	2493
157	2550
157	2558
157	3690
159	158
160	159
160	1520
160	1524
160	1965
160	1999
160	2377
161	159
161	165
161	2489
161	2540
163	162
163	2560
165	164
165	2223
165	2390
165	2516
165	2518
165	2531
170	171
175	174
175	364
175	597
175	702
175	1665
175	2528
175	3203
175	3993
175	4013
175	4027
175	4203
185	184
185	1779
185	1830
185	1839
185	3188
185	3225
185	3414
185	3870
186	185
186	1008
186	2881
186	3945
186	4435
187	186
187	337
187	639
187	648
187	653
187	779
187	821
187	831
187	1083
187	1514
187	1518
187	1622
187	1836
187	1848
187	2018
187	2020
187	2021
187	2022
187	2023
187	2024
187	2025
187	2026
187	2034
187	2035
187	2131
187	2163
187	2185
187	2480
187	2928
187	2930
187	2932
187	2933
187	2935
187	2936
187	2937
187	2940
187	2941
187	2943
187	2944
187	2945
187	2947
187	2948
187	2954
187	2955
187	2956
187	2957
187	2958
187	2959
187	2960
187	2961
187	2962
187	2967
187	2968
187	2970
187	2971
187	3184
187	4017
187	4019
187	4028
187	4040
187	4043
187	4159
187	4166
187	4513
188	187
188	199
188	241
188	362
188	364
188	488
188	548
188	599
188	607
188	671
188	718
188	829
188	935
188	1370
188	1952
188	2708
188	2912
188	3139
188	3220
188	3304
188	3904
188	4004
188	4181
188	4230
190	4562
190	4586
192	191
192	195
192	397
192	409
192	419
192	1208
192	1216
192	1190
192	1519
193	194
199	202
201	200
206	205
206	244
206	1591
207	206
207	1986
217	216
217	2549
217	3478
217	3483
217	3511
223	230
223	231
224	223
224	498
224	501
224	511
226	225
226	1700
226	1984
226	2001
226	2013
226	2015
226	2016
227	226
229	228
235	234
235	350
235	873
235	924
235	1544
235	1545
235	1599
235	1607
235	1669
235	1670
235	1677
235	1686
235	1687
235	1726
235	1972
235	2000
235	2005
235	2010
235	2015
235	3104
235	4031
235	4038
235	4476
235	4483
235	4486
235	4488
235	4501
236	235
236	242
236	337
236	356
236	924
236	1532
236	1533
236	1588
236	1599
236	1625
236	1657
236	1659
236	1669
236	1680
236	1689
236	1687
236	1964
236	1963
236	1972
236	2005
236	2010
236	2015
236	2170
236	2741
236	3104
236	4031
236	4037
236	4038
236	4476
236	4483
236	4486
236	4488
236	4501
236	4506
237	236
237	1656
237	1668
237	1670
237	2010
237	2015
238	237
238	825
240	239
240	1862
240	1958
240	1964
240	2017
240	2229
240	2508
240	3497
240	3514
240	3877
240	4006
240	4023
240	4024
240	4273
243	242
243	244
243	4430
243	4433
242	4433
244	4429
245	244
245	460
245	575
245	1504
245	1511
245	1956
245	3695
245	3705
245	3713
245	3910
247	246
247	251
247	249
247	1762
247	1780
248	249
250	249
250	1776
251	249
252	251
252	261
253	252
253	875
253	3171
253	3177
253	3178
253	3767
253	4130
253	4397
254	253
254	655
254	680
254	688
254	696
254	701
254	726
254	746
254	751
254	874
254	933
254	3118
254	3125
254	3179
254	4080
254	4116
254	4120
254	4124
254	4132
254	4133
254	4136
254	4168
254	4188
254	4196
254	4199
254	4206
254	4209
254	4216
254	4237
254	4310
254	4333
254	4336
254	4346
254	4347
254	4348
254	4366
254	4371
254	4370
254	4372
254	4398
255	252
255	1777
255	1820
255	1822
255	3140
255	3141
255	3179
255	4132
257	256
257	259
257	1814
257	1828
257	1832
258	259
260	259
260	1826
261	259
263	262
265	264
265	2038
265	2039
265	2040
265	2041
265	2042
265	2043
265	2044
265	2045
265	2046
265	2047
265	2048
265	2049
265	2050
265	2051
265	2052
265	2053
265	2054
265	2055
265	2056
265	2057
265	2058
265	2059
265	2060
265	2061
265	2062
265	2063
265	2064
265	2065
265	2066
265	2067
265	2068
265	2069
265	2070
265	2071
265	2072
265	2073
265	2074
265	2075
265	2076
265	2077
265	2078
265	2079
265	2080
265	2081
265	2082
265	2083
266	265
266	2106
268	267
268	269
268	270
268	272
268	273
268	274
268	275
268	276
267	271
269	271
270	271
272	271
273	271
274	271
275	271
276	271
278	277
278	281
278	290
278	3067
278	3724
278	3894
278	3948
278	3975
278	3978
279	281
279	282
279	284
279	286
279	287
280	279
280	1450
280	2671
280	2985
283	282
283	2705
283	2704
283	2977
283	3065
283	3068
283	3067
283	3070
283	3072
283	3421
283	3889
285	284
288	287
288	3001
288	3790
288	3794
288	3795
288	3934
289	311
291	290
291	1702
291	2114
291	2156
291	4443
292	290
292	360
292	2332
292	2392
292	2394
292	4050
292	4107
292	4109
292	4133
292	4326
292	4328
292	4371
292	4442
294	293
294	295
294	297
296	295
296	296
296	2395
296	2414
296	2592
296	2604
296	3053
297	311
298	301
298	305
298	307
298	310
299	298
300	298
302	301
302	305
302	307
302	310
303	301
303	305
303	307
303	310
304	301
304	305
304	307
304	310
306	305
308	307
308	310
313	312
313	315
313	320
313	322
313	321
313	327
313	330
313	331
313	332
313	333
313	334
313	335
313	352
313	1727
313	1756
313	1757
313	1797
313	1806
313	2568
313	2569
313	2571
313	2572
313	2573
313	2872
313	2874
313	2876
313	3105
313	3106
313	3107
313	4055
313	4162
312	315
312	320
312	322
312	323
312	324
312	326
312	328
312	331
312	332
312	333
312	334
312	1727
312	1756
312	1757
312	1758
312	1795
312	1796
312	1797
312	1800
312	1801
312	1802
312	1803
312	1804
312	1805
312	1806
312	1807
312	1809
312	2568
312	2569
312	2571
312	2572
312	2573
312	2872
312	2874
312	2876
312	3105
312	3106
312	3107
312	4055
312	4161
312	4162
315	314
315	316
315	352
316	314
319	318
322	321
322	325
322	327
322	329
322	335
322	1725
325	330
337	336
337	338
337	339
337	340
337	341
337	342
337	343
337	344
337	345
337	346
337	347
337	348
337	349
337	351
337	2566
337	2567
337	2570
337	2574
337	3103
354	354
356	356
358	358
360	360
361	360
361	375
361	374
361	379
361	438
361	439
361	440
361	444
361	446
361	447
361	449
361	451
361	452
361	453
361	455
361	563
361	790
361	793
361	795
361	811
361	2013
361	2099
361	2201
361	2202
361	3252
361	3258
361	3262
361	3265
361	3281
361	3287
361	3297
361	3298
361	3299
361	3344
361	4110
361	4143
361	4245
361	4252
361	4253
361	4322
361	4379
361	4437
361	4439
361	4442
363	362
363	364
365	364
365	379
365	382
365	565
365	701
365	933
365	2523
365	3203
365	4049
367	366
367	369
367	3672
369	368
369	377
369	382
370	368
370	377
370	382
371	368
371	418
371	419
371	950
371	2473
371	2482
371	3860
371	4332
371	4517
372	368
372	2406
372	2408
373	368
373	377
373	382
375	374
374	3258
376	375
376	379
376	430
376	435
376	436
376	443
376	445
376	451
376	454
376	583
376	1115
376	1118
376	1110
376	1333
376	1447
376	1453
376	1136
376	4082
376	4091
376	4303
376	4436
376	4437
376	1991
376	4448
377	374
377	380
378	377
378	382
380	379
381	379
381	4430
383	382
383	638
383	1647
383	2129
383	3405
383	4062
382	3282
384	382
385	382
385	3283
387	386
387	388
387	389
390	389
391	391
392	393
392	2289
392	4350
395	394
395	409
395	424
395	1197
395	1195
395	1215
395	2319
395	2321
395	2387
395	3211
394	409
394	424
396	395
396	1449
396	1844
396	1851
396	1852
396	1854
396	1853
396	1850
396	2473
396	2482
398	397
398	409
398	421
398	460
398	549
398	1372
398	1373
398	1374
398	1375
398	1376
398	1377
398	1378
398	1500
398	1504
398	1987
398	2294
398	2301
398	2326
398	2493
398	3695
398	3696
398	3700
398	3705
398	3708
398	3713
398	3907
398	3910
398	4021
398	4274
400	399
400	405
401	400
401	399
401	403
401	414
401	415
401	421
401	456
401	1372
401	1373
401	1374
401	1375
401	1376
401	1377
401	1378
401	1468
401	1500
401	1987
401	2281
401	2285
401	2550
401	2558
401	3696
401	3700
401	3708
401	3907
402	400
402	406
402	414
402	415
404	403
407	406
409	408
409	409
409	468
409	477
409	482
409	2316
409	2389
409	2481
409	2517
409	2521
409	2523
409	2536
409	2625
409	2645
409	2662
409	2871
409	2906
409	2907
409	3765
409	3795
409	3861
409	3884
409	3886
409	3889
409	3892
409	3895
409	3927
409	3932
409	3934
409	3943
410	408
412	411
412	420
412	1133
412	1146
412	1379
412	1468
412	2281
412	2285
412	2483
412	2500
412	2550
412	2558
412	2921
412	3223
412	3857
412	4474
411	414
411	415
413	411
413	420
413	543
413	686
413	727
413	782
413	983
413	997
413	2088
413	2103
413	2137
413	2140
413	2150
413	2435
413	4142
413	4268
413	4332
413	4373
417	416
417	4455
421	475
421	2493
422	2750
422	2895
424	423
426	425
427	425
427	1422
427	2493
427	2678
427	3371
429	428
429	2871
429	4616
429	4620
431	430
431	432
431	434
431	1587
431	1590
431	1607
431	1608
431	1629
431	1669
431	1670
431	1694
431	1695
431	1719
431	1720
431	1721
431	1724
431	1733
431	1734
431	3789
431	4438
431	4449
431	4609
431	4611
431	4617
433	432
433	966
433	2002
433	2392
433	2687
433	3994
433	4098
433	4109
433	4317
433	4328
437	436
437	1136
437	4400
445	444
445	743
445	2371
445	2483
445	3209
445	4212
445	4407
451	469
451	794
451	1445
451	1454
451	2264
451	3857
451	3871
451	4251
457	456
456	460
456	462
459	458
459	468
459	474
459	479
459	480
459	3688
458	462
461	460
461	462
460	462
463	462
463	463
463	464
465	464
465	1359
465	1501
465	3228
465	3698
465	3701
465	3709
465	3908
465	4432
467	466
467	1503
467	3699
467	3707
467	3715
467	3915
469	474
470	469
470	470
470	475
470	2264
470	2493
470	3857
471	470
472	470
473	469
473	475
473	2264
473	2369
473	2491
473	2493
475	3857
476	475
478	477
481	480
481	483
481	486
481	487
481	492
484	483
486	485
486	489
486	490
486	494
488	493
489	489
491	490
491	3395
491	4126
491	4369
497	496
497	498
497	501
497	511
497	512
499	498
499	1970
500	498
500	1970
502	501
502	504
502	512
502	823
502	2216
502	2228
502	2235
502	2363
502	2374
502	2375
502	3589
502	4081
502	4129
502	4148
502	4353
505	504
505	4619
506	504
506	2687
506	3113
507	504
507	508
507	510
509	508
509	510
514	513
514	3121
516	515
518	517
518	520
518	521
518	522
518	523
518	525
518	526
518	527
518	528
518	534
519	518
519	529
524	523
524	525
524	4282
531	530
532	530
533	3128
533	3137
535	535
535	538
535	3337
536	535
537	535
538	3337
539	538
540	538
546	545
546	4059
546	4274
548	552
551	550
551	4095
555	554
554	793
554	3221
554	3264
554	4245
556	554
558	557
558	560
559	557
561	560
562	596
562	2388
562	4330
562	4538
564	563
566	565
566	701
566	933
566	1013
566	1396
566	4157
566	4390
566	4464
571	570
572	571
572	573
572	574
572	575
572	576
572	578
572	579
572	580
572	2288
572	2289
572	2316
572	2319
572	2321
572	2870
572	3211
572	4375
572	367
577	576
584	583
583	2366
585	583
587	586
588	587
588	591
590	589
590	592
595	594
595	4081
595	4353
597	598
601	600
601	638
601	3317
601	3324
601	3325
601	3346
601	3396
604	603
603	2497
606	605
606	983
606	997
607	608
611	610
611	613
611	614
611	616
611	1033
611	2165
611	4022
612	611
612	610
612	613
612	614
612	1067
612	2325
612	3680
612	4362
616	615
616	616
616	620
616	621
616	628
616	630
616	633
616	641
616	643
616	3666
615	624
615	625
615	626
615	627
615	629
615	631
615	632
615	634
615	635
615	636
615	637
617	616
618	616
619	616
619	831
619	1033
619	1587
619	1590
619	2854
619	3848
620	622
624	623
638	644
638	646
641	640
641	642
645	644
645	4247
650	649
650	1610
650	1609
650	1612
650	1964
650	1989
650	2115
650	2169
650	2167
649	649
652	651
653	652
653	678
653	703
653	717
653	806
655	654
655	659
655	663
655	664
655	667
655	798
654	661
657	656
659	658
663	662
663	665
663	666
669	668
669	670
669	690
669	697
669	746
669	751
669	819
669	4179
669	4180
669	4189
669	4200
669	4206
669	4212
669	4214
669	4398
668	707
668	809
670	672
670	676
672	809
673	672
673	4182
673	4254
675	674
675	801
675	811
676	674
676	711
676	809
676	814
677	676
677	711
677	800
677	813
677	4121
677	4122
677	4139
680	679
680	682
680	684
680	685
680	686
680	818
680	4112
680	4113
681	679
683	682
688	687
688	690
688	694
687	691
687	692
689	687
689	695
689	4196
693	692
693	4191
696	695
696	697
696	746
696	820
700	699
700	4134
700	4552
701	700
705	704
705	759
706	704
708	707
708	810
707	711
710	709
710	713
711	714
713	712
713	802
713	805
712	795
714	715
714	794
714	795
714	814
716	715
716	4443
721	720
721	723
721	4074
722	721
725	724
726	725
726	728
726	731
726	4111
730	729
731	730
731	801
731	4121
731	4122
733	732
735	734
735	832
740	739
740	4157
742	741
742	783
742	4051
744	743
747	759
749	767
749	769
751	753
753	752
753	803
753	816
757	756
757	4132
758	757
758	4131
759	756
759	773
760	759
761	759
761	4053
761	4400
762	759
762	771
762	2952
762	4155
762	4386
762	4400
763	759
763	781
763	866
763	896
763	897
763	906
763	905
763	995
763	2240
763	2241
763	2501
763	3113
763	3733
763	4143
763	4379
763	4400
764	759
764	780
765	756
765	767
765	769
765	874
765	1395
765	1849
765	1857
765	3179
765	3195
765	4053
767	766
767	785
767	801
767	818
767	820
768	767
768	769
768	770
768	786
768	787
769	771
773	772
773	4061
774	773
775	773
775	946
775	4395
776	773
776	820
776	2854
776	3136
776	4400
777	773
777	781
777	782
779	778
788	787
790	789
790	4233
799	801
802	801
802	812
802	814
803	801
804	801
805	801
808	807
808	812
808	813
810	809
810	814
813	812
824	823
824	827
824	828
823	1592
826	825
825	1532
825	1988
830	826
831	1704
832	832
832	883
834	833
836	835
835	837
835	838
840	839
839	922
843	840
848	847
848	857
852	851
855	854
855	856
855	916
855	1883
855	1894
855	1898
857	857
858	857
858	934
859	857
859	928
860	857
862	861
863	862
863	873
863	882
864	863
864	870
864	877
864	879
864	881
865	864
865	883
865	937
866	865
866	872
866	944
866	1003
867	866
867	876
867	878
867	885
867	887
867	890
867	891
867	941
867	959
867	999
869	868
871	870
872	887
874	873
874	930
874	4284
875	874
875	3179
893	892
893	894
893	2324
893	2332
893	2388
893	2402
893	2407
893	2409
895	909
898	897
897	912
897	946
899	897
899	900
899	909
900	897
900	946
901	900
903	902
903	904
902	902
905	946
906	905
906	946
907	906
908	906
909	946
910	909
911	910
911	4592
914	913
915	913
915	922
915	2550
915	2558
915	4154
917	920
919	918
919	920
919	921
919	928
923	922
926	925
927	934
929	928
931	930
931	932
931	4161
931	4202
931	4376
931	4563
931	4567
932	931
933	931
934	1005
934	1012
937	936
937	943
936	963
940	939
940	942
943	942
943	973
943	974
943	975
944	943
944	945
944	966
944	978
945	943
945	954
945	972
947	946
947	993
948	946
949	948
954	956
956	955
958	957
958	959
958	961
960	959
963	965
965	964
966	968
966	976
968	967
968	969
972	971
980	979
982	981
982	996
994	993
999	998
999	1000
999	1001
999	1002
1008	1007
1008	1011
1011	1010
1013	1012
1013	1464
1013	1787
1013	1833
1013	1834
1013	2910
1013	4158
1013	4428
1016	1015
1016	1054
1016	1474
1016	1730
1016	2159
1016	2710
1016	3125
1016	3678
1016	3679
1016	3999
1015	1022
1015	1024
1015	1029
1017	1016
1017	1065
1018	1016
1018	1034
1018	1054
1018	1074
1018	1641
1018	2162
1018	2170
1018	2176
1018	2205
1018	2963
1018	3183
1019	1016
1019	1065
1019	1069
1019	1643
1020	1019
1020	1642
1020	1993
1020	3995
1021	1016
1021	1027
1021	1473
1024	1023
1024	1025
1024	1026
1024	1032
1029	1028
1029	1030
1028	1591
1031	1030
1031	2715
1031	3676
1034	2206
1036	1035
1036	1994
1035	1070
1037	1038
1037	1039
1037	1040
1037	1041
1042	1043
1042	1045
1042	1046
1042	1047
1043	1044
1043	1037
1048	1049
1048	1050
1048	1051
1048	1042
1051	1052
1051	1053
1056	1055
1057	1056
1057	1058
1057	1060
1058	1056
1058	1058
1062	1061
1061	1061
1063	1061
1063	2918
1063	2919
1063	4447
1065	1064
1065	2152
1065	2964
1065	3677
1065	3683
1065	4465
1064	3675
1068	1067
1069	2709
1072	1071
1072	2208
1072	2717
1072	4057
1072	4231
1073	1072
1073	2208
1073	2716
1076	1075
1076	2952
1080	1079
1080	2037
1085	1084
1085	1092
1087	1086
1087	1088
1087	1089
1087	1090
1092	2107
1092	2689
1094	1470
1094	1497
1094	2114
1094	2132
1094	2188
1094	2201
1094	2202
1094	2395
1094	2415
1094	2927
1094	3044
1094	3060
1094	3286
1096	1095
1096	1098
1096	1102
1096	1105
1096	1106
1096	1107
1096	1151
1096	1152
1096	1153
1096	1154
1096	1155
1097	1096
1097	1100
1097	1163
1097	1164
1100	1099
1100	1101
1100	1103
1100	1104
1109	1108
1109	1119
1109	1127
1109	1129
1109	1130
1110	1109
1110	1112
1112	1111
1112	1124
1112	1125
1112	1126
1112	1128
1112	1131
1114	1113
1115	1114
1115	1121
1117	1116
1118	1117
1118	1123
1121	1120
1123	1122
1132	1115
1132	1118
1132	1144
1132	1110
1132	1150
1133	1115
1133	1146
1133	1134
1134	1115
1134	1110
1134	1158
1134	1162
1135	1115
1135	1118
1135	1110
1135	1262
1135	1335
1135	1336
1136	1115
1136	1110
1137	1115
1137	1110
1137	1737
1138	1115
1138	1110
1138	2854
1138	2951
1139	1115
1139	1110
1140	1118
1140	1468
1140	2252
1140	2264
1140	2281
1140	2287
1140	2380
1140	2392
1140	2556
1141	1118
1142	1118
1143	1118
1144	1147
1144	1148
1144	1149
1145	1144
1146	1110
1146	1156
1159	1134
1160	1159
1160	2274
1161	1134
1161	1419
1161	3857
1164	1165
1164	1166
1164	1167
1169	1168
1169	1171
1169	1172
1169	1175
1169	1176
1169	1177
1170	1169
1170	1174
1170	1224
1170	1180
1174	1173
1179	1178
1179	1181
1179	1184
1179	1185
1179	1187
1180	1179
1180	1183
1180	1223
1180	1225
1180	1226
1180	1227
1180	1228
1183	1182
1183	1186
1189	1188
1189	1204
1190	1189
1190	1192
1190	1217
1190	1218
1192	1191
1192	1202
1192	1203
1192	1205
1194	1193
1195	1194
1195	1201
1195	1213
1195	1214
1197	1196
1198	1197
1198	1208
1198	1195
1198	1215
1198	1216
1198	1190
1198	1219
1199	1197
1199	1195
1199	1215
1199	2301
1199	2302
1199	2319
1199	2321
1199	2387
1199	2523
1199	3211
1201	1200
1207	1206
1208	1207
1208	1210
1208	1211
1208	1212
1210	1209
1216	1221
1216	1222
1220	1219
1230	1229
1230	1231
1230	1232
1229	1234
1229	1239
1229	1240
1231	1233
1231	1238
1232	1235
1232	1236
1232	1237
1232	1241
1243	1242
1243	1244
1243	1245
1242	1247
1242	1252
1242	1253
1244	1248
1244	1249
1244	1250
1244	1254
1245	1246
1245	1251
1259	1258
1259	1276
1259	1313
1259	1315
1259	1317
1259	1320
1259	1321
1259	1324
1261	1260
1261	1268
1261	1269
1261	1270
1261	1271
1262	1261
1262	1264
1262	1277
1262	1278
1264	1263
1264	1272
1264	1273
1264	1274
1266	1265
1266	1267
1275	1262
1275	1279
1275	1288
1275	1300
1275	1301
1275	1306
1275	1307
1275	1309
1275	1311
1275	1312
1275	1314
1275	1316
1275	1319
1275	1322
1275	1323
1279	1280
1279	1281
1279	1283
1279	1285
1283	1282
1283	1286
1285	1284
1285	1287
1288	1289
1288	1290
1288	1292
1288	1297
1292	1291
1292	1293
1292	1294
1292	1295
1297	1296
1297	1298
1297	1299
1300	1302
1300	1304
1301	1303
1301	1305
1309	1308
1309	1310
1326	1325
1327	1325
1328	1325
1330	1329
1332	1331
1334	1333
1334	1335
1334	1336
1334	1337
1333	1342
1333	1343
1333	1349
1337	1336
1338	1337
1338	1344
1338	1350
1338	2482
1338	2486
1339	1338
1339	2456
1340	1338
1340	1344
1340	1350
1340	2428
1340	2431
1340	2435
1340	2440
1340	2445
1340	2444
1340	2448
1340	2456
1340	2467
1340	2472
1341	1338
1341	1344
1341	1350
1341	2423
1341	2428
1341	2431
1341	2435
1341	2440
1341	2445
1341	2444
1341	2448
1341	2455
1341	2456
1341	2463
1341	2467
1341	2472
1344	1343
1344	2482
1345	1344
1345	1350
1345	2423
1345	2428
1345	2431
1345	2435
1345	2440
1345	2444
1345	2445
1345	2448
1345	2455
1345	2463
1345	2467
1345	2472
1346	1344
1347	1346
1347	2446
1347	4593
1347	4594
1347	4595
1347	4596
1347	4597
1347	4598
1347	4599
1347	4600
1347	4601
1347	4602
1347	4603
1347	4606
1347	4607
1348	1346
1348	2446
1348	4593
1348	4594
1348	4595
1348	4596
1348	4597
1348	4598
1348	4599
1348	4600
1348	4601
1348	4602
1348	4603
1348	4604
1348	4606
1348	4607
1350	1349
1350	2482
1353	1352
1353	1890
1353	1964
1353	2304
1353	2374
1352	1359
1352	1382
1354	1353
1355	1352
1355	2085
1355	2113
1355	2116
1355	2112
1355	2137
1355	2145
1355	2202
1356	1372
1356	1374
1356	1375
1356	1376
1356	1377
1356	1378
1357	1356
1357	1359
1357	1373
1358	1357
1358	1372
1358	1373
1358	1374
1358	1375
1358	1376
1358	1377
1358	1378
1359	1357
1361	1367
1363	1362
1363	1363
1363	1364
1365	1368
1365	1389
1367	1366
1368	1367
1370	1369
1372	1371
1374	1373
1381	1380
1384	1383
1384	1385
1385	1386
1385	1387
1385	1388
1391	1390
1393	1392
1396	1395
1396	1403
1396	1414
1396	1419
1395	1399
1395	1457
1395	1458
1395	1459
1397	1396
1397	2716
1397	2717
1398	1396
1398	1419
1398	1442
1400	1399
1400	1403
1400	1414
1400	1459
1402	1401
1402	1460
1403	1402
1403	1416
1405	1404
1405	1425
1405	1461
1406	1405
1408	1407
1408	1441
1409	1408
1409	1410
1411	1410
1411	1419
1411	1442
1411	2887
1412	1410
1412	1413
1412	1427
1414	1416
1414	1417
1414	1424
1415	1414
1415	1417
1415	1424
1415	1859
1415	2501
1415	2550
1415	2558
1415	3218
1415	3223
1415	3778
1415	4511
1418	1417
1418	1457
1419	1418
1419	1424
1419	1442
1419	1458
1420	1419
1420	2887
1421	1418
1421	2804
1422	1418
1422	1456
1423	1418
1423	1456
1427	1426
1427	1429
1427	1430
1427	1431
1427	1438
1427	1439
1429	1428
1429	1432
1429	1433
1429	1434
1429	1435
1429	1436
1429	1437
1441	1440
1441	1443
1441	1445
1440	1446
1442	1441
1442	1446
1442	1448
1443	1450
1443	1452
1444	1443
1444	1452
1444	3871
1444	3872
1445	1454
1445	1455
1448	1447
1448	1453
1447	1450
1447	1455
1449	1448
1449	1844
1449	2875
1449	3223
1449	3337
1451	1450
1451	3871
1453	1452
1453	1454
1467	1466
1467	1749
1467	1775
1467	1812
1467	1818
1467	2368
1467	2684
1467	3984
1467	4045
1467	4048
1467	4153
1467	4385
1471	1470
1471	1482
1471	1484
1471	1491
1474	1475
1474	3672
1477	1476
1477	1480
1477	1481
1476	1480
1476	1481
1478	1476
1478	1493
1478	1494
1478	1496
1479	1478
1479	1482
1479	1499
1483	1482
1483	1484
1483	1483
1483	1492
1485	1483
1485	1495
1485	1498
1485	4440
1485	4446
1485	4448
1485	4450
1486	1485
1486	1675
1486	1683
1486	1692
1486	1703
1486	1997
1486	2201
1486	2202
1486	1985
1486	4448
1486	4621
1487	1486
1487	2132
1487	291
1488	1483
1489	1483
1491	1490
1497	1496
1498	1497
1498	1995
1498	1996
1498	2003
1498	2008
1498	2016
1498	1991
1498	4447
1500	1504
1500	1506
1502	1501
1502	1502
1502	1506
1505	1504
1505	1506
1504	1506
1507	1506
1508	1507
1509	1507
1510	1507
1510	1511
1510	1512
1510	1513
1510	1517
1516	1515
1518	1526
1519	1520
1520	1521
1520	1522
1520	1523
1520	1524
1524	1525
1528	1527
1528	1596
1527	1610
1527	1612
1529	1527
1529	2124
1529	2126
1529	2117
1529	2147
1529	2149
1529	2155
1529	2158
1529	2175
1531	1530
1531	1538
1531	1543
1531	1558
1531	1566
1531	1582
1532	1531
1532	1979
1532	2000
1532	2001
1532	2005
1533	1531
1533	1535
1533	1539
1533	1544
1533	1559
1533	1567
1533	1583
1534	1531
1534	1530
1534	1538
1534	1537
1534	1536
1534	1543
1534	1542
1534	1549
1534	1548
1534	1552
1534	1554
1534	1556
1534	1558
1534	1560
1534	1562
1534	1564
1534	1566
1534	1568
1534	1571
1534	1570
1534	1574
1534	1576
1534	1578
1534	1580
1534	1582
1534	1613
1534	1615
1534	1617
1534	1619
1534	1988
1534	2005
1535	1530
1537	1536
1537	1549
1537	1552
1537	1564
1537	1576
1537	1580
1537	1613
1538	1537
1538	1546
1538	1554
1538	1560
1539	1538
1539	1540
1539	1547
1539	1561
1540	1537
1540	1541
1540	1550
1540	1553
1540	1565
1540	1577
1540	1581
1540	1614
1541	1536
1543	1542
1543	1556
1543	1562
1543	1571
1544	1543
1544	1545
1544	1557
1544	1563
1544	1572
1545	1542
1546	1568
1546	1619
1547	1546
1547	1555
1547	1569
1547	1620
1549	1548
1549	1574
1549	1578
1550	1549
1550	1551
1550	1575
1550	1579
1551	1548
1553	1552
1555	1554
1557	1556
1559	1558
1561	1560
1563	1562
1565	1564
1567	1566
1569	1568
1571	1570
1571	1615
1571	1617
1572	1571
1572	1573
1572	1616
1572	1618
1573	1570
1575	1574
1577	1576
1579	1578
1581	1580
1583	1582
1585	1584
1584	1591
1586	1585
1586	1975
1586	1976
1586	1977
1586	1993
1589	1588
1592	1591
1592	1593
1592	1986
1592	1993
1592	2015
1592	4466
1593	1592
1594	1591
1594	2287
1594	2888
1595	1591
1596	1591
1596	1596
1597	1596
1597	1605
1597	1989
1598	1596
1598	2159
1598	2162
1598	2171
1598	2176
1598	2182
1598	2184
1598	2205
1598	2211
1599	1596
1599	1599
1600	1599
1600	1624
1601	1599
1601	1601
1601	2215
1601	2372
1601	2879
1602	1601
1602	1602
1602	2219
1603	1599
1604	1596
1604	1994
1605	1604
1606	1596
1606	2157
1606	2162
1606	2170
1606	2173
1606	2176
1606	2179
1606	2181
1606	2183
1606	2191
1606	2194
1606	2204
1606	4623
1610	1609
1610	1611
1614	1613
1616	1615
1618	1617
1620	1619
1622	1621
1622	1623
1622	1630
1625	1625
1628	1627
1628	2592
1628	2605
1628	2626
1631	1631
1633	1632
1635	1634
1635	1639
1635	1655
1635	1671
1635	1699
1636	1635
1636	1637
1636	1638
1636	1656
1636	1693
1636	1700
1637	1634
1638	1634
1638	1639
1638	1672
1640	1639
1640	1666
1640	1676
1645	1644
1645	1716
1645	1718
1646	1640
1648	1647
1648	1811
1650	1649
1651	1649
1653	1652
1653	1662
1653	1696
1654	1653
1654	1676
1654	1678
1654	1687
1655	1654
1655	1666
1656	1655
1656	1657
1656	1667
1657	1654
1657	1658
1657	1677
1657	1679
1657	1688
1658	1653
1658	1660
1658	1663
1658	1697
1659	1658
1659	1661
1659	1664
1659	1698
1659	1979
1660	1652
1661	1660
1661	1978
1663	1662
1664	1663
1664	1982
1667	1666
1668	1667
1668	1988
1672	1671
1672	1673
1674	1673
1674	1681
1674	1684
1674	1685
1674	1686
1674	1690
1674	1701
1674	2325
1674	3339
1674	4618
1674	4627
1675	1673
1675	1984
1675	1995
1675	2013
1677	1676
1679	1678
1680	1679
1680	2001
1683	1682
1683	2003
1688	1687
1689	1688
1689	1687
1689	1722
1689	2004
1689	2005
1692	1691
1692	2008
1694	1693
1694	2010
1697	1696
1698	1697
1698	2011
1698	2013
1700	1699
1703	1702
1703	1990
1703	1992
1703	2016
1706	1705
1707	1706
1707	3028
1708	1707
1708	2586
1708	3019
1708	3020
1708	3021
1709	1708
1709	1737
1709	1847
1709	3049
1709	3331
1709	3837
1709	3846
1711	1710
1711	3436
1711	3437
1711	3439
1711	3454
1711	3476
1711	3484
1711	3489
1711	3497
1711	3499
1712	1711
1712	3412
1712	3416
1712	3417
1712	3418
1712	3419
1713	1712
1713	3348
1713	3408
1713	3409
1713	3422
1714	1713
1714	1847
1714	2606
1714	2679
1714	2699
1714	2704
1714	3009
1714	3412
1714	3418
1714	3422
1714	3437
1714	3440
1714	3662
1714	3665
1714	3961
1714	3962
1714	3966
1715	1712
1716	1716
1717	1716
1723	1722
1723	1964
1723	3859
1723	3858
1723	4434
1726	1725
1726	1727
1729	1728
1729	1732
1730	1729
1731	1730
1731	1735
1731	1747
1731	1752
1731	1755
1736	1735
1736	1743
1736	2900
1736	3234
1736	3252
1736	3254
1736	3262
1736	3265
1736	3267
1736	3277
1736	3284
1736	3285
1736	4322
1737	1736
1737	3236
1737	3239
1737	3242
1737	3851
1737	3857
1737	3876
1738	1737
1738	1743
1738	1742
1738	1744
1738	3234
1738	3236
1738	3239
1738	3247
1738	3252
1738	3254
1738	3270
1738	3280
1738	3282
1738	3284
1738	3287
1738	3297
1738	3298
1738	3332
1738	3337
1739	1735
1739	3285
1739	4442
1740	1735
1740	1744
1740	1745
1740	3024
1740	3052
1740	3247
1740	3983
1742	1741
1742	2603
1742	3268
1742	3273
1742	3286
1742	3300
1742	3301
1742	3302
1742	3303
1742	3838
1742	3847
1743	1742
1743	1744
1743	3245
1743	3247
1743	3251
1743	3257
1743	3258
1743	3269
1743	3270
1743	3279
1748	1747
1751	1750
1751	1754
1761	1760
1761	1769
1761	1770
1761	1771
1762	1761
1762	1764
1762	1767
1764	1763
1764	1768
1766	1765
1767	1766
1777	1776
1779	1778
1779	1827
1779	1840
1781	1780
1782	1780
1782	1789
1782	1790
1782	1791
1782	1826
1783	1780
1783	1828
1785	1784
1786	1784
1788	1787
1792	1791
1794	1793
1794	1998
1799	1798
1811	1810
1815	1814
1820	1819
1821	1820
1822	1819
1822	1823
1825	1824
1825	3400
1830	1829
1839	1838
1839	3199
1839	4042
1842	1841
1842	3193
1843	1842
1843	3337
1843	3344
1843	3879
1845	1844
1845	3345
1846	1844
1850	1849
1850	1856
1850	1859
1851	1850
1852	1850
1853	1850
1854	1853
1855	1849
1857	1859
1858	1857
1858	2950
1858	3113
1860	1859
1860	3218
1860	3223
1863	1862
1863	1865
1863	1864
1863	1888
1863	1890
1863	1891
1863	1901
1863	1904
1863	1905
1863	1908
1863	1954
1863	1958
1863	1959
1862	1864
1862	1904
1862	1905
1865	1864
1865	1884
1866	1865
1866	1888
1866	1890
1866	1908
1867	1866
1867	1873
1867	1877
1867	1907
1867	1926
1867	1944
1868	1867
1868	1872
1868	1908
1869	1864
1870	1864
1872	1871
1872	1876
1872	1881
1872	1901
1873	1871
1873	1881
1875	1874
1875	1890
1875	1961
1877	1876
1877	1901
1878	1877
1879	1953
1879	2284
1880	1879
1886	1885
1885	1890
1887	1885
1887	1898
1888	1908
1890	1889
1890	1898
1891	1890
1892	1890
1892	1908
1892	1909
1892	1945
1892	1946
1893	1890
1893	1894
1893	1953
1893	1955
1893	1956
1893	1957
1893	1958
1893	2284
1893	4622
1894	1890
1895	1894
1895	4622
1896	1894
1896	1953
1896	2284
1896	4622
1897	1889
1898	1951
1899	1898
1899	3882
1901	1900
1901	1944
1903	1902
1907	1906
1907	1926
1907	1941
1906	1943
1906	1946
1908	1907
1908	1911
1908	1930
1908	1942
1908	1944
1909	1907
1909	1944
1910	1906
1910	1958
1910	3882
1911	1929
1911	1931
1912	1913
1912	1919
1912	1920
1913	1914
1913	1915
1913	1916
1913	1917
1913	1918
1921	1913
1921	1922
1921	1923
1921	1924
1921	1920
1925	1913
1926	1928
1927	1926
1927	1945
1932	1933
1933	1934
1934	1935
1934	1936
1934	1937
1934	1938
1939	1933
1941	1940
1945	1944
1948	1947
1948	1951
1947	1958
1947	2285
1950	1949
1951	1950
1953	1954
1960	1959
1964	1963
1964	1969
1965	1964
1966	1964
1967	1964
1968	1964
1971	1970
1973	1972
1974	1972
1974	2884
1974	3865
1979	1978
1979	1982
1979	2011
1980	1979
1981	1979
1981	1983
1981	2011
1981	2012
1985	1984
1985	2004
1985	2013
1985	2201
1985	2202
1985	4442
1985	4443
1987	1998
1991	1990
1991	1992
1997	1996
2010	2009
2014	2015
2028	2027
2028	2036
2028	2037
2030	2029
2032	2031
2032	2033
2079	2084
2086	2085
2086	2089
2086	2090
2086	2128
2086	2144
2086	2146
2085	2097
2088	2150
2091	2090
2091	2097
2091	2113
2091	2146
2090	2167
2092	2090
2092	2115
2092	2132
2092	2167
2092	2175
2093	2092
2093	2098
2094	2092
2094	2098
2094	2159
2094	2162
2094	2170
2094	2188
2095	2090
2095	2097
2095	2103
2095	2123
2095	2137
2095	2144
2095	2146
2095	2148
2095	2188
2096	2095
2096	2106
2096	2108
2098	2097
2098	2126
2098	2147
2098	2146
2098	2158
2100	2099
2100	2105
2100	2114
2101	2100
2101	2101
2101	2102
2101	2113
2102	2100
2102	2113
2102	2122
2103	2102
2103	2103
2103	2129
2105	2104
2105	2156
2104	2132
2106	2105
2107	2105
2107	2104
2107	2138
2108	2105
2108	2114
2108	2113
2108	2112
2108	2122
2108	2133
2109	2104
2109	2112
2110	2104
2110	2111
2111	2104
2111	2112
2111	2113
2111	2132
2112	2104
2113	2112
2113	2128
2113	2132
2114	2113
2115	2113
2115	2167
2115	2175
2116	2115
2116	2174
2116	2176
2117	2116
2118	2116
2118	2124
2118	2126
2118	2147
2118	2168
2118	2174
2118	2202
2119	2115
2120	2115
2121	2112
2125	2125
2127	2126
2127	2147
2127	2158
2131	2130
2131	2210
2135	2134
2135	2136
2135	2139
2135	2195
2141	2140
2141	2150
2142	2141
2142	2143
2143	2140
2143	2150
2143	2151
2145	2147
2146	2145
2146	2151
2147	2146
2150	2150
2155	2167
2155	2175
2159	2158
2159	2175
2159	2203
2158	2167
2158	2196
2160	2159
2160	2158
2160	2175
2161	2160
2161	2167
2161	2168
2161	2169
2161	2175
2161	2203
2161	2205
2161	2209
2164	2164
2164	2177
2164	2178
2167	2180
2167	2193
2168	2167
2168	2203
2169	2168
2169	2205
2171	2170
2170	2174
2170	2180
2170	2192
2172	2174
2173	2173
2174	2182
2174	2184
2174	2190
2174	2195
2187	2186
2189	2188
2198	2197
2198	2199
2198	2200
2200	2199
2200	2201
2200	2202
2206	2207
2211	2211
2213	2212
2215	2215
2216	2215
2217	2215
2217	2217
2217	2550
2217	2558
2218	2217
2218	2219
2218	2342
2221	2220
2221	4460
2221	4461
2221	4462
2221	4463
2222	2220
2222	2343
2222	2345
2222	2347
2222	2349
2222	2350
2223	2519
2223	2520
2227	2226
2227	2228
2227	2229
2227	2230
2227	2233
2227	2353
2229	2284
2232	2231
2235	2234
2236	2235
2236	2240
2236	2241
2236	2242
2236	2253
2236	2257
2237	2235
2238	2235
2238	3411
2239	2234
2243	2245
2243	2251
2244	2243
2244	2250
2244	2271
2244	1136
2244	2301
2244	2304
2244	2315
2244	2320
2244	2367
2244	2380
2244	2381
2244	2382
2244	2385
2244	2393
2244	2401
2244	2477
2244	2476
2244	2482
2244	2484
2244	2521
2244	2523
2244	2536
2244	3211
2244	4012
2244	4014
2246	2247
2248	2249
2254	2253
2254	2257
2254	2258
2254	2260
2254	2305
2254	2313
2256	2255
2256	2259
2256	2314
2260	2364
2260	2550
2260	3858
2261	2254
2261	2379
2262	2254
2262	2379
2264	2263
2264	3210
2263	2267
2263	2269
2263	2271
2265	2263
2267	2266
2267	2268
2271	2270
2271	2272
2274	2273
2274	2276
2274	2277
2275	1136
2290	2289
2293	2292
2295	2294
2295	2303
2295	2306
2294	2297
2294	2298
2296	2294
2296	2300
2296	2515
2296	2516
2298	2299
2300	2303
2302	2303
2303	2304
2304	2306
2304	2536
2305	2304
2305	2305
2305	2315
2305	2319
2305	2321
2305	2509
2305	2536
2308	2307
2307	2309
2307	2310
2307	2311
2307	2312
2316	3754
2317	2316
2317	3765
2317	3865
2317	3875
2317	3889
2317	3892
2317	3927
2317	3932
2317	3943
2318	2317
2318	4006
2318	4015
2320	2319
2320	2321
2323	2322
2323	2324
2323	4517
2322	2324
2325	2325
2327	2326
2327	2328
2329	2328
2329	4024
2330	2328
2332	2331
2335	2334
2337	2336
2339	2338
2341	2340
2344	2343
2347	2346
2347	2348
2351	2350
2351	4604
2352	2350
2352	2924
2352	4463
2355	2354
2355	2358
2355	2360
2355	2361
2364	2363
2365	2364
2365	2380
2365	2550
2365	2558
2367	2366
2367	2381
2367	2383
2369	2370
2371	2370
2371	2476
2385	2384
2387	2386
2391	2390
2391	2487
2391	2512
2391	2513
2391	2540
2396	2395
2396	2401
2398	2247
2399	2400
2401	2476
2403	2402
2410	2411
2412	2411
2417	2416
2417	2420
2417	2424
2417	2426
2417	2433
2417	2436
2417	2438
2417	2442
2417	2450
2417	2452
2417	2457
2417	2459
2417	2468
2417	2470
2419	2418
2419	2425
2419	2429
2419	2432
2419	2437
2419	2441
2419	2451
2419	2458
2419	2461
2419	2465
2419	2469
2422	2421
2422	2427
2422	2430
2422	2434
2422	2439
2422	2443
2422	2447
2422	2449
2422	2453
2422	2454
2422	2460
2422	2462
2422	2466
2422	2471
2423	2486
2431	2473
2431	2483
2445	2444
2446	2444
2456	2476
2456	2482
2463	2486
2464	2463
2474	2473
2474	2476
2474	2482
2474	2483
2477	2476
2478	2477
2478	2481
2480	2479
2480	2544
2480	2545
2485	2484
2485	3401
2488	2487
2491	2490
2494	2493
2494	2495
2498	2497
2498	2499
2498	2504
2498	2505
2498	2506
2502	2501
2502	2507
2502	2498
2503	2501
2510	2509
2512	2511
2512	2515
2512	2524
2514	2513
2514	2560
2523	2522
2523	2530
2524	2525
2524	2526
2524	2527
2531	2532
2531	2533
2531	2534
2536	2537
2536	2539
2537	2538
2548	2547
2551	2550
2551	2558
2568	2573
2569	2568
2576	2575
2576	2595
2576	2609
2577	2575
2577	2585
2577	2595
2577	2596
2577	2601
2577	2603
2577	2609
2577	2696
2578	2577
2579	2578
2579	2696
2579	2710
2579	2739
2579	2790
2579	2854
2579	2902
2579	4527
2580	2575
2580	2581
2580	2582
2584	2583
2584	2769
2584	2772
2584	2851
2583	2583
2586	2585
2585	2603
2587	2585
2587	2616
2587	2654
2587	2656
2587	2762
2587	2828
2588	2587
2588	2612
2588	2613
2589	2585
2589	2762
2591	2590
2591	2604
2592	2590
2594	2593
2594	2745
2594	2767
2594	2853
2594	2902
2593	2595
2595	2857
2596	2595
2596	2738
2596	2788
2600	2599
2600	2906
2600	2907
2600	2981
2600	3017
2600	3074
2600	3075
2600	3084
2600	3086
2600	3087
2600	3099
2600	3100
2602	2601
2601	2735
2601	2786
2606	2770
2606	2771
2611	2610
2611	2619
2611	2620
2611	2621
2611	2628
2611	2633
2611	2637
2610	2638
2610	2687
2612	2611
2612	2616
2613	2611
2613	2620
2613	2621
2613	2628
2613	2637
2614	2610
2614	2667
2614	2669
2614	2902
2615	2614
2616	2615
2616	2654
2616	2656
2617	2614
2617	2667
2618	2617
2618	2655
2618	2658
2618	2669
2618	2686
2618	2690
2618	2691
2620	2631
2620	2632
2621	2629
2621	2630
2621	2634
2621	2636
2623	2622
2624	2623
2624	2625
2624	2627
2626	2655
2626	2668
2626	2669
2628	2635
2640	2639
2640	2642
2640	2643
2640	2644
2640	2647
2641	2640
2641	2739
2641	2790
2646	2645
2646	2662
2646	2663
2646	2664
2646	2665
2646	2671
2645	2648
2645	2649
2645	2650
2645	2651
2645	2652
2654	2653
2654	2659
2654	2666
2654	2667
2654	2668
2654	2669
2654	2670
2655	2653
2655	2660
2655	2661
2656	2655
2656	2674
2657	2655
2658	2653
2663	2675
2672	2671
2672	2673
2678	2762
2680	2679
2680	2704
2679	2769
2679	2770
2679	2771
2679	2772
2681	2680
2681	2706
2681	2707
2683	2682
2683	2716
2688	2687
2688	2691
2689	2687
2689	2689
2689	2693
2689	3009
2689	3062
2689	3202
2689	3232
2689	3244
2689	3262
2689	3268
2689	3409
2689	3408
2689	3961
2689	3962
2694	2693
2698	2697
2698	2700
2698	2704
2697	2699
2697	2701
2697	2702
2697	2703
2705	2704
2705	3927
2706	2704
2707	2704
2710	2711
2711	2710
2712	2711
2712	3113
2712	3174
2712	4132
2712	4333
2713	2712
2713	3169
2713	3175
2714	2713
2714	3176
2716	2715
2716	2723
2716	4527
2719	2718
2719	2735
2719	2736
2719	2738
2719	2761
2719	2763
2719	2765
2721	2720
2721	2725
2721	2726
2721	2727
2721	2728
2721	2730
2721	2731
2721	2732
2721	2734
2722	2721
2722	2774
2723	2722
2723	2739
2723	2741
2723	2742
2723	2767
2723	2790
2723	2854
2724	2722
2724	2739
2724	2790
2729	2728
2729	2746
2729	2778
2729	2779
2733	2732
2733	2746
2733	2782
2737	2736
2737	2739
2737	2784
2737	2790
2737	2826
2739	2752
2739	2753
2739	2754
2739	2755
2739	2756
2739	2757
2739	2758
2739	2759
2739	2760
2740	2739
2740	2790
2740	2855
2740	2901
2741	2739
2741	2790
2742	2741
2743	2739
2743	2763
2743	2790
2743	2862
2744	2739
2744	2764
2744	2790
2744	2828
2745	2744
2745	2790
2746	2739
2746	2790
2746	4527
2747	2746
2748	2747
2748	2751
2749	2746
2749	2884
2750	2746
2751	2746
2751	4540
2762	2761
2762	2860
2766	2765
2766	2815
2766	2850
2767	2766
2767	2804
2768	2767
2768	2854
2768	2901
2774	2773
2774	2776
2774	2777
2774	2778
2774	2779
2774	2780
2774	2781
2774	2782
2774	2783
2774	2817
2773	2816
2775	2774
2777	2818
2778	2819
2779	2820
2780	2821
2781	2822
2782	2823
2783	2824
2786	2785
2786	2827
2788	2787
2788	2828
2790	2789
2790	2796
2790	2829
2790	2896
2789	2792
2789	2793
2789	2794
2789	2797
2789	2798
2789	2799
2789	2800
2789	2801
2791	2790
2791	2802
2791	2828
2791	2839
2796	2795
2796	2833
2804	2803
2804	2840
2803	2806
2803	2807
2803	2808
2803	2809
2803	2810
2803	2811
2803	2812
2803	2813
2803	2814
2805	2804
2829	2830
2829	2831
2829	2832
2829	2834
2829	2835
2829	2836
2829	2837
2829	2838
2840	2841
2840	2842
2840	2843
2840	2844
2840	2845
2840	2846
2840	2847
2840	2848
2840	2849
2855	2854
2856	2854
2860	2859
2862	2861
2866	2865
2866	3770
2866	4065
2866	4287
2867	2866
2868	2867
2869	2866
2869	3770
2870	2866
2870	3689
2870	3770
2870	3781
2870	3782
2870	3784
2881	2880
2881	2882
2881	2883
2881	2890
2885	2884
2887	2900
2891	2892
2894	2895
2897	2898
2898	2899
2904	2903
2905	2903
2913	2915
2913	2916
2913	2918
2914	2913
2914	2917
2914	2919
2915	2915
2921	2920
2921	2922
2921	2924
2923	2922
2925	2924
2928	2927
2928	2934
2928	2942
2927	2929
2927	2946
2927	2965
2927	2969
2932	2931
2937	2938
2937	2939
2947	2966
2952	2951
2973	2972
2973	2975
2973	3426
2973	3661
2973	3681
2973	3955
2973	3956
2974	2973
2974	3065
2974	3072
2974	3421
2974	3425
2974	3948
2974	3959
2974	4626
2977	2976
2977	3410
2977	3429
2977	3431
2979	2978
2979	2980
2984	2983
2985	2984
2985	3017
2993	2995
3001	3000
3004	3003
3008	3007
3008	3008
3008	3786
3012	3011
3012	3310
3012	3316
3012	3321
3012	4157
3012	4390
3017	3016
3017	3018
3019	3024
3019	3026
3019	3041
3019	3043
3019	3050
3019	3052
3019	3053
3019	3058
3019	3060
3020	3023
3020	3030
3020	3033
3020	3034
3020	3035
3020	3037
3020	3046
3020	3048
3020	3055
3021	3025
3021	3027
3021	3036
3021	3038
3021	3040
3021	3061
3023	3022
3023	3032
3024	3060
3030	3029
3030	3039
3030	3042
3030	3047
3030	3057
3030	3059
3029	3031
3029	3054
3031	3079
3033	3079
3034	3299
3034	3300
3035	3079
3042	3079
3044	3043
3044	3268
3045	3044
3045	3791
3045	3793
3045	3797
3045	3799
3047	3079
3049	3048
3049	3093
3049	3837
3051	3050
3051	3052
3052	3053
3054	3079
3055	3302
3056	3055
3057	3079
3066	3065
3066	3070
3068	3067
3068	3070
3070	3069
3070	3071
3078	3077
3081	3080
3081	3082
3081	3901
3086	3085
3089	3088
3089	3091
3090	3089
3090	3092
3095	3094
3096	3096
3105	4054
3105	4160
3109	3108
3111	3110
3112	3112
3113	3124
3114	3113
3114	3127
3115	3114
3115	3117
3116	3113
3117	3113
3117	3138
3118	3113
3118	3119
3118	3676
3118	4134
3118	4139
3118	4334
3118	4367
3121	3120
3121	3122
3121	3123
3125	3124
3125	4133
3125	4141
3125	4371
3126	3125
3126	3185
3129	3128
3129	3137
3129	3136
3130	3129
3130	3115
3132	3131
3132	3134
3133	3131
3135	3134
3137	3136
3143	3144
3143	3145
3143	3156
3145	3146
3145	3153
3145	3154
3146	3147
3146	3148
3146	3149
3149	3150
3149	3152
3150	3151
3152	3151
3154	3155
3157	3158
3157	3147
3159	3160
3159	3146
3161	3162
3161	3163
3161	3146
3161	3151
3164	3165
3164	3147
3164	3156
3164	3166
3164	3167
3167	3168
3169	3170
3173	3172
3173	3170
3173	3174
3177	3182
3180	3179
3186	3185
3187	3971
3190	3189
3190	3191
3190	3895
3190	3958
3199	3198
3201	3200
3201	3202
3201	3207
3201	3212
3201	4096
3201	4315
3200	3215
3206	3205
3208	3207
3208	3851
3208	3876
3208	3882
3209	3210
3212	3213
3212	3214
3219	3218
3219	3223
3219	3778
3222	3221
3224	3223
3230	3229
3230	3231
3230	3232
3234	3233
3234	3266
3234	3287
3234	3297
3234	3298
3233	3255
3236	3235
3236	3237
3236	3238
3236	3240
3236	3241
3236	3243
3236	3335
3236	4101
3236	4320
3245	3244
3245	3246
3245	3263
3249	3248
3249	3251
3249	3259
3249	3272
3251	3250
3251	3260
3251	3274
3254	3253
3254	3299
3257	3256
3257	3275
3261	3260
3265	3264
3265	3282
3265	3283
3265	4103
3265	4323
3271	3270
3271	3837
3271	3846
3277	3276
3277	3278
3281	3280
3287	3294
3287	3295
3287	3296
3288	3287
3289	3287
3290	3287
3290	3290
3311	3312
3316	3315
3316	3318
3316	3323
3317	3315
3317	3323
3320	3319
3320	3321
3320	3322
3327	3326
3327	3328
3330	3329
3331	3332
3334	3334
3336	3337
3339	3338
3339	3340
3339	3341
3339	3681
3339	3769
3339	3954
3339	3957
3347	3346
3347	3358
3347	3359
3347	3365
3347	3366
3347	3371
3347	3374
3347	3378
3347	3384
3347	3385
3347	3388
3347	3389
3346	3352
3348	3346
3348	3358
3348	3359
3348	3360
3348	3361
3348	3374
3348	3378
3348	3384
3348	3385
3348	3388
3348	3389
3348	3393
3348	3394
3348	3395
3348	3396
3348	3397
3348	3399
3348	3400
3348	3401
3348	3402
3348	3403
3348	3405
3348	3406
3348	3411
3348	3534
3348	3574
3349	3348
3349	4125
3349	4368
3351	3350
3352	3351
3352	3353
3356	3363
3375	3376
3375	3377
3379	3380
3379	3381
3398	3397
3398	3407
3409	3408
3412	3411
3412	3435
3412	3441
3412	3442
3412	3443
3412	3444
3412	3445
3412	3446
3412	3447
3412	3448
3412	3449
3412	3458
3412	3459
3412	3460
3412	3461
3412	3463
3412	3465
3412	3469
3412	3478
3412	3479
3412	3480
3412	3481
3412	3492
3412	3495
3412	3496
3412	3500
3412	3502
3412	3509
3412	3510
3411	3472
3411	3504
3411	3505
3411	3506
3411	3507
3411	3508
3411	3550
3411	3559
3414	3413
3414	3420
3413	3415
3413	3423
3413	3427
3413	3428
3416	3424
3416	3483
3416	3501
3416	3512
3416	3513
3417	3434
3417	3438
3417	3450
3417	3451
3417	3456
3417	3457
3417	3464
3417	3466
3417	3467
3417	3468
3417	3470
3417	3471
3417	3473
3417	3486
3417	3487
3417	3488
3417	3490
3417	3491
3417	3493
3417	3494
3417	3498
3417	3503
3418	3440
3419	3452
3419	3474
3424	3477
3428	3517
3431	3430
3433	3432
3437	3453
3455	3454
3455	3520
3455	3531
3455	3573
3455	3629
3455	3665
3459	3462
3463	3511
3476	3475
3476	3482
3484	3629
3485	3484
3485	3514
3485	3515
3504	3576
3516	3515
3519	3518
3519	3530
3519	3532
3519	3538
3519	3539
3519	3540
3519	3541
3519	3542
3519	3543
3519	3544
3519	3545
3519	3546
3519	3547
3519	3548
3519	3550
3519	3553
3519	3554
3519	3557
3519	3558
3519	3559
3519	3560
3519	3561
3519	3562
3519	3563
3519	3564
3519	3565
3519	3566
3519	3568
3519	3571
3519	3575
3519	3576
3519	3578
3519	3581
3519	3586
3519	3587
3519	3590
3519	3591
3519	3623
3519	3624
3519	3625
3519	3627
3519	3628
3519	3630
3519	3631
3519	3632
3519	3633
3519	3634
3519	3637
3519	3638
3519	3643
3519	3645
3519	3646
3519	3651
3519	3652
3519	3653
3519	3654
3519	3656
3519	3657
3519	3658
3519	3659
3519	3666
3520	3519
3520	3529
3520	3533
3520	3535
3520	3537
3520	3549
3520	3555
3520	3577
3520	3579
3520	3583
3520	3588
3520	3589
3520	3626
3520	3635
3520	3636
3520	3641
3520	3647
3520	3648
3520	3650
3520	3667
3520	3668
3521	3522
3521	3524
3521	3526
3522	3523
3523	3595
3524	3522
3524	3525
3524	3526
3526	3522
3526	3527
3529	3528
3529	3536
3529	3551
3529	3552
3529	3556
3529	3569
3529	3570
3529	3621
3529	3622
3529	3639
3529	3640
3529	3642
3529	3644
3529	3649
3529	3655
3529	3660
3535	3534
3535	3574
3535	3582
3535	3585
3573	3572
3581	3580
3583	3584
3592	3593
3592	3594
3592	3523
3595	3596
3595	3601
3595	3611
3595	3612
3595	1040
3595	3613
3595	1041
3595	3615
3595	3616
3595	3617
3595	3619
3596	3597
3596	3598
3596	3599
3596	3600
3596	3601
3596	1040
3596	3602
3596	3603
3596	3604
3596	3605
3596	3606
3596	3607
3596	3608
3605	1039
3605	1041
3608	3609
3609	3610
3613	3614
3614	1039
3614	1041
3617	3618
3619	3620
3662	3665
3664	3663
3664	3666
3664	3670
3663	3663
3672	3673
3672	3674
3684	3684
3685	3684
3685	3685
3685	3697
3685	3698
3687	3686
3689	3688
3689	3703
3689	3711
3688	3697
3690	3689
3690	3913
3691	3690
3691	3879
3691	3882
3691	3921
3692	3689
3692	3763
3692	3764
3692	3773
3692	3782
3692	3959
3693	3688
3693	3695
3693	3697
3694	3693
3695	3697
3696	3695
3696	3697
3700	3705
3700	3706
3702	3701
3702	3702
3702	3706
3703	3706
3704	3703
3704	3705
3704	3706
3705	3706
3708	3713
3708	3714
3710	3709
3710	3710
3710	3714
3711	3714
3712	3711
3712	3713
3712	3714
3713	3714
3717	3716
3717	3721
3719	3718
3719	3720
3719	3722
3724	3723
3724	3725
3724	3977
3726	3726
3727	3727
3729	3728
3731	3730
3734	3733
3736	3735
3738	3737
3738	3742
3737	3739
3737	3740
3740	3741
3741	3752
3742	3741
3742	3971
3742	3973
3742	3983
3743	3745
3743	3748
3745	3744
3745	3749
3745	3762
3746	3745
3746	3748
3746	3750
3746	3752
3746	3758
3746	3759
3746	3761
3746	3959
3748	3747
3748	3760
3752	3751
3752	3753
3754	3765
3755	3754
3757	3756
3758	3757
3766	3765
3768	3767
3771	3770
3771	3778
3772	3772
3775	3774
3775	3778
3777	3776
3778	3779
3778	3780
3786	3785
3786	3787
3786	3788
3786	3790
3791	3797
3791	3799
3791	3804
3791	3807
3797	3796
3797	3811
3799	3798
3799	3800
3799	3802
3799	3805
3799	3806
3799	3808
3799	3809
3799	3812
3799	3813
3799	3814
3799	3815
3801	3800
3804	3803
3804	3810
3817	3816
3817	3819
3817	3830
3820	3821
3823	3822
3823	3833
3825	3824
3826	3825
3826	3828
3828	3827
3828	3829
3831	3832
3840	3839
3845	3844
3846	3845
3849	3848
3852	3851
3852	3876
3855	3854
3855	3863
3855	3875
3855	3878
3855	3887
3856	3855
3859	3858
3859	3881
3859	3883
3862	3861
3862	3865
3862	3866
3862	3886
3868	3867
3868	4016
3869	3867
3871	3873
3880	3879
3885	3884
3885	3886
3889	3890
3890	3895
3892	3891
3892	3894
3893	3891
3893	3895
3894	3895
3896	3896
3899	3898
3899	3900
3901	3901
3904	3903
3903	3905
3903	3906
3907	3910
3907	3912
3909	3908
3909	3909
3909	3912
3911	3910
3911	3912
3910	3912
3913	3912
3914	3913
3914	3916
3914	3917
3914	3921
3914	3925
3918	3920
3921	3920
3920	3924
3922	3921
3924	3923
3937	3936
3937	3938
3937	3939
3937	3942
3937	3943
3940	3939
3940	3941
3949	3948
3949	3952
3949	3953
3949	3955
3949	3959
3950	3950
3952	3951
3952	3954
3953	3953
3960	3963
3960	3965
3960	3969
3975	3976
3979	3980
3981	3982
3985	1044
3985	1045
3985	1046
3985	1047
3986	3985
3987	3988
3987	3989
3988	3155
3991	3990
3991	3992
3991	4000
3993	3994
3995	3996
3996	3998
4002	4001
4002	4003
4008	4007
4008	4008
4009	4007
4013	4027
4021	4021
4022	4022
4025	4024
4026	4024
4047	4046
4047	4049
4058	4121
4062	4061
4062	4062
4062	4117
4063	4062
4067	4066
4067	4392
4066	4076
4069	4070
4071	4070
4074	4073
4074	4134
4075	4074
4078	4077
4079	4078
4080	4079
4080	4077
4080	4081
4080	4089
4080	4111
4081	4077
4082	4083
4082	4089
4084	4085
4086	4087
4088	4084
4091	4090
4095	4094
4095	4314
4105	4104
4105	4144
4105	4324
4106	4104
4110	4109
4110	4328
4111	4112
4113	4112
4114	4113
4116	4115
4116	4118
4116	4139
4118	4117
4120	4119
4120	4123
4119	4121
4119	4122
4130	4129
4129	4141
4131	4130
4131	4132
4133	4132
4134	4132
4135	4134
4136	4135
4136	4137
4137	4134
4138	4132
4146	4145
4161	4162
4165	4164
4166	4165
4166	4204
4166	4229
4166	4244
4166	4414
4168	4167
4168	4170
4168	4174
4168	4175
4168	4178
4168	4393
4167	4172
4170	4169
4174	4173
4174	4176
4174	4177
4179	4214
4179	4218
4179	4247
4180	4182
4180	4184
4182	4247
4184	4183
4184	4222
4184	4247
4184	4250
4185	4184
4185	4223
4185	4256
4185	4364
4186	4183
4186	4228
4186	4339
4188	4187
4188	4189
4188	4192
4187	4190
4187	4191
4194	4193
4194	4195
4194	4197
4194	4393
4196	4195
4196	4198
4196	4207
4199	4198
4199	4200
4199	4214
4199	4398
4206	4205
4206	4207
4209	4208
4209	4211
4209	4214
4209	4357
4209	4410
4211	4210
4211	4215
4211	4411
4216	4216
4217	4216
4217	4352
4219	4218
4219	4248
4218	4222
4221	4220
4221	4226
4222	4227
4222	4258
4224	4223
4224	4246
4224	4249
4224	4256
4223	4249
4226	4225
4226	4239
4226	4257
4225	4240
4225	4234
4225	4252
4227	4228
4227	4251
4227	4252
4232	4235
4233	4234
4233	4241
4235	4234
4235	4241
4235	4249
4236	4235
4236	4271
4236	4364
4237	4236
4237	4254
4237	4267
4237	4269
4237	4357
4238	4235
4239	4238
4239	4240
4240	4235
4248	4247
4248	4250
4254	4253
4255	4254
4260	4259
4260	4261
4260	4263
4260	4265
4260	4293
4260	4299
4260	4402
4260	4403
4262	4261
4262	4265
4263	4261
4264	4263
4264	4265
4267	4266
4271	4270
4272	4363
4275	4274
4275	4352
4277	4276
4278	4276
4278	4292
4278	4302
4278	4376
4278	4389
4279	4278
4280	4279
4281	4278
4282	4278
4282	4300
4285	4284
4289	4288
4289	4295
4289	4299
4289	4404
4289	4405
4291	4290
4294	4293
4294	4296
4296	4299
4297	4296
4298	4296
4303	4309
4303	4311
4304	4305
4306	4307
4307	4308
4309	4330
4310	4309
4310	4330
4310	4353
4310	4355
4310	4356
4310	4357
4311	4345
4311	4349
4325	4324
4331	4330
4331	4345
4331	4349
4332	4330
4333	4330
4333	4345
4333	4349
4333	4395
4333	4400
4334	4333
4335	4333
4336	4335
4336	4337
4337	4333
4341	4340
4341	4343
4341	4344
4342	4340
4342	4343
4342	4344
4342	4345
4342	4346
4342	4349
4346	4345
4346	4349
4347	4346
4347	4359
4347	4361
4348	4346
4348	4363
4348	4365
4355	4354
4355	4358
4361	4360
4362	4360
4363	4364
4371	4370
4371	4372
4378	4377
4378	4380
4378	4381
4378	4382
4384	4393
4391	4390
4394	4393
4394	4410
4394	4411
4395	4393
4395	4397
4395	4406
4396	4395
4397	4395
4398	4395
4398	4400
4399	4395
4400	4395
4400	4415
4401	4400
4401	4418
4401	4419
4408	4407
4414	4413
4416	4415
4418	4420
4418	4421
4418	4422
4418	4423
4418	4424
4418	4425
4431	4430
4441	4440
4444	4443
4445	4443
4452	4451
4452	4453
4452	4454
4456	4457
4458	4457
4458	4459
4464	4515
4467	1529
4468	1529
4469	1529
4470	1529
4480	4481
4508	4507
4509	4507
4509	4510
4509	4511
4513	4514
4517	4516
4517	4519
4517	4520
4517	4521
4517	4522
4517	4523
4517	4524
4526	4534
4526	4535
4526	4536
4526	4537
4526	4538
4526	4539
4526	4540
4526	4541
4526	4543
4526	4544
4526	4546
4526	4547
4527	4526
4528	4526
4529	4534
4530	4533
4532	4536
4532	4538
4545	4546
4551	4550
4551	4556
4551	4557
4551	4558
4550	4559
4550	4561
4552	4554
4554	4555
4564	4579
4566	4565
4566	4573
4566	4575
4566	4576
4566	4577
4566	4580
4566	4582
4566	4584
4565	4578
4565	4581
4565	4585
4567	4569
4567	4587
4567	4588
4567	4589
4569	4570
4592	4592
4605	4604
4610	4609
4610	4611
