1	0
1	180
1	4548
1	4575
1	4598
2	1
2	47
2	55
2	173
2	177
2	178
2	179
2	183
2	189
2	246
2	249
2	256
2	259
2	847
2	849
2	1008
2	4541
2	4566
2	4581
2	4589
2	4602
2	4603
2	4604
3	2
3	171
3	4532
3	4533
3	4578
4	3
5	4
6	4
6	11
6	20
6	43
6	42
6	45
6	15
6	17
6	64
6	68
6	92
6	34
6	107
6	172
6	179
6	189
6	190
6	198
6	203
6	221
6	222
6	223
6	231
6	242
6	244
6	269
6	311
6	337
6	336
6	366
6	369
6	382
6	438
6	446
6	447
6	462
6	483
6	598
6	683
6	696
6	760
6	774
6	791
6	798
6	853
6	902
6	899
6	914
6	929
6	936
6	941
6	970
6	978
6	1015
6	1031
6	1071
6	1330
6	1372
6	1401
6	1413
6	1419
6	1424
6	1455
6	1457
6	1460
6	1488
6	1511
6	1606
6	1712
6	1745
6	1759
6	1824
6	1841
6	2101
6	2119
6	2130
6	2121
6	2141
6	2151
6	2162
6	2166
6	2170
6	2171
6	2174
6	2180
6	2184
6	2186
6	2188
6	2190
6	2192
6	2194
6	2196
6	2204
6	2216
6	2221
6	2249
6	2254
6	2255
6	2294
6	2373
6	2435
6	2471
6	2487
6	2541
6	2546
6	2599
6	2617
6	2671
6	2672
6	2674
6	2755
6	2833
6	2878
6	2882
6	2907
6	3040
6	3047
6	3052
6	3054
6	3056
6	3064
6	3083
6	3084
6	3117
6	3146
6	3148
6	3196
6	3211
6	3217
6	3219
6	3220
6	3227
6	3231
6	3239
6	3243
6	3247
6	3260
6	3280
6	3282
6	3283
6	3298
6	3299
6	3305
6	3306
6	3311
6	3325
6	3342
6	3352
6	3445
6	3670
6	3702
6	3710
6	3719
6	3727
6	3754
6	3771
6	3784
6	3785
6	3791
6	3796
6	3820
6	3864
6	3871
6	3884
6	3889
6	3892
6	3895
6	3925
6	3977
6	3987
6	4057
6	4059
6	4108
6	4115
6	4207
6	4330
6	4338
6	4410
6	4415
6	4445
6	4479
6	4532
6	4542
6	4546
6	4561
6	4562
6	4578
6	4624
7	3
7	19
7	26
7	29
7	42
7	45
7	48
7	50
7	49
7	56
7	60
7	65
7	68
7	69
7	70
7	74
7	82
7	84
7	97
7	98
7	105
7	122
7	150
7	159
7	166
7	167
7	172
7	173
7	177
7	193
7	195
7	198
7	203
7	204
7	209
7	212
7	214
7	215
7	222
7	223
7	225
7	228
7	231
7	234
7	239
7	244
7	248
7	258
7	260
7	409
7	425
7	461
7	460
7	463
7	464
7	470
7	477
7	482
7	487
7	494
7	549
7	592
7	593
7	599
7	602
7	603
7	611
7	616
7	654
7	692
7	696
7	697
7	699
7	701
7	703
7	702
7	757
7	783
7	792
7	801
7	835
7	837
7	840
7	847
7	848
7	849
7	850
7	853
7	859
7	868
7	875
7	885
7	889
7	899
7	907
7	911
7	914
7	919
7	926
7	929
7	930
7	933
7	935
7	932
7	941
7	948
7	955
7	961
7	964
7	970
7	981
7	995
7	1008
7	1013
7	1014
7	1069
7	1077
7	1096
7	1330
7	1351
7	1356
7	1357
7	1364
7	1365
7	1373
7	1372
7	1380
7	1384
7	1385
7	1386
7	1395
7	1410
7	1409
7	1417
7	1419
7	1427
7	1450
7	1451
7	1459
7	1460
7	1469
7	1473
7	1506
7	1507
7	1510
7	1509
7	1514
7	1524
7	1525
7	1527
7	1529
7	1536
7	1543
7	1601
7	1604
7	1607
7	1613
7	1636
7	1692
7	1717
7	1731
7	1791
7	1802
7	1815
7	1825
7	1830
7	1837
7	1838
7	1865
7	1870
7	1868
7	1880
7	1885
7	1893
7	1902
7	1962
7	1968
7	1973
7	1976
7	2002
7	2009
7	2010
7	2099
7	2110
7	2125
7	2143
7	2157
7	2176
7	2185
7	2186
7	2188
7	2190
7	2191
7	2195
7	2218
7	2239
7	2247
7	2254
7	2256
7	2275
7	1141
7	2287
7	2293
7	2306
7	2317
7	2320
7	2345
7	2348
7	2350
7	2349
7	2351
7	2373
7	2396
7	2432
7	2444
7	2448
7	2449
7	2450
7	2452
7	2476
7	2494
7	2500
7	2503
7	2505
7	2512
7	2515
7	2525
7	2527
7	2539
7	2540
7	2544
7	2546
7	2549
7	2554
7	2563
7	2564
7	2566
7	2567
7	2568
7	2569
7	2591
7	2599
7	2615
7	2621
7	2619
7	2624
7	2625
7	2626
7	2630
7	2633
7	2642
7	2655
7	2667
7	2683
7	2687
7	2720
7	2721
7	2737
7	2739
7	2754
7	2775
7	2809
7	2869
7	2876
7	2878
7	2884
7	2896
7	2913
7	2915
7	2925
7	2931
7	2963
7	2971
7	3109
7	3217
7	3224
7	3226
7	3231
7	3233
7	3325
7	3340
7	3349
7	3362
7	3363
7	3379
7	3380
7	3381
7	3414
7	3442
7	3443
7	3444
7	3448
7	3449
7	3452
7	3454
7	3455
7	3458
7	3459
7	3460
7	3462
7	3466
7	3467
7	3468
7	3469
7	3470
7	3471
7	3475
7	3480
7	3485
7	3490
7	3492
7	3494
7	3496
7	3499
7	3501
7	3503
7	3505
7	3506
7	3507
7	3509
7	3510
7	3513
7	3515
7	3516
7	3520
7	3521
7	3670
7	3684
7	3687
7	3698
7	3711
7	3714
7	3715
7	3717
7	3722
7	3723
7	3725
7	3746
7	3774
7	3791
7	3848
7	3867
7	3877
7	3891
7	3895
7	3897
7	3899
7	3900
7	3907
7	3921
7	3922
7	3924
7	3923
7	3937
7	3936
7	3959
7	4011
7	4018
7	4019
7	4036
7	4044
7	4050
7	4051
7	4054
7	4071
7	4151
7	4171
7	4172
7	4181
7	4211
7	4215
7	4217
7	4224
7	4247
7	4257
7	4287
7	4314
7	4316
7	4357
7	4361
7	4365
7	4378
7	4382
7	4390
7	4398
7	4405
7	4410
7	4443
7	4445
7	4449
7	4467
7	4470
7	4476
7	4478
7	4489
7	4491
7	4498
7	4501
7	4503
7	4516
7	4526
7	4530
7	4545
7	4547
7	4550
7	4552
7	4553
7	4554
7	4559
7	4561
7	4563
7	4564
7	4565
7	4569
7	4570
7	4578
7	4579
7	4580
7	4584
7	4585
7	4586
7	4607
7	4608
7	4609
7	4610
7	4611
7	4612
7	4613
7	4614
7	4615
7	4616
7	4617
7	4618
7	4621
7	4622
8	3
9	8
9	14
9	16
9	18
9	19
9	35
9	38
9	40
9	48
9	56
9	60
9	65
9	66
9	74
9	96
9	97
9	98
9	170
9	4542
9	4543
9	4544
9	4546
9	4547
9	4560
9	4567
9	4568
9	4582
9	4583
10	9
11	8
11	2
11	38
11	1
11	40
11	66
11	74
11	98
11	171
11	179
11	246
11	847
11	849
11	1008
11	4532
11	4533
11	4542
11	4543
11	4546
11	4547
11	4550
11	4551
11	4552
11	4553
11	4554
11	4555
11	4556
11	4558
11	4559
11	4561
11	4568
11	4570
11	4578
11	4582
11	4583
11	4585
12	11
12	8
12	14
12	17
12	2
12	18
12	21
12	20
12	35
12	1
12	41
12	40
12	43
12	42
12	49
12	66
12	74
12	84
12	83
12	82
12	96
12	97
12	105
12	115
12	128
12	171
12	172
12	173
12	181
12	183
12	189
12	190
12	194
12	200
12	221
12	223
12	231
12	252
12	251
12	260
12	358
12	364
12	368
12	375
12	377
12	379
12	382
12	409
12	425
12	430
12	432
12	436
12	438
12	440
12	442
12	443
12	445
12	446
12	447
12	451
12	453
12	454
12	456
12	469
12	475
12	485
12	495
12	544
12	582
12	589
12	603
12	658
12	660
12	661
12	667
12	668
12	683
12	681
12	684
12	688
12	694
12	696
12	703
12	702
12	740
12	752
12	760
12	757
12	768
12	770
12	786
12	791
12	793
12	799
12	804
12	810
12	812
12	813
12	817
12	820
12	821
12	822
12	848
12	850
12	853
12	868
12	876
12	899
12	915
12	919
12	922
12	924
12	929
12	933
12	935
12	932
12	936
12	941
12	948
12	964
12	995
12	1008
12	1011
12	1014
12	1018
12	1030
12	1033
12	1063
12	1069
12	1120
12	1123
12	1115
12	1260
12	1263
12	1284
12	1316
12	1317
12	1319
12	1320
12	1321
12	1322
12	1324
12	1327
12	1328
12	1330
12	1362
12	1373
12	1372
12	1371
12	1377
12	1378
12	1379
12	1380
12	1381
12	1382
12	1383
12	1384
12	1401
12	1400
12	1415
12	1417
12	1418
12	1419
12	1424
12	1447
12	1451
12	1453
12	1458
12	1503
12	1505
12	1514
12	1512
12	1516
12	1525
12	1527
12	1529
12	1598
12	1596
12	1606
12	1604
12	1612
12	1630
12	1721
12	1730
12	1742
12	1740
12	1747
12	1766
12	1780
12	1791
12	1817
12	1824
12	1830
12	1836
12	1837
12	1838
12	1863
12	1876
12	1880
12	1885
12	1895
12	1894
12	1912
12	1911
12	1910
12	1915
12	1944
12	1947
12	1948
12	1954
12	1962
12	1963
12	1971
12	1968
12	1967
12	1973
12	1976
12	1979
12	1991
12	2002
12	2003
12	2009
12	2099
12	2103
12	2111
12	2120
12	2119
12	2117
12	2116
12	2128
12	2130
12	2136
12	2148
12	2151
12	2149
12	2153
12	2163
12	2162
12	2166
12	2173
12	2172
12	2171
12	2174
12	2178
12	2180
12	2191
12	2205
12	2206
12	2216
12	2218
12	2220
12	2221
12	2232
12	2233
12	2267
12	2271
12	2275
12	1141
12	2287
12	2320
12	2319
12	2318
12	2322
12	2326
12	2336
12	2339
12	2343
12	2356
12	2364
12	2373
12	2376
12	2377
12	2384
12	2396
12	2397
12	2409
12	2477
12	2480
12	2485
12	2486
12	2493
12	2497
12	2525
12	2533
12	2539
12	2540
12	2542
12	2551
12	2554
12	2562
12	2563
12	2567
12	2568
12	2570
12	2582
12	2604
12	2611
12	2612
12	2645
12	2650
12	2667
12	2674
12	2678
12	2721
12	2722
12	2747
12	2746
12	2744
12	2760
12	2772
12	2775
12	2776
12	2795
12	2801
12	2809
12	2858
12	2859
12	2876
12	2883
12	2901
12	2905
12	2911
12	2912
12	2915
12	2916
12	2923
12	2978
12	2988
12	3000
12	3012
12	3014
12	3018
12	3061
12	3060
12	3070
12	3078
12	3082
12	3091
12	3092
12	3107
12	3118
12	3146
12	3181
12	3187
12	3198
12	3209
12	3213
12	3219
12	3226
12	3231
12	3237
12	3248
12	3252
12	3260
12	3261
12	3277
12	3278
12	3289
12	3293
12	3295
12	3305
12	3306
12	3313
12	3314
12	3336
12	3339
12	3343
12	3345
12	3349
12	3356
12	3379
12	3382
12	3400
12	3401
12	3402
12	3443
12	3462
12	3670
12	3671
12	3704
12	3703
12	3702
12	3709
12	3710
12	3713
12	3719
12	3721
12	3741
12	3745
12	3758
12	3761
12	3763
12	3770
12	3774
12	3778
12	3799
12	3798
12	3800
12	3801
12	3808
12	3870
12	3872
12	3874
12	3878
12	3885
12	3887
12	3892
12	3895
12	3897
12	3899
12	3900
12	3920
12	3933
12	3949
12	3956
12	3957
12	3959
12	4011
12	4019
12	4023
12	4035
12	27
12	4057
12	4058
12	4062
12	4069
12	4074
12	4114
12	4116
12	4122
12	4121
12	4123
12	4136
12	4144
12	4157
12	4163
12	4170
12	4171
12	4172
12	4177
12	4183
12	4185
12	4186
12	4192
12	4193
12	4195
12	4202
12	4206
12	4207
12	4211
12	4229
12	4247
12	4258
12	4262
12	4269
12	4307
12	4311
12	4314
12	4297
12	4336
12	4339
12	4343
12	4347
12	4348
12	4354
12	4361
12	4360
12	4364
12	4367
12	4372
12	4378
12	4381
12	4390
12	4391
12	4394
12	4405
12	4408
12	4410
12	4415
12	4425
12	4441
12	4442
12	4443
12	4452
12	1995
12	4458
12	4463
12	4465
12	4530
12	4532
12	4542
12	4544
12	4555
12	4556
12	4561
12	4563
12	4566
12	4569
12	4574
12	4578
12	4581
12	4584
12	4596
13	11
13	14
13	16
13	18
13	26
13	31
13	33
13	19
13	50
13	51
13	49
13	53
13	48
13	56
13	60
13	64
13	65
13	81
13	88
13	89
13	90
13	84
13	96
13	97
13	104
13	118
13	111
13	134
13	132
13	146
13	160
13	168
13	169
13	172
13	173
13	181
13	183
13	189
13	190
13	196
13	213
13	218
13	219
13	231
13	244
13	250
13	249
13	256
13	260
13	261
13	259
13	263
13	265
13	267
13	269
13	270
13	272
13	273
13	275
13	276
13	290
13	293
13	297
13	301
13	305
13	307
13	309
13	310
13	313
13	317
13	320
13	338
13	340
13	341
13	342
13	343
13	345
13	348
13	349
13	351
13	353
13	355
13	357
13	359
13	397
13	405
13	416
13	418
13	420
13	421
13	424
13	441
13	442
13	444
13	448
13	449
13	503
13	511
13	513
13	515
13	520
13	521
13	522
13	526
13	527
13	528
13	530
13	533
13	534
13	545
13	547
13	553
13	562
13	567
13	568
13	571
13	578
13	579
13	580
13	581
13	609
13	610
13	613
13	614
13	615
13	620
13	627
13	638
13	644
13	646
13	647
13	654
13	658
13	661
13	662
13	664
13	666
13	667
13	668
13	670
13	677
13	674
13	679
13	678
13	683
13	684
13	687
13	688
13	689
13	694
13	699
13	706
13	711
13	715
13	714
13	716
13	717
13	720
13	726
13	729
13	731
13	730
13	737
13	740
13	742
13	745
13	747
13	749
13	750
13	751
13	752
13	754
13	755
13	756
13	760
13	770
13	771
13	782
13	784
13	786
13	787
13	788
13	794
13	797
13	798
13	799
13	800
13	803
13	802
13	808
13	811
13	812
13	813
13	819
13	820
13	824
13	827
13	834
13	835
13	840
13	846
13	847
13	849
13	852
13	855
13	859
13	868
13	867
13	866
13	865
13	863
13	871
13	872
13	874
13	876
13	879
13	880
13	882
13	883
13	884
13	885
13	887
13	888
13	890
13	891
13	896
13	902
13	899
13	906
13	909
13	908
13	912
13	916
13	915
13	923
13	924
13	913
13	934
13	932
13	937
13	939
13	938
13	940
13	943
13	944
13	950
13	948
13	953
13	954
13	956
13	958
13	957
13	961
13	965
13	967
13	966
13	968
13	969
13	971
13	972
13	975
13	976
13	978
13	979
13	980
13	981
13	986
13	987
13	988
13	989
13	990
13	991
13	992
13	993
13	994
13	995
13	997
13	1001
13	1000
13	1002
13	1003
13	1004
13	1005
13	1006
13	1010
13	1011
13	1012
13	1014
13	1016
13	1018
13	1029
13	1056
13	1067
13	1066
13	1068
13	1076
13	1080
13	1082
13	1083
13	1084
13	1098
13	1099
13	1123
13	1115
13	1155
13	1174
13	1179
13	1202
13	1213
13	1200
13	1220
13	1195
13	1229
13	1185
13	1261
13	1262
13	1263
13	1265
13	1268
13	1316
13	1317
13	1319
13	1321
13	1322
13	1323
13	1324
13	1327
13	1359
13	1358
13	1357
13	1362
13	1365
13	1366
13	1367
13	1369
13	1370
13	1374
13	1377
13	1379
13	1378
13	1381
13	1382
13	1383
13	1384
13	1387
13	1389
13	1390
13	1394
13	1395
13	1397
13	1401
13	1408
13	1410
13	1424
13	1430
13	1445
13	1448
13	1450
13	1451
13	1453
13	1462
13	1463
13	1466
13	1468
13	1469
13	1473
13	1477
13	1478
13	1479
13	1483
13	1481
13	1488
13	1495
13	1497
13	1500
13	1503
13	1504
13	1507
13	1506
13	1514
13	1512
13	1511
13	1525
13	1528
13	1537
13	1607
13	1606
13	1640
13	1639
13	1646
13	1647
13	1648
13	1650
13	1649
13	1645
13	1652
13	1654
13	1660
13	1659
13	1658
13	1657
13	1676
13	1678
13	1683
13	1686
13	1687
13	1692
13	1695
13	1696
13	1700
13	1701
13	1704
13	1706
13	1709
13	1710
13	1719
13	1715
13	1725
13	1726
13	1729
13	1730
13	1738
13	1739
13	1746
13	1754
13	1756
13	1758
13	1763
13	1776
13	1777
13	1778
13	1780
13	1784
13	1791
13	1793
13	1804
13	1812
13	1813
13	1818
13	1820
13	1821
13	1823
13	1827
13	1832
13	1835
13	1836
13	1837
13	1849
13	1860
13	1863
13	1866
13	1869
13	1875
13	1878
13	1880
13	1886
13	1888
13	1892
13	1894
13	1905
13	1908
13	1912
13	1915
13	1933
13	1935
13	1948
13	1950
13	1951
13	1954
13	1956
13	1957
13	1958
13	1961
13	1962
13	1963
13	1965
13	1966
13	1971
13	1968
13	1970
13	1976
13	1982
13	1986
13	1988
13	2002
13	2004
13	2005
13	2006
13	2011
13	2015
13	2018
13	2023
13	2107
13	2110
13	2111
13	2120
13	2119
13	2125
13	2144
13	2157
13	2161
13	2169
13	2172
13	2174
13	2177
13	2178
13	2182
13	2183
13	2184
13	2187
13	2189
13	2191
13	2190
13	2194
13	2196
13	2198
13	2199
13	2202
13	2201
13	2208
13	2209
13	2212
13	2570
13	2586
13	2587
13	2598
13	2602
13	2603
13	2638
13	2650
13	2658
13	2674
13	2678
13	2681
13	2682
13	2694
13	2697
13	2716
13	2720
13	2725
13	2730
13	2731
13	2732
13	2733
13	2735
13	2736
13	2747
13	2746
13	2750
13	2749
13	2752
13	2756
13	2767
13	2769
13	2796
13	2833
13	2859
13	2863
13	2865
13	2868
13	2872
13	2883
13	2884
13	2891
13	2896
13	2898
13	2914
13	2920
13	2921
13	2922
13	2923
13	2931
13	2942
13	2943
13	2944
13	2948
13	2969
13	2970
13	2978
13	3126
13	3142
13	3144
13	3188
13	3195
13	3204
13	3225
13	3226
13	3233
13	3234
13	3239
13	3254
13	3271
13	3272
13	3274
13	3281
13	3291
13	3297
13	3300
13	3301
13	3303
13	3304
13	3324
13	3326
13	3350
13	3351
13	3355
13	3356
13	3366
13	3367
13	3386
13	3398
13	3399
13	3407
13	3410
13	3412
13	3413
13	3415
13	3419
13	3425
13	3427
13	3432
13	3435
13	3437
13	3439
13	3445
13	3446
13	3447
13	3450
13	3451
13	3453
13	3456
13	3457
13	3464
13	3465
13	3472
13	3473
13	3474
13	3476
13	3477
13	3478
13	3479
13	3481
13	3482
13	3484
13	3483
13	3487
13	3488
13	3489
13	3495
13	3497
13	3498
13	3500
13	3502
13	3504
13	3508
13	3511
13	3512
13	3514
13	3517
13	3518
13	3575
13	3670
13	3678
13	3680
13	3692
13	3698
13	3703
13	3709
13	3708
13	3710
13	3711
13	3712
13	3713
13	3715
13	3714
13	3718
13	3720
13	3721
13	3726
13	3727
13	3743
13	3745
13	3748
13	3750
13	3752
13	3756
13	3770
13	3772
13	3777
13	3786
13	3787
13	3789
13	3794
13	3797
13	3803
13	3805
13	3818
13	3851
13	3852
13	3867
13	3885
13	3888
13	3891
13	3894
13	3898
13	3904
13	3907
13	3908
13	3915
13	3920
13	3921
13	3925
13	3928
13	3937
13	3936
13	3941
13	3944
13	3946
13	3948
13	3960
13	3969
13	3970
13	3971
13	3986
13	3988
13	4007
13	4010
13	4021
13	4023
13	4027
13	4030
13	4032
13	4035
13	4042
13	4043
13	4045
13	4046
13	4047
13	4048
13	4049
13	4052
13	4064
13	4066
13	4069
13	4070
13	4072
13	4075
13	4073
13	4078
13	4080
13	4081
13	4084
13	4086
13	4085
13	4091
13	4089
13	4104
13	4106
13	4108
13	4111
13	4115
13	4117
13	4121
13	4124
13	4127
13	4131
13	4133
13	4134
13	4135
13	4136
13	4137
13	4138
13	4139
13	4141
13	4145
13	4148
13	4144
13	4152
13	4153
13	4158
13	4161
13	4163
13	4164
13	4165
13	4170
13	4171
13	4172
13	4177
13	4184
13	4183
13	4186
13	4187
13	4189
13	4191
13	4192
13	4200
13	4198
13	4201
13	4202
13	4204
13	4206
13	4207
13	4210
13	4215
13	4223
13	4228
13	4230
13	4231
13	4234
13	4233
13	4235
13	4237
13	4241
13	4242
13	4243
13	4246
13	4260
13	4261
13	4263
13	4262
13	4254
13	4265
13	4269
13	4273
13	4282
13	4284
13	4286
13	4285
13	4305
13	4310
13	4314
13	4317
13	4327
13	4329
13	4330
13	4333
13	4338
13	4343
13	4349
13	4351
13	4348
13	4354
13	4357
13	4366
13	4367
13	4370
13	4371
13	4374
13	4377
13	4379
13	4380
13	4381
13	4382
13	4383
13	4384
13	4385
13	4387
13	4395
13	4397
13	4399
13	4402
13	4404
13	4405
13	4413
13	4415
13	4421
13	4423
13	4422
13	4425
13	4427
13	4441
13	4443
13	4445
13	4447
13	1995
13	4453
13	4465
13	4475
13	4477
13	4486
13	4487
13	4492
13	4493
13	4494
13	4495
13	4497
13	4499
13	4500
13	4502
13	4504
13	4505
13	4506
13	4507
13	4509
13	4510
13	4511
13	4512
13	4513
13	4514
13	4515
13	4517
13	4518
13	4519
13	4520
13	4521
13	4526
13	4527
13	4528
13	4530
13	4540
13	4544
13	4545
13	4551
13	4553
13	4555
13	4556
13	4558
13	4561
13	4562
13	4566
13	4565
13	4567
13	4574
13	4581
13	4580
13	4587
13	4594
13	4596
13	4605
13	4626
13	4627
13	4630
14	3
15	3
16	2
16	101
16	4532
17	16
17	17
17	115
17	132
17	150
17	159
17	1838
17	2384
17	2545
17	2554
17	2563
17	2564
17	2566
17	2582
17	2719
17	2983
17	2985
17	2986
17	3012
17	3078
17	3231
17	3345
17	3418
17	3677
17	3791
17	3799
18	1
18	173
18	183
19	1
19	173
19	178
19	4555
19	4556
20	19
20	132
20	274
20	298
20	2582
20	2880
20	3082
20	3115
20	3198
20	3231
20	3345
20	3702
20	3746
20	3985
21	20
21	2319
21	3703
21	3784
21	3795
21	3808
21	3937
21	3947
21	4033
22	20
22	298
22	1349
22	1355
22	2427
22	2432
22	2435
22	2439
22	2444
22	2448
22	2449
22	2452
22	2459
22	2467
22	2471
22	2476
23	20
23	58
23	57
23	422
23	481
23	710
23	2592
23	2596
23	2900
23	3332
23	3784
23	4234
23	4605
23	4627
24	20
24	39
24	42
24	17
24	70
24	105
24	159
24	193
24	205
24	208
24	223
24	231
24	244
24	275
24	279
24	298
24	311
24	316
24	354
24	391
24	492
24	550
24	568
24	569
24	583
24	602
24	700
24	748
24	773
24	788
24	826
24	834
24	842
24	853
24	897
24	899
24	905
24	908
24	919
24	948
24	953
24	954
24	955
24	995
24	1033
24	1063
24	1072
24	1260
24	1340
24	1343
24	1351
24	1349
24	1355
24	1373
24	1427
24	1513
24	1525
24	1606
24	1616
24	1607
24	1631
24	1636
24	1676
24	1759
24	1815
24	1841
24	1845
24	1894
24	1915
24	1968
24	1976
24	2010
24	2011
24	2092
24	2120
24	2141
24	2159
24	2181
24	2190
24	2199
24	2215
24	2222
24	2246
24	2257
24	2262
24	2263
24	2315
24	2316
24	2320
24	2325
24	2327
24	2339
24	2343
24	2370
24	2373
24	2381
24	2387
24	2414
24	2427
24	2432
24	2435
24	2439
24	2444
24	2449
24	2450
24	2448
24	2452
24	2459
24	2460
24	2467
24	2471
24	2476
24	2511
24	2533
24	2553
24	2554
24	2562
24	2565
24	2582
24	2598
24	2622
24	2663
24	2690
24	2746
24	2767
24	2830
24	2833
24	2859
24	2753
24	2891
24	2902
24	2957
24	2990
24	2989
24	3013
24	3088
24	3089
24	3124
24	3133
24	3176
24	3180
24	3183
24	3215
24	3227
24	3236
24	3237
24	3249
24	3325
24	3346
24	3365
24	3434
24	3445
24	3669
24	3671
24	3679
24	3704
24	3739
24	3740
24	3741
24	3782
24	3863
24	3874
24	3882
24	3899
24	3909
24	3910
24	3913
24	3914
24	3915
24	3936
24	4024
24	27
24	4080
24	4094
24	4103
24	4107
24	4163
24	4170
24	4216
24	4232
24	4311
24	4318
24	4391
24	4399
24	4408
24	4441
24	4445
24	1534
24	4530
24	4564
24	4579
24	4608
24	4609
24	4610
24	4611
24	4612
24	4613
24	4614
24	4615
24	4616
24	4617
24	4618
24	4619
24	4621
24	4622
25	20
25	25
25	19
25	55
25	96
25	189
26	25
26	39
26	72
26	142
26	392
26	1720
26	1838
26	2515
26	2550
26	2567
26	2568
26	2752
26	2756
26	2899
26	2915
26	2985
26	3020
26	3444
26	3492
26	3581
26	3791
26	4054
27	25
27	39
28	20
29	20
29	29
29	2582
29	3007
29	3009
29	3080
29	3704
29	3782
29	3934
30	29
30	20
30	1
30	41
30	84
30	191
30	195
30	248
30	258
30	366
30	369
30	386
30	388
30	389
30	411
30	414
30	420
30	421
30	428
30	441
30	460
30	463
30	464
30	466
30	470
30	469
30	562
30	570
30	599
30	658
30	683
30	684
30	689
30	692
30	717
30	745
30	744
30	747
30	774
30	783
30	785
30	834
30	835
30	864
30	875
30	881
30	894
30	896
30	899
30	945
30	948
30	970
30	977
30	995
30	1009
30	1013
30	1120
30	1123
30	1151
30	1115
30	1161
30	1213
30	1357
30	1373
30	1371
30	1387
30	1508
30	1509
30	1628
30	1906
30	2130
30	2151
30	2239
30	2268
30	2309
30	2364
30	2406
30	2417
30	2418
30	2419
30	2439
30	2549
30	2674
30	2675
30	2869
30	2920
30	2921
30	2922
30	2923
30	2974
30	3062
30	3147
30	3207
30	3231
30	3251
30	3266
30	3287
30	3291
30	3295
30	3297
30	3305
30	3306
30	3325
30	3343
30	3345
30	3355
30	3354
30	3370
30	3371
30	3373
30	3374
30	3422
30	3436
30	3525
30	3541
30	3723
30	3722
30	3728
30	3864
30	3870
30	3889
30	3922
30	3923
30	4009
30	4011
30	4065
30	4074
30	4094
30	4103
30	4125
30	4138
30	4139
30	4140
30	4157
30	4183
30	4202
30	4204
30	4211
30	4221
30	4228
30	4229
30	4243
30	4318
30	4344
30	4357
30	4360
30	4361
30	4364
30	4365
30	4384
30	4389
30	4390
30	4394
30	4413
30	4410
30	4423
30	4422
30	4425
30	4426
30	4574
31	20
32	31
32	20
32	1
32	50
32	87
32	84
32	82
32	105
32	102
32	111
32	136
32	171
32	193
32	194
32	195
32	202
32	205
32	208
32	244
32	252
32	377
32	382
32	397
32	405
32	406
32	409
32	411
32	420
32	421
32	435
32	438
32	446
32	447
32	449
32	456
32	461
32	460
32	463
32	462
32	464
32	466
32	470
32	477
32	493
32	511
32	541
32	542
32	557
32	599
32	631
32	638
32	646
32	667
32	670
32	674
32	678
32	683
32	688
32	694
32	696
32	699
32	702
32	710
32	709
32	713
32	716
32	717
32	738
32	739
32	747
32	750
32	786
32	791
32	799
32	800
32	801
32	804
32	802
32	810
32	818
32	834
32	842
32	847
32	848
32	850
32	853
32	855
32	914
32	929
32	933
32	941
32	948
32	956
32	995
32	1008
32	1013
32	1037
32	1058
32	1060
32	1057
32	1061
32	1062
32	1063
32	1069
32	1084
32	1123
32	1356
32	1361
32	1362
32	1365
32	1373
32	1372
32	1371
32	1377
32	1378
32	1379
32	1380
32	1381
32	1382
32	1383
32	1386
32	1387
32	1401
32	1410
32	1415
32	1417
32	1424
32	1447
32	1451
32	1452
32	1458
32	1459
32	1460
32	1461
32	1475
32	1479
32	1483
32	1488
32	1505
32	1506
32	1507
32	1508
32	1510
32	1509
32	1511
32	1524
32	1525
32	1630
32	1640
32	1713
32	1741
32	1747
32	1746
32	1784
32	1822
32	1832
32	1834
32	1851
32	1867
32	1870
32	1868
32	1880
32	1895
32	1894
32	1902
32	1948
32	1957
32	1962
32	1968
32	1976
32	1988
32	1991
32	2002
32	2004
32	2017
32	2089
32	2091
32	2099
32	2107
32	2106
32	2104
32	2111
32	2108
32	2127
32	2130
32	2133
32	2136
32	2141
32	2142
32	2149
32	2152
32	2163
32	2190
32	2191
32	2220
32	2239
32	1141
32	2287
32	2303
32	2306
32	2312
32	2320
32	2318
32	2367
32	2439
32	2479
32	2490
32	2494
32	2497
32	2512
32	2525
32	2539
32	2542
32	2566
32	2650
32	2667
32	2687
32	2719
32	2715
32	2726
32	2754
32	2772
32	2809
32	2830
32	2859
32	2869
32	2918
32	2922
32	2924
32	2957
32	2956
32	2989
32	2991
32	3018
32	3020
32	3049
32	3064
32	3075
32	3078
32	3200
32	3201
32	3213
32	3226
32	3233
32	3251
32	3283
32	3285
32	3294
32	3323
32	3330
32	3333
32	3352
32	3366
32	3367
32	3378
32	3390
32	3415
32	3697
32	3698
32	3702
32	3706
32	3708
32	3709
32	3710
32	3711
32	3712
32	3713
32	3714
32	3715
32	3717
32	3718
32	3719
32	3720
32	3721
32	3722
32	3723
32	3725
32	3726
32	3727
32	3728
32	3804
32	3864
32	3874
32	3878
32	3884
32	3885
32	3889
32	3892
32	3895
32	3897
32	3899
32	3903
32	3906
32	3907
32	3920
32	3922
32	3921
32	3924
32	3923
32	3925
32	3928
32	3930
32	3934
32	3939
32	3942
32	3943
32	3951
32	3958
32	4009
32	4019
32	4034
32	4036
32	4071
32	4073
32	4074
32	4138
32	4140
32	4169
32	4181
32	4192
32	4195
32	4198
32	4206
32	4210
32	4215
32	4227
32	4229
32	4242
32	4243
32	4247
32	4250
32	4262
32	4268
32	4269
32	4273
32	4287
32	4289
32	4344
32	4347
32	4354
32	4361
32	4365
32	4378
32	4384
32	4389
32	4390
32	4401
32	4403
32	4410
32	4413
32	4415
32	4451
32	4462
32	4470
32	4556
32	4574
32	4606
32	4629
33	20
33	277
33	297
33	3061
33	3082
33	3083
33	3770
33	3973
33	3974
33	3975
33	3977
33	3979
33	3980
33	3981
33	3983
33	3984
33	3985
33	3986
33	3987
34	20
34	3028
34	3040
34	3254
35	1
35	55
35	62
35	64
35	183
35	4545
35	4570
35	4585
36	35
36	875
36	932
36	1400
36	1853
36	3115
36	3190
36	3345
36	3872
36	4542
37	36
37	120
37	251
37	261
37	759
37	948
37	1855
37	1856
37	1858
37	1857
37	1854
37	1861
37	3118
37	3180
37	3181
37	3185
37	3188
37	3190
37	3204
37	3205
37	4066
37	4640
38	1
38	177
38	178
38	183
38	4556
39	38
39	39
39	98
39	2880
40	1
40	183
40	4532
40	4541
41	40
41	3251
41	4011
41	4390
42	5
43	42
44	10
45	8
45	1406
45	1421
45	1465
46	14
46	871
46	882
46	2308
46	2857
46	3344
46	4432
47	181
47	182
48	47
49	48
49	3321
49	3322
49	3325
49	3323
49	3332
49	3932
49	3934
49	3949
49	4105
49	4328
50	49
50	51
51	49
51	3932
51	3937
52	51
52	107
52	360
52	439
52	450
52	519
52	550
52	727
52	1745
52	2373
52	2597
52	2755
52	3056
52	3196
52	3298
52	3784
52	4107
52	4250
52	4252
52	367
52	4022
53	49
53	293
53	296
53	311
53	964
53	1060
53	1062
53	1087
53	1089
53	1090
53	1155
53	1315
53	1342
53	1723
53	1752
53	1757
53	1790
53	1824
53	1828
53	2089
53	2093
53	2106
53	2103
53	2110
53	2111
53	2112
53	2108
53	2117
53	2126
53	2158
53	2173
53	2172
53	2204
53	2205
53	2206
53	2270
53	2275
53	2294
53	2318
53	2324
53	2326
53	2368
53	2374
53	2411
53	2417
53	2525
53	2533
53	2539
53	2541
53	2542
53	2597
53	2595
53	2715
53	2858
53	3005
53	3031
53	3039
53	3049
53	3051
53	3054
53	3053
53	3057
53	3061
53	3060
53	3067
53	3081
53	3098
53	3130
53	3194
53	3210
53	3235
53	3252
53	3293
53	3348
53	3356
53	3690
53	3750
53	3763
53	3771
53	3774
53	3799
53	3817
53	3830
53	3848
53	3850
53	3859
53	3860
53	3901
53	3981
53	4007
53	4013
53	4076
53	4129
53	4301
53	4364
53	4375
53	4508
54	53
54	296
54	463
54	1099
54	1349
54	1355
54	1507
54	2417
54	2418
54	2419
54	2427
54	2432
54	2435
54	2439
54	2444
54	2448
54	2449
54	2452
54	2459
54	2471
54	2476
54	3698
54	3715
54	3723
54	3922
55	172
55	190
56	183
57	56
57	132
57	1713
57	2590
57	2701
57	2998
57	3005
57	3018
57	3025
57	3026
57	3082
57	3084
57	3307
57	3309
57	3339
57	3427
57	3746
58	57
58	134
58	1714
58	1743
58	2597
58	3279
58	3759
59	57
59	2693
59	2752
59	2756
59	2900
59	4605
59	4623
59	4627
59	4628
60	62
60	4569
60	4584
61	60
61	176
61	209
61	210
61	211
61	212
61	213
61	214
61	215
61	216
61	218
61	219
61	220
61	232
61	233
61	243
61	393
61	504
61	706
61	760
61	833
61	1069
61	1077
61	1415
61	1615
61	1614
61	1616
61	1617
61	1636
61	1742
61	1791
61	1802
61	1817
61	1837
61	1838
61	1880
61	1883
61	1969
61	1971
61	2002
61	2003
61	2010
61	2011
61	2014
61	2021
61	2107
61	2144
61	2170
61	2218
61	1141
61	2345
61	2567
61	2859
61	2900
61	2915
61	3042
61	3345
61	4058
61	4059
61	4062
61	4066
61	4093
61	4133
61	4164
61	4361
61	4368
61	4462
61	4490
61	4513
62	63
62	847
62	849
62	1008
64	63
66	4532
66	4571
66	4573
66	4595
67	66
67	67
67	2515
67	2517
67	2564
67	2566
67	4526
68	67
68	68
68	74
68	150
68	1234
68	1236
68	1237
68	1247
68	1249
68	1250
68	1470
68	2336
68	2553
68	2554
68	2561
68	2563
68	2564
69	68
69	603
69	2569
70	69
70	600
70	605
71	70
71	196
71	197
71	246
71	249
71	251
71	256
71	259
71	261
71	573
71	582
71	658
71	661
71	667
71	683
71	693
71	694
71	699
71	701
71	703
71	725
71	746
71	747
71	752
71	760
71	793
71	799
71	802
71	804
71	810
71	812
71	813
71	816
71	835
71	843
71	844
71	851
71	870
71	889
71	897
71	914
71	935
71	940
71	941
71	944
71	947
71	954
71	955
71	959
71	961
71	963
71	990
71	997
71	1001
71	1005
71	1069
71	1105
71	1120
71	1149
71	1162
71	1168
71	1320
71	1328
71	1525
71	1536
71	1596
71	1604
71	1606
71	1607
71	1710
71	1723
71	1766
71	1765
71	1764
71	1768
71	1771
71	1773
71	1774
71	1775
71	1780
71	1784
71	1788
71	1813
71	1823
71	1827
71	1832
71	1836
71	1838
71	1953
71	1968
71	1976
71	2003
71	2004
71	2009
71	2099
71	2101
71	2110
71	2117
71	2119
71	2130
71	2149
71	2151
71	2155
71	2171
71	2179
71	2184
71	2219
71	2221
71	2222
71	2272
71	2271
71	2345
71	2346
71	2348
71	2349
71	2351
71	2353
71	2358
71	2366
71	2373
71	2382
71	2494
71	2505
71	2550
71	2568
71	2574
71	2598
71	2609
71	2612
71	2614
71	2650
71	2663
71	2701
71	2715
71	2720
71	2721
71	2722
71	2725
71	2730
71	2731
71	2732
71	2733
71	2735
71	2736
71	2737
71	2739
71	2746
71	2751
71	2771
71	2770
71	2783
71	2784
71	2793
71	2811
71	2812
71	2816
71	2833
71	2846
71	2847
71	2851
71	2855
71	2856
71	2859
71	2865
71	2884
71	2891
71	2894
71	2900
71	2904
71	2957
71	2985
71	3118
71	3137
71	3140
71	3231
71	3248
71	3251
71	3325
71	3356
71	3687
71	3703
71	3741
71	3791
71	3866
71	4061
71	4072
71	4073
71	4080
71	4088
71	4119
71	4136
71	4164
71	4166
71	4168
71	4183
71	4186
71	4192
71	4205
71	4206
71	4211
71	4215
71	4217
71	4222
71	4223
71	4229
71	4250
71	4258
71	4262
71	4265
71	4269
71	4281
71	4307
71	4341
71	4344
71	4353
71	4361
71	4365
71	4371
71	4381
71	4408
71	4413
71	4415
71	4424
71	4442
71	4475
71	4476
71	4477
71	4478
71	4479
71	4488
71	4557
71	4574
72	67
72	2551
73	66
73	84
73	221
73	231
73	244
73	434
73	886
73	1060
73	1061
73	1063
73	1081
73	1467
73	1496
73	1527
73	1596
73	1604
73	1648
73	1968
73	1976
73	2116
73	2121
73	2136
73	2141
73	2171
73	2173
73	2204
73	2533
73	2562
73	2658
73	2680
73	2809
73	2753
73	3013
73	3091
73	3092
73	3236
73	3237
73	3240
73	3264
73	3266
73	3303
73	3319
73	3364
73	3415
73	3679
73	3703
73	3863
73	3870
73	3910
73	4159
73	4268
73	4408
73	4415
73	4464
73	4467
73	4480
74	4532
75	74
75	207
75	231
75	242
75	314
75	355
75	926
75	1427
75	1597
75	1596
75	1677
75	1839
75	1958
75	1976
75	1990
75	1998
75	2002
75	2177
75	2183
75	2185
75	2187
75	2195
75	2198
75	2208
75	2215
75	3107
75	3115
75	3202
75	3352
75	3872
75	3884
75	3885
75	3892
75	4042
75	4043
75	4044
75	4045
75	4046
75	4047
75	4048
75	4049
75	4050
75	4051
75	4052
75	4491
75	4498
75	4503
75	4516
75	4533
75	4542
75	4568
75	4583
76	75
77	75
78	75
78	1597
78	2010
78	2228
79	75
79	1597
79	2011
79	2229
80	75
80	80
80	21
80	289
80	1018
80	1033
80	1032
80	1427
80	1512
80	1597
80	1604
80	1643
80	1968
80	2190
80	2408
80	2582
80	2723
80	2915
80	3089
80	3937
80	3959
80	4031
80	4033
80	4054
80	4152
80	4162
80	4486
81	75
81	1597
81	2719
81	2716
81	2954
81	2955
81	2957
81	2958
81	3118
81	4169
81	4299
81	4401
82	21
82	82
82	2322
82	2378
82	2379
82	2380
82	2384
82	2554
82	2563
83	82
83	83
83	987
83	992
83	1002
83	1384
83	1895
83	1894
83	1968
83	2232
83	3401
84	83
84	1364
85	84
85	1358
86	85
86	83
86	1358
87	84
87	195
87	1357
87	1361
87	1362
87	1365
87	1366
87	1372
87	1377
87	1378
87	1379
87	1380
87	1381
87	1382
87	1383
87	1385
87	1394
87	1396
88	84
88	1399
89	84
89	1357
89	1362
89	1364
89	1372
89	1377
89	1378
89	1379
89	1380
89	1381
89	1382
89	1383
89	1396
89	1399
90	84
91	90
91	1364
91	1371
92	28
93	92
93	3067
93	3068
93	3069
94	93
94	3063
94	3241
95	34
96	173
97	178
97	179
98	177
99	98
99	1413
99	1449
99	1456
99	1849
99	2510
99	3250
99	3351
99	3352
99	3872
99	3879
99	3885
99	3892
100	99
100	375
100	379
100	382
100	435
100	436
100	438
100	439
100	440
100	441
100	442
100	443
100	445
100	446
100	447
100	448
100	449
100	450
100	451
100	452
100	453
100	454
100	455
100	473
100	674
100	678
100	717
100	791
100	794
100	795
100	796
100	812
100	813
100	1492
100	1727
100	1743
100	2271
100	1141
100	2373
100	2374
100	2480
100	2487
100	3218
100	3289
100	4117
100	4122
100	4157
100	4198
100	4227
100	4228
100	4243
100	4260
100	4266
100	4267
100	4268
100	4354
100	4394
100	4451
100	4452
100	4454
100	1744
103	102
103	3355
103	3364
103	3370
103	3378
103	3390
104	102
105	104
105	3368
105	3369
105	3372
105	3375
105	3376
105	3377
105	3380
105	3381
105	3383
105	3387
105	3391
105	3394
105	3395
105	3398
105	3399
106	105
106	3416
107	105
107	107
107	1716
107	2998
107	3000
107	3038
107	3043
107	3051
107	3306
107	3400
107	3637
107	3859
109	108
111	110
111	112
111	4110
111	4111
111	4332
111	4333
112	111
113	112
113	286
113	1710
113	2605
113	2977
113	2981
113	2988
113	3071
113	3070
113	3075
113	3077
113	3082
113	3095
113	3094
113	3103
113	3313
113	3319
113	3334
113	3945
113	4639
114	112
114	452
114	480
114	482
114	487
114	3070
114	3079
114	3080
114	3082
114	3103
114	3104
114	3105
114	3106
114	3334
114	3702
114	3931
114	3935
114	3937
114	3952
114	3961
115	111
115	1741
115	3245
115	3336
115	3677
115	3860
116	115
116	3211
116	3528
116	3677
117	115
117	110
117	4109
117	4111
117	4331
117	4333
118	115
118	825
118	964
118	972
118	1019
118	1024
118	1026
118	1025
118	1028
118	1031
118	1034
118	1037
118	1063
118	1071
118	1079
118	1081
118	1197
118	1215
118	1217
118	1223
118	1501
118	1522
118	1642
118	1749
118	2098
118	2101
118	2156
118	2164
118	2162
118	2174
118	2180
118	2291
118	2409
118	2509
118	2533
118	2564
118	2566
118	2715
118	2949
118	3131
118	3176
118	3180
118	3181
118	3183
118	3184
118	3189
118	3191
118	3195
118	3255
118	3677
118	3686
118	3687
118	3689
118	3799
118	4005
118	4141
118	4547
119	115
119	366
119	369
119	1234
119	1236
119	1237
119	1247
119	1249
119	1250
119	1634
119	2477
119	2533
119	2627
119	2767
119	3093
119	3096
119	3222
119	3346
119	3688
119	3802
119	3990
119	4003
120	115
120	132
120	253
120	848
120	899
120	908
120	914
120	919
120	948
120	964
120	1008
120	1194
120	1212
120	1216
120	1222
120	2290
120	2408
120	2508
120	2533
120	2564
120	2566
120	2719
120	2716
120	3132
120	3130
120	3181
120	3187
120	3190
120	3677
120	3688
120	3781
120	3976
120	4143
120	4525
121	120
121	132
121	134
121	247
121	257
121	374
121	379
121	382
121	395
121	409
121	424
121	440
121	442
121	453
121	473
121	572
121	655
121	682
121	690
121	698
121	703
121	711
121	715
121	717
121	727
121	747
121	752
121	935
121	1743
121	1141
121	2318
121	2373
121	2716
121	3123
121	3218
121	3246
121	3289
121	3288
121	3339
121	3750
121	3779
121	3885
121	3892
121	4092
121	4122
121	4128
121	4132
121	4136
121	4144
121	4145
121	4148
121	4157
121	4182
121	4203
121	4209
121	4211
121	4214
121	4221
121	4224
121	4231
121	4243
121	4252
121	4325
121	4348
121	4351
121	4361
121	4362
121	4363
121	4381
121	4386
121	4385
121	4387
121	4394
121	4413
121	367
121	372
124	123
124	1751
124	3317
124	3318
124	4120
124	4342
126	125
126	131
126	130
126	1721
126	2700
126	2701
126	3315
126	3316
126	3338
126	3337
126	3341
126	3345
126	4112
126	4114
126	4334
126	4336
128	127
128	2602
128	2603
128	2613
128	2614
128	2863
128	2987
128	2988
128	2991
128	2992
128	2993
128	2994
128	2995
128	2996
128	2997
128	2999
128	3000
128	3001
128	3002
128	3003
128	3004
128	3007
128	3008
128	3010
128	3011
128	3012
128	3014
128	3015
128	3016
128	3019
128	3020
128	3103
128	3106
128	3203
128	3692
128	4076
128	4301
129	128
129	2977
129	3070
129	3077
129	3078
129	3100
129	3102
131	130
131	1723
131	3316
131	4114
131	4336
132	131
132	2701
132	3338
133	132
133	3418
134	132
134	3339
134	3345
135	132
135	1740
135	2905
135	3202
135	3203
135	3209
135	3212
135	3214
135	3216
135	3217
135	3219
135	3220
135	3241
135	3253
135	3256
135	3260
135	3261
135	3265
135	3266
135	3270
135	3274
135	3277
135	3285
135	3293
135	3295
135	3305
135	3306
135	3307
135	3528
135	3799
135	3870
135	3885
135	3892
135	4114
135	4336
137	136
137	141
137	3850
137	4298
139	138
139	145
139	3806
139	3830
139	3831
139	3833
139	3847
140	139
140	3836
140	3839
140	3844
140	3848
140	3849
140	3855
140	3856
141	140
141	1766
141	1836
142	141
142	142
142	3839
144	143
145	144
145	3854
147	146
147	2408
147	2409
147	2410
147	2412
148	147
148	895
148	1164
148	1221
148	1473
148	2247
148	2249
148	2254
148	2255
148	2267
148	2277
148	2278
148	2280
148	2281
148	2286
148	2287
148	2294
148	2382
148	2391
148	2401
148	2405
148	2406
148	2407
148	2481
148	2486
148	2525
148	2540
148	4073
148	4346
148	4532
150	149
151	150
151	1521
151	1958
151	2002
152	150
152	159
152	1521
152	1525
152	1883
152	1954
152	1958
152	1968
152	1971
152	1967
152	2002
152	2003
152	2284
152	2381
154	153
154	1474
154	2282
154	2285
154	2288
154	2558
154	2559
154	2560
154	2562
156	155
156	1473
156	2256
156	2283
156	2287
156	2289
156	2547
156	2557
156	2561
157	155
157	947
157	980
157	983
157	998
157	2230
157	2232
157	2233
157	2234
157	2256
157	2268
157	2284
157	2286
157	2287
157	2289
157	2356
157	2357
157	2359
157	2360
157	2361
157	2362
157	2363
157	2364
157	2365
157	2366
157	2384
157	2496
157	2497
157	2554
157	2563
157	3703
159	158
160	159
160	1525
160	1529
160	1969
160	2003
160	2381
161	159
161	165
161	2493
161	2544
163	162
163	2565
165	164
165	2227
165	2394
165	2520
165	2522
165	2535
170	171
175	174
175	364
175	597
175	704
175	1670
175	2532
175	3211
175	4006
175	4026
175	4040
175	4218
185	184
185	1783
185	1834
185	1843
185	3197
185	3233
185	3422
185	3883
186	185
186	1010
186	2886
186	3958
186	4450
187	186
187	337
187	639
187	648
187	653
187	780
187	823
187	833
187	1085
187	1519
187	1523
187	1627
187	1840
187	1852
187	2022
187	2024
187	2025
187	2026
187	2027
187	2028
187	2029
187	2030
187	2038
187	2039
187	2135
187	2167
187	2189
187	2484
187	2933
187	2935
187	2937
187	2938
187	2940
187	2941
187	2942
187	2945
187	2946
187	2948
187	2949
187	2950
187	2952
187	2953
187	2959
187	2960
187	2961
187	2962
187	2963
187	2964
187	2965
187	2966
187	2967
187	2972
187	2973
187	2975
187	2976
187	3193
187	4030
187	4032
187	4041
187	4053
187	4056
187	4173
187	4180
187	4528
188	187
188	199
188	241
188	362
188	364
188	488
188	548
188	599
188	607
188	671
188	719
188	831
188	937
188	1375
188	1956
188	2713
188	2917
188	3145
188	3228
188	3312
188	3917
188	4017
188	4196
188	4245
190	4577
190	4601
192	191
192	195
192	397
192	409
192	419
192	1213
192	1221
192	1195
192	1524
193	194
199	202
201	200
206	205
206	244
206	1596
207	206
207	1990
217	216
217	2553
217	3486
217	3491
217	3519
223	230
223	231
224	223
224	498
224	501
224	511
226	225
226	1705
226	1988
226	2005
226	2017
226	2019
226	2020
227	226
229	228
235	234
235	350
235	875
235	926
235	1549
235	1550
235	1604
235	1612
235	1674
235	1675
235	1682
235	1691
235	1692
235	1731
235	1976
235	2004
235	2009
235	2014
235	2019
235	3109
235	4044
235	4051
235	4491
235	4498
235	4501
235	4503
235	4516
236	235
236	242
236	337
236	356
236	926
236	1537
236	1538
236	1593
236	1604
236	1630
236	1662
236	1664
236	1674
236	1685
236	1694
236	1692
236	1968
236	1967
236	1976
236	2009
236	2014
236	2019
236	2174
236	2746
236	3109
236	4044
236	4050
236	4051
236	4491
236	4498
236	4501
236	4503
236	4516
236	4521
237	236
237	1661
237	1673
237	1675
237	2014
237	2019
238	237
238	827
240	239
240	1866
240	1962
240	1968
240	2021
240	2233
240	2512
240	3505
240	3522
240	3890
240	4019
240	4036
240	4037
240	4288
243	242
243	244
243	4445
243	4448
242	4448
244	4444
245	244
245	460
245	575
245	1509
245	1516
245	1960
245	3708
245	3718
245	3726
245	3923
247	246
247	251
247	249
247	1766
247	1784
248	249
250	249
250	1780
251	249
252	251
252	261
253	252
253	877
253	3177
253	3183
253	3186
253	3780
253	4142
253	4412
254	253
254	655
254	682
254	690
254	698
254	703
254	727
254	747
254	752
254	876
254	935
254	3123
254	3130
254	3187
254	4092
254	4128
254	4132
254	4136
254	4144
254	4145
254	4148
254	4182
254	4203
254	4211
254	4214
254	4221
254	4224
254	4231
254	4252
254	4325
254	4348
254	4351
254	4361
254	4362
254	4363
254	4381
254	4386
254	4385
254	4387
254	4413
255	252
255	1781
255	1824
255	1826
255	3146
255	3147
255	3187
255	4144
257	256
257	259
257	1818
257	1832
257	1836
258	259
260	259
260	1830
261	259
263	262
265	264
265	2042
265	2043
265	2044
265	2045
265	2046
265	2047
265	2048
265	2049
265	2050
265	2051
265	2052
265	2053
265	2054
265	2055
265	2056
265	2057
265	2058
265	2059
265	2060
265	2061
265	2062
265	2063
265	2064
265	2065
265	2066
265	2067
265	2068
265	2069
265	2070
265	2071
265	2072
265	2073
265	2074
265	2075
265	2076
265	2077
265	2078
265	2079
265	2080
265	2081
265	2082
265	2083
265	2084
265	2085
265	2086
265	2087
266	265
266	2110
268	267
268	269
268	270
268	272
268	273
268	274
268	275
268	276
267	271
269	271
270	271
272	271
273	271
274	271
275	274
275	271
276	271
278	277
278	281
278	290
278	3072
278	3737
278	3907
278	3961
278	3988
278	3991
279	281
279	282
279	284
279	286
279	287
280	279
280	1455
280	2676
280	2990
283	282
283	2710
283	2709
283	2982
283	3070
283	3073
283	3072
283	3075
283	3077
283	3429
283	3902
285	284
288	287
288	3006
288	3803
288	3807
288	3808
288	3947
289	311
291	290
291	1707
291	2118
291	2160
291	4458
292	290
292	360
292	2334
292	2396
292	2398
292	4063
292	4119
292	4121
292	4145
292	4341
292	4343
292	4386
292	4457
294	293
294	295
294	297
296	295
296	296
296	2399
296	2418
296	2597
296	2609
296	3058
297	311
298	301
298	305
298	307
298	310
299	298
300	298
302	301
302	305
302	307
302	310
303	301
303	305
303	307
303	310
304	301
304	305
304	307
304	310
306	305
308	307
308	310
313	312
313	315
313	320
313	322
313	321
313	327
313	330
313	331
313	332
313	333
313	334
313	335
313	352
313	1732
313	1760
313	1761
313	1801
313	1810
313	2573
313	2574
313	2576
313	2577
313	2578
313	2877
313	2879
313	2881
313	3110
313	3111
313	3112
313	4068
313	4176
312	315
312	320
312	322
312	323
312	324
312	326
312	328
312	331
312	332
312	333
312	334
312	1732
312	1760
312	1761
312	1762
312	1799
312	1800
312	1801
312	1804
312	1805
312	1806
312	1807
312	1808
312	1809
312	1810
312	1811
312	1813
312	2573
312	2574
312	2576
312	2577
312	2578
312	2877
312	2879
312	2881
312	3110
312	3111
312	3112
312	4068
312	4175
312	4176
315	314
315	316
315	352
316	314
319	318
322	321
322	325
322	327
322	329
322	335
322	1730
325	330
337	336
337	338
337	339
337	340
337	341
337	342
337	343
337	344
337	345
337	346
337	347
337	348
337	349
337	351
337	2571
337	2572
337	2575
337	2579
337	3108
354	354
356	356
358	358
360	360
361	360
361	375
361	374
361	379
361	438
361	439
361	440
361	444
361	446
361	447
361	449
361	451
361	452
361	453
361	455
361	563
361	791
361	794
361	796
361	812
361	813
361	2017
361	2103
361	2205
361	2206
361	3260
361	3266
361	3270
361	3273
361	3289
361	3295
361	3305
361	3306
361	3307
361	3352
361	4122
361	4157
361	4260
361	4267
361	4268
361	4337
361	4394
361	4452
361	4454
361	4457
363	362
363	364
365	364
365	379
365	382
365	565
365	703
365	935
365	2527
365	3211
365	4062
367	366
367	369
367	3680
369	368
369	377
369	382
370	368
370	377
370	382
371	368
371	418
371	419
371	952
371	2477
371	2486
371	3873
371	4347
371	4532
372	368
372	2410
372	2412
373	368
373	377
373	382
375	374
374	3266
376	375
376	379
376	430
376	435
376	436
376	443
376	445
376	451
376	454
376	583
376	1120
376	1123
376	1115
376	1338
376	1452
376	1458
376	1141
376	4094
376	4103
376	4318
376	4451
376	4452
376	1995
376	4463
377	374
377	380
378	377
378	382
380	379
381	379
381	4445
383	382
383	638
383	1652
383	2133
383	3413
383	4074
382	3290
384	382
385	382
385	3291
387	386
387	388
387	389
390	389
391	391
392	393
392	2291
392	4365
395	394
395	409
395	424
395	1202
395	1200
395	1220
395	2321
395	2323
395	2391
395	3219
394	409
394	424
396	395
396	1454
396	1848
396	1855
396	1856
396	1858
396	1857
396	1854
396	2477
396	2486
398	397
398	409
398	421
398	460
398	549
398	1377
398	1378
398	1379
398	1380
398	1381
398	1382
398	1383
398	1505
398	1509
398	1991
398	2296
398	2303
398	2328
398	2497
398	3708
398	3709
398	3713
398	3718
398	3721
398	3726
398	3920
398	3923
398	4034
398	4289
400	399
400	405
401	400
401	399
401	403
401	414
401	415
401	421
401	456
401	1377
401	1378
401	1379
401	1380
401	1381
401	1382
401	1383
401	1473
401	1505
401	1991
401	2287
401	2554
401	2563
401	3709
401	3713
401	3721
401	3920
402	400
402	406
402	414
402	415
404	403
407	406
409	408
409	409
409	468
409	477
409	482
409	2318
409	2393
409	2485
409	2521
409	2525
409	2527
409	2540
409	2630
409	2650
409	2667
409	2876
409	2911
409	2912
409	3778
409	3808
409	3874
409	3897
409	3899
409	3902
409	3905
409	3908
409	3940
409	3945
409	3947
409	3956
410	408
412	411
412	420
412	1138
412	1151
412	1384
412	1473
412	2287
412	2487
412	2504
412	2554
412	2563
412	2926
412	3231
412	3870
412	4489
411	414
411	415
413	411
413	420
413	543
413	688
413	728
413	783
413	985
413	999
413	2092
413	2107
413	2141
413	2144
413	2154
413	2439
413	4156
413	4283
413	4347
413	4388
417	416
417	4470
421	475
421	2497
422	2755
422	2900
424	423
426	425
427	425
427	1427
427	2497
427	2683
427	3379
429	428
429	2876
429	4631
429	4635
431	430
431	432
431	434
431	1592
431	1595
431	1612
431	1613
431	1634
431	1674
431	1675
431	1699
431	1700
431	1724
431	1725
431	1726
431	1729
431	1738
431	1739
431	3802
431	4453
431	4464
431	4624
431	4626
431	4632
433	432
433	968
433	2006
433	2396
433	2692
433	4007
433	4110
433	4121
433	4332
433	4343
437	436
437	1141
437	4415
445	444
445	744
445	2375
445	2487
445	3217
445	4227
445	4422
451	469
451	795
451	1450
451	1459
451	2268
451	3870
451	3884
451	4266
457	456
456	460
456	462
459	458
459	468
459	474
459	479
459	480
459	3701
458	462
461	460
461	462
460	462
463	462
463	463
463	464
465	464
465	1364
465	1506
465	3236
465	3711
465	3714
465	3722
465	3921
465	4447
467	466
467	1508
467	3712
467	3720
467	3728
467	3928
469	474
470	469
470	470
470	475
470	2268
470	2497
470	3870
471	470
472	470
473	469
473	475
473	2268
473	2373
473	2495
473	2497
475	3870
476	475
478	477
481	480
481	483
481	486
481	487
481	492
484	483
486	485
486	489
486	490
486	494
488	493
489	489
491	490
491	3403
491	4138
491	4384
497	496
497	498
497	501
497	511
497	512
499	498
499	1974
500	498
500	1974
502	501
502	504
502	512
502	825
502	2220
502	2232
502	2239
502	2367
502	2378
502	2379
502	3597
502	4093
502	4141
502	4162
502	4368
505	504
505	4634
506	504
506	2692
506	3118
507	504
507	508
507	510
509	508
509	510
514	513
514	3126
516	515
518	517
518	520
518	521
518	522
518	523
518	525
518	526
518	527
518	528
518	534
519	518
519	529
524	523
524	525
524	4297
531	530
532	530
533	3134
533	3143
535	535
535	538
535	3345
536	535
537	535
538	3345
539	538
540	538
546	545
546	4071
546	4289
548	552
551	550
551	4107
555	554
554	794
554	3229
554	3272
554	4260
556	554
558	557
558	560
559	557
561	560
562	596
562	2392
562	4345
562	4553
564	563
566	565
566	703
566	935
566	1015
566	1401
566	4171
566	4405
566	4479
571	570
572	571
572	573
572	574
572	575
572	576
572	578
572	579
572	580
572	2290
572	2291
572	2318
572	2321
572	2323
572	2875
572	3219
572	4390
572	367
577	576
584	583
583	2370
585	583
587	586
588	587
588	591
590	589
590	592
595	594
595	4093
595	4368
597	598
601	600
601	638
601	3325
601	3332
601	3333
601	3354
601	3404
604	603
603	2501
606	605
606	985
606	999
607	608
611	610
611	613
611	614
611	616
611	1035
611	2169
611	4035
612	611
612	610
612	613
612	614
612	1069
612	2327
612	3690
612	4377
616	615
616	616
616	620
616	621
616	628
616	630
616	633
616	641
616	643
616	3674
615	624
615	625
615	626
615	627
615	629
615	631
615	632
615	634
615	635
615	636
615	637
617	616
618	616
619	616
619	833
619	1035
619	1592
619	1595
619	2859
619	3861
620	622
624	623
638	644
638	646
641	640
641	642
645	644
645	4262
650	649
650	1615
650	1614
650	1617
650	1968
650	1993
650	2119
650	2173
650	2171
649	649
652	651
653	652
653	680
653	705
653	718
653	807
655	654
655	659
655	663
655	664
655	667
655	799
654	661
657	656
659	658
663	662
663	665
663	666
669	668
669	670
669	692
669	699
669	747
669	752
669	821
669	4193
669	4195
669	4204
669	4215
669	4221
669	4227
669	4229
669	4413
668	709
668	810
670	672
670	676
672	810
673	672
673	4197
673	4269
675	674
675	717
675	812
675	4458
676	674
676	678
676	713
676	810
676	816
677	676
677	713
677	801
677	815
677	4133
677	4151
679	678
679	802
679	813
682	681
682	684
682	686
682	687
682	688
682	820
682	4124
682	4125
683	681
685	684
690	689
690	692
690	696
689	693
689	694
691	689
691	697
691	4211
695	694
695	4206
698	697
698	699
698	747
698	822
702	701
702	4146
702	4567
703	702
707	706
707	760
708	706
710	709
710	811
709	713
712	711
712	715
713	716
715	714
715	803
715	806
714	796
716	717
716	795
716	796
716	816
722	721
722	724
722	4086
723	722
726	725
727	726
727	729
727	732
727	4123
731	730
732	731
732	802
732	4133
734	733
736	735
736	834
741	740
741	4171
743	742
743	784
743	4064
745	744
748	760
750	768
750	770
752	754
754	753
754	804
754	818
758	757
758	4144
759	758
759	4143
760	757
760	774
761	760
762	760
762	4066
762	4415
763	760
763	772
763	2957
763	4169
763	4401
763	4415
764	760
764	782
764	868
764	898
764	899
764	908
764	907
764	997
764	2244
764	2245
764	2505
764	3118
764	3746
764	4157
764	4394
764	4415
765	760
765	781
766	757
766	768
766	770
766	876
766	1400
766	1853
766	1861
766	3185
766	3187
766	3204
766	3695
766	4066
768	767
768	786
768	802
768	820
768	822
769	768
769	770
769	771
769	787
769	788
770	772
774	773
774	4073
775	774
776	774
776	948
776	4410
777	774
777	822
777	2859
777	3142
777	4415
778	774
778	782
778	783
780	779
789	788
791	790
791	4248
800	802
803	802
803	814
803	816
804	802
805	802
806	802
809	808
809	814
809	815
811	810
811	816
815	814
826	825
826	829
826	830
825	1597
828	827
827	1537
827	1992
832	828
833	1709
834	834
834	885
836	835
838	837
837	839
837	840
842	841
841	924
845	842
850	849
850	859
854	853
857	856
857	858
857	918
857	1887
857	1898
857	1902
859	859
860	859
860	936
861	859
861	930
862	859
864	863
865	864
865	875
865	884
866	865
866	872
866	879
866	881
866	883
867	866
867	885
867	939
868	867
868	874
868	946
868	1005
869	868
869	878
869	880
869	887
869	889
869	892
869	893
869	943
869	961
869	1001
871	870
873	872
874	889
876	875
876	932
876	4299
877	876
877	3187
895	894
895	896
895	2326
895	2334
895	2392
895	2406
895	2411
895	2413
897	911
900	899
899	914
899	948
901	899
901	902
901	911
902	899
902	948
903	902
905	904
905	906
904	904
907	948
908	907
908	948
909	908
910	908
911	948
912	911
913	912
913	4607
916	915
917	915
917	924
917	2554
917	2563
917	4168
919	922
921	920
921	922
921	923
921	930
925	924
928	927
929	936
931	930
933	932
933	934
933	4175
933	4217
933	4391
933	4578
933	4582
934	933
935	933
936	1007
936	1014
939	938
939	945
938	965
942	941
942	944
945	944
945	975
945	976
945	977
946	945
946	947
946	968
946	980
947	945
947	956
947	974
949	948
949	995
950	948
951	950
956	958
958	957
960	959
960	961
960	963
962	961
965	967
967	966
968	970
968	978
970	969
970	971
974	973
982	981
984	983
984	998
996	995
1001	1000
1001	1002
1001	1003
1001	1004
1010	1009
1010	1013
1013	1012
1015	1014
1015	1469
1015	1791
1015	1837
1015	1838
1015	2915
1015	4172
1015	4443
1018	1017
1018	1056
1018	1479
1018	1735
1018	2163
1018	2715
1018	3130
1018	3686
1018	3687
1018	3688
1018	3689
1018	4012
1017	1024
1017	1026
1017	1031
1019	1018
1019	1067
1020	1018
1020	1036
1020	1056
1020	1076
1020	1646
1020	2166
1020	2174
1020	2180
1020	2209
1020	2968
1020	3192
1021	1018
1021	1067
1021	1071
1021	1648
1022	1021
1022	1647
1022	1997
1022	4008
1023	1018
1023	1029
1023	1478
1026	1025
1026	1027
1026	1028
1026	1034
1031	1030
1031	1032
1030	1596
1033	1032
1033	2720
1033	3684
1033	3693
1033	3694
1033	4153
1036	2210
1038	1037
1038	1998
1037	1072
1039	1040
1039	1041
1039	1042
1039	1043
1044	1045
1044	1047
1044	1048
1044	1049
1045	1046
1045	1039
1050	1051
1050	1052
1050	1053
1050	1044
1053	1054
1053	1055
1058	1057
1059	1058
1059	1060
1059	1062
1060	1058
1060	1060
1064	1063
1063	1063
1065	1063
1065	2923
1065	2924
1065	4462
1067	1066
1067	2156
1067	2969
1067	3685
1067	3696
1067	4480
1066	3683
1070	1069
1071	2714
1074	1073
1074	2212
1074	2722
1074	3132
1074	3695
1074	4246
1075	1074
1075	2212
1075	2721
1078	1077
1078	2957
1082	1081
1082	2041
1087	1086
1087	1097
1089	1088
1089	1092
1089	1093
1089	1095
1090	1091
1090	1094
1097	2111
1097	2694
1099	1475
1099	1502
1099	2118
1099	2136
1099	2192
1099	2205
1099	2206
1099	2399
1099	2419
1099	2932
1099	3049
1099	3065
1099	3294
1101	1100
1101	1103
1101	1107
1101	1110
1101	1111
1101	1112
1101	1156
1101	1157
1101	1158
1101	1159
1101	1160
1102	1101
1102	1105
1102	1168
1102	1169
1105	1104
1105	1106
1105	1108
1105	1109
1114	1113
1114	1124
1114	1132
1114	1134
1114	1135
1115	1114
1115	1117
1117	1116
1117	1129
1117	1130
1117	1131
1117	1133
1117	1136
1119	1118
1120	1119
1120	1126
1122	1121
1123	1122
1123	1128
1126	1125
1128	1127
1137	1120
1137	1123
1137	1149
1137	1115
1137	1155
1138	1120
1138	1151
1138	1139
1139	1120
1139	1115
1139	1163
1139	1167
1140	1120
1140	1123
1140	1115
1140	1267
1140	1340
1140	1341
1141	1120
1141	1115
1142	1120
1142	1115
1142	1742
1143	1120
1143	1115
1143	2859
1143	2956
1144	1120
1144	1115
1145	1123
1145	1473
1145	2256
1145	2268
1145	2289
1145	2384
1145	2396
1145	2561
1146	1123
1147	1123
1148	1123
1149	1152
1149	1153
1149	1154
1150	1149
1151	1115
1151	1161
1164	1139
1165	1164
1165	2278
1166	1139
1166	1424
1166	3870
1169	1170
1169	1171
1169	1172
1174	1173
1174	1176
1174	1177
1174	1180
1174	1181
1174	1182
1175	1174
1175	1179
1175	1229
1175	1185
1179	1178
1184	1183
1184	1186
1184	1189
1184	1190
1184	1192
1185	1184
1185	1188
1185	1228
1185	1230
1185	1231
1185	1232
1185	1233
1188	1187
1188	1191
1194	1193
1194	1209
1195	1194
1195	1197
1195	1222
1195	1223
1197	1196
1197	1207
1197	1208
1197	1210
1199	1198
1200	1199
1200	1206
1200	1218
1200	1219
1202	1201
1203	1202
1203	1213
1203	1200
1203	1220
1203	1221
1203	1195
1203	1224
1204	1202
1204	1200
1204	1220
1204	2303
1204	2304
1204	2321
1204	2323
1204	2391
1204	2527
1204	3219
1206	1205
1212	1211
1213	1212
1213	1215
1213	1216
1213	1217
1215	1214
1221	1226
1221	1227
1225	1224
1235	1234
1235	1236
1235	1237
1234	1239
1234	1244
1234	1245
1236	1238
1236	1243
1237	1240
1237	1241
1237	1242
1237	1246
1248	1247
1248	1249
1248	1250
1247	1252
1247	1257
1247	1258
1249	1253
1249	1254
1249	1255
1249	1259
1250	1251
1250	1256
1264	1263
1264	1281
1264	1318
1264	1320
1264	1322
1264	1325
1264	1326
1264	1329
1266	1265
1266	1273
1266	1274
1266	1275
1266	1276
1267	1266
1267	1269
1267	1282
1267	1283
1269	1268
1269	1277
1269	1278
1269	1279
1271	1270
1271	1272
1280	1267
1280	1284
1280	1293
1280	1305
1280	1306
1280	1311
1280	1312
1280	1314
1280	1316
1280	1317
1280	1319
1280	1321
1280	1324
1280	1327
1280	1328
1284	1285
1284	1286
1284	1288
1284	1290
1288	1287
1288	1291
1290	1289
1290	1292
1293	1294
1293	1295
1293	1297
1293	1302
1297	1296
1297	1298
1297	1299
1297	1300
1302	1301
1302	1303
1302	1304
1305	1307
1305	1309
1306	1308
1306	1310
1314	1313
1314	1315
1331	1330
1332	1330
1333	1330
1335	1334
1337	1336
1339	1338
1339	1340
1339	1341
1339	1342
1338	1347
1338	1348
1338	1354
1342	1341
1343	1342
1343	1349
1343	1355
1343	2486
1343	2490
1344	1343
1344	2460
1345	1343
1345	1349
1345	1355
1345	2432
1345	2435
1345	2439
1345	2444
1345	2449
1345	2448
1345	2452
1345	2460
1345	2471
1345	2476
1346	1343
1346	1349
1346	1355
1346	2427
1346	2432
1346	2435
1346	2439
1346	2444
1346	2449
1346	2448
1346	2452
1346	2459
1346	2460
1346	2467
1346	2471
1346	2476
1349	1348
1349	2486
1350	1349
1350	1355
1350	2427
1350	2432
1350	2435
1350	2439
1350	2444
1350	2448
1350	2449
1350	2452
1350	2459
1350	2467
1350	2471
1350	2476
1351	1349
1352	1351
1352	2450
1352	4608
1352	4609
1352	4610
1352	4611
1352	4612
1352	4613
1352	4614
1352	4615
1352	4616
1352	4617
1352	4618
1352	4621
1352	4622
1353	1351
1353	2450
1353	4608
1353	4609
1353	4610
1353	4611
1353	4612
1353	4613
1353	4614
1353	4615
1353	4616
1353	4617
1353	4618
1353	4619
1353	4621
1353	4622
1355	1354
1355	2486
1358	1357
1358	1894
1358	1968
1358	2306
1358	2378
1357	1364
1357	1387
1359	1358
1360	1357
1360	2089
1360	2117
1360	2120
1360	2116
1360	2141
1360	2149
1360	2206
1361	1377
1361	1379
1361	1380
1361	1381
1361	1382
1361	1383
1362	1361
1362	1364
1362	1378
1363	1362
1363	1377
1363	1378
1363	1379
1363	1380
1363	1381
1363	1382
1363	1383
1364	1362
1366	1372
1368	1367
1368	1368
1368	1369
1370	1373
1370	1394
1372	1371
1373	1372
1375	1374
1377	1376
1379	1378
1386	1385
1389	1388
1389	1390
1390	1391
1390	1392
1390	1393
1396	1395
1398	1397
1401	1400
1401	1408
1401	1419
1401	1424
1400	1404
1400	1462
1400	1463
1400	1464
1402	1401
1402	2721
1402	2722
1403	1401
1403	1424
1403	1447
1405	1404
1405	1408
1405	1419
1405	1464
1407	1406
1407	1465
1408	1407
1408	1421
1410	1409
1410	1430
1410	1466
1411	1410
1413	1412
1413	1446
1414	1413
1414	1415
1416	1415
1416	1424
1416	1447
1416	2892
1417	1415
1417	1418
1417	1432
1419	1421
1419	1422
1419	1429
1420	1419
1420	1422
1420	1429
1420	1863
1420	2505
1420	2554
1420	2563
1420	3226
1420	3231
1420	3791
1420	4526
1423	1422
1423	1462
1424	1423
1424	1429
1424	1447
1424	1463
1425	1424
1425	2892
1426	1423
1426	2809
1427	1423
1427	1461
1428	1423
1428	1461
1432	1431
1432	1434
1432	1435
1432	1436
1432	1443
1432	1444
1434	1433
1434	1437
1434	1438
1434	1439
1434	1440
1434	1441
1434	1442
1446	1445
1446	1448
1446	1450
1445	1451
1447	1446
1447	1451
1447	1453
1448	1455
1448	1457
1449	1448
1449	1457
1449	3884
1449	3885
1450	1459
1450	1460
1453	1452
1453	1458
1452	1455
1452	1460
1454	1453
1454	1848
1454	2880
1454	3231
1454	3345
1456	1455
1456	3884
1458	1457
1458	1459
1472	1471
1472	1779
1472	1816
1472	1822
1472	2372
1472	2689
1472	3997
1472	4058
1472	4061
1472	4167
1472	4400
1476	1475
1476	1487
1476	1489
1476	1496
1479	1480
1479	3680
1482	1481
1482	1485
1482	1486
1481	1485
1481	1486
1483	1481
1483	1498
1483	1499
1483	1501
1484	1483
1484	1487
1484	1504
1488	1487
1488	1489
1488	1488
1488	1497
1490	1488
1490	1500
1490	1503
1490	4455
1490	4461
1490	4463
1490	4465
1491	1490
1491	1680
1491	1688
1491	1697
1491	1708
1491	2001
1491	2205
1491	2206
1491	1989
1491	4463
1491	4636
1492	1491
1492	2136
1492	291
1493	1488
1494	1488
1496	1495
1502	1501
1503	1502
1503	1999
1503	2000
1503	2007
1503	2012
1503	2020
1503	1995
1503	4462
1505	1509
1505	1511
1507	1506
1507	1507
1507	1511
1510	1509
1510	1511
1509	1511
1512	1511
1513	1512
1514	1512
1515	1512
1515	1516
1515	1517
1515	1518
1515	1522
1521	1520
1523	1531
1524	1525
1525	1526
1525	1527
1525	1528
1525	1529
1529	1530
1533	1532
1533	1601
1532	1615
1532	1617
1534	1532
1534	2128
1534	2130
1534	2121
1534	2151
1534	2153
1534	2159
1534	2162
1534	2179
1536	1535
1536	1543
1536	1548
1536	1563
1536	1571
1536	1587
1537	1536
1537	1983
1537	2004
1537	2005
1537	2009
1538	1536
1538	1540
1538	1544
1538	1549
1538	1564
1538	1572
1538	1588
1539	1536
1539	1535
1539	1543
1539	1542
1539	1541
1539	1548
1539	1547
1539	1554
1539	1553
1539	1557
1539	1559
1539	1561
1539	1563
1539	1565
1539	1567
1539	1569
1539	1571
1539	1573
1539	1576
1539	1575
1539	1579
1539	1581
1539	1583
1539	1585
1539	1587
1539	1618
1539	1620
1539	1622
1539	1624
1539	1992
1539	2009
1540	1535
1542	1541
1542	1554
1542	1557
1542	1569
1542	1581
1542	1585
1542	1618
1543	1542
1543	1551
1543	1559
1543	1565
1544	1543
1544	1545
1544	1552
1544	1566
1545	1542
1545	1546
1545	1555
1545	1558
1545	1570
1545	1582
1545	1586
1545	1619
1546	1541
1548	1547
1548	1561
1548	1567
1548	1576
1549	1548
1549	1550
1549	1562
1549	1568
1549	1577
1550	1547
1551	1573
1551	1624
1552	1551
1552	1560
1552	1574
1552	1625
1554	1553
1554	1579
1554	1583
1555	1554
1555	1556
1555	1580
1555	1584
1556	1553
1558	1557
1560	1559
1562	1561
1564	1563
1566	1565
1568	1567
1570	1569
1572	1571
1574	1573
1576	1575
1576	1620
1576	1622
1577	1576
1577	1578
1577	1621
1577	1623
1578	1575
1580	1579
1582	1581
1584	1583
1586	1585
1588	1587
1590	1589
1589	1596
1591	1590
1591	1979
1591	1980
1591	1981
1591	1997
1594	1593
1597	1596
1597	1598
1597	1990
1597	1997
1597	2019
1597	4481
1598	1597
1599	1596
1599	2289
1599	2893
1600	1596
1601	1596
1601	1601
1602	1601
1602	1610
1602	1993
1603	1601
1603	2163
1603	2166
1603	2175
1603	2180
1603	2186
1603	2188
1603	2209
1603	2215
1604	1601
1604	1604
1605	1604
1605	1629
1606	1604
1606	1606
1606	2219
1606	2376
1606	2884
1607	1606
1607	1607
1607	2223
1608	1604
1609	1601
1609	1998
1610	1609
1611	1601
1611	2161
1611	2166
1611	2174
1611	2177
1611	2180
1611	2183
1611	2185
1611	2187
1611	2195
1611	2198
1611	2208
1611	4638
1615	1614
1615	1616
1619	1618
1621	1620
1623	1622
1625	1624
1627	1626
1627	1628
1627	1635
1630	1630
1633	1632
1633	2597
1633	2610
1633	2631
1636	1636
1638	1637
1640	1639
1640	1644
1640	1660
1640	1676
1640	1704
1641	1640
1641	1642
1641	1643
1641	1661
1641	1698
1641	1705
1642	1639
1643	1639
1643	1644
1643	1677
1645	1644
1645	1671
1645	1681
1650	1649
1650	1721
1650	1723
1651	1645
1653	1652
1653	1815
1655	1654
1656	1654
1658	1657
1658	1667
1658	1701
1659	1658
1659	1681
1659	1683
1659	1692
1660	1659
1660	1671
1661	1660
1661	1662
1661	1672
1662	1659
1662	1663
1662	1682
1662	1684
1662	1693
1663	1658
1663	1665
1663	1668
1663	1702
1664	1663
1664	1666
1664	1669
1664	1703
1664	1983
1665	1657
1666	1665
1666	1982
1668	1667
1669	1668
1669	1986
1672	1671
1673	1672
1673	1992
1677	1676
1677	1678
1679	1678
1679	1686
1679	1689
1679	1690
1679	1691
1679	1695
1679	1706
1679	2327
1679	3347
1679	4633
1679	4642
1680	1678
1680	1988
1680	1999
1680	2017
1682	1681
1684	1683
1685	1684
1685	2005
1688	1687
1688	2007
1693	1692
1694	1693
1694	1692
1694	1727
1694	2008
1694	2009
1697	1696
1697	2012
1699	1698
1699	2014
1702	1701
1703	1702
1703	2015
1703	2017
1705	1704
1708	1707
1708	1994
1708	1996
1708	2020
1711	1710
1712	1711
1712	3033
1713	1712
1713	2591
1713	3024
1713	3025
1713	3026
1714	1713
1714	1742
1714	1851
1714	3054
1714	3339
1714	3850
1714	3859
1716	1715
1716	3444
1716	3445
1716	3447
1716	3462
1716	3484
1716	3492
1716	3497
1716	3505
1716	3507
1717	1716
1717	3420
1717	3424
1717	3425
1717	3426
1717	3427
1718	1717
1718	3356
1718	3416
1718	3417
1718	3430
1719	1718
1719	1851
1719	2611
1719	2684
1719	2704
1719	2709
1719	3014
1719	3420
1719	3426
1719	3430
1719	3445
1719	3448
1719	3670
1719	3673
1719	3974
1719	3975
1719	3979
1720	1717
1721	1721
1722	1721
1728	1727
1728	1968
1728	3872
1728	3871
1728	4449
1731	1730
1731	1732
1734	1733
1734	1737
1735	1734
1736	1735
1736	1740
1736	1752
1736	1756
1736	1759
1741	1740
1741	1748
1741	2905
1741	3242
1741	3260
1741	3262
1741	3270
1741	3273
1741	3275
1741	3285
1741	3292
1741	3293
1741	4337
1742	1741
1742	3244
1742	3247
1742	3250
1742	3864
1742	3870
1742	3889
1743	1742
1743	1748
1743	1747
1743	1749
1743	3242
1743	3244
1743	3247
1743	3255
1743	3260
1743	3262
1743	3278
1743	3288
1743	3290
1743	3292
1743	3295
1743	3305
1743	3306
1743	3340
1743	3345
1744	1740
1744	3293
1744	4457
1745	1740
1745	1749
1745	1750
1745	3029
1745	3057
1745	3255
1745	3996
1747	1746
1747	2608
1747	3276
1747	3281
1747	3294
1747	3308
1747	3309
1747	3310
1747	3311
1747	3851
1747	3860
1748	1747
1748	1749
1748	3253
1748	3255
1748	3259
1748	3265
1748	3266
1748	3277
1748	3278
1748	3287
1753	1752
1755	1754
1755	1758
1765	1764
1765	1773
1765	1774
1765	1775
1766	1765
1766	1768
1766	1771
1768	1767
1768	1772
1770	1769
1771	1770
1781	1780
1783	1782
1783	1831
1783	1844
1785	1784
1786	1784
1786	1793
1786	1794
1786	1795
1786	1830
1787	1784
1787	1832
1789	1788
1790	1788
1792	1791
1796	1795
1798	1797
1798	2002
1803	1802
1815	1814
1819	1818
1824	1823
1825	1824
1826	1823
1826	1827
1829	1828
1829	3408
1834	1833
1843	1842
1843	3207
1843	4055
1846	1845
1846	3202
1847	1846
1847	3345
1847	3352
1847	3892
1849	1848
1849	3353
1850	1848
1854	1853
1854	1860
1854	1863
1855	1854
1856	1854
1857	1854
1858	1857
1859	1853
1861	1863
1862	1861
1862	2955
1862	3118
1864	1863
1864	3226
1864	3231
1867	1866
1867	1869
1867	1868
1867	1892
1867	1894
1867	1895
1867	1905
1867	1908
1867	1909
1867	1912
1867	1958
1867	1962
1867	1963
1866	1868
1866	1908
1866	1909
1869	1868
1869	1888
1870	1869
1870	1892
1870	1894
1870	1912
1871	1870
1871	1877
1871	1881
1871	1911
1871	1930
1871	1948
1872	1871
1872	1876
1872	1912
1873	1868
1874	1868
1876	1875
1876	1880
1876	1885
1876	1905
1877	1875
1877	1885
1879	1878
1879	1894
1879	1965
1881	1880
1881	1905
1882	1881
1883	1957
1883	2286
1884	1883
1890	1889
1889	1894
1891	1889
1891	1902
1892	1912
1894	1893
1894	1902
1895	1894
1896	1894
1896	1912
1896	1913
1896	1949
1896	1950
1897	1894
1897	1898
1897	1957
1897	1959
1897	1960
1897	1961
1897	1962
1897	2286
1897	4637
1898	1894
1899	1898
1899	4637
1900	1898
1900	1957
1900	2286
1900	4637
1901	1893
1902	1955
1903	1902
1903	3895
1905	1904
1905	1948
1907	1906
1911	1910
1911	1930
1911	1945
1910	1947
1910	1950
1912	1911
1912	1915
1912	1934
1912	1946
1912	1948
1913	1911
1913	1948
1914	1910
1914	1962
1914	3895
1915	1933
1915	1935
1916	1917
1916	1923
1916	1924
1917	1918
1917	1919
1917	1920
1917	1921
1917	1922
1925	1917
1925	1926
1925	1927
1925	1928
1925	1924
1929	1917
1930	1932
1931	1930
1931	1949
1936	1937
1937	1938
1938	1939
1938	1940
1938	1941
1938	1942
1943	1937
1945	1944
1949	1948
1952	1951
1952	1955
1951	1962
1951	2287
1954	1953
1955	1954
1957	1958
1964	1963
1968	1967
1968	1973
1969	1968
1970	1968
1971	1968
1972	1968
1975	1974
1977	1976
1978	1976
1978	2889
1978	3878
1983	1982
1983	1986
1983	2015
1984	1983
1985	1983
1985	1987
1985	2015
1985	2016
1989	1988
1989	2008
1989	2017
1989	2205
1989	2206
1989	4457
1989	4458
1991	2002
1995	1994
1995	1996
2001	2000
2014	2013
2018	2019
2032	2031
2032	2040
2032	2041
2034	2033
2036	2035
2036	2037
2083	2088
2090	2089
2090	2093
2090	2094
2090	2132
2090	2148
2090	2150
2089	2101
2092	2154
2095	2094
2095	2101
2095	2117
2095	2150
2094	2171
2096	2094
2096	2119
2096	2136
2096	2171
2096	2179
2097	2096
2097	2102
2098	2096
2098	2102
2098	2163
2098	2166
2098	2174
2098	2192
2099	2094
2099	2101
2099	2107
2099	2127
2099	2141
2099	2148
2099	2150
2099	2152
2099	2192
2100	2099
2100	2110
2100	2112
2102	2101
2102	2130
2102	2151
2102	2150
2102	2162
2104	2103
2104	2109
2104	2118
2105	2104
2105	2105
2105	2106
2105	2117
2106	2104
2106	2117
2106	2126
2107	2106
2107	2107
2107	2133
2109	2108
2109	2160
2108	2136
2110	2109
2111	2109
2111	2108
2111	2142
2112	2109
2112	2118
2112	2117
2112	2116
2112	2126
2112	2137
2113	2108
2113	2116
2114	2108
2114	2115
2115	2108
2115	2116
2115	2117
2115	2136
2116	2108
2117	2116
2117	2132
2117	2136
2118	2117
2119	2117
2119	2171
2119	2179
2120	2119
2120	2178
2120	2180
2121	2120
2122	2120
2122	2128
2122	2130
2122	2151
2122	2172
2122	2178
2122	2206
2123	2119
2124	2119
2125	2116
2129	2129
2131	2130
2131	2151
2131	2162
2135	2134
2135	2214
2139	2138
2139	2140
2139	2143
2139	2199
2145	2144
2145	2154
2146	2145
2146	2147
2147	2144
2147	2154
2147	2155
2149	2151
2150	2149
2150	2155
2151	2150
2154	2154
2159	2171
2159	2179
2163	2162
2163	2179
2163	2207
2162	2171
2162	2200
2164	2163
2164	2162
2164	2179
2165	2164
2165	2171
2165	2172
2165	2173
2165	2179
2165	2207
2165	2209
2165	2213
2168	2168
2168	2181
2168	2182
2171	2184
2171	2197
2172	2171
2172	2207
2173	2172
2173	2209
2175	2174
2174	2178
2174	2184
2174	2196
2176	2178
2177	2177
2178	2186
2178	2188
2178	2194
2178	2199
2191	2190
2193	2192
2202	2201
2202	2203
2202	2204
2204	2203
2204	2205
2204	2206
2210	2211
2215	2215
2217	2216
2219	2219
2220	2219
2221	2219
2221	2221
2221	2554
2221	2563
2222	2221
2222	2223
2222	2345
2225	2224
2225	4475
2225	4476
2225	4477
2225	4478
2226	2224
2226	2346
2226	2348
2226	2350
2226	2352
2226	2353
2227	2523
2227	2524
2231	2230
2231	2232
2231	2233
2231	2234
2231	2237
2231	2356
2233	2286
2236	2235
2239	2238
2240	2239
2240	2244
2240	2245
2240	2246
2240	2257
2240	2261
2241	2239
2242	2239
2242	3419
2243	2238
2247	2249
2247	2255
2248	2247
2248	2254
2248	2275
2248	1141
2248	2303
2248	2306
2248	2317
2248	2322
2248	2371
2248	2384
2248	2385
2248	2386
2248	2389
2248	2397
2248	2405
2248	2481
2248	2480
2248	2486
2248	2488
2248	2525
2248	2527
2248	2540
2248	3219
2248	4025
2248	4027
2250	2251
2252	2253
2258	2257
2258	2261
2258	2262
2258	2264
2258	2307
2258	2315
2260	2259
2260	2263
2260	2316
2264	2368
2264	2554
2264	3871
2265	2258
2265	2383
2266	2258
2266	2383
2268	2267
2268	3218
2267	2271
2267	2273
2267	2275
2269	2267
2271	2270
2271	2272
2275	2274
2275	2276
2278	2277
2278	2280
2278	2281
2279	1141
2292	2291
2295	2294
2297	2296
2297	2305
2297	2308
2296	2299
2296	2300
2298	2296
2298	2302
2298	2519
2298	2520
2300	2301
2302	2305
2304	2305
2305	2306
2306	2308
2306	2540
2307	2306
2307	2307
2307	2317
2307	2321
2307	2323
2307	2513
2307	2540
2310	2309
2309	2311
2309	2312
2309	2313
2309	2314
2318	3767
2319	2318
2319	3778
2319	3878
2319	3888
2319	3902
2319	3905
2319	3940
2319	3945
2319	3956
2320	2319
2320	4019
2320	4028
2322	2321
2322	2323
2325	2324
2325	2326
2325	4532
2324	2326
2327	2327
2329	2328
2329	2330
2331	2330
2331	4037
2332	2330
2334	2333
2334	2335
2338	2337
2340	2339
2342	2341
2344	2343
2347	2346
2350	2349
2350	2351
2354	2353
2354	4619
2355	2353
2355	2929
2355	4478
2358	2357
2358	2361
2358	2363
2358	2364
2358	2365
2368	2367
2369	2368
2369	2384
2369	2554
2369	2563
2371	2370
2371	2385
2371	2387
2373	2374
2375	2374
2375	2480
2389	2388
2391	2390
2395	2394
2395	2491
2395	2516
2395	2517
2395	2544
2400	2399
2400	2405
2402	2251
2403	2404
2405	2480
2407	2406
2414	2415
2416	2415
2421	2420
2421	2424
2421	2428
2421	2430
2421	2437
2421	2440
2421	2442
2421	2446
2421	2454
2421	2456
2421	2461
2421	2463
2421	2472
2421	2474
2423	2422
2423	2429
2423	2433
2423	2436
2423	2441
2423	2445
2423	2455
2423	2462
2423	2465
2423	2469
2423	2473
2426	2425
2426	2431
2426	2434
2426	2438
2426	2443
2426	2447
2426	2451
2426	2453
2426	2457
2426	2458
2426	2464
2426	2466
2426	2470
2426	2475
2427	2490
2435	2477
2435	2487
2449	2448
2450	2448
2460	2480
2460	2486
2467	2490
2468	2467
2478	2477
2478	2480
2478	2486
2478	2487
2481	2480
2482	2481
2482	2485
2484	2483
2484	2548
2484	2549
2489	2488
2489	3409
2492	2491
2495	2494
2498	2497
2498	2499
2502	2501
2502	2503
2502	2508
2502	2509
2502	2510
2506	2505
2506	2511
2506	2502
2507	2505
2514	2513
2516	2515
2516	2519
2516	2528
2518	2517
2518	2565
2527	2526
2527	2534
2528	2529
2528	2530
2528	2531
2535	2536
2535	2537
2535	2538
2540	2541
2540	2543
2541	2542
2552	2551
2555	2554
2555	2563
2556	2554
2556	2563
2573	2578
2574	2573
2581	2580
2581	2600
2581	2614
2582	2580
2582	2590
2582	2600
2582	2601
2582	2606
2582	2608
2582	2614
2582	2701
2583	2582
2584	2583
2584	2701
2584	2715
2584	2744
2584	2795
2584	2859
2584	2907
2584	4542
2585	2580
2585	2586
2585	2587
2589	2588
2589	2774
2589	2777
2589	2856
2588	2588
2591	2590
2590	2608
2592	2590
2592	2621
2592	2659
2592	2661
2592	2767
2592	2833
2593	2592
2593	2617
2593	2618
2594	2590
2594	2767
2596	2595
2596	2609
2597	2595
2599	2598
2599	2750
2599	2772
2599	2858
2599	2907
2598	2600
2600	2862
2601	2600
2601	2743
2601	2793
2605	2604
2605	2911
2605	2912
2605	2986
2605	3022
2605	3079
2605	3080
2605	3089
2605	3091
2605	3092
2605	3104
2605	3105
2607	2606
2606	2740
2606	2791
2611	2775
2611	2776
2616	2615
2616	2624
2616	2625
2616	2626
2616	2633
2616	2638
2616	2642
2615	2643
2615	2692
2617	2616
2617	2621
2618	2616
2618	2625
2618	2626
2618	2633
2618	2642
2619	2615
2619	2672
2619	2674
2619	2907
2620	2619
2621	2620
2621	2659
2621	2661
2622	2619
2622	2672
2623	2622
2623	2660
2623	2663
2623	2674
2623	2691
2623	2695
2623	2696
2625	2636
2625	2637
2626	2634
2626	2635
2626	2639
2626	2641
2628	2627
2629	2628
2629	2630
2629	2632
2631	2660
2631	2673
2631	2674
2633	2640
2645	2644
2645	2647
2645	2648
2645	2649
2645	2652
2646	2645
2646	2744
2646	2795
2651	2650
2651	2667
2651	2668
2651	2669
2651	2670
2651	2676
2650	2653
2650	2654
2650	2655
2650	2656
2650	2657
2659	2658
2659	2664
2659	2671
2659	2672
2659	2673
2659	2674
2659	2675
2660	2658
2660	2665
2660	2666
2661	2660
2661	2679
2662	2660
2663	2658
2668	2680
2677	2676
2677	2678
2683	2767
2685	2684
2685	2709
2684	2774
2684	2775
2684	2776
2684	2777
2686	2685
2686	2711
2686	2712
2688	2687
2688	2721
2693	2692
2693	2696
2694	2692
2694	2694
2694	2698
2694	3014
2694	3067
2694	3210
2694	3240
2694	3252
2694	3270
2694	3276
2694	3417
2694	3416
2694	3974
2694	3975
2699	2698
2703	2702
2703	2705
2703	2709
2702	2704
2702	2706
2702	2707
2702	2708
2710	2709
2710	3940
2711	2709
2712	2709
2715	2716
2716	2715
2717	2716
2717	3118
2717	3180
2717	4144
2717	4348
2718	2717
2718	3175
2718	3181
2718	3184
2718	3189
2719	2718
2719	3182
2721	2720
2721	2728
2721	4542
2724	2723
2724	2740
2724	2741
2724	2743
2724	2766
2724	2768
2724	2770
2726	2725
2726	2730
2726	2731
2726	2732
2726	2733
2726	2735
2726	2736
2726	2737
2726	2739
2727	2726
2727	2779
2728	2727
2728	2744
2728	2746
2728	2747
2728	2772
2728	2795
2728	2859
2729	2727
2729	2744
2729	2795
2734	2733
2734	2751
2734	2783
2734	2784
2738	2737
2738	2751
2738	2787
2742	2741
2742	2744
2742	2789
2742	2795
2742	2831
2744	2757
2744	2758
2744	2759
2744	2760
2744	2761
2744	2762
2744	2763
2744	2764
2744	2765
2745	2744
2745	2795
2745	2860
2745	2906
2746	2744
2746	2795
2747	2746
2748	2744
2748	2768
2748	2795
2748	2867
2749	2744
2749	2769
2749	2795
2749	2833
2750	2749
2750	2795
2751	2744
2751	2795
2751	4542
2752	2751
2753	2752
2753	2756
2754	2751
2754	2889
2755	2751
2756	2751
2756	4555
2767	2766
2767	2865
2771	2770
2771	2820
2771	2855
2772	2771
2772	2809
2773	2772
2773	2859
2773	2906
2779	2778
2779	2781
2779	2782
2779	2783
2779	2784
2779	2785
2779	2786
2779	2787
2779	2788
2779	2822
2778	2821
2780	2779
2782	2823
2783	2824
2784	2825
2785	2826
2786	2827
2787	2828
2788	2829
2791	2790
2791	2832
2793	2792
2793	2833
2795	2794
2795	2801
2795	2834
2795	2901
2794	2797
2794	2798
2794	2799
2794	2802
2794	2803
2794	2804
2794	2805
2794	2806
2796	2795
2796	2807
2796	2833
2796	2844
2801	2800
2801	2838
2809	2808
2809	2845
2808	2811
2808	2812
2808	2813
2808	2814
2808	2815
2808	2816
2808	2817
2808	2818
2808	2819
2810	2809
2834	2835
2834	2836
2834	2837
2834	2839
2834	2840
2834	2841
2834	2842
2834	2843
2845	2846
2845	2847
2845	2848
2845	2849
2845	2850
2845	2851
2845	2852
2845	2853
2845	2854
2860	2859
2861	2859
2865	2864
2867	2866
2871	2870
2871	3783
2871	4077
2871	4302
2872	2871
2873	2872
2874	2871
2874	3783
2875	2871
2875	3702
2875	3783
2875	3794
2875	3795
2875	3797
2886	2885
2886	2887
2886	2888
2886	2895
2890	2889
2892	2905
2896	2897
2899	2900
2902	2903
2903	2904
2909	2908
2910	2908
2918	2920
2918	2921
2918	2923
2919	2918
2919	2922
2919	2924
2920	2920
2926	2925
2926	2927
2926	2929
2928	2927
2930	2929
2933	2932
2933	2939
2933	2947
2932	2934
2932	2951
2932	2970
2932	2974
2937	2936
2942	2943
2942	2944
2952	2971
2957	2956
2978	2977
2978	2980
2978	3434
2978	3669
2978	3691
2978	3968
2978	3969
2979	2978
2979	3070
2979	3077
2979	3429
2979	3433
2979	3961
2979	3972
2979	4641
2982	2981
2982	3418
2982	3437
2982	3439
2984	2983
2984	2985
2989	2988
2990	2989
2990	3022
2998	3000
3006	3005
3009	3008
3013	3012
3013	3013
3013	3799
3017	3016
3017	3318
3017	3324
3017	3329
3017	4171
3017	4405
3022	3021
3022	3023
3024	3029
3024	3031
3024	3046
3024	3048
3024	3055
3024	3057
3024	3058
3024	3063
3024	3065
3025	3028
3025	3035
3025	3038
3025	3039
3025	3040
3025	3042
3025	3051
3025	3053
3025	3060
3026	3030
3026	3032
3026	3041
3026	3043
3026	3045
3026	3066
3028	3027
3028	3037
3029	3065
3035	3034
3035	3044
3035	3047
3035	3052
3035	3062
3035	3064
3034	3036
3034	3059
3036	3084
3038	3084
3039	3307
3039	3308
3040	3084
3047	3084
3049	3048
3049	3276
3050	3049
3050	3804
3050	3806
3050	3810
3050	3812
3052	3084
3054	3053
3054	3098
3054	3850
3056	3055
3056	3057
3057	3058
3059	3084
3060	3310
3061	3060
3062	3084
3071	3070
3071	3075
3073	3072
3073	3075
3075	3074
3075	3076
3083	3082
3086	3085
3086	3087
3086	3914
3091	3090
3094	3093
3094	3096
3095	3094
3095	3097
3100	3099
3101	3101
3110	4067
3110	4174
3114	3113
3116	3115
3117	3117
3118	3129
3119	3118
3119	3133
3120	3119
3120	3122
3121	3118
3122	3118
3122	3144
3123	3118
3123	3124
3123	3684
3123	4146
3123	4151
3123	4349
3123	4382
3126	3125
3126	3127
3126	3128
3130	3129
3130	4145
3130	4155
3130	4386
3131	3130
3131	3194
3132	3130
3132	4154
3135	3134
3135	3143
3135	3142
3136	3135
3136	3120
3138	3137
3138	3140
3139	3137
3141	3140
3143	3142
3149	3150
3149	3151
3149	3162
3151	3152
3151	3159
3151	3160
3152	3153
3152	3154
3152	3155
3155	3156
3155	3158
3156	3157
3158	3157
3160	3161
3163	3164
3163	3153
3165	3166
3165	3152
3167	3168
3167	3169
3167	3152
3167	3157
3170	3171
3170	3153
3170	3162
3170	3172
3170	3173
3173	3174
3175	3176
3179	3178
3179	3176
3179	3180
3183	3191
3185	3184
3185	3189
3188	3187
3195	3194
3196	3984
3199	3198
3199	3200
3199	3908
3199	3971
3207	3206
3209	3208
3209	3210
3209	3215
3209	3220
3209	4108
3209	4330
3208	3223
3214	3213
3216	3215
3216	3864
3216	3889
3216	3895
3217	3218
3220	3221
3220	3222
3227	3226
3227	3231
3227	3791
3230	3229
3232	3231
3238	3237
3238	3239
3238	3240
3242	3241
3242	3274
3242	3295
3242	3305
3242	3306
3241	3263
3244	3243
3244	3245
3244	3246
3244	3248
3244	3249
3244	3251
3244	3343
3244	4113
3244	4335
3253	3252
3253	3254
3253	3271
3257	3256
3257	3259
3257	3267
3257	3280
3259	3258
3259	3268
3259	3282
3262	3261
3262	3307
3265	3264
3265	3283
3269	3268
3273	3272
3273	3290
3273	3291
3273	4115
3273	4338
3279	3278
3279	3850
3279	3859
3285	3284
3285	3286
3289	3288
3295	3302
3295	3303
3295	3304
3296	3295
3297	3295
3298	3295
3298	3298
3319	3320
3324	3323
3324	3326
3324	3331
3325	3323
3325	3331
3328	3327
3328	3329
3328	3330
3335	3334
3335	3336
3338	3337
3339	3340
3342	3342
3344	3345
3347	3346
3347	3348
3347	3349
3347	3691
3347	3782
3347	3967
3347	3970
3355	3354
3355	3366
3355	3367
3355	3373
3355	3374
3355	3379
3355	3382
3355	3386
3355	3392
3355	3393
3355	3396
3355	3397
3354	3360
3356	3354
3356	3366
3356	3367
3356	3368
3356	3369
3356	3382
3356	3386
3356	3392
3356	3393
3356	3396
3356	3397
3356	3401
3356	3402
3356	3403
3356	3404
3356	3405
3356	3407
3356	3408
3356	3409
3356	3410
3356	3411
3356	3413
3356	3414
3356	3419
3356	3542
3356	3582
3357	3356
3357	4137
3357	4383
3359	3358
3360	3359
3360	3361
3364	3371
3383	3384
3383	3385
3387	3388
3387	3389
3406	3405
3406	3415
3417	3416
3420	3419
3420	3443
3420	3449
3420	3450
3420	3451
3420	3452
3420	3453
3420	3454
3420	3455
3420	3456
3420	3457
3420	3466
3420	3467
3420	3468
3420	3469
3420	3471
3420	3473
3420	3477
3420	3486
3420	3487
3420	3488
3420	3489
3420	3500
3420	3503
3420	3504
3420	3508
3420	3510
3420	3517
3420	3518
3419	3480
3419	3512
3419	3513
3419	3514
3419	3515
3419	3516
3419	3558
3419	3567
3422	3421
3422	3428
3421	3423
3421	3431
3421	3435
3421	3436
3424	3432
3424	3491
3424	3509
3424	3520
3424	3521
3425	3442
3425	3446
3425	3458
3425	3459
3425	3464
3425	3465
3425	3472
3425	3474
3425	3475
3425	3476
3425	3478
3425	3479
3425	3481
3425	3494
3425	3495
3425	3496
3425	3498
3425	3499
3425	3501
3425	3502
3425	3506
3425	3511
3426	3448
3427	3460
3427	3482
3432	3485
3436	3525
3439	3438
3441	3440
3445	3461
3463	3462
3463	3528
3463	3539
3463	3581
3463	3637
3463	3673
3467	3470
3471	3519
3484	3483
3484	3490
3492	3637
3493	3492
3493	3522
3493	3523
3512	3584
3524	3523
3527	3526
3527	3538
3527	3540
3527	3546
3527	3547
3527	3548
3527	3549
3527	3550
3527	3551
3527	3552
3527	3553
3527	3554
3527	3555
3527	3556
3527	3558
3527	3561
3527	3562
3527	3565
3527	3566
3527	3567
3527	3568
3527	3569
3527	3570
3527	3571
3527	3572
3527	3573
3527	3574
3527	3576
3527	3579
3527	3583
3527	3584
3527	3586
3527	3589
3527	3594
3527	3595
3527	3598
3527	3599
3527	3631
3527	3632
3527	3633
3527	3635
3527	3636
3527	3638
3527	3639
3527	3640
3527	3641
3527	3642
3527	3645
3527	3646
3527	3651
3527	3653
3527	3654
3527	3659
3527	3660
3527	3661
3527	3662
3527	3664
3527	3665
3527	3666
3527	3667
3527	3674
3528	3527
3528	3537
3528	3541
3528	3543
3528	3545
3528	3557
3528	3563
3528	3585
3528	3587
3528	3591
3528	3596
3528	3597
3528	3634
3528	3643
3528	3644
3528	3649
3528	3655
3528	3656
3528	3658
3528	3675
3528	3676
3529	3530
3529	3532
3529	3534
3530	3531
3531	3603
3532	3530
3532	3533
3532	3534
3534	3530
3534	3535
3537	3536
3537	3544
3537	3559
3537	3560
3537	3564
3537	3577
3537	3578
3537	3629
3537	3630
3537	3647
3537	3648
3537	3650
3537	3652
3537	3657
3537	3663
3537	3668
3543	3542
3543	3582
3543	3590
3543	3593
3581	3580
3589	3588
3591	3592
3600	3601
3600	3602
3600	3531
3603	3604
3603	3609
3603	3619
3603	3620
3603	1042
3603	3621
3603	1043
3603	3623
3603	3624
3603	3625
3603	3627
3604	3605
3604	3606
3604	3607
3604	3608
3604	3609
3604	1042
3604	3610
3604	3611
3604	3612
3604	3613
3604	3614
3604	3615
3604	3616
3613	1041
3613	1043
3616	3617
3617	3618
3621	3622
3622	1041
3622	1043
3625	3626
3627	3628
3670	3673
3672	3671
3672	3674
3672	3678
3671	3671
3680	3681
3680	3682
3697	3697
3698	3697
3698	3698
3698	3710
3698	3711
3700	3699
3702	3701
3702	3716
3702	3724
3701	3710
3703	3702
3703	3926
3704	3703
3704	3892
3704	3895
3704	3934
3705	3702
3705	3776
3705	3777
3705	3786
3705	3795
3705	3972
3706	3701
3706	3708
3706	3710
3707	3706
3708	3710
3709	3708
3709	3710
3713	3718
3713	3719
3715	3714
3715	3715
3715	3719
3716	3719
3717	3716
3717	3718
3717	3719
3718	3719
3721	3726
3721	3727
3723	3722
3723	3723
3723	3727
3724	3727
3725	3724
3725	3726
3725	3727
3726	3727
3730	3729
3730	3734
3732	3731
3732	3733
3732	3735
3737	3736
3737	3738
3737	3990
3739	3739
3740	3740
3742	3741
3744	3743
3747	3746
3749	3748
3751	3750
3751	3755
3750	3752
3750	3753
3753	3754
3754	3765
3755	3754
3755	3984
3755	3986
3755	3996
3756	3758
3756	3761
3758	3757
3758	3762
3758	3775
3759	3758
3759	3761
3759	3763
3759	3765
3759	3771
3759	3772
3759	3774
3759	3972
3761	3760
3761	3773
3765	3764
3765	3766
3767	3778
3768	3767
3770	3769
3771	3770
3779	3778
3781	3780
3784	3783
3784	3791
3785	3785
3788	3787
3788	3791
3790	3789
3791	3792
3791	3793
3799	3798
3799	3800
3799	3801
3799	3803
3804	3810
3804	3812
3804	3817
3804	3820
3810	3809
3810	3824
3812	3811
3812	3813
3812	3815
3812	3818
3812	3819
3812	3821
3812	3822
3812	3825
3812	3826
3812	3827
3812	3828
3814	3813
3817	3816
3817	3823
3830	3829
3830	3832
3830	3843
3833	3834
3836	3835
3836	3846
3838	3837
3839	3838
3839	3841
3841	3840
3841	3842
3844	3845
3853	3852
3858	3857
3859	3858
3862	3861
3865	3864
3865	3889
3868	3867
3868	3876
3868	3888
3868	3891
3868	3900
3869	3868
3872	3871
3872	3894
3872	3896
3875	3874
3875	3878
3875	3879
3875	3899
3881	3880
3881	4029
3882	3880
3884	3886
3893	3892
3898	3897
3898	3899
3902	3903
3903	3908
3905	3904
3905	3907
3906	3904
3906	3908
3907	3908
3909	3909
3912	3911
3912	3913
3914	3914
3917	3916
3916	3918
3916	3919
3920	3923
3920	3925
3922	3921
3922	3922
3922	3925
3924	3923
3924	3925
3923	3925
3926	3925
3927	3926
3927	3929
3927	3930
3927	3934
3927	3938
3931	3933
3934	3933
3933	3937
3935	3934
3937	3936
3950	3949
3950	3951
3950	3952
3950	3955
3950	3956
3953	3952
3953	3954
3962	3961
3962	3965
3962	3966
3962	3968
3962	3972
3963	3963
3965	3964
3965	3967
3966	3966
3973	3976
3973	3978
3973	3982
3988	3989
3992	3993
3994	3995
3998	1046
3998	1047
3998	1048
3998	1049
3999	3998
4000	4001
4000	4002
4001	3161
4004	4003
4004	4005
4004	4013
4006	4007
4008	4009
4009	4011
4015	4014
4015	4016
4021	4020
4021	4021
4022	4020
4026	4040
4034	4034
4035	4035
4038	4037
4039	4037
4060	4059
4060	4062
4070	4133
4074	4073
4074	4074
4074	4129
4075	4074
4079	4078
4079	4407
4078	4088
4081	4082
4083	4082
4086	4085
4086	4146
4087	4086
4090	4089
4091	4090
4092	4091
4092	4089
4092	4093
4092	4101
4092	4123
4093	4089
4094	4095
4094	4101
4096	4097
4098	4099
4100	4096
4103	4102
4107	4106
4107	4329
4117	4116
4117	4158
4117	4339
4118	4116
4122	4121
4122	4343
4123	4124
4125	4124
4126	4125
4128	4127
4128	4130
4128	4151
4130	4129
4132	4131
4132	4135
4131	4133
4131	4134
4142	4141
4141	4155
4143	4142
4143	4144
4145	4144
4146	4144
4147	4146
4148	4147
4148	4149
4149	4146
4150	4144
4154	4155
4160	4159
4175	4176
4179	4178
4180	4179
4180	4219
4180	4244
4180	4259
4180	4429
4182	4181
4182	4184
4182	4188
4182	4189
4182	4192
4182	4408
4181	4186
4184	4183
4188	4187
4188	4190
4188	4191
4193	4229
4193	4233
4193	4262
4194	4193
4195	4197
4195	4199
4197	4262
4199	4198
4199	4237
4199	4262
4199	4265
4200	4199
4200	4238
4200	4247
4200	4271
4200	4379
4201	4198
4201	4243
4201	4354
4203	4202
4203	4204
4203	4207
4202	4205
4202	4206
4209	4208
4209	4210
4209	4212
4209	4408
4211	4210
4211	4213
4211	4222
4214	4213
4214	4215
4214	4229
4214	4413
4221	4220
4221	4222
4224	4223
4224	4226
4224	4229
4224	4372
4224	4425
4226	4225
4226	4230
4226	4426
4231	4231
4232	4231
4232	4367
4234	4233
4234	4263
4233	4237
4236	4235
4236	4241
4237	4242
4237	4273
4239	4238
4239	4261
4239	4264
4239	4271
4238	4264
4241	4240
4241	4254
4241	4272
4240	4255
4240	4249
4240	4267
4242	4243
4242	4266
4242	4267
4247	4250
4248	4249
4248	4256
4250	4249
4250	4256
4250	4264
4251	4250
4251	4286
4251	4379
4252	4251
4252	4269
4252	4282
4252	4284
4252	4372
4253	4250
4254	4253
4254	4255
4255	4250
4263	4262
4263	4265
4269	4268
4270	4269
4275	4274
4275	4276
4275	4278
4275	4280
4275	4308
4275	4314
4275	4417
4275	4418
4277	4276
4277	4280
4278	4276
4279	4278
4279	4280
4282	4281
4286	4285
4287	4378
4290	4289
4290	4367
4292	4291
4293	4291
4293	4307
4293	4317
4293	4391
4293	4404
4294	4293
4295	4294
4296	4293
4297	4293
4297	4315
4300	4299
4304	4303
4304	4310
4304	4314
4304	4419
4304	4420
4306	4305
4309	4308
4309	4311
4311	4314
4312	4311
4313	4311
4318	4324
4318	4326
4319	4320
4321	4322
4322	4323
4324	4345
4325	4324
4325	4345
4325	4368
4325	4370
4325	4371
4325	4372
4326	4360
4326	4364
4340	4339
4346	4345
4346	4360
4346	4364
4347	4345
4348	4345
4348	4360
4348	4364
4348	4410
4348	4415
4349	4348
4350	4348
4351	4350
4351	4352
4352	4348
4356	4355
4356	4358
4356	4359
4357	4355
4357	4358
4357	4359
4357	4360
4357	4361
4357	4364
4361	4360
4361	4364
4362	4361
4362	4374
4362	4376
4363	4361
4363	4378
4363	4380
4370	4369
4370	4373
4376	4375
4377	4375
4378	4379
4386	4385
4386	4387
4393	4392
4393	4395
4393	4396
4393	4397
4399	4408
4406	4405
4409	4408
4409	4425
4409	4426
4410	4408
4410	4412
4410	4421
4411	4410
4412	4410
4413	4410
4413	4415
4414	4410
4415	4410
4415	4430
4416	4415
4416	4433
4416	4434
4423	4422
4429	4428
4431	4430
4433	4435
4433	4436
4433	4437
4433	4438
4433	4439
4433	4440
4446	4445
4456	4455
4459	4458
4460	4458
4467	4466
4467	4468
4467	4469
4471	4472
4473	4472
4473	4474
4479	4530
4482	1534
4483	1534
4484	1534
4485	1534
4495	4496
4523	4522
4524	4522
4524	4525
4524	4526
4528	4529
4532	4531
4532	4534
4532	4535
4532	4536
4532	4537
4532	4538
4532	4539
4541	4549
4541	4550
4541	4551
4541	4552
4541	4553
4541	4554
4541	4555
4541	4556
4541	4558
4541	4559
4541	4561
4541	4562
4542	4541
4543	4541
4544	4549
4545	4548
4547	4551
4547	4553
4560	4561
4566	4565
4566	4571
4566	4572
4566	4573
4565	4574
4565	4576
4567	4569
4569	4570
4579	4594
4581	4580
4581	4588
4581	4590
4581	4591
4581	4592
4581	4595
4581	4597
4581	4599
4580	4593
4580	4596
4580	4600
4582	4584
4582	4602
4582	4603
4582	4604
4584	4585
4607	4607
4620	4619
4625	4624
4625	4626
