1	0
1	180
1	4620
1	4647
1	4670
2	1
2	47
2	55
2	173
2	177
2	178
2	179
2	183
2	189
2	246
2	249
2	256
2	259
2	851
2	853
2	1017
2	4613
2	4638
2	4653
2	4661
2	4674
2	4675
2	4676
3	2
3	171
3	4604
3	4605
3	4650
4	3
5	4
6	4
6	11
6	20
6	43
6	42
6	45
6	15
6	64
6	68
6	92
6	34
6	107
6	172
6	179
6	189
6	190
6	198
6	203
6	221
6	222
6	223
6	231
6	242
6	244
6	269
6	310
6	337
6	336
6	367
6	370
6	383
6	438
6	446
6	447
6	462
6	483
6	602
6	687
6	700
6	764
6	778
6	795
6	802
6	856
6	908
6	905
6	918
6	932
6	939
6	944
6	974
6	987
6	1024
6	1040
6	1080
6	1339
6	1381
6	1410
6	1422
6	1428
6	1433
6	1464
6	1466
6	1469
6	1497
6	1520
6	1615
6	1721
6	1754
6	1768
6	1837
6	1855
6	2116
6	2134
6	2144
6	2136
6	2155
6	2165
6	2176
6	2180
6	2184
6	2185
6	2188
6	2194
6	2198
6	2200
6	2202
6	2204
6	2206
6	2208
6	2210
6	2218
6	2230
6	2235
6	2263
6	2268
6	2269
6	2308
6	2354
6	2358
6	2407
6	2469
6	2505
6	2521
6	2575
6	2580
6	2633
6	2651
6	2705
6	2706
6	2708
6	2789
6	2867
6	2912
6	2916
6	2941
6	3068
6	3075
6	3080
6	3082
6	3084
6	3092
6	3111
6	3112
6	3147
6	3176
6	3178
6	3226
6	3243
6	3249
6	3251
6	3252
6	3259
6	3263
6	3271
6	3275
6	3279
6	3292
6	3312
6	3314
6	3315
6	3330
6	3331
6	3337
6	3338
6	3343
6	3357
6	3374
6	3384
6	3478
6	3711
6	3743
6	3750
6	3759
6	3767
6	3794
6	3811
6	3824
6	3825
6	3831
6	3836
6	3860
6	3904
6	3919
6	3924
6	3927
6	3954
6	4006
6	4016
6	4120
6	4122
6	4171
6	4178
6	4268
6	4390
6	4398
6	4471
6	4476
6	4506
6	4536
6	4604
6	4614
6	4618
6	4633
6	4634
6	4650
6	4698
7	3
7	19
7	26
7	29
7	42
7	45
7	48
7	50
7	49
7	56
7	60
7	65
7	68
7	69
7	70
7	74
7	82
7	84
7	97
7	98
7	105
7	122
7	150
7	159
7	166
7	167
7	172
7	173
7	177
7	193
7	195
7	198
7	203
7	204
7	209
7	212
7	214
7	215
7	222
7	223
7	225
7	228
7	231
7	234
7	239
7	244
7	248
7	258
7	260
7	410
7	426
7	461
7	460
7	463
7	464
7	470
7	477
7	482
7	487
7	494
7	552
7	596
7	597
7	603
7	606
7	607
7	615
7	620
7	658
7	696
7	700
7	701
7	703
7	705
7	707
7	706
7	761
7	788
7	796
7	805
7	840
7	842
7	845
7	851
7	852
7	853
7	854
7	856
7	865
7	874
7	881
7	891
7	895
7	905
7	911
7	915
7	918
7	923
7	929
7	932
7	933
7	936
7	938
7	935
7	944
7	949
7	956
7	965
7	968
7	974
7	990
7	1004
7	1017
7	1023
7	1078
7	1086
7	1105
7	1339
7	1360
7	1365
7	1366
7	1373
7	1374
7	1382
7	1381
7	1389
7	1393
7	1394
7	1395
7	1404
7	1419
7	1418
7	1426
7	1428
7	1436
7	1459
7	1460
7	1468
7	1469
7	1478
7	1482
7	1515
7	1516
7	1519
7	1518
7	1523
7	1533
7	1534
7	1536
7	1538
7	1545
7	1552
7	1610
7	1613
7	1616
7	1622
7	1645
7	1701
7	1726
7	1740
7	1800
7	1828
7	1838
7	1843
7	1845
7	1851
7	1852
7	1867
7	1878
7	1885
7	1883
7	1895
7	1900
7	1908
7	1917
7	1977
7	1983
7	1988
7	1991
7	2017
7	2024
7	2025
7	2114
7	2125
7	2139
7	2157
7	2171
7	2190
7	2199
7	2200
7	2202
7	2204
7	2205
7	2209
7	2232
7	2253
7	2261
7	2268
7	2270
7	2289
7	1150
7	2301
7	2307
7	2320
7	2331
7	2334
7	2351
7	2354
7	2371
7	2370
7	2372
7	2379
7	2382
7	2384
7	2383
7	2385
7	2407
7	2430
7	2466
7	2478
7	2482
7	2483
7	2484
7	2486
7	2510
7	2528
7	2534
7	2537
7	2539
7	2546
7	2549
7	2559
7	2561
7	2573
7	2574
7	2578
7	2580
7	2583
7	2588
7	2597
7	2598
7	2600
7	2601
7	2602
7	2603
7	2625
7	2633
7	2649
7	2655
7	2653
7	2658
7	2659
7	2660
7	2664
7	2667
7	2676
7	2689
7	2717
7	2721
7	2754
7	2755
7	2771
7	2773
7	2788
7	2809
7	2843
7	2903
7	2910
7	2912
7	2918
7	2930
7	2947
7	2949
7	2991
7	2999
7	3137
7	3249
7	3256
7	3258
7	3263
7	3265
7	3357
7	3372
7	3381
7	3394
7	3395
7	3411
7	3412
7	3413
7	3446
7	3475
7	3476
7	3477
7	3481
7	3482
7	3485
7	3487
7	3488
7	3491
7	3492
7	3493
7	3495
7	3499
7	3500
7	3501
7	3502
7	3503
7	3504
7	3508
7	3513
7	3518
7	3523
7	3525
7	3529
7	3532
7	3534
7	3536
7	3538
7	3539
7	3540
7	3542
7	3546
7	3549
7	3553
7	3554
7	3560
7	3562
7	3711
7	3725
7	3728
7	3739
7	3747
7	3751
7	3754
7	3755
7	3757
7	3762
7	3763
7	3765
7	3786
7	3814
7	3831
7	3888
7	3907
7	3926
7	3927
7	3929
7	3936
7	3950
7	3951
7	3953
7	3952
7	3966
7	3965
7	3988
7	4065
7	4072
7	4078
7	4097
7	4107
7	4113
7	4114
7	4117
7	4134
7	4212
7	4232
7	4233
7	4242
7	4272
7	4276
7	4278
7	4285
7	4307
7	4317
7	4347
7	4374
7	4376
7	4417
7	4421
7	4425
7	4438
7	4442
7	4451
7	4459
7	4466
7	4471
7	4504
7	4506
7	4510
7	4524
7	4527
7	4533
7	4535
7	4561
7	4563
7	4570
7	4573
7	4575
7	4588
7	4598
7	4602
7	4617
7	4619
7	4622
7	4624
7	4625
7	4626
7	4628
7	4631
7	4633
7	4635
7	4636
7	4637
7	4641
7	4642
7	4650
7	4651
7	4652
7	4657
7	4658
7	4681
7	4682
7	4683
7	4684
7	4685
7	4686
7	4687
7	4688
7	4689
7	4690
7	4691
7	4692
7	4695
7	4696
8	3
9	8
9	14
9	16
9	18
9	19
9	35
9	38
9	40
9	48
9	56
9	60
9	65
9	66
9	74
9	96
9	97
9	98
9	170
9	4614
9	4615
9	4616
9	4618
9	4619
9	4632
9	4639
9	4640
9	4654
9	4655
10	9
11	8
11	2
11	38
11	1
11	40
11	66
11	74
11	97
11	98
11	171
11	179
11	246
11	851
11	853
11	1017
11	4604
11	4605
11	4614
11	4618
11	4619
11	4622
11	4623
11	4624
11	4625
11	4626
11	4627
11	4628
11	4630
11	4631
11	4633
11	4640
11	4642
11	4650
11	4654
11	4655
11	4657
12	11
12	8
12	14
12	17
12	2
12	18
12	21
12	20
12	35
12	1
12	41
12	40
12	43
12	42
12	49
12	66
12	74
12	84
12	83
12	82
12	96
12	97
12	105
12	115
12	128
12	171
12	172
12	173
12	181
12	183
12	189
12	190
12	194
12	200
12	221
12	223
12	231
12	252
12	251
12	260
12	358
12	365
12	369
12	376
12	378
12	380
12	383
12	410
12	426
12	431
12	433
12	436
12	438
12	440
12	442
12	443
12	445
12	446
12	447
12	451
12	453
12	454
12	456
12	469
12	475
12	485
12	495
12	544
12	586
12	593
12	607
12	662
12	664
12	665
12	671
12	672
12	687
12	685
12	688
12	692
12	698
12	700
12	707
12	706
12	744
12	756
12	764
12	761
12	772
12	775
12	790
12	795
12	797
12	803
12	808
12	814
12	816
12	817
12	821
12	824
12	825
12	826
12	852
12	854
12	856
12	874
12	882
12	905
12	919
12	923
12	926
12	928
12	932
12	936
12	938
12	935
12	939
12	944
12	949
12	968
12	1004
12	1017
12	1020
12	1023
12	1027
12	1039
12	1042
12	1072
12	1078
12	1129
12	1132
12	1124
12	1269
12	1272
12	1293
12	1325
12	1326
12	1328
12	1329
12	1330
12	1331
12	1333
12	1336
12	1337
12	1339
12	1371
12	1382
12	1381
12	1380
12	1386
12	1387
12	1388
12	1389
12	1390
12	1391
12	1392
12	1393
12	1410
12	1409
12	1424
12	1426
12	1427
12	1428
12	1433
12	1456
12	1460
12	1462
12	1467
12	1512
12	1514
12	1523
12	1521
12	1525
12	1534
12	1536
12	1538
12	1607
12	1605
12	1615
12	1613
12	1621
12	1639
12	1730
12	1739
12	1751
12	1749
12	1756
12	1775
12	1789
12	1800
12	1830
12	1837
12	1843
12	1845
12	1850
12	1851
12	1852
12	1869
12	1878
12	1891
12	1895
12	1900
12	1910
12	1909
12	1927
12	1926
12	1925
12	1930
12	1959
12	1962
12	1963
12	1969
12	1977
12	1978
12	1986
12	1983
12	1982
12	1988
12	1991
12	1994
12	2006
12	2017
12	2018
12	2024
12	2114
12	2118
12	2126
12	2135
12	2134
12	2132
12	2131
12	2142
12	2144
12	2150
12	2162
12	2165
12	2163
12	2167
12	2177
12	2176
12	2180
12	2187
12	2186
12	2185
12	2188
12	2192
12	2194
12	2205
12	2219
12	2220
12	2230
12	2232
12	2234
12	2235
12	2246
12	2247
12	2281
12	2285
12	2289
12	1150
12	2301
12	2334
12	2333
12	2332
12	2336
12	2340
12	2350
12	2354
12	2364
12	2370
12	2372
12	2374
12	2376
12	2378
12	2390
12	2398
12	2407
12	2410
12	2411
12	2418
12	2430
12	2431
12	2443
12	2511
12	2514
12	2519
12	2520
12	2527
12	2531
12	2559
12	2567
12	2573
12	2574
12	2576
12	2585
12	2588
12	2596
12	2597
12	2601
12	2602
12	2604
12	2616
12	2638
12	2645
12	2646
12	2679
12	2684
12	2701
12	2708
12	2712
12	2755
12	2756
12	2781
12	2780
12	2778
12	2794
12	2806
12	2809
12	2810
12	2829
12	2835
12	2843
12	2892
12	2893
12	2910
12	2917
12	2935
12	2939
12	2945
12	2946
12	2949
12	2950
12	2957
12	3006
12	3016
12	3028
12	3040
12	3042
12	3046
12	3089
12	3088
12	3098
12	3106
12	3110
12	3119
12	3120
12	3135
12	3176
12	3209
12	3212
12	3217
12	3228
12	3245
12	3251
12	3258
12	3263
12	3269
12	3280
12	3284
12	3292
12	3293
12	3309
12	3310
12	3321
12	3325
12	3327
12	3337
12	3338
12	3345
12	3346
12	3368
12	3371
12	3375
12	3377
12	3381
12	3388
12	3411
12	3414
12	3432
12	3433
12	3434
12	3476
12	3495
12	3560
12	3711
12	3712
12	3745
12	3744
12	3743
12	3749
12	3750
12	3753
12	3759
12	3761
12	3781
12	3785
12	3798
12	3801
12	3803
12	3810
12	3814
12	3818
12	3839
12	3838
12	3840
12	3841
12	3848
12	3911
12	3913
12	3920
12	3922
12	3927
12	3929
12	3949
12	3962
12	3978
12	3985
12	3986
12	3988
12	4032
12	4065
12	4078
12	4084
12	4096
12	27
12	4120
12	4121
12	4125
12	4132
12	4137
12	4177
12	4179
12	4185
12	4184
12	4186
12	4199
12	4205
12	4218
12	4224
12	4231
12	4232
12	4233
12	4238
12	4244
12	4246
12	4247
12	4253
12	4254
12	4256
12	4263
12	4267
12	4268
12	4272
12	4290
12	4307
12	4318
12	4322
12	4329
12	4367
12	4371
12	4374
12	4357
12	4396
12	4399
12	4403
12	4407
12	4408
12	4414
12	4421
12	4420
12	4424
12	4427
12	4432
12	4438
12	4441
12	4451
12	4452
12	4455
12	4466
12	4469
12	4471
12	4476
12	4486
12	4502
12	4503
12	4504
12	2010
12	4515
12	4520
12	4522
12	4602
12	4604
12	4614
12	4616
12	4627
12	4628
12	4633
12	4635
12	4638
12	4641
12	4646
12	4650
12	4653
12	4656
12	4668
13	11
13	14
13	16
13	18
13	26
13	31
13	33
13	19
13	50
13	51
13	49
13	53
13	48
13	56
13	60
13	64
13	65
13	81
13	88
13	89
13	90
13	84
13	96
13	104
13	118
13	111
13	134
13	132
13	146
13	160
13	168
13	169
13	172
13	173
13	181
13	183
13	189
13	190
13	196
13	213
13	218
13	219
13	231
13	244
13	250
13	249
13	256
13	260
13	261
13	259
13	263
13	265
13	267
13	269
13	272
13	273
13	275
13	276
13	290
13	292
13	296
13	297
13	300
13	304
13	306
13	308
13	309
13	313
13	317
13	320
13	338
13	340
13	341
13	342
13	343
13	345
13	348
13	349
13	351
13	353
13	355
13	357
13	359
13	398
13	404
13	406
13	417
13	419
13	421
13	422
13	425
13	441
13	442
13	444
13	448
13	449
13	503
13	511
13	513
13	515
13	520
13	521
13	522
13	526
13	527
13	528
13	530
13	533
13	534
13	545
13	550
13	556
13	566
13	571
13	572
13	575
13	582
13	583
13	584
13	585
13	613
13	614
13	617
13	618
13	619
13	624
13	631
13	642
13	648
13	650
13	651
13	658
13	662
13	665
13	666
13	668
13	670
13	671
13	672
13	674
13	681
13	678
13	683
13	682
13	687
13	688
13	691
13	692
13	693
13	698
13	703
13	710
13	715
13	719
13	718
13	720
13	721
13	724
13	730
13	733
13	735
13	734
13	741
13	744
13	746
13	749
13	751
13	753
13	754
13	755
13	756
13	758
13	759
13	760
13	764
13	775
13	776
13	787
13	790
13	791
13	792
13	798
13	801
13	802
13	803
13	804
13	807
13	806
13	812
13	815
13	816
13	817
13	823
13	824
13	828
13	831
13	838
13	840
13	845
13	850
13	851
13	853
13	857
13	859
13	861
13	865
13	874
13	873
13	877
13	880
13	882
13	888
13	893
13	894
13	896
13	897
13	902
13	908
13	905
13	914
13	912
13	916
13	920
13	919
13	927
13	928
13	917
13	937
13	935
13	940
13	943
13	946
13	947
13	951
13	949
13	954
13	955
13	965
13	975
13	976
13	984
13	987
13	988
13	990
13	995
13	996
13	997
13	998
13	999
13	1000
13	1001
13	1002
13	1003
13	1004
13	1006
13	1010
13	1009
13	1011
13	1012
13	1013
13	1014
13	1015
13	1020
13	1022
13	1023
13	1025
13	1027
13	1038
13	1065
13	1076
13	1075
13	1077
13	1085
13	1089
13	1091
13	1092
13	1093
13	1107
13	1108
13	1132
13	1124
13	1164
13	1183
13	1188
13	1211
13	1222
13	1209
13	1229
13	1204
13	1238
13	1194
13	1270
13	1271
13	1272
13	1274
13	1277
13	1325
13	1326
13	1328
13	1330
13	1331
13	1332
13	1333
13	1336
13	1368
13	1367
13	1366
13	1371
13	1374
13	1375
13	1376
13	1378
13	1379
13	1383
13	1386
13	1388
13	1387
13	1390
13	1391
13	1392
13	1393
13	1396
13	1398
13	1399
13	1403
13	1404
13	1406
13	1410
13	1417
13	1419
13	1433
13	1439
13	1454
13	1457
13	1459
13	1460
13	1462
13	1471
13	1472
13	1475
13	1477
13	1478
13	1482
13	1486
13	1487
13	1488
13	1492
13	1490
13	1497
13	1504
13	1506
13	1509
13	1512
13	1513
13	1516
13	1515
13	1523
13	1521
13	1520
13	1534
13	1537
13	1546
13	1616
13	1615
13	1649
13	1648
13	1655
13	1656
13	1657
13	1659
13	1658
13	1654
13	1661
13	1663
13	1669
13	1668
13	1667
13	1666
13	1685
13	1687
13	1692
13	1695
13	1696
13	1701
13	1704
13	1705
13	1709
13	1710
13	1713
13	1715
13	1718
13	1719
13	1728
13	1724
13	1734
13	1735
13	1738
13	1739
13	1747
13	1748
13	1755
13	1763
13	1765
13	1767
13	1772
13	1785
13	1786
13	1787
13	1789
13	1793
13	1800
13	1802
13	1819
13	1820
13	1825
13	1826
13	1831
13	1833
13	1834
13	1836
13	1840
13	1846
13	1849
13	1850
13	1851
13	1863
13	1869
13	1877
13	1881
13	1884
13	1890
13	1893
13	1895
13	1901
13	1903
13	1907
13	1909
13	1920
13	1923
13	1927
13	1930
13	1948
13	1950
13	1963
13	1965
13	1966
13	1969
13	1971
13	1972
13	1973
13	1976
13	1977
13	1978
13	1980
13	1981
13	1986
13	1983
13	1985
13	1991
13	1997
13	2001
13	2003
13	2017
13	2019
13	2020
13	2021
13	2026
13	2030
13	2033
13	2038
13	2122
13	2125
13	2126
13	2135
13	2134
13	2139
13	2158
13	2171
13	2175
13	2183
13	2186
13	2188
13	2191
13	2192
13	2196
13	2197
13	2198
13	2201
13	2203
13	2205
13	2204
13	2208
13	2210
13	2212
13	2213
13	2216
13	2215
13	2217
13	2222
13	2223
13	2226
13	2604
13	2620
13	2621
13	2632
13	2636
13	2637
13	2672
13	2684
13	2692
13	2701
13	2708
13	2712
13	2715
13	2716
13	2728
13	2731
13	2750
13	2754
13	2759
13	2764
13	2765
13	2766
13	2767
13	2769
13	2770
13	2781
13	2780
13	2784
13	2783
13	2786
13	2790
13	2801
13	2803
13	2830
13	2867
13	2893
13	2897
13	2899
13	2902
13	2906
13	2917
13	2918
13	2925
13	2930
13	2932
13	2948
13	2954
13	2955
13	2956
13	2957
13	2969
13	2970
13	2971
13	2975
13	2997
13	2998
13	3006
13	3156
13	3172
13	3174
13	3210
13	3225
13	3234
13	3236
13	3241
13	3257
13	3258
13	3265
13	3266
13	3271
13	3286
13	3303
13	3304
13	3306
13	3313
13	3323
13	3329
13	3332
13	3333
13	3335
13	3336
13	3356
13	3358
13	3382
13	3383
13	3387
13	3388
13	3398
13	3399
13	3418
13	3430
13	3431
13	3439
13	3442
13	3444
13	3445
13	3447
13	3451
13	3457
13	3459
13	3464
13	3467
13	3469
13	3470
13	3472
13	3478
13	3479
13	3480
13	3483
13	3484
13	3486
13	3489
13	3490
13	3497
13	3498
13	3505
13	3506
13	3507
13	3509
13	3510
13	3511
13	3512
13	3514
13	3515
13	3517
13	3516
13	3519
13	3520
13	3521
13	3522
13	3524
13	3525
13	3527
13	3528
13	3530
13	3531
13	3533
13	3535
13	3537
13	3541
13	3543
13	3544
13	3545
13	3547
13	3548
13	3550
13	3551
13	3559
13	3562
13	3565
13	3615
13	3711
13	3719
13	3721
13	3733
13	3739
13	3744
13	3749
13	3748
13	3750
13	3751
13	3752
13	3753
13	3755
13	3754
13	3758
13	3760
13	3761
13	3766
13	3767
13	3783
13	3785
13	3788
13	3790
13	3792
13	3796
13	3810
13	3812
13	3817
13	3826
13	3827
13	3829
13	3834
13	3837
13	3843
13	3845
13	3858
13	3891
13	3892
13	3907
13	3920
13	3923
13	3926
13	3933
13	3936
13	3937
13	3944
13	3949
13	3950
13	3954
13	3957
13	3966
13	3965
13	3970
13	3973
13	3975
13	3977
13	3989
13	3998
13	3999
13	4000
13	4015
13	4017
13	4027
13	4061
13	4064
13	4082
13	4084
13	4088
13	4091
13	4093
13	4096
13	4105
13	4106
13	4108
13	4109
13	4110
13	4111
13	4112
13	4115
13	4127
13	4129
13	4132
13	4133
13	4138
13	4136
13	4142
13	4145
13	4146
13	4149
13	4150
13	4154
13	4156
13	4152
13	4167
13	4169
13	4171
13	4178
13	4180
13	4184
13	4187
13	4190
13	4194
13	4196
13	4197
13	4198
13	4199
13	4200
13	4201
13	4202
13	4204
13	4207
13	4210
13	4205
13	4214
13	4215
13	4219
13	4222
13	4224
13	4225
13	4226
13	4231
13	4232
13	4233
13	4238
13	4245
13	4244
13	4247
13	4248
13	4250
13	4252
13	4253
13	4261
13	4259
13	4262
13	4263
13	4265
13	4267
13	4268
13	4271
13	4276
13	4284
13	4289
13	4291
13	4292
13	4295
13	4294
13	4296
13	4298
13	4302
13	4303
13	4304
13	4320
13	4321
13	4323
13	4322
13	4314
13	4325
13	4329
13	4333
13	4342
13	4344
13	4346
13	4345
13	4365
13	4370
13	4374
13	4377
13	4387
13	4389
13	4390
13	4393
13	4398
13	4403
13	4409
13	4411
13	4408
13	4414
13	4417
13	4426
13	4427
13	4430
13	4431
13	4434
13	4437
13	4439
13	4440
13	4441
13	4442
13	4443
13	4444
13	4445
13	4446
13	4448
13	4456
13	4458
13	4460
13	4463
13	4465
13	4466
13	4474
13	4476
13	4482
13	4484
13	4483
13	4486
13	4488
13	4502
13	4504
13	4506
13	4508
13	2010
13	4522
13	4532
13	4534
13	4537
13	4558
13	4559
13	4564
13	4565
13	4566
13	4567
13	4569
13	4571
13	4572
13	4574
13	4576
13	4577
13	4578
13	4579
13	4581
13	4582
13	4583
13	4584
13	4585
13	4586
13	4587
13	4589
13	4590
13	4591
13	4592
13	4593
13	4598
13	4599
13	4600
13	4602
13	4612
13	4615
13	4616
13	4617
13	4623
13	4625
13	4627
13	4630
13	4633
13	4634
13	4638
13	4637
13	4639
13	4646
13	4653
13	4652
13	4656
13	4659
13	4666
13	4668
13	4679
13	4700
13	4701
13	4704
14	3
15	3
16	2
16	101
16	4604
17	16
17	17
17	115
17	132
17	150
17	159
17	949
17	1852
17	2301
17	2352
17	2353
17	2356
17	2357
17	2358
17	2418
17	2579
17	2588
17	2597
17	2598
17	2600
17	2616
17	2753
17	3011
17	3013
17	3014
17	3040
17	3106
17	3263
17	3377
17	3450
17	3718
17	3831
17	3839
17	4075
18	1
18	173
18	183
19	1
19	173
19	178
19	4627
19	4628
20	19
20	132
20	270
20	274
20	297
20	2616
20	2914
20	3110
20	3145
20	3228
20	3263
20	3377
20	3743
20	3786
20	4014
21	20
21	2333
21	3744
21	3824
21	3835
21	3848
21	3966
21	3976
21	4094
22	20
22	297
22	1358
22	1364
22	2461
22	2466
22	2469
22	2473
22	2478
22	2482
22	2483
22	2486
22	2493
22	2501
22	2505
22	2510
23	20
23	58
23	57
23	423
23	481
23	714
23	2626
23	2630
23	2934
23	3364
23	3824
23	4295
23	4679
23	4701
24	20
24	39
24	42
24	17
24	70
24	105
24	159
24	193
24	205
24	208
24	223
24	231
24	244
24	275
24	277
24	310
24	316
24	354
24	392
24	492
24	553
24	572
24	573
24	587
24	606
24	704
24	752
24	777
24	792
24	830
24	838
24	847
24	858
24	903
24	905
24	912
24	923
24	949
24	954
24	955
24	956
24	1004
24	1042
24	1072
24	1081
24	1269
24	1349
24	1352
24	1360
24	1358
24	1364
24	1382
24	1436
24	1522
24	1534
24	1615
24	1625
24	1616
24	1640
24	1645
24	1685
24	1768
24	1828
24	1855
24	1859
24	1909
24	1930
24	1983
24	1991
24	2025
24	2026
24	2107
24	2135
24	2155
24	2173
24	2195
24	2204
24	2213
24	2229
24	2236
24	2258
24	2271
24	2276
24	2277
24	2329
24	2330
24	2334
24	2339
24	2341
24	2376
24	2378
24	2404
24	2407
24	2415
24	2421
24	2448
24	2461
24	2466
24	2469
24	2473
24	2478
24	2483
24	2484
24	2482
24	2486
24	2493
24	2494
24	2501
24	2505
24	2510
24	2545
24	2567
24	2587
24	2588
24	2596
24	2599
24	2616
24	2632
24	2656
24	2697
24	2724
24	2780
24	2801
24	2864
24	2867
24	2893
24	2787
24	2925
24	2936
24	2985
24	3018
24	3017
24	3041
24	3116
24	3117
24	3154
24	3163
24	3209
24	3205
24	3211
24	3214
24	3247
24	3259
24	3268
24	3269
24	3281
24	3357
24	3378
24	3397
24	3466
24	3478
24	3710
24	3712
24	3720
24	3745
24	3779
24	3780
24	3781
24	3822
24	3903
24	3917
24	3938
24	3939
24	3942
24	3943
24	3944
24	3965
24	4085
24	27
24	4145
24	4157
24	4166
24	4170
24	4224
24	4231
24	4277
24	4293
24	4371
24	4378
24	4452
24	4460
24	4469
24	4502
24	4506
24	1543
24	4602
24	4636
24	4651
24	4682
24	4683
24	4684
24	4685
24	4686
24	4687
24	4688
24	4689
24	4690
24	4691
24	4692
24	4693
24	4695
24	4696
25	20
25	25
25	19
25	55
25	96
25	189
26	25
26	39
26	72
26	142
26	393
26	1729
26	1852
26	2373
26	2549
26	2584
26	2601
26	2602
26	2786
26	2790
26	2933
26	2949
26	3013
26	3048
26	3477
26	3525
26	3559
26	3621
26	3831
26	4117
27	25
27	39
28	20
29	20
29	29
29	2616
29	3035
29	3037
29	3108
29	3745
29	3822
29	3963
30	29
30	20
30	1
30	41
30	84
30	191
30	195
30	248
30	258
30	367
30	370
30	387
30	389
30	390
30	412
30	415
30	421
30	422
30	429
30	441
30	460
30	463
30	464
30	466
30	470
30	469
30	566
30	574
30	603
30	662
30	687
30	688
30	693
30	696
30	721
30	749
30	748
30	751
30	778
30	788
30	789
30	838
30	840
30	900
30	902
30	905
30	949
30	1004
30	1129
30	1132
30	1160
30	1124
30	1170
30	1222
30	1366
30	1382
30	1380
30	1396
30	1517
30	1518
30	1637
30	1921
30	2144
30	2165
30	2253
30	2282
30	2323
30	2350
30	2398
30	2440
30	2451
30	2452
30	2453
30	2473
30	2583
30	2708
30	2709
30	2903
30	2954
30	2955
30	2956
30	2957
30	3002
30	3090
30	3177
30	3239
30	3263
30	3283
30	3298
30	3319
30	3323
30	3327
30	3329
30	3337
30	3338
30	3357
30	3375
30	3377
30	3387
30	3386
30	3402
30	3403
30	3405
30	3406
30	3454
30	3468
30	3558
30	3581
30	3763
30	3762
30	3768
30	3904
30	3924
30	3951
30	3952
30	4063
30	4065
30	4128
30	4137
30	4157
30	4166
30	4188
30	4201
30	4202
30	4203
30	4218
30	4244
30	4263
30	4265
30	4272
30	4282
30	4289
30	4290
30	4304
30	4378
30	4404
30	4417
30	4420
30	4421
30	4424
30	4425
30	4444
30	4450
30	4451
30	4455
30	4474
30	4471
30	4484
30	4483
30	4486
30	4487
30	4646
31	20
32	31
32	20
32	1
32	50
32	87
32	84
32	82
32	105
32	102
32	111
32	136
32	171
32	193
32	194
32	195
32	202
32	205
32	208
32	244
32	252
32	378
32	383
32	398
32	406
32	407
32	410
32	412
32	421
32	422
32	438
32	446
32	447
32	449
32	456
32	461
32	460
32	463
32	462
32	464
32	466
32	470
32	477
32	493
32	511
32	541
32	542
32	561
32	603
32	635
32	642
32	650
32	671
32	674
32	678
32	682
32	687
32	692
32	698
32	700
32	703
32	706
32	714
32	713
32	717
32	720
32	721
32	742
32	743
32	751
32	754
32	790
32	795
32	803
32	804
32	805
32	808
32	806
32	814
32	822
32	838
32	847
32	851
32	852
32	854
32	856
32	861
32	918
32	932
32	936
32	944
32	949
32	957
32	1004
32	1017
32	1046
32	1067
32	1069
32	1066
32	1070
32	1071
32	1072
32	1078
32	1093
32	1132
32	1365
32	1370
32	1371
32	1374
32	1382
32	1381
32	1380
32	1386
32	1387
32	1388
32	1389
32	1390
32	1391
32	1392
32	1395
32	1396
32	1410
32	1419
32	1424
32	1426
32	1433
32	1456
32	1460
32	1461
32	1467
32	1468
32	1469
32	1470
32	1484
32	1488
32	1492
32	1497
32	1514
32	1515
32	1516
32	1517
32	1519
32	1518
32	1520
32	1533
32	1534
32	1639
32	1649
32	1722
32	1750
32	1756
32	1755
32	1793
32	1835
32	1845
32	1846
32	1848
32	1865
32	1882
32	1885
32	1883
32	1895
32	1910
32	1909
32	1917
32	1963
32	1972
32	1977
32	1983
32	1991
32	2003
32	2006
32	2017
32	2019
32	2032
32	2104
32	2106
32	2114
32	2122
32	2121
32	2119
32	2126
32	2123
32	2141
32	2144
32	2147
32	2150
32	2155
32	2156
32	2163
32	2166
32	2177
32	2204
32	2205
32	2234
32	2253
32	1150
32	2301
32	2317
32	2320
32	2326
32	2334
32	2332
32	2354
32	2371
32	2370
32	2372
32	2401
32	2473
32	2513
32	2524
32	2528
32	2531
32	2546
32	2559
32	2573
32	2576
32	2600
32	2684
32	2701
32	2721
32	2753
32	2749
32	2760
32	2788
32	2806
32	2843
32	2864
32	2893
32	2903
32	2952
32	2956
32	2958
32	2985
32	2984
32	3017
32	3019
32	3046
32	3048
32	3077
32	3092
32	3103
32	3106
32	3230
32	3231
32	3245
32	3258
32	3265
32	3283
32	3315
32	3317
32	3326
32	3355
32	3362
32	3365
32	3384
32	3398
32	3399
32	3410
32	3422
32	3447
32	3738
32	3739
32	3743
32	3747
32	3748
32	3749
32	3750
32	3751
32	3752
32	3753
32	3754
32	3755
32	3757
32	3758
32	3759
32	3760
32	3761
32	3762
32	3763
32	3765
32	3766
32	3767
32	3768
32	3844
32	3904
32	3913
32	3919
32	3920
32	3924
32	3927
32	3932
32	3935
32	3936
32	3949
32	3951
32	3950
32	3953
32	3952
32	3954
32	3957
32	3959
32	3963
32	3968
32	3971
32	3972
32	3980
32	3987
32	4063
32	4078
32	4095
32	4097
32	4134
32	4136
32	4137
32	4201
32	4203
32	4230
32	4242
32	4253
32	4256
32	4259
32	4267
32	4271
32	4276
32	4288
32	4303
32	4304
32	4307
32	4310
32	4322
32	4328
32	4329
32	4333
32	4347
32	4349
32	4404
32	4407
32	4414
32	4421
32	4425
32	4438
32	4444
32	4450
32	4451
32	4462
32	4464
32	4471
32	4474
32	4476
32	4519
32	4527
32	4628
32	4646
32	4680
32	4703
33	20
33	279
33	296
33	3089
33	3110
33	3111
33	3810
33	4002
33	4003
33	4004
33	4006
33	4008
33	4009
33	4010
33	4012
33	4013
33	4014
33	4015
33	4016
34	20
34	3056
34	3068
34	3286
35	1
35	55
35	62
35	64
35	183
35	4617
35	4642
35	4657
36	35
36	881
36	935
36	1409
36	1875
36	3145
36	3219
36	3377
36	3911
36	4614
37	36
37	120
37	251
37	261
37	763
37	949
37	1871
37	1872
37	1874
37	1873
37	1870
37	1878
37	3148
37	3210
37	3205
37	3211
37	3212
37	3215
37	3218
37	3219
37	3234
37	3235
37	3236
37	3237
37	4129
37	4713
38	1
38	177
38	178
38	183
38	4628
39	38
39	39
39	98
39	2914
40	1
40	183
40	4604
40	4613
41	40
41	3283
41	4065
41	4451
42	5
43	42
44	10
45	8
45	1415
45	1430
45	1474
46	14
46	877
46	888
46	2322
46	2891
46	3376
46	4493
47	181
47	182
48	47
49	48
49	3353
49	3354
49	3357
49	3355
49	3364
49	3961
49	3963
49	3978
49	4168
49	4388
50	49
50	51
51	49
51	3961
51	3966
52	51
52	107
52	360
52	439
52	450
52	519
52	553
52	731
52	1754
52	2407
52	2631
52	2789
52	3084
52	3226
52	3330
52	3824
52	4170
52	4310
52	4312
52	368
52	4083
53	49
53	292
53	295
53	310
53	968
53	1069
53	1071
53	1096
53	1098
53	1099
53	1164
53	1324
53	1351
53	1732
53	1761
53	1766
53	1799
53	1837
53	1841
53	2104
53	2108
53	2121
53	2118
53	2125
53	2126
53	2127
53	2123
53	2132
53	2140
53	2172
53	2187
53	2186
53	2218
53	2219
53	2220
53	2284
53	2289
53	2308
53	2332
53	2338
53	2340
53	2402
53	2408
53	2445
53	2451
53	2559
53	2567
53	2573
53	2575
53	2576
53	2631
53	2629
53	2749
53	2892
53	3033
53	3059
53	3067
53	3077
53	3079
53	3082
53	3081
53	3085
53	3089
53	3088
53	3095
53	3109
53	3126
53	3160
53	3224
53	3242
53	3267
53	3284
53	3325
53	3380
53	3388
53	3729
53	3731
53	3790
53	3803
53	3811
53	3814
53	3839
53	3857
53	3870
53	3888
53	3890
53	3899
53	3900
53	3930
53	4010
53	4061
53	4067
53	4139
53	4192
53	4361
53	4424
53	4435
53	4580
54	53
54	295
54	463
54	1108
54	1358
54	1364
54	1516
54	2451
54	2452
54	2453
54	2461
54	2466
54	2469
54	2473
54	2478
54	2482
54	2483
54	2486
54	2493
54	2505
54	2510
54	3739
54	3755
54	3763
54	3951
55	172
55	190
56	183
57	56
57	132
57	1722
57	2624
57	2735
57	3026
57	3033
57	3046
57	3053
57	3054
57	3110
57	3112
57	3339
57	3341
57	3371
57	3459
57	3786
58	57
58	134
58	1723
58	1752
58	2631
58	3311
58	3799
59	57
59	2727
59	2786
59	2790
59	2934
59	4679
59	4697
59	4701
59	4702
60	62
60	4641
60	4656
61	60
61	176
61	209
61	210
61	211
61	212
61	213
61	214
61	215
61	216
61	218
61	219
61	220
61	232
61	233
61	243
61	394
61	504
61	710
61	764
61	837
61	1078
61	1086
61	1424
61	1624
61	1623
61	1625
61	1626
61	1645
61	1751
61	1800
61	1802
61	1812
61	1814
61	1830
61	1851
61	1852
61	1895
61	1898
61	1984
61	1986
61	2017
61	2018
61	2025
61	2026
61	2029
61	2036
61	2122
61	2158
61	2184
61	2232
61	1150
61	2379
61	2601
61	2893
61	2934
61	2949
61	3070
61	3209
61	3377
61	4121
61	4122
61	4125
61	4129
61	4196
61	4225
61	4290
61	4421
61	4428
61	4519
61	4562
61	4585
62	63
62	851
62	853
62	1017
64	63
66	4604
66	4643
66	4645
66	4667
67	66
67	67
67	1878
67	2549
67	2551
67	2598
67	2600
67	4598
68	67
68	68
68	74
68	150
68	1243
68	1245
68	1246
68	1256
68	1258
68	1259
68	1479
68	2352
68	2353
68	2356
68	2357
68	2374
68	2587
68	2588
68	2595
68	2597
68	2598
69	68
69	607
69	2603
70	69
70	604
70	609
71	70
71	196
71	197
71	246
71	249
71	251
71	256
71	259
71	261
71	577
71	586
71	662
71	665
71	671
71	687
71	697
71	698
71	703
71	705
71	707
71	729
71	750
71	751
71	756
71	764
71	797
71	803
71	806
71	808
71	814
71	816
71	817
71	820
71	840
71	848
71	855
71	876
71	895
71	903
71	918
71	938
71	943
71	944
71	947
71	955
71	956
71	958
71	963
71	965
71	967
71	999
71	1006
71	1010
71	1014
71	1078
71	1114
71	1129
71	1158
71	1171
71	1177
71	1329
71	1337
71	1534
71	1545
71	1605
71	1613
71	1615
71	1616
71	1719
71	1732
71	1775
71	1774
71	1773
71	1777
71	1780
71	1782
71	1783
71	1784
71	1789
71	1793
71	1797
71	1826
71	1836
71	1840
71	1846
71	1850
71	1852
71	1968
71	1983
71	1991
71	2018
71	2019
71	2024
71	2114
71	2116
71	2125
71	2132
71	2134
71	2144
71	2163
71	2165
71	2169
71	2185
71	2193
71	2198
71	2233
71	2235
71	2236
71	2286
71	2285
71	2379
71	2380
71	2382
71	2383
71	2385
71	2387
71	2392
71	2400
71	2407
71	2416
71	2528
71	2539
71	2584
71	2602
71	2608
71	2632
71	2643
71	2646
71	2648
71	2684
71	2697
71	2735
71	2749
71	2754
71	2755
71	2756
71	2759
71	2764
71	2765
71	2766
71	2767
71	2769
71	2770
71	2771
71	2773
71	2780
71	2785
71	2805
71	2804
71	2817
71	2818
71	2827
71	2845
71	2846
71	2850
71	2867
71	2880
71	2881
71	2885
71	2889
71	2890
71	2893
71	2899
71	2918
71	2925
71	2928
71	2934
71	2938
71	2985
71	3013
71	3148
71	3167
71	3170
71	3263
71	3280
71	3283
71	3357
71	3388
71	3728
71	3744
71	3781
71	3831
71	3906
71	4124
71	4135
71	4136
71	4145
71	4151
71	4174
71	4182
71	4199
71	4225
71	4227
71	4229
71	4244
71	4247
71	4253
71	4266
71	4267
71	4272
71	4276
71	4278
71	4283
71	4284
71	4290
71	4310
71	4318
71	4322
71	4325
71	4329
71	4341
71	4367
71	4401
71	4404
71	4413
71	4421
71	4425
71	4431
71	4441
71	4469
71	4474
71	4476
71	4485
71	4503
71	4532
71	4533
71	4534
71	4535
71	4536
71	4560
71	4629
71	4646
72	67
72	2585
73	66
73	84
73	221
73	231
73	244
73	435
73	764
73	892
73	1069
73	1070
73	1072
73	1090
73	1476
73	1505
73	1536
73	1605
73	1613
73	1657
73	1983
73	1991
73	2131
73	2136
73	2150
73	2155
73	2185
73	2187
73	2218
73	2350
73	2567
73	2596
73	2692
73	2714
73	2843
73	2787
73	3041
73	3119
73	3120
73	3268
73	3269
73	3272
73	3296
73	3298
73	3335
73	3351
73	3396
73	3447
73	3720
73	3744
73	3903
73	3939
73	4220
73	4328
73	4469
73	4476
73	4521
73	4524
73	4552
74	4604
75	74
75	207
75	231
75	242
75	314
75	355
75	929
75	1436
75	1606
75	1605
75	1686
75	1853
75	1973
75	1991
75	2005
75	2013
75	2017
75	2191
75	2197
75	2199
75	2201
75	2209
75	2212
75	2222
75	2229
75	2354
75	3135
75	3145
75	3220
75	3232
75	3384
75	3911
75	3919
75	3920
75	4105
75	4106
75	4107
75	4108
75	4109
75	4110
75	4111
75	4112
75	4113
75	4114
75	4115
75	4563
75	4570
75	4575
75	4588
75	4605
75	4614
75	4640
75	4655
76	75
77	75
78	75
78	1606
78	2025
78	2242
79	75
79	1606
79	2026
79	2243
80	75
80	80
80	21
80	289
80	1027
80	1042
80	1041
80	1436
80	1521
80	1606
80	1613
80	1652
80	1983
80	2204
80	2442
80	2616
80	2757
80	2949
80	3117
80	3966
80	3988
80	4092
80	4094
80	4117
80	4214
80	4223
80	4558
81	75
81	774
81	1606
81	2753
81	2750
81	2981
81	2982
81	2985
81	2986
81	3148
81	4075
81	4077
81	4230
81	4359
81	4462
82	21
82	82
82	2336
82	2412
82	2413
82	2414
82	2418
82	2588
82	2597
83	82
83	83
83	996
83	1001
83	1011
83	1393
83	1910
83	1909
83	1983
83	2246
83	3433
84	83
84	1373
85	84
85	1367
86	85
86	83
86	1367
87	84
87	195
87	1366
87	1370
87	1371
87	1374
87	1375
87	1381
87	1386
87	1387
87	1388
87	1389
87	1390
87	1391
87	1392
87	1394
87	1403
87	1405
88	84
88	1408
89	84
89	1366
89	1371
89	1373
89	1381
89	1386
89	1387
89	1388
89	1389
89	1390
89	1391
89	1392
89	1405
89	1408
90	84
91	90
91	1373
91	1380
92	28
93	92
93	3095
93	3096
93	3097
94	93
94	3091
94	3273
95	34
96	173
97	178
97	179
98	177
99	98
99	1422
99	1458
99	1465
99	1863
99	2354
99	2544
99	3282
99	3383
99	3384
99	3911
99	3914
99	3920
100	99
100	376
100	380
100	383
100	436
100	438
100	439
100	440
100	441
100	442
100	443
100	445
100	446
100	447
100	448
100	449
100	450
100	451
100	452
100	453
100	454
100	455
100	473
100	678
100	682
100	721
100	795
100	798
100	799
100	800
100	816
100	817
100	1501
100	1736
100	1752
100	2285
100	1150
100	2407
100	2408
100	2514
100	2521
100	3250
100	3321
100	4180
100	4185
100	4218
100	4259
100	4288
100	4289
100	4304
100	4320
100	4326
100	4327
100	4328
100	4414
100	4455
100	1753
103	102
103	3387
103	3396
103	3402
103	3410
103	3422
104	102
105	104
105	3400
105	3401
105	3404
105	3407
105	3408
105	3409
105	3412
105	3413
105	3415
105	3419
105	3423
105	3426
105	3427
105	3430
105	3431
106	105
106	3448
107	105
107	107
107	1725
107	3026
107	3028
107	3066
107	3071
107	3079
107	3338
107	3432
107	3678
107	3899
109	108
111	110
111	112
111	4173
111	4174
111	4392
111	4393
112	111
113	112
113	286
113	1719
113	2639
113	3005
113	3009
113	3016
113	3099
113	3098
113	3103
113	3105
113	3110
113	3123
113	3122
113	3131
113	3345
113	3351
113	3366
113	3974
113	4712
114	112
114	452
114	480
114	482
114	487
114	3098
114	3107
114	3108
114	3110
114	3131
114	3132
114	3133
114	3134
114	3366
114	3743
114	3960
114	3964
114	3966
114	3981
114	3990
115	111
115	1750
115	3277
115	3368
115	3718
115	3900
116	115
116	3243
116	3561
116	3718
117	115
117	110
117	4172
117	4174
117	4391
117	4393
118	115
118	829
118	968
118	976
118	1028
118	1033
118	1035
118	1034
118	1037
118	1040
118	1043
118	1046
118	1072
118	1080
118	1088
118	1090
118	1206
118	1224
118	1226
118	1232
118	1510
118	1531
118	1651
118	1758
118	2113
118	2116
118	2170
118	2178
118	2176
118	2188
118	2194
118	2305
118	2443
118	2543
118	2567
118	2598
118	2600
118	2749
118	2976
118	3161
118	3209
118	3205
118	3211
118	3212
118	3214
118	3215
118	3218
118	3221
118	3225
118	3287
118	3718
118	3727
118	3728
118	3839
118	4059
118	4204
118	4619
119	115
119	367
119	370
119	1243
119	1245
119	1246
119	1256
119	1258
119	1259
119	1643
119	2511
119	2567
119	2661
119	2801
119	3121
119	3124
119	3254
119	3378
119	3729
119	3842
119	4019
119	4057
120	115
120	132
120	253
120	852
120	905
120	912
120	918
120	923
120	949
120	968
120	1017
120	1203
120	1221
120	1225
120	1231
120	2304
120	2442
120	2542
120	2567
120	2598
120	2600
120	2753
120	2750
120	3162
120	3160
120	3212
120	3217
120	3219
120	3718
120	3729
120	3821
120	4005
120	4075
120	4206
120	4597
121	120
121	132
121	134
121	247
121	257
121	375
121	380
121	383
121	396
121	410
121	425
121	440
121	442
121	453
121	473
121	576
121	659
121	686
121	694
121	702
121	707
121	715
121	719
121	721
121	731
121	751
121	756
121	938
121	1752
121	1150
121	2332
121	2354
121	2407
121	2750
121	3153
121	3250
121	3278
121	3321
121	3320
121	3371
121	3790
121	3819
121	3920
121	4155
121	4185
121	4191
121	4195
121	4199
121	4205
121	4207
121	4210
121	4218
121	4243
121	4264
121	4270
121	4272
121	4275
121	4282
121	4285
121	4292
121	4304
121	4312
121	4385
121	4408
121	4411
121	4421
121	4422
121	4423
121	4441
121	4447
121	4446
121	4448
121	4455
121	4474
121	368
121	373
124	123
124	1760
124	3349
124	3350
124	4183
124	4402
126	125
126	131
126	130
126	1730
126	2734
126	2735
126	3347
126	3348
126	3370
126	3369
126	3373
126	3377
126	4175
126	4177
126	4394
126	4396
128	127
128	2636
128	2637
128	2647
128	2648
128	2897
128	3015
128	3016
128	3019
128	3020
128	3021
128	3022
128	3023
128	3024
128	3025
128	3027
128	3028
128	3029
128	3030
128	3031
128	3032
128	3035
128	3036
128	3038
128	3039
128	3040
128	3042
128	3043
128	3044
128	3047
128	3048
128	3131
128	3134
128	3233
128	3733
128	4139
128	4361
129	128
129	3005
129	3098
129	3105
129	3106
129	3128
129	3130
131	130
131	1732
131	3348
131	4177
131	4396
132	131
132	2735
132	3370
133	132
133	3450
134	132
134	3371
134	3377
135	132
135	1749
135	2350
135	2354
135	2939
135	3232
135	3233
135	3241
135	3244
135	3246
135	3248
135	3249
135	3251
135	3252
135	3273
135	3285
135	3288
135	3292
135	3293
135	3297
135	3298
135	3302
135	3306
135	3309
135	3317
135	3325
135	3327
135	3337
135	3338
135	3339
135	3561
135	3839
135	3920
135	4177
135	4396
137	136
137	141
137	3890
137	4358
139	138
139	145
139	3846
139	3870
139	3871
139	3873
139	3887
140	139
140	3876
140	3879
140	3884
140	3888
140	3889
140	3895
140	3896
141	140
141	1775
141	1850
142	141
142	142
142	3879
144	143
145	144
145	3894
147	146
147	2442
147	2443
147	2444
147	2446
148	147
148	901
148	1173
148	1230
148	1482
148	2261
148	2263
148	2268
148	2269
148	2281
148	2291
148	2292
148	2294
148	2295
148	2300
148	2301
148	2308
148	2416
148	2425
148	2435
148	2439
148	2440
148	2441
148	2515
148	2520
148	2559
148	2574
148	4136
148	4406
148	4604
150	149
151	150
151	1530
151	1973
151	2017
152	150
152	159
152	1530
152	1534
152	1898
152	1969
152	1973
152	1983
152	1986
152	1982
152	2017
152	2018
152	2298
152	2415
154	153
154	1483
154	2296
154	2299
154	2302
154	2592
154	2593
154	2594
154	2596
156	155
156	1482
156	2270
156	2297
156	2301
156	2303
156	2581
156	2591
156	2595
157	155
157	958
157	989
157	992
157	1007
157	2244
157	2246
157	2247
157	2248
157	2270
157	2282
157	2298
157	2300
157	2301
157	2303
157	2390
157	2391
157	2393
157	2394
157	2395
157	2396
157	2397
157	2398
157	2399
157	2400
157	2418
157	2530
157	2531
157	2588
157	2597
157	3744
159	158
160	159
160	1534
160	1538
160	1984
160	2018
160	2415
161	159
161	165
161	2527
161	2578
163	162
163	2599
165	164
165	2241
165	2428
165	2554
165	2556
165	2569
170	171
175	174
175	365
175	601
175	708
175	1679
175	2566
175	3243
175	4060
175	4087
175	4101
175	4279
185	184
185	1792
185	1848
185	1857
185	3227
185	3265
185	3454
185	3918
186	185
186	1019
186	2920
186	3987
186	4511
187	186
187	337
187	643
187	652
187	657
187	785
187	827
187	837
187	1094
187	1528
187	1532
187	1636
187	1854
187	1866
187	2037
187	2039
187	2040
187	2041
187	2042
187	2043
187	2044
187	2045
187	2053
187	2054
187	2149
187	2181
187	2203
187	2518
187	2960
187	2962
187	2964
187	2965
187	2967
187	2968
187	2969
187	2972
187	2973
187	2975
187	2976
187	2977
187	2979
187	2980
187	2987
187	2988
187	2989
187	2990
187	2991
187	2992
187	2993
187	2994
187	2995
187	3000
187	3001
187	3003
187	3004
187	3223
187	4091
187	4093
187	4102
187	4116
187	4119
187	4234
187	4241
187	4600
188	187
188	199
188	241
188	363
188	365
188	488
188	551
188	603
188	611
188	675
188	723
188	835
188	940
188	1384
188	1971
188	2747
188	2951
188	3175
188	3260
188	3344
188	3946
188	4071
188	4257
188	4306
190	4649
190	4673
192	191
192	195
192	398
192	410
192	420
192	1222
192	1230
192	1204
192	1533
193	194
199	202
201	200
206	205
206	244
206	1605
207	206
207	2005
217	216
217	2587
217	3552
223	230
223	231
224	223
224	498
224	501
224	511
226	225
226	1714
226	2003
226	2020
226	2032
226	2034
226	2035
227	226
229	228
235	234
235	350
235	881
235	929
235	1558
235	1559
235	1613
235	1621
235	1683
235	1684
235	1691
235	1700
235	1701
235	1740
235	1991
235	2019
235	2024
235	2029
235	2034
235	3137
235	4107
235	4114
235	4563
235	4570
235	4573
235	4575
235	4588
236	235
236	242
236	337
236	356
236	929
236	1546
236	1547
236	1602
236	1613
236	1639
236	1671
236	1673
236	1683
236	1694
236	1703
236	1701
236	1983
236	1982
236	1991
236	2024
236	2029
236	2034
236	2188
236	2780
236	3137
236	3140
236	4107
236	4113
236	4114
236	4563
236	4570
236	4573
236	4575
236	4588
236	4593
237	236
237	1670
237	1682
237	1684
237	2029
237	2034
238	237
238	831
240	239
240	1881
240	1977
240	1983
240	2036
240	2247
240	2546
240	3538
240	3555
240	3925
240	4078
240	4097
240	4098
240	4348
243	242
243	244
243	4506
243	4509
242	4509
244	4505
245	244
245	460
245	579
245	1518
245	1525
245	1975
245	3748
245	3758
245	3766
245	3952
247	246
247	251
247	249
247	1775
247	1793
248	249
250	249
250	1789
251	249
252	251
252	261
253	252
253	883
253	3206
253	3214
253	3216
253	3820
253	4204
253	4473
254	253
254	659
254	686
254	694
254	702
254	707
254	731
254	751
254	756
254	882
254	938
254	3153
254	3160
254	3217
254	4155
254	4191
254	4195
254	4199
254	4205
254	4207
254	4210
254	4243
254	4264
254	4272
254	4275
254	4282
254	4285
254	4292
254	4312
254	4385
254	4408
254	4411
254	4421
254	4422
254	4423
254	4441
254	4447
254	4446
254	4448
254	4474
255	252
255	1790
255	1837
255	1839
255	3176
255	3177
255	3217
255	4205
257	256
257	259
257	1831
257	1846
257	1850
258	259
260	259
260	1843
261	259
263	262
265	264
265	2057
265	2058
265	2059
265	2060
265	2061
265	2062
265	2063
265	2064
265	2065
265	2066
265	2067
265	2068
265	2069
265	2070
265	2071
265	2072
265	2073
265	2074
265	2075
265	2076
265	2077
265	2078
265	2079
265	2080
265	2081
265	2082
265	2083
265	2084
265	2085
265	2086
265	2087
265	2088
265	2089
265	2090
265	2091
265	2092
265	2093
265	2094
265	2095
265	2096
265	2097
265	2098
265	2099
265	2100
265	2101
265	2102
266	265
266	2125
268	267
268	269
268	270
268	272
268	273
268	274
268	275
268	276
267	271
269	271
270	271
272	271
271	311
273	271
274	271
274	311
275	274
275	271
276	271
277	281
277	282
277	284
277	286
277	287
278	277
278	1464
278	2710
278	3018
280	279
280	281
280	290
280	3100
280	3777
280	3936
280	3990
280	4017
280	4020
283	282
283	2744
283	2743
283	3010
283	3098
283	3101
283	3100
283	3103
283	3105
283	3461
283	3931
285	284
288	287
288	3034
288	3843
288	3847
288	3848
288	3976
289	310
291	290
291	1716
291	2133
291	2174
291	4515
293	292
293	294
293	296
295	294
295	295
295	2433
295	2452
295	2631
295	2643
295	3086
296	310
297	300
297	304
297	306
297	309
297	311
298	297
299	297
301	300
301	304
301	306
301	309
302	300
302	304
302	306
302	309
302	311
303	300
303	304
303	306
303	309
305	304
307	306
307	309
313	312
313	315
313	320
313	322
313	321
313	327
313	330
313	331
313	332
313	333
313	334
313	335
313	352
313	1741
313	1769
313	1770
313	1810
313	1823
313	2607
313	2608
313	2610
313	2611
313	2612
313	2911
313	2913
313	2915
313	3138
313	3139
313	3142
313	4131
313	4237
312	315
312	320
312	322
312	323
312	324
312	326
312	328
312	331
312	332
312	333
312	334
312	1741
312	1769
312	1770
312	1771
312	1808
312	1809
312	1810
312	1811
312	1813
312	1815
312	1816
312	1817
312	1818
312	1821
312	1822
312	1823
312	1824
312	1826
312	2607
312	2608
312	2610
312	2611
312	2612
312	2911
312	2913
312	2915
312	3138
312	3139
312	3140
312	3141
312	3142
312	4131
312	4236
312	4237
315	314
315	316
315	352
316	314
319	318
322	321
322	325
322	327
322	329
322	335
322	1739
325	330
337	336
337	338
337	339
337	340
337	341
337	342
337	343
337	344
337	345
337	346
337	347
337	348
337	349
337	351
337	2605
337	2606
337	2609
337	2613
337	3136
354	354
356	356
358	358
360	360
361	360
361	1878
361	2348
361	2430
361	2432
361	4126
361	4182
361	4184
361	4207
361	4401
361	4403
361	4447
361	4514
362	360
362	376
362	375
362	380
362	438
362	439
362	440
362	444
362	446
362	447
362	449
362	451
362	452
362	453
362	455
362	567
362	795
362	798
362	800
362	816
362	817
362	2032
362	2118
362	2219
362	2220
362	3292
362	3298
362	3302
362	3305
362	3321
362	3327
362	3337
362	3338
362	3339
362	3384
362	4185
362	4218
362	4320
362	4327
362	4328
362	4397
362	4455
362	4514
364	363
364	365
366	365
366	380
366	383
366	569
366	707
366	938
366	2561
366	3243
366	4125
368	367
368	370
368	3721
370	369
370	378
370	383
371	369
371	378
371	383
372	369
372	419
372	420
372	953
372	2511
372	2520
372	4407
372	4604
373	369
373	2444
373	2446
374	369
374	378
374	383
376	375
375	3298
377	376
377	380
377	431
377	436
377	443
377	445
377	451
377	454
377	587
377	1129
377	1132
377	1124
377	1347
377	1461
377	1467
377	1150
377	4157
377	4166
377	4378
377	2010
377	4520
378	375
378	381
379	378
379	383
381	380
382	380
382	4506
384	383
384	642
384	1661
384	2147
384	3445
384	4137
383	3322
385	383
386	383
386	3323
388	387
388	389
388	390
391	390
392	392
393	394
393	2305
393	4425
396	395
396	410
396	425
396	1211
396	1209
396	1229
396	2335
396	2337
396	2425
396	3251
395	410
395	425
397	396
397	1463
397	1862
397	1871
397	1872
397	1874
397	1873
397	1870
397	2511
397	2520
399	398
399	410
399	422
399	460
399	552
399	1386
399	1387
399	1388
399	1389
399	1390
399	1391
399	1392
399	1514
399	1518
399	2006
399	2310
399	2317
399	2342
399	2531
399	3748
399	3749
399	3753
399	3758
399	3761
399	3766
399	3949
399	3952
399	4095
399	4349
401	400
401	406
402	401
402	400
402	415
402	416
402	422
402	456
402	1386
402	1387
402	1388
402	1389
402	1390
402	1391
402	1392
402	1482
402	1514
402	2006
402	2301
402	2588
402	2597
402	3749
402	3753
402	3761
402	3949
403	401
403	407
403	415
403	416
405	404
408	407
410	409
410	410
410	468
410	477
410	482
410	2332
410	2364
410	2370
410	2372
410	2427
410	2519
410	2555
410	2559
410	2561
410	2574
410	2664
410	2684
410	2701
410	2910
410	2945
410	2946
410	3818
410	3848
410	3931
410	3934
410	3937
410	3969
410	3974
410	3976
410	3985
411	409
413	412
413	421
413	1147
413	1160
413	1393
413	1482
413	2301
413	2350
413	2521
413	2538
413	2588
413	2597
413	3263
413	4561
412	415
412	416
414	412
414	421
414	543
414	692
414	732
414	788
414	994
414	1008
414	2107
414	2122
414	2155
414	2158
414	2168
414	2473
414	4217
414	4343
414	4407
414	4449
418	417
418	4527
422	475
422	2531
423	2789
423	2934
425	424
427	426
428	426
428	1436
428	2531
428	2717
428	3411
430	429
430	2910
430	4705
432	431
432	433
432	435
432	1601
432	1604
432	1621
432	1622
432	1643
432	1683
432	1684
432	1708
432	1709
432	1733
432	1734
432	1735
432	1738
432	1747
432	1748
432	3842
432	4521
432	4698
432	4700
434	433
434	972
434	2021
434	2430
434	2726
434	4061
434	4173
434	4184
434	4392
434	4403
437	436
437	1150
437	4476
445	444
445	748
445	2409
445	2521
445	3249
445	4288
445	4483
451	469
451	799
451	1459
451	1468
451	2282
451	2350
451	3919
451	4326
457	456
456	460
456	462
459	458
459	468
459	474
459	479
459	480
459	3742
458	462
461	460
461	462
460	462
463	462
463	463
463	464
465	464
465	1373
465	1515
465	3268
465	3751
465	3754
465	3762
465	3950
465	4508
467	466
467	1517
467	3752
467	3760
467	3768
467	3957
469	474
470	469
470	470
470	475
470	2282
470	2350
470	2531
471	470
472	470
473	469
473	475
473	2282
473	2407
473	2529
473	2531
475	2350
476	475
478	477
481	480
481	483
481	486
481	487
481	492
484	483
486	485
486	489
486	490
486	494
488	493
489	489
491	490
491	3435
491	4201
491	4444
497	496
497	498
497	501
497	511
497	512
499	498
499	1989
500	498
500	1989
502	501
502	504
502	512
502	829
502	2234
502	2246
502	2253
502	2401
502	2412
502	2413
502	3637
502	4156
502	4204
502	4223
502	4428
505	504
506	504
506	2726
506	3148
507	504
507	508
507	510
509	508
509	510
514	513
514	3156
516	515
518	517
518	520
518	521
518	522
518	523
518	525
518	526
518	527
518	528
518	534
519	518
519	529
524	523
524	525
524	4357
531	530
532	530
533	3164
533	3173
535	535
535	538
535	3377
536	535
537	535
538	3377
539	538
540	538
546	545
546	3559
546	4134
546	4349
547	548
548	548
548	549
551	555
554	553
554	4170
558	557
558	798
558	3261
558	3304
558	4076
558	4320
559	558
560	558
562	561
562	564
563	561
565	564
566	600
566	2426
566	4405
566	4625
568	567
570	569
570	707
570	938
570	1024
570	1410
570	4232
570	4466
570	4536
575	574
576	575
576	577
576	578
576	579
576	580
576	582
576	583
576	584
576	2304
576	2305
576	2332
576	2335
576	2337
576	2909
576	3251
576	4451
576	368
581	580
588	587
587	2404
589	587
591	590
592	591
592	595
594	593
594	596
599	598
599	4156
599	4428
601	602
605	604
605	642
605	3357
605	3364
605	3365
605	3386
605	3436
608	607
607	2535
610	609
610	994
610	1008
611	612
615	614
615	617
615	618
615	620
615	1044
615	2183
615	4096
616	615
616	614
616	617
616	618
616	1078
616	2341
616	3731
616	4437
620	619
620	620
620	624
620	625
620	632
620	634
620	637
620	645
620	647
620	3715
619	628
619	629
619	630
619	631
619	633
619	635
619	636
619	638
619	639
619	640
619	641
621	620
622	620
623	620
623	837
623	1044
623	1601
623	1604
623	1812
623	1814
623	2893
623	3901
624	626
628	627
642	648
642	650
645	644
645	646
649	648
649	4322
654	653
654	1624
654	1623
654	1626
654	1983
654	2008
654	2134
654	2187
654	2185
653	653
656	655
657	656
657	684
657	709
657	722
657	811
659	658
659	663
659	667
659	668
659	671
659	803
658	665
661	660
663	662
667	666
667	669
667	670
673	672
673	674
673	696
673	703
673	751
673	756
673	825
673	4254
673	4256
673	4265
673	4276
673	4282
673	4288
673	4290
673	4349
673	4474
672	713
672	814
674	676
674	680
676	814
677	676
677	4258
677	4329
679	678
679	721
679	816
679	4515
680	678
680	682
680	717
680	814
680	820
681	680
681	717
681	805
681	819
681	4196
681	4212
683	682
683	806
683	817
686	685
686	688
686	690
686	691
686	692
686	824
686	4187
686	4188
687	685
689	688
694	693
694	696
694	700
693	697
693	698
695	693
695	701
695	4272
699	698
699	4267
702	701
702	703
702	751
702	826
706	705
706	4141
706	4208
706	4639
707	706
711	710
712	710
714	713
714	815
713	717
716	715
716	719
717	720
719	718
719	807
719	810
718	800
720	721
720	799
720	800
720	820
726	725
726	728
726	4142
727	726
730	729
731	730
731	733
731	736
731	4186
735	734
736	735
736	806
736	4196
738	737
740	739
740	838
745	744
745	4232
747	746
747	4127
749	748
752	764
754	772
754	775
756	758
758	757
758	808
758	822
762	761
762	4205
763	762
763	4206
764	761
764	778
764	4141
765	764
766	764
766	4129
766	4476
767	764
767	2985
767	4230
767	4462
767	4476
768	764
768	787
768	874
768	904
768	905
768	912
768	911
768	1006
768	2259
768	2260
768	2539
768	3148
768	3786
768	4218
768	4455
768	4476
769	764
769	786
770	761
770	772
770	775
770	882
770	1409
770	1875
770	3210
770	3209
770	3217
770	3237
770	3736
770	4129
772	771
772	790
772	806
772	824
772	826
773	772
773	775
773	776
773	791
773	792
775	774
778	777
778	4136
779	778
780	778
780	949
780	4471
781	778
781	4471
782	778
782	826
782	2893
782	3172
782	4476
783	778
783	787
783	788
785	784
793	792
795	794
795	4308
804	806
807	806
807	818
807	820
808	806
809	806
810	806
813	812
813	818
813	819
815	814
815	820
819	818
830	829
830	833
830	834
829	1606
832	831
831	1546
831	2007
836	832
837	1718
838	838
838	891
839	838
839	2134
841	840
843	842
842	844
842	845
847	846
849	847
854	853
854	865
857	856
858	857
858	910
859	856
860	856
863	862
863	864
863	922
863	1902
863	1913
863	1917
865	865
866	865
866	939
867	865
867	933
868	865
870	869
871	870
871	881
871	890
872	871
872	878
872	885
872	887
872	889
873	872
873	891
873	942
874	873
874	880
874	959
874	1014
875	874
875	884
875	886
875	893
875	895
875	898
875	899
875	946
875	965
875	1010
877	876
879	878
880	895
882	881
882	935
882	4359
883	882
883	3217
901	900
901	902
901	2340
901	2348
901	2426
901	2440
901	2445
901	2447
903	915
906	905
905	918
905	949
907	905
907	908
907	915
908	905
908	949
909	908
910	910
911	949
912	911
912	949
913	912
914	912
915	949
916	915
917	916
917	4681
920	919
921	919
921	928
921	2588
921	2597
921	4229
923	926
925	924
925	926
925	927
925	933
931	930
932	939
934	933
936	935
936	937
936	4236
936	4278
936	4452
936	4650
936	4654
937	936
938	936
939	1016
939	1023
942	941
942	948
942	984
941	969
945	944
945	947
948	947
948	962
950	949
950	1004
951	949
952	951
958	957
958	978
958	980
957	961
959	958
959	972
959	980
959	989
961	960
964	963
964	965
964	967
966	965
969	971
971	970
972	974
972	987
974	973
974	975
978	977
980	979
980	981
980	982
984	983
984	985
984	986
991	990
993	992
993	1007
1005	1004
1010	1009
1010	1011
1010	1012
1010	1013
1019	1018
1019	1022
1022	1021
1024	1023
1024	1478
1024	1800
1024	1851
1024	1852
1024	2949
1024	4233
1024	4504
1027	1026
1027	1065
1027	1488
1027	1744
1027	2177
1027	2749
1027	3160
1027	3727
1027	3728
1027	3729
1027	3730
1027	4066
1026	1033
1026	1035
1026	1040
1028	1027
1028	1076
1029	1027
1029	1045
1029	1065
1029	1085
1029	1655
1029	2180
1029	2188
1029	2194
1029	2223
1029	2996
1029	3222
1030	1027
1030	1076
1030	1080
1030	1657
1031	1030
1031	1656
1031	2012
1031	4062
1032	1027
1032	1038
1032	1487
1035	1034
1035	1036
1035	1037
1035	1043
1034	4073
1037	4079
1040	1039
1040	1041
1039	1605
1042	1041
1042	2754
1042	3725
1042	3734
1042	3735
1042	4215
1043	4103
1045	2224
1047	1046
1047	2013
1046	1081
1048	1049
1048	1050
1048	1051
1048	1052
1053	1054
1053	1056
1053	1057
1053	1058
1054	1055
1054	1048
1059	1060
1059	1061
1059	1062
1059	1053
1062	1063
1062	1064
1067	1066
1068	1067
1068	1069
1068	1071
1069	1067
1069	1069
1073	1072
1072	1072
1074	1072
1074	2957
1074	2958
1074	4519
1076	1075
1076	2170
1076	2997
1076	3726
1076	3737
1076	4552
1075	3724
1079	1078
1080	2748
1083	1082
1083	2226
1083	2756
1083	3162
1083	3736
1083	4445
1084	1083
1084	2226
1084	2755
1084	3730
1084	4216
1087	1086
1087	2985
1091	1090
1091	2056
1096	1095
1096	1106
1098	1097
1098	1101
1098	1102
1098	1104
1099	1100
1099	1103
1106	2126
1106	2728
1108	1484
1108	1511
1108	2133
1108	2150
1108	2206
1108	2219
1108	2220
1108	2433
1108	2453
1108	2959
1108	3077
1108	3093
1108	3326
1110	1109
1110	1112
1110	1116
1110	1119
1110	1120
1110	1121
1110	1165
1110	1166
1110	1167
1110	1168
1110	1169
1111	1110
1111	1114
1111	1177
1111	1178
1114	1113
1114	1115
1114	1117
1114	1118
1123	1122
1123	1133
1123	1141
1123	1143
1123	1144
1124	1123
1124	1126
1126	1125
1126	1138
1126	1139
1126	1140
1126	1142
1126	1145
1128	1127
1129	1128
1129	1135
1131	1130
1132	1131
1132	1137
1135	1134
1137	1136
1146	1129
1146	1132
1146	1158
1146	1124
1146	1164
1147	1129
1147	1160
1147	1148
1148	1129
1148	1124
1148	1172
1148	1176
1149	1129
1149	1132
1149	1124
1149	1276
1149	1349
1149	1350
1150	1129
1150	1124
1151	1129
1151	1124
1151	1751
1152	1129
1152	1124
1152	2893
1152	2984
1153	1129
1153	1124
1154	1132
1154	1482
1154	2270
1154	2282
1154	2303
1154	2418
1154	2430
1154	2595
1155	1132
1156	1132
1157	1132
1158	1161
1158	1162
1158	1163
1159	1158
1160	1124
1160	1170
1173	1148
1174	1173
1174	2292
1175	1148
1175	1433
1175	2350
1178	1179
1178	1180
1178	1181
1183	1182
1183	1185
1183	1186
1183	1189
1183	1190
1183	1191
1184	1183
1184	1188
1184	1238
1184	1194
1188	1187
1193	1192
1193	1195
1193	1198
1193	1199
1193	1201
1194	1193
1194	1197
1194	1237
1194	1239
1194	1240
1194	1241
1194	1242
1197	1196
1197	1200
1203	1202
1203	1218
1204	1203
1204	1206
1204	1231
1204	1232
1206	1205
1206	1216
1206	1217
1206	1219
1208	1207
1209	1208
1209	1215
1209	1227
1209	1228
1211	1210
1212	1211
1212	1222
1212	1209
1212	1229
1212	1230
1212	1204
1212	1233
1213	1211
1213	1209
1213	1229
1213	2317
1213	2318
1213	2335
1213	2337
1213	2425
1213	2561
1213	3251
1215	1214
1221	1220
1222	1221
1222	1224
1222	1225
1222	1226
1224	1223
1230	1235
1230	1236
1234	1233
1244	1243
1244	1245
1244	1246
1243	1248
1243	1253
1243	1254
1245	1247
1245	1252
1246	1249
1246	1250
1246	1251
1246	1255
1257	1256
1257	1258
1257	1259
1256	1261
1256	1266
1256	1267
1258	1262
1258	1263
1258	1264
1258	1268
1259	1260
1259	1265
1273	1272
1273	1290
1273	1327
1273	1329
1273	1331
1273	1334
1273	1335
1273	1338
1275	1274
1275	1282
1275	1283
1275	1284
1275	1285
1276	1275
1276	1278
1276	1291
1276	1292
1278	1277
1278	1286
1278	1287
1278	1288
1280	1279
1280	1281
1289	1276
1289	1293
1289	1302
1289	1314
1289	1315
1289	1320
1289	1321
1289	1323
1289	1325
1289	1326
1289	1328
1289	1330
1289	1333
1289	1336
1289	1337
1293	1294
1293	1295
1293	1297
1293	1299
1297	1296
1297	1300
1299	1298
1299	1301
1302	1303
1302	1304
1302	1306
1302	1311
1306	1305
1306	1307
1306	1308
1306	1309
1311	1310
1311	1312
1311	1313
1314	1316
1314	1318
1315	1317
1315	1319
1323	1322
1323	1324
1340	1339
1341	1339
1342	1339
1344	1343
1346	1345
1348	1347
1348	1349
1348	1350
1348	1351
1347	1356
1347	1357
1347	1363
1351	1350
1352	1351
1352	1358
1352	1364
1352	2520
1352	2524
1353	1352
1353	2494
1354	1352
1354	1358
1354	1364
1354	2466
1354	2469
1354	2473
1354	2478
1354	2483
1354	2482
1354	2486
1354	2494
1354	2505
1354	2510
1355	1352
1355	1358
1355	1364
1355	2461
1355	2466
1355	2469
1355	2473
1355	2478
1355	2483
1355	2482
1355	2486
1355	2493
1355	2494
1355	2501
1355	2505
1355	2510
1358	1357
1358	2520
1359	1358
1359	1364
1359	2461
1359	2466
1359	2469
1359	2473
1359	2478
1359	2482
1359	2483
1359	2486
1359	2493
1359	2501
1359	2505
1359	2510
1360	1358
1361	1360
1361	2484
1361	4682
1361	4683
1361	4684
1361	4685
1361	4686
1361	4687
1361	4688
1361	4689
1361	4690
1361	4691
1361	4692
1361	4695
1361	4696
1362	1360
1362	2484
1362	4682
1362	4683
1362	4684
1362	4685
1362	4686
1362	4687
1362	4688
1362	4689
1362	4690
1362	4691
1362	4692
1362	4693
1362	4695
1362	4696
1364	1363
1364	2520
1367	1366
1367	1909
1367	1983
1367	2320
1367	2412
1366	1373
1366	1396
1368	1367
1369	1366
1369	2104
1369	2132
1369	2135
1369	2131
1369	2155
1369	2163
1369	2220
1370	1386
1370	1388
1370	1389
1370	1390
1370	1391
1370	1392
1371	1370
1371	1373
1371	1387
1372	1371
1372	1386
1372	1387
1372	1388
1372	1389
1372	1390
1372	1391
1372	1392
1373	1371
1375	1381
1377	1376
1377	1377
1377	1378
1379	1382
1379	1403
1381	1380
1382	1381
1384	1383
1386	1385
1388	1387
1395	1394
1398	1397
1398	1399
1399	1400
1399	1401
1399	1402
1405	1404
1407	1406
1410	1409
1410	1417
1410	1428
1410	1433
1409	1413
1409	1471
1409	1472
1409	1473
1411	1410
1411	2755
1411	2756
1412	1410
1412	1433
1412	1456
1414	1413
1414	1417
1414	1428
1414	1473
1416	1415
1416	1474
1417	1416
1417	1430
1419	1418
1419	1439
1419	1475
1420	1419
1422	1421
1422	1455
1423	1422
1423	1424
1425	1424
1425	1433
1425	1456
1425	2926
1426	1424
1426	1427
1426	1441
1428	1430
1428	1431
1428	1438
1429	1428
1429	1431
1429	1438
1429	1878
1429	2539
1429	2588
1429	2597
1429	3258
1429	3263
1429	3831
1429	4598
1432	1431
1432	1471
1433	1432
1433	1438
1433	1456
1433	1472
1434	1433
1434	2926
1435	1432
1435	2843
1436	1432
1436	1470
1437	1432
1437	1470
1441	1440
1441	1443
1441	1444
1441	1445
1441	1452
1441	1453
1443	1442
1443	1446
1443	1447
1443	1448
1443	1449
1443	1450
1443	1451
1455	1454
1455	1457
1455	1459
1454	1460
1456	1455
1456	1460
1456	1462
1457	1464
1457	1466
1458	1457
1458	1466
1458	3919
1458	3920
1459	1468
1459	1469
1462	1461
1462	1467
1461	1464
1461	1469
1463	1462
1463	1862
1463	2914
1463	3263
1463	3377
1465	1464
1465	3919
1467	1466
1467	1468
1481	1480
1481	1788
1481	1829
1481	1835
1481	2406
1481	2723
1481	4026
1481	4121
1481	4124
1481	4228
1481	4461
1485	1484
1485	1496
1485	1498
1485	1505
1488	1489
1488	3721
1491	1490
1491	1494
1491	1495
1490	1494
1490	1495
1492	1490
1492	1507
1492	1508
1492	1510
1493	1492
1493	1496
1493	1513
1497	1496
1497	1498
1497	1497
1497	1506
1499	1497
1499	1509
1499	1512
1499	4512
1499	4518
1499	4520
1499	4522
1500	1499
1500	1689
1500	1697
1500	1706
1500	1717
1500	2016
1500	2219
1500	2220
1500	2004
1500	4520
1500	4709
1501	1500
1501	2150
1501	291
1502	1497
1503	1497
1505	1504
1511	1510
1512	1511
1512	2014
1512	2015
1512	2022
1512	2027
1512	2035
1512	2010
1512	4519
1514	1518
1514	1520
1516	1515
1516	1516
1516	1520
1519	1518
1519	1520
1518	1520
1521	1520
1522	1521
1523	1521
1524	1521
1524	1525
1524	1526
1524	1527
1524	1531
1530	1529
1532	1540
1533	1534
1534	1535
1534	1536
1534	1537
1534	1538
1538	1539
1542	1541
1542	1610
1541	1624
1541	1626
1543	1541
1543	2142
1543	2144
1543	2136
1543	2165
1543	2167
1543	2173
1543	2176
1543	2193
1545	1544
1545	1552
1545	1557
1545	1572
1545	1580
1545	1596
1546	1545
1546	1998
1546	2019
1546	2020
1546	2024
1547	1545
1547	1549
1547	1553
1547	1558
1547	1573
1547	1581
1547	1597
1548	1545
1548	1544
1548	1552
1548	1551
1548	1550
1548	1557
1548	1556
1548	1563
1548	1562
1548	1566
1548	1568
1548	1570
1548	1572
1548	1574
1548	1576
1548	1578
1548	1580
1548	1582
1548	1585
1548	1584
1548	1588
1548	1590
1548	1592
1548	1594
1548	1596
1548	1627
1548	1629
1548	1631
1548	1633
1548	2007
1548	2024
1549	1544
1551	1550
1551	1563
1551	1566
1551	1578
1551	1590
1551	1594
1551	1627
1552	1551
1552	1560
1552	1568
1552	1574
1553	1552
1553	1554
1553	1561
1553	1575
1554	1551
1554	1555
1554	1564
1554	1567
1554	1579
1554	1591
1554	1595
1554	1628
1555	1550
1557	1556
1557	1570
1557	1576
1557	1585
1558	1557
1558	1559
1558	1571
1558	1577
1558	1586
1559	1556
1560	1582
1560	1633
1561	1560
1561	1569
1561	1583
1561	1634
1563	1562
1563	1588
1563	1592
1564	1563
1564	1565
1564	1589
1564	1593
1565	1562
1567	1566
1569	1568
1571	1570
1573	1572
1575	1574
1577	1576
1579	1578
1581	1580
1583	1582
1585	1584
1585	1629
1585	1631
1586	1585
1586	1587
1586	1630
1586	1632
1587	1584
1589	1588
1591	1590
1593	1592
1595	1594
1597	1596
1599	1598
1598	1605
1600	1599
1600	1994
1600	1995
1600	1996
1600	2012
1603	1602
1606	1605
1606	1607
1606	2005
1606	2012
1606	2034
1606	4553
1607	1606
1608	1605
1608	2303
1608	2927
1609	1605
1610	1605
1610	1610
1611	1610
1611	1619
1611	2008
1612	1610
1612	2177
1612	2180
1612	2189
1612	2194
1612	2200
1612	2202
1612	2223
1612	2229
1613	1610
1613	1613
1614	1613
1614	1638
1615	1613
1615	1615
1615	2233
1615	2410
1615	2918
1616	1615
1616	1616
1616	2237
1617	1613
1618	1610
1618	2013
1619	1618
1620	1610
1620	2175
1620	2180
1620	2188
1620	2191
1620	2194
1620	2197
1620	2199
1620	2201
1620	2209
1620	2212
1620	2222
1620	4711
1624	1623
1624	1625
1628	1627
1630	1629
1632	1631
1634	1633
1636	1635
1636	1637
1636	1644
1639	1639
1642	1641
1642	2631
1642	2644
1642	2665
1645	1645
1647	1646
1649	1648
1649	1653
1649	1669
1649	1685
1649	1713
1650	1649
1650	1651
1650	1652
1650	1670
1650	1707
1650	1714
1651	1648
1652	1648
1652	1653
1652	1686
1654	1653
1654	1680
1654	1690
1659	1658
1659	1730
1659	1732
1660	1654
1662	1661
1662	1828
1664	1663
1665	1663
1667	1666
1667	1676
1667	1710
1668	1667
1668	1690
1668	1692
1668	1701
1669	1668
1669	1680
1670	1669
1670	1671
1670	1681
1671	1668
1671	1672
1671	1691
1671	1693
1671	1702
1672	1667
1672	1674
1672	1677
1672	1711
1673	1672
1673	1675
1673	1678
1673	1712
1673	1998
1674	1666
1675	1674
1675	1997
1677	1676
1678	1677
1678	2001
1681	1680
1682	1681
1682	2007
1686	1685
1686	1687
1688	1687
1688	1695
1688	1698
1688	1699
1688	1700
1688	1704
1688	1715
1688	2341
1688	3379
1689	1687
1689	2003
1689	2014
1689	2032
1691	1690
1693	1692
1694	1693
1694	2020
1697	1696
1697	2022
1702	1701
1703	1702
1703	1701
1703	1736
1703	2023
1703	2024
1706	1705
1706	2027
1708	1707
1708	2029
1711	1710
1712	1711
1712	2030
1712	2032
1714	1713
1717	1716
1717	2009
1717	2011
1717	2035
1720	1719
1721	1720
1721	3061
1722	1721
1722	2625
1722	3052
1722	3053
1722	3054
1723	1722
1723	1751
1723	1865
1723	3082
1723	3371
1723	3890
1723	3899
1725	1724
1725	3477
1725	3478
1725	3480
1725	3495
1725	3517
1725	3525
1725	3530
1725	3538
1725	3540
1726	1725
1726	3452
1726	3456
1726	3457
1726	3458
1726	3459
1727	1726
1727	3388
1727	3448
1727	3449
1727	3462
1728	1727
1728	1865
1728	2645
1728	2718
1728	2738
1728	2743
1728	3042
1728	3452
1728	3458
1728	3462
1728	3478
1728	3481
1728	3711
1728	3714
1728	4003
1728	4004
1728	4008
1729	1726
1730	1730
1731	1730
1737	1736
1737	1983
1737	2358
1737	3911
1737	4510
1740	1739
1740	1741
1743	1742
1743	1746
1744	1743
1745	1744
1745	1749
1745	1761
1745	1765
1745	1768
1750	1749
1750	1757
1750	2939
1750	3274
1750	3292
1750	3294
1750	3302
1750	3305
1750	3307
1750	3317
1750	3324
1750	3325
1750	4397
1751	1750
1751	2350
1751	3276
1751	3279
1751	3282
1751	3904
1751	3924
1752	1751
1752	1757
1752	1756
1752	1758
1752	3274
1752	3276
1752	3279
1752	3287
1752	3292
1752	3294
1752	3310
1752	3320
1752	3322
1752	3324
1752	3327
1752	3337
1752	3338
1752	3372
1752	3377
1753	1749
1753	3325
1753	4514
1754	1749
1754	1758
1754	1759
1754	3057
1754	3085
1754	3287
1754	4025
1756	1755
1756	2642
1756	3308
1756	3313
1756	3326
1756	3340
1756	3341
1756	3342
1756	3343
1756	3891
1756	3900
1757	1756
1757	1758
1757	3285
1757	3287
1757	3291
1757	3297
1757	3298
1757	3309
1757	3310
1757	3319
1762	1761
1764	1763
1764	1767
1774	1773
1774	1782
1774	1783
1774	1784
1775	1774
1775	1777
1775	1780
1777	1776
1777	1781
1779	1778
1780	1779
1790	1789
1792	1791
1792	1844
1792	1858
1794	1793
1795	1793
1795	1846
1796	1793
1796	1802
1796	1804
1796	1805
1796	1843
1798	1797
1799	1797
1801	1800
1803	1802
1803	1807
1803	2017
1806	1805
1828	1827
1832	1831
1837	1836
1838	1837
1839	1836
1839	1840
1842	1841
1842	3440
1848	1847
1857	1856
1857	3239
1857	4118
1860	1859
1860	3232
1861	1860
1861	2354
1861	3377
1861	3384
1863	1862
1863	3385
1864	1862
1869	1868
1870	1869
1870	1875
1870	1877
1870	1880
1871	1870
1872	1870
1873	1870
1874	1873
1876	1875
1879	1878
1879	3258
1879	3263
1882	1881
1882	1884
1882	1883
1882	1907
1882	1909
1882	1910
1882	1920
1882	1923
1882	1924
1882	1927
1882	1973
1882	1977
1882	1978
1881	1883
1881	1923
1881	1924
1884	1883
1884	1903
1885	1884
1885	1907
1885	1909
1885	1927
1886	1885
1886	1892
1886	1896
1886	1926
1886	1945
1886	1963
1887	1886
1887	1891
1887	1927
1888	1883
1889	1883
1891	1890
1891	1895
1891	1900
1891	1920
1892	1890
1892	1900
1894	1893
1894	1909
1894	1980
1896	1895
1896	1920
1897	1896
1898	1972
1898	2300
1899	1898
1905	1904
1904	1909
1906	1904
1906	1917
1907	1927
1909	1908
1909	1917
1910	1909
1911	1909
1911	1927
1911	1928
1911	1964
1911	1965
1912	1909
1912	1913
1912	1972
1912	1974
1912	1975
1912	1976
1912	1977
1912	2300
1912	4710
1913	1909
1914	1913
1914	4710
1915	1913
1915	1972
1915	2300
1915	4710
1916	1908
1917	1970
1918	1917
1918	3927
1920	1919
1920	1963
1922	1921
1926	1925
1926	1945
1926	1960
1925	1962
1925	1965
1927	1926
1927	1930
1927	1949
1927	1961
1927	1963
1928	1926
1928	1963
1929	1925
1929	1977
1929	3927
1930	1948
1930	1950
1931	1932
1931	1938
1931	1939
1932	1933
1932	1934
1932	1935
1932	1936
1932	1937
1940	1932
1940	1941
1940	1942
1940	1943
1940	1939
1944	1932
1945	1947
1946	1945
1946	1964
1951	1952
1952	1953
1953	1954
1953	1955
1953	1956
1953	1957
1958	1952
1960	1959
1964	1963
1967	1966
1967	1970
1966	1977
1966	2301
1969	1968
1970	1969
1972	1973
1979	1978
1983	1982
1983	1988
1984	1983
1985	1983
1986	1983
1987	1983
1990	1989
1992	1991
1993	1991
1993	2923
1993	3913
1998	1997
1998	2001
1998	2030
1999	1998
2000	1998
2000	2002
2000	2030
2000	2031
2004	2003
2004	2023
2004	2032
2004	2219
2004	2220
2004	4514
2004	4515
2006	2017
2010	2009
2010	2011
2016	2015
2029	2028
2033	2034
2047	2046
2047	2055
2047	2056
2049	2048
2051	2050
2051	2052
2098	2103
2105	2104
2105	2108
2105	2109
2105	2146
2105	2162
2105	2164
2104	2116
2107	2168
2110	2109
2110	2116
2110	2132
2110	2164
2109	2185
2111	2109
2111	2134
2111	2150
2111	2185
2111	2193
2112	2111
2112	2117
2113	2111
2113	2117
2113	2177
2113	2180
2113	2188
2113	2206
2114	2109
2114	2116
2114	2122
2114	2141
2114	2155
2114	2162
2114	2164
2114	2166
2114	2206
2115	2114
2115	2125
2115	2127
2117	2116
2117	2144
2117	2165
2117	2164
2117	2176
2119	2118
2119	2124
2119	2133
2120	2119
2120	2120
2120	2121
2120	2132
2121	2119
2121	2132
2121	2140
2122	2121
2122	2122
2122	2147
2124	2123
2124	2174
2123	2150
2125	2124
2126	2124
2126	2123
2126	2156
2127	2124
2127	2133
2127	2132
2127	2131
2127	2140
2127	2151
2128	2123
2128	2131
2129	2123
2129	2130
2130	2123
2130	2131
2130	2132
2130	2150
2131	2123
2132	2131
2132	2146
2132	2150
2133	2132
2134	2132
2134	2185
2134	2193
2135	2134
2135	2192
2135	2194
2136	2135
2137	2135
2137	2142
2137	2144
2137	2165
2137	2186
2137	2192
2137	2220
2138	2134
2139	2131
2143	2143
2145	2144
2145	2165
2145	2176
2149	2148
2149	2228
2153	2152
2153	2154
2153	2157
2153	2213
2159	2158
2159	2168
2160	2159
2160	2161
2161	2158
2161	2168
2161	2169
2163	2165
2164	2163
2164	2169
2165	2164
2168	2168
2173	2185
2173	2193
2177	2176
2177	2193
2177	2221
2176	2185
2176	2214
2178	2177
2178	2176
2178	2193
2179	2178
2179	2185
2179	2186
2179	2187
2179	2193
2179	2221
2179	2223
2179	2227
2182	2182
2182	2195
2182	2196
2185	2198
2185	2211
2186	2185
2186	2221
2187	2186
2187	2223
2189	2188
2188	2192
2188	2198
2188	2210
2190	2192
2191	2191
2192	2200
2192	2202
2192	2208
2192	2213
2205	2204
2207	2206
2216	2215
2216	2217
2216	2218
2218	2219
2218	2220
2224	2225
2229	2229
2231	2230
2233	2233
2234	2233
2235	2233
2235	2235
2235	2588
2235	2597
2236	2235
2236	2237
2236	2379
2239	2238
2239	4532
2239	4533
2239	4534
2239	4535
2240	2238
2240	2380
2240	2382
2240	2384
2240	2386
2240	2387
2241	2557
2241	2558
2245	2244
2245	2246
2245	2247
2245	2248
2245	2251
2245	2390
2247	2300
2250	2249
2253	2252
2254	2253
2254	2258
2254	2259
2254	2260
2254	2271
2254	2275
2255	2253
2256	2253
2256	3451
2257	2252
2261	2263
2261	2269
2262	2261
2262	2268
2262	2289
2262	1150
2262	2317
2262	2320
2262	2331
2262	2336
2262	2405
2262	2418
2262	2419
2262	2420
2262	2423
2262	2431
2262	2439
2262	2515
2262	2514
2262	2520
2262	2522
2262	2559
2262	2561
2262	2574
2262	3251
2262	4086
2262	4088
2264	2265
2266	2267
2272	2271
2272	2275
2272	2276
2272	2278
2272	2321
2272	2329
2274	2273
2274	2277
2274	2330
2278	2354
2278	2358
2278	2402
2278	2588
2278	3927
2278	3963
2279	2272
2279	2417
2280	2272
2280	2417
2282	2281
2282	3250
2281	2285
2281	2287
2281	2289
2283	2281
2285	2284
2285	2286
2289	2288
2289	2290
2292	2291
2292	2294
2292	2295
2293	1150
2306	2305
2309	2308
2311	2310
2311	2319
2311	2322
2310	2313
2310	2314
2312	2310
2312	2316
2312	2553
2312	2554
2314	2315
2316	2319
2318	2319
2319	2320
2320	2322
2320	2574
2321	2320
2321	2321
2321	2331
2321	2335
2321	2337
2321	2364
2321	2372
2321	2547
2321	2574
2324	2323
2323	2325
2323	2326
2323	2327
2323	2328
2332	3807
2333	2332
2333	3818
2333	3913
2333	3923
2333	3931
2333	3934
2333	3969
2333	3974
2333	3985
2334	2333
2334	4078
2334	4089
2336	2335
2336	2337
2339	2338
2339	2340
2339	4604
2338	2340
2341	2341
2343	2342
2343	2344
2345	2344
2345	4098
2346	2344
2348	2347
2348	2349
2355	2354
2360	2359
2360	2362
2360	2363
2360	2376
2361	2359
2361	2362
2361	2363
2361	2375
2365	2364
2365	2372
2365	3913
2365	3914
2367	2366
2367	2369
2367	2373
2367	2378
2368	2366
2368	2369
2368	2373
2368	2377
2371	2370
2371	2372
2381	2380
2384	2383
2384	2385
2388	2387
2388	4693
2389	2387
2389	4535
2392	2391
2392	2395
2392	2397
2392	2398
2392	2399
2402	2401
2403	2402
2403	2418
2403	2588
2403	2597
2405	2404
2405	2419
2405	2421
2407	2408
2409	2408
2409	2514
2423	2422
2425	2424
2429	2428
2429	2525
2429	2550
2429	2551
2429	2578
2434	2433
2434	2439
2436	2265
2437	2438
2439	2514
2441	2440
2448	2449
2450	2449
2455	2454
2455	2458
2455	2462
2455	2464
2455	2471
2455	2474
2455	2476
2455	2480
2455	2488
2455	2490
2455	2495
2455	2497
2455	2506
2455	2508
2457	2456
2457	2463
2457	2467
2457	2470
2457	2475
2457	2479
2457	2489
2457	2496
2457	2499
2457	2503
2457	2507
2460	2459
2460	2465
2460	2468
2460	2472
2460	2477
2460	2481
2460	2485
2460	2487
2460	2491
2460	2492
2460	2498
2460	2500
2460	2504
2460	2509
2461	2524
2469	2511
2469	2521
2483	2482
2484	2482
2494	2514
2494	2520
2501	2524
2502	2501
2512	2511
2512	2514
2512	2520
2512	2521
2515	2514
2516	2515
2516	2519
2518	2517
2518	2582
2518	2583
2523	2522
2523	3441
2526	2525
2526	4174
2529	2528
2532	2531
2532	2533
2536	2535
2536	2537
2536	2542
2536	2543
2536	2544
2540	2539
2540	2545
2540	2536
2541	2539
2548	2547
2550	2549
2550	2553
2550	2562
2552	2551
2552	2599
2561	2560
2561	2568
2562	2563
2562	2564
2562	2565
2569	2570
2569	2571
2569	2572
2574	2575
2574	2577
2575	2576
2586	2585
2589	2588
2589	2597
2590	2588
2590	2597
2607	2612
2608	2607
2615	2614
2615	2634
2615	2648
2616	2614
2616	2624
2616	2634
2616	2635
2616	2640
2616	2642
2616	2648
2616	2735
2617	2616
2618	2617
2618	2735
2618	2749
2618	2778
2618	2829
2618	2893
2618	2941
2618	4614
2619	2614
2619	2620
2619	2621
2623	2622
2623	2808
2623	2811
2623	2890
2622	2622
2625	2624
2624	2642
2626	2624
2626	2655
2626	2693
2626	2695
2626	2801
2626	2867
2627	2626
2627	2651
2627	2652
2628	2624
2628	2801
2630	2629
2630	2643
2631	2629
2633	2632
2633	2784
2633	2806
2633	2892
2633	2941
2632	2634
2634	2896
2635	2634
2635	2777
2635	2827
2639	2638
2639	2945
2639	2946
2639	3014
2639	3050
2639	3107
2639	3108
2639	3117
2639	3119
2639	3120
2639	3132
2639	3133
2641	2640
2640	2774
2640	2825
2645	2809
2645	2810
2650	2649
2650	2658
2650	2659
2650	2660
2650	2667
2650	2672
2650	2676
2649	2677
2649	2726
2651	2650
2651	2655
2652	2650
2652	2659
2652	2660
2652	2667
2652	2676
2653	2649
2653	2706
2653	2708
2653	2941
2654	2653
2655	2654
2655	2693
2655	2695
2656	2653
2656	2706
2657	2656
2657	2694
2657	2697
2657	2708
2657	2725
2657	2729
2657	2730
2659	2670
2659	2671
2660	2668
2660	2669
2660	2673
2660	2675
2662	2661
2663	2662
2663	2664
2663	2666
2665	2694
2665	2707
2665	2708
2667	2674
2679	2678
2679	2681
2679	2682
2679	2683
2679	2686
2680	2679
2680	2778
2680	2829
2685	2684
2685	2701
2685	2702
2685	2703
2685	2704
2685	2710
2684	2687
2684	2688
2684	2689
2684	2690
2684	2691
2693	2692
2693	2698
2693	2705
2693	2706
2693	2707
2693	2708
2693	2709
2694	2692
2694	2699
2694	2700
2695	2694
2695	2713
2696	2694
2697	2692
2702	2714
2711	2710
2711	2712
2717	2801
2719	2718
2719	2743
2718	2808
2718	2809
2718	2810
2718	2811
2720	2719
2720	2745
2720	2746
2722	2721
2722	2755
2727	2726
2727	2730
2728	2726
2728	2728
2728	2732
2728	3042
2728	3095
2728	3242
2728	3272
2728	3284
2728	3302
2728	3308
2728	3449
2728	3448
2728	4003
2728	4004
2733	2732
2737	2736
2737	2739
2737	2743
2736	2738
2736	2740
2736	2741
2736	2742
2744	2743
2744	3969
2745	2743
2746	2743
2749	2750
2750	2749
2751	2750
2751	3148
2751	3211
2751	4205
2751	4408
2752	2751
2752	3204
2752	3212
2752	3215
2752	3218
2753	2752
2753	3213
2755	2754
2755	2762
2755	4614
2758	2757
2758	2774
2758	2775
2758	2777
2758	2800
2758	2802
2758	2804
2760	2759
2760	2764
2760	2765
2760	2766
2760	2767
2760	2769
2760	2770
2760	2771
2760	2773
2761	2760
2761	2813
2762	2761
2762	2778
2762	2780
2762	2781
2762	2806
2762	2829
2762	2893
2763	2761
2763	2778
2763	2829
2768	2767
2768	2785
2768	2817
2768	2818
2772	2771
2772	2785
2772	2821
2776	2775
2776	2778
2776	2823
2776	2829
2776	2865
2778	2791
2778	2792
2778	2793
2778	2794
2778	2795
2778	2796
2778	2797
2778	2798
2778	2799
2779	2778
2779	2829
2779	2894
2779	2940
2780	2778
2780	2829
2781	2780
2782	2778
2782	2802
2782	2829
2782	2901
2783	2778
2783	2803
2783	2829
2783	2867
2784	2783
2784	2829
2785	2778
2785	2829
2785	4614
2786	2785
2787	2786
2787	2790
2788	2785
2788	2923
2789	2785
2790	2785
2790	4627
2801	2800
2801	2899
2805	2804
2805	2854
2805	2889
2806	2805
2806	2843
2807	2806
2807	2893
2807	2940
2813	2812
2813	2815
2813	2816
2813	2817
2813	2818
2813	2819
2813	2820
2813	2821
2813	2822
2813	2856
2812	2855
2814	2813
2816	2857
2817	2858
2818	2859
2819	2860
2820	2861
2821	2862
2822	2863
2825	2824
2825	2866
2827	2826
2827	2867
2829	2828
2829	2835
2829	2868
2829	2935
2828	2831
2828	2832
2828	2833
2828	2836
2828	2837
2828	2838
2828	2839
2828	2840
2830	2829
2830	2841
2830	2867
2830	2878
2835	2834
2835	2872
2843	2842
2843	2879
2842	2845
2842	2846
2842	2847
2842	2848
2842	2849
2842	2850
2842	2851
2842	2852
2842	2853
2844	2843
2868	2869
2868	2870
2868	2871
2868	2873
2868	2874
2868	2875
2868	2876
2868	2877
2879	2880
2879	2881
2879	2882
2879	2883
2879	2884
2879	2885
2879	2886
2879	2887
2879	2888
2894	2893
2895	2893
2899	2898
2901	2900
2905	2904
2905	3823
2905	4140
2905	4362
2906	2905
2907	2906
2908	2905
2908	3823
2909	2905
2909	3743
2909	3823
2909	3834
2909	3835
2909	3837
2920	2919
2920	2921
2920	2922
2920	2929
2924	2923
2926	2939
2930	2931
2933	2934
2936	2937
2937	2938
2943	2942
2944	2942
2952	2954
2952	2955
2952	2957
2953	2952
2953	2956
2953	2958
2954	2954
2960	2959
2960	2966
2960	2974
2959	2961
2959	2978
2959	2998
2959	3002
2964	2963
2969	2970
2969	2971
2979	2999
2983	2982
2983	3148
2985	2984
3006	3005
3006	3008
3006	3466
3006	3710
3006	3732
3006	3997
3006	3998
3007	3006
3007	3098
3007	3105
3007	3461
3007	3465
3007	3990
3007	4001
3007	4714
3010	3009
3010	3450
3010	3470
3010	3472
3012	3011
3012	3013
3017	3016
3018	3017
3018	3050
3026	3028
3034	3033
3037	3036
3041	3040
3041	3041
3041	3839
3045	3044
3045	3350
3045	3356
3045	3361
3045	4232
3045	4466
3050	3049
3050	3051
3052	3057
3052	3059
3052	3074
3052	3076
3052	3083
3052	3085
3052	3086
3052	3091
3052	3093
3053	3056
3053	3063
3053	3066
3053	3067
3053	3068
3053	3070
3053	3079
3053	3081
3053	3088
3054	3058
3054	3060
3054	3069
3054	3071
3054	3073
3054	3094
3056	3055
3056	3065
3057	3093
3063	3062
3063	3072
3063	3075
3063	3080
3063	3090
3063	3092
3062	3064
3062	3087
3064	3112
3066	3112
3067	3339
3067	3340
3068	3112
3075	3112
3077	3076
3077	3308
3078	3077
3078	3844
3078	3846
3078	3850
3078	3852
3080	3112
3082	3081
3082	3126
3082	3890
3084	3083
3084	3085
3085	3086
3087	3112
3088	3342
3089	3088
3090	3112
3099	3098
3099	3103
3101	3100
3101	3103
3103	3102
3103	3104
3111	3110
3114	3113
3114	3115
3114	3943
3119	3118
3122	3121
3122	3124
3123	3122
3123	3125
3128	3127
3129	3129
3138	4130
3138	4235
3144	3143
3146	3145
3147	3147
3148	3159
3149	3148
3149	3163
3150	3149
3150	3152
3151	3148
3152	3148
3152	3174
3153	3148
3153	3154
3153	3725
3153	4212
3153	4409
3153	4442
3156	3155
3156	3157
3156	3158
3160	3159
3160	4207
3160	4216
3160	4447
3161	3160
3161	3224
3162	3160
3165	3164
3165	3173
3165	3172
3166	3165
3166	3150
3168	3167
3168	3170
3169	3167
3171	3170
3173	3172
3179	3180
3179	3181
3179	3191
3181	3182
3181	3189
3181	3190
3182	3183
3182	3184
3182	3185
3185	3186
3185	3188
3186	3187
3188	3187
3190	549
3192	3193
3192	3183
3194	3195
3194	3182
3196	3197
3196	3198
3196	3182
3196	3187
3199	3200
3199	3183
3199	3191
3199	3201
3199	3202
3202	3203
3204	3205
3208	3207
3208	3205
3208	3211
3209	3205
3210	3209
3210	3217
3214	3221
3219	3220
3225	3224
3226	4013
3229	3228
3229	3230
3229	3937
3229	4000
3239	3238
3241	3240
3241	3242
3241	3247
3241	3252
3241	4171
3241	4390
3240	3255
3246	3245
3248	3247
3248	3904
3248	3924
3248	3927
3249	3250
3252	3253
3252	3254
3259	3258
3259	3263
3259	3831
3262	3261
3264	3263
3270	3269
3270	3271
3270	3272
3274	3273
3274	3306
3274	3327
3274	3337
3274	3338
3273	3295
3276	3275
3276	3277
3276	3278
3276	3280
3276	3281
3276	3283
3276	3375
3276	4176
3276	4395
3285	3284
3285	3286
3285	3303
3289	3288
3289	3291
3289	3299
3289	3312
3291	3290
3291	3300
3291	3314
3294	3293
3294	3339
3297	3296
3297	3315
3301	3300
3305	3304
3305	3322
3305	3323
3305	4178
3305	4398
3311	3310
3311	3890
3311	3899
3317	3316
3317	3318
3321	3320
3327	3334
3327	3335
3327	3336
3328	3327
3329	3327
3330	3327
3330	3330
3351	3352
3356	3355
3356	3358
3356	3363
3357	3355
3357	3363
3360	3359
3360	3361
3360	3362
3367	3366
3367	3368
3370	3369
3371	3372
3374	3374
3376	3377
3379	3378
3379	3380
3379	3381
3379	3732
3379	3822
3379	3996
3379	3999
3387	3386
3387	3398
3387	3399
3387	3405
3387	3406
3387	3411
3387	3414
3387	3418
3387	3424
3387	3425
3387	3428
3387	3429
3386	3392
3388	3386
3388	3398
3388	3399
3388	3400
3388	3401
3388	3414
3388	3418
3388	3424
3388	3425
3388	3428
3388	3429
3388	3433
3388	3434
3388	3435
3388	3436
3388	3437
3388	3439
3388	3440
3388	3441
3388	3442
3388	3443
3388	3445
3388	3446
3388	3451
3388	3565
3388	3582
3388	3622
3389	3388
3389	4200
3389	4443
3391	3390
3392	3391
3392	3393
3396	3403
3415	3416
3415	3417
3419	3420
3419	3421
3438	3437
3438	3447
3449	3448
3452	3451
3452	3476
3452	3482
3452	3483
3452	3484
3452	3485
3452	3486
3452	3487
3452	3488
3452	3489
3452	3490
3452	3499
3452	3500
3452	3501
3452	3502
3452	3504
3452	3506
3452	3510
3452	3519
3452	3520
3452	3521
3452	3522
3452	3533
3452	3536
3452	3537
3452	3541
3452	3543
3452	3550
3452	3551
3451	3513
3451	3545
3451	3546
3451	3547
3451	3548
3451	3549
3451	3598
3451	3607
3454	3453
3454	3460
3453	3455
3453	3463
3453	3467
3453	3468
3453	3469
3456	3464
3456	3524
3456	3542
3456	3553
3456	3554
3457	3475
3457	3479
3457	3491
3457	3492
3457	3497
3457	3498
3457	3505
3457	3507
3457	3508
3457	3509
3457	3511
3457	3512
3457	3514
3457	3527
3457	3528
3457	3529
3457	3531
3457	3532
3457	3534
3457	3535
3457	3539
3457	3544
3458	3481
3459	3493
3459	3515
3464	3518
3468	3558
3472	3471
3474	3473
3478	3494
3496	3495
3496	3561
3496	3579
3496	3621
3496	3678
3496	3714
3500	3503
3504	3552
3517	3516
3517	3523
3525	3678
3526	3525
3526	3555
3526	3556
3545	3624
3557	3556
3559	3559
3559	3560
3561	3560
3561	3568
3561	3577
3561	3581
3561	3583
3561	3585
3561	3597
3561	3603
3561	3625
3561	3627
3561	3631
3561	3636
3561	3637
3561	3673
3561	3675
3561	3684
3561	3685
3561	3690
3561	3696
3561	3697
3561	3699
3561	3716
3561	3717
3563	3562
3564	3562
3566	3565
3568	3567
3568	3578
3568	3580
3568	3586
3568	3587
3568	3588
3568	3589
3568	3590
3568	3591
3568	3592
3568	3593
3568	3594
3568	3595
3568	3596
3568	3598
3568	3601
3568	3602
3568	3605
3568	3606
3568	3607
3568	3608
3568	3609
3568	3610
3568	3611
3568	3612
3568	3613
3568	3614
3568	3616
3568	3619
3568	3623
3568	3624
3568	3626
3568	3629
3568	3634
3568	3635
3568	3638
3568	3639
3568	3671
3568	3672
3568	3674
3568	3676
3568	3677
3568	3679
3568	3680
3568	3681
3568	3682
3568	3683
3568	3686
3568	3687
3568	3692
3568	3694
3568	3695
3568	3700
3568	3701
3568	3702
3568	3703
3568	3705
3568	3706
3568	3707
3568	3708
3568	3715
3569	3570
3569	3572
3569	3574
3570	3571
3571	3643
3572	3570
3572	3573
3572	3574
3574	3570
3574	3575
3577	3576
3577	3584
3577	3599
3577	3600
3577	3604
3577	3617
3577	3618
3577	3669
3577	3670
3577	3688
3577	3689
3577	3691
3577	3693
3577	3698
3577	3704
3577	3709
3583	3582
3583	3622
3583	3630
3583	3633
3621	3620
3629	3628
3631	3632
3640	3641
3640	3642
3640	3571
3643	3644
3643	3649
3643	3659
3643	3660
3643	1051
3643	3661
3643	1052
3643	3663
3643	3664
3643	3665
3643	3667
3644	3645
3644	3646
3644	3647
3644	3648
3644	3649
3644	1051
3644	3650
3644	3651
3644	3652
3644	3653
3644	3654
3644	3655
3644	3656
3653	1050
3653	1052
3656	3657
3657	3658
3661	3662
3662	1050
3662	1052
3665	3666
3667	3668
3711	3714
3713	3712
3713	3715
3713	3719
3712	3712
3721	3722
3721	3723
3738	3738
3739	3738
3739	3739
3739	3750
3739	3751
3741	3740
3743	3742
3743	3756
3743	3764
3742	3750
3744	3743
3744	3955
3745	3744
3746	3743
3746	3816
3746	3817
3746	3826
3746	3835
3746	4001
3747	3742
3747	3748
3747	3750
3748	3750
3749	3748
3749	3750
3753	3758
3753	3759
3755	3754
3755	3755
3755	3759
3756	3759
3757	3756
3757	3758
3757	3759
3758	3759
3761	3766
3761	3767
3763	3762
3763	3763
3763	3767
3764	3767
3765	3764
3765	3766
3765	3767
3766	3767
3770	3769
3770	3774
3772	3771
3772	3773
3772	3775
3777	3776
3777	3778
3777	4019
3779	3779
3780	3780
3782	3781
3784	3783
3787	3786
3789	3788
3791	3790
3791	3795
3790	3792
3790	3793
3793	3794
3794	3805
3795	3794
3795	4013
3795	4015
3795	4025
3796	3798
3796	3801
3798	3797
3798	3802
3798	3815
3799	3798
3799	3801
3799	3803
3799	3805
3799	3811
3799	3812
3799	3814
3799	4001
3801	3800
3801	3813
3805	3804
3805	3806
3807	3818
3808	3807
3810	3809
3811	3810
3819	3818
3821	3820
3824	3823
3824	3831
3825	3825
3828	3827
3828	3831
3830	3829
3831	3832
3831	3833
3839	3838
3839	3840
3839	3841
3839	3843
3844	3850
3844	3852
3844	3857
3844	3860
3850	3849
3850	3864
3852	3851
3852	3853
3852	3855
3852	3858
3852	3859
3852	3861
3852	3862
3852	3865
3852	3866
3852	3867
3852	3868
3854	3853
3857	3856
3857	3863
3870	3869
3870	3872
3870	3883
3873	3874
3876	3875
3876	3886
3878	3877
3879	3878
3879	3881
3881	3880
3881	3882
3884	3885
3893	3892
3898	3897
3899	3898
3902	3901
3905	3904
3905	3924
3908	3907
3908	3912
3908	3923
3908	3926
3908	3929
3909	3908
3911	3910
3911	3928
3916	3915
3916	4090
3917	3915
3919	3921
3931	3932
3932	3937
3934	3933
3934	3936
3935	3933
3935	3937
3936	3937
3938	3938
3941	3940
3941	3942
3943	3943
3946	3945
3945	3947
3945	3948
3949	3952
3949	3954
3951	3950
3951	3951
3951	3954
3953	3952
3953	3954
3952	3954
3955	3954
3956	3955
3956	3958
3956	3959
3956	3963
3956	3967
3960	3962
3963	3962
3962	3966
3964	3963
3966	3965
3979	3978
3979	3980
3979	3981
3979	3984
3979	3985
3982	3981
3982	3983
3991	3990
3991	3994
3991	3995
3991	3997
3991	4001
3992	3992
3994	3993
3994	3996
3995	3995
4002	4005
4002	4007
4002	4011
4017	4018
4021	4022
4023	4024
4028	4027
4028	4032
4028	4044
4029	4028
4029	4029
4029	4538
4029	4706
4029	4707
4029	4708
4030	4029
4030	4706
4031	4027
4031	4537
4031	4677
4031	4678
4033	4034
4034	4035
4034	4036
4036	4037
4037	4038
4038	4039
4040	4041
4041	4036
4042	4043
4045	4046
4046	4047
4046	4036
4048	4043
4049	4050
4051	4051
4052	1055
4052	1056
4052	1057
4052	1058
4053	4052
4054	4055
4054	4056
4055	549
4058	4057
4058	4059
4058	4067
4060	4061
4062	4063
4063	4065
4069	4068
4069	4070
4075	4074
4075	4080
4075	4104
4076	4075
4076	4077
4082	4081
4082	4082
4083	4081
4087	4101
4095	4095
4096	4096
4099	4098
4100	4098
4123	4122
4123	4125
4133	4196
4137	4136
4137	4137
4137	4192
4138	4137
4142	4141
4142	4150
4142	4208
4141	4151
4143	4142
4144	4141
4144	4468
4145	4141
4146	4147
4148	4147
4153	4152
4154	4153
4155	4154
4155	4152
4155	4156
4155	4164
4155	4186
4156	4152
4157	4158
4157	4164
4159	4160
4161	4162
4163	4159
4166	4165
4170	4169
4170	4389
4180	4179
4180	4219
4180	4399
4181	4179
4185	4184
4185	4403
4186	4187
4188	4187
4189	4188
4191	4190
4191	4193
4191	4212
4193	4192
4195	4194
4195	4198
4194	4196
4194	4197
4204	4216
4205	4212
4206	4205
4207	4205
4208	4205
4209	4208
4210	4209
4210	4211
4211	4208
4212	4208
4213	4205
4221	4220
4236	4237
4240	4239
4241	4240
4241	4280
4241	4305
4241	4319
4241	4490
4243	4242
4243	4245
4243	4249
4243	4250
4243	4253
4243	4469
4242	4247
4245	4244
4249	4248
4249	4251
4249	4252
4254	4294
4254	4322
4255	4254
4256	4258
4256	4260
4258	4322
4260	4259
4260	4298
4260	4322
4260	4325
4261	4260
4261	4299
4261	4307
4261	4331
4261	4439
4262	4259
4262	4304
4262	4414
4264	4263
4264	4265
4264	4268
4263	4266
4263	4267
4270	4269
4270	4271
4270	4273
4270	4469
4272	4271
4272	4274
4272	4283
4275	4274
4275	4276
4275	4290
4275	4474
4282	4281
4282	4283
4285	4284
4285	4287
4285	4290
4285	4432
4285	4486
4287	4286
4287	4291
4287	4487
4292	4292
4293	4292
4293	4427
4295	4294
4295	4323
4294	4298
4297	4296
4297	4302
4298	4303
4298	4333
4300	4299
4300	4321
4300	4324
4300	4331
4299	4324
4302	4301
4302	4314
4302	4332
4301	4315
4301	4309
4301	4327
4303	4304
4303	4326
4303	4327
4307	4310
4308	4309
4308	4316
4310	4309
4310	4316
4310	4324
4311	4310
4311	4346
4311	4439
4312	4311
4312	4329
4312	4342
4312	4344
4312	4432
4313	4310
4314	4313
4314	4315
4315	4310
4323	4322
4323	4325
4329	4328
4330	4329
4335	4334
4335	4336
4335	4338
4335	4340
4335	4368
4335	4374
4335	4478
4335	4479
4337	4336
4337	4340
4338	4336
4339	4338
4339	4340
4342	4341
4346	4345
4347	4438
4350	4349
4350	4427
4352	4351
4353	4351
4353	4367
4353	4377
4353	4452
4353	4465
4354	4353
4355	4354
4356	4353
4357	4353
4357	4375
4360	4359
4364	4363
4364	4370
4364	4374
4364	4480
4364	4481
4366	4365
4369	4368
4369	4371
4371	4374
4372	4371
4373	4371
4378	4384
4378	4386
4379	4380
4381	4382
4382	4383
4384	4405
4385	4384
4385	4405
4385	4428
4385	4430
4385	4431
4385	4432
4386	4420
4386	4424
4400	4399
4406	4405
4406	4420
4406	4424
4407	4405
4408	4405
4408	4420
4408	4424
4408	4471
4408	4476
4409	4408
4410	4408
4411	4410
4411	4412
4412	4408
4416	4415
4416	4418
4416	4419
4417	4415
4417	4418
4417	4419
4417	4420
4417	4421
4417	4424
4421	4420
4421	4424
4422	4421
4422	4434
4422	4436
4423	4421
4423	4438
4423	4440
4430	4429
4430	4433
4436	4435
4437	4435
4438	4439
4447	4446
4447	4448
4454	4453
4454	4456
4454	4457
4454	4458
4460	4469
4467	4466
4470	4469
4470	4486
4470	4487
4471	4469
4471	4473
4471	4482
4472	4471
4473	4471
4474	4471
4474	4476
4475	4471
4476	4471
4476	4491
4477	4476
4477	4494
4477	4495
4484	4483
4490	4489
4492	4491
4494	4496
4494	4497
4494	4498
4494	4499
4494	4500
4494	4501
4507	4506
4513	4512
4516	4515
4517	4515
4524	4523
4524	4525
4524	4526
4528	4529
4530	4529
4530	4531
4536	4602
4538	4537
4538	4541
4538	4548
4539	4540
4542	4543
4544	4545
4545	4546
4545	4547
4549	4550
4550	4551
4554	1543
4555	1543
4556	1543
4557	1543
4567	4568
4595	4594
4596	4594
4596	4597
4596	4598
4600	4601
4604	4603
4604	4606
4604	4607
4604	4608
4604	4609
4604	4610
4604	4611
4613	4621
4613	4622
4613	4623
4613	4624
4613	4625
4613	4626
4613	4627
4613	4628
4613	4630
4613	4631
4613	4633
4613	4634
4614	4613
4615	4613
4616	4621
4617	4620
4619	4623
4619	4625
4632	4633
4638	4637
4638	4643
4638	4644
4638	4645
4637	4646
4637	4648
4639	4641
4641	4642
4651	4666
4653	4652
4653	4660
4653	4662
4653	4663
4653	4664
4653	4667
4653	4669
4653	4671
4652	4665
4652	4668
4652	4672
4654	4656
4654	4674
4654	4675
4654	4676
4656	4657
4681	4681
4694	4693
4699	4698
4699	4700
4706	4029
4706	4707
4706	4708
4707	4027
4707	4032
4707	4044
4708	4537
4708	4541
4708	4548
