1	0
1	180
1	4806
1	4834
1	4857
2	1
2	47
2	55
2	173
2	177
2	178
2	179
2	183
2	189
2	245
2	248
2	255
2	258
2	1010
2	1012
2	1173
2	4799
2	4824
2	4840
2	4848
2	4861
2	4862
2	4863
3	2
3	171
3	4790
3	4791
3	4837
4	3
5	4
6	3
6	19
6	26
6	29
6	42
6	45
6	48
6	50
6	49
6	56
6	60
6	65
6	68
6	69
6	70
6	74
6	82
6	84
6	97
6	98
6	105
6	122
6	150
6	159
6	166
6	167
6	172
6	173
6	177
6	193
6	195
6	198
6	203
6	204
6	209
6	212
6	214
6	215
6	216
6	221
6	222
6	224
6	227
6	230
6	233
6	238
6	243
6	247
6	257
6	259
6	409
6	416
6	425
6	460
6	459
6	462
6	463
6	469
6	476
6	481
6	486
6	493
6	551
6	595
6	596
6	602
6	605
6	606
6	614
6	619
6	662
6	700
6	704
6	705
6	707
6	709
6	711
6	710
6	765
6	792
6	800
6	809
6	843
6	847
6	859
6	861
6	871
6	880
6	882
6	887
6	891
6	897
6	901
6	917
6	924
6	932
6	936
6	947
6	960
6	961
6	970
6	979
6	993
6	999
6	1001
6	1004
6	1010
6	1011
6	1012
6	1013
6	1015
6	1024
6	1033
6	1040
6	1050
6	1054
6	1064
6	1070
6	1074
6	1077
6	1082
6	1088
6	1091
6	1092
6	1095
6	1097
6	1094
6	1103
6	1108
6	1116
6	1125
6	1128
6	1134
6	1146
6	1160
6	1173
6	1179
6	1234
6	1242
6	1261
6	1495
6	1516
6	1520
6	1521
6	1528
6	1529
6	1537
6	1536
6	1544
6	1548
6	1549
6	1550
6	1559
6	1574
6	1573
6	1581
6	1583
6	1591
6	1614
6	1615
6	1623
6	1624
6	1633
6	1637
6	1670
6	1671
6	1674
6	1673
6	1678
6	1688
6	1689
6	1691
6	1693
6	1700
6	1707
6	1760
6	1764
6	1767
6	1770
6	1776
6	1799
6	1855
6	1880
6	1894
6	1954
6	1961
6	1984
6	1997
6	2001
6	2005
6	2013
6	2014
6	2029
6	2040
6	2047
6	2045
6	2057
6	2062
6	2070
6	2079
6	2139
6	2145
6	2150
6	2153
6	2179
6	2186
6	2187
6	2276
6	2287
6	2301
6	2319
6	2333
6	2352
6	2361
6	2362
6	2364
6	2366
6	2367
6	2371
6	2394
6	2415
6	2423
6	2430
6	2432
6	2451
6	1306
6	2463
6	2465
6	2469
6	2482
6	2493
6	2496
6	2513
6	2516
6	2533
6	2532
6	2534
6	2541
6	2544
6	2546
6	2545
6	2547
6	2549
6	2568
6	2592
6	2628
6	2640
6	2644
6	2645
6	2646
6	2648
6	2672
6	2689
6	2695
6	2698
6	2700
6	2707
6	2710
6	2720
6	2722
6	2734
6	2735
6	2739
6	2741
6	2744
6	2748
6	2749
6	2758
6	2759
6	2761
6	2762
6	2763
6	2764
6	2786
6	2794
6	2810
6	2816
6	2814
6	2819
6	2820
6	2821
6	2825
6	2828
6	2837
6	2850
6	2878
6	2882
6	2915
6	2916
6	2934
6	2949
6	2970
6	2974
6	3003
6	3063
6	3070
6	3072
6	3078
6	3087
6	3090
6	3107
6	3109
6	3151
6	3159
6	3298
6	3409
6	3416
6	3418
6	3423
6	3425
6	3517
6	3533
6	3542
6	3554
6	3555
6	3571
6	3572
6	3573
6	3605
6	3634
6	3635
6	3636
6	3640
6	3641
6	3644
6	3646
6	3647
6	3650
6	3651
6	3652
6	3654
6	3658
6	3659
6	3660
6	3661
6	3662
6	3663
6	3667
6	3672
6	3677
6	3682
6	3684
6	3688
6	3691
6	3693
6	3695
6	3697
6	3698
6	3699
6	3701
6	3705
6	3708
6	3711
6	3712
6	3713
6	3718
6	3720
6	3869
6	3886
6	3900
6	3908
6	3912
6	3915
6	3916
6	3918
6	3923
6	3924
6	3926
6	3947
6	3975
6	3992
6	4049
6	4068
6	4087
6	4088
6	4090
6	4097
6	4111
6	4112
6	4114
6	4113
6	4127
6	4126
6	4149
6	4226
6	4233
6	4239
6	4258
6	4268
6	4274
6	4275
6	4278
6	4295
6	4316
6	4334
6	4419
6	4420
6	4429
6	4459
6	4463
6	4465
6	4472
6	4494
6	4504
6	4534
6	4561
6	4563
6	4604
6	4608
6	4612
6	4625
6	4629
6	4638
6	4646
6	4653
6	4657
6	4690
6	4692
6	4696
6	4710
6	4713
6	4719
6	4721
6	4747
6	4749
6	4756
6	4759
6	4761
6	4774
6	4784
6	4788
6	4803
6	4805
6	4808
6	4810
6	4811
6	4812
6	4814
6	4817
6	4819
6	4821
6	4822
6	4823
6	4827
6	4828
6	4837
6	4838
6	4839
6	4844
6	4845
6	4868
6	4869
6	4870
6	4871
6	4872
6	4873
6	4874
6	4875
6	4876
6	4877
6	4878
6	4879
6	4880
6	4882
6	4883
7	3
8	7
8	14
8	16
8	18
8	19
8	35
8	38
8	40
8	48
8	56
8	60
8	65
8	66
8	74
8	96
8	97
8	98
8	170
8	4800
8	4801
8	4802
8	4804
8	4805
8	4818
8	4825
8	4826
8	4841
8	4842
9	8
10	7
10	2
10	38
10	1
10	40
10	66
10	74
10	97
10	98
10	171
10	179
10	245
10	1010
10	1012
10	1173
10	4790
10	4791
10	4800
10	4804
10	4805
10	4808
10	4809
10	4810
10	4811
10	4812
10	4813
10	4814
10	4816
10	4817
10	4819
10	4826
10	4828
10	4837
10	4841
10	4842
10	4844
11	10
11	20
11	43
11	42
11	4
11	45
11	15
11	64
11	68
11	92
11	34
11	107
11	172
11	179
11	189
11	190
11	198
11	203
11	220
11	221
11	222
11	230
11	241
11	243
11	268
11	309
11	336
11	335
11	366
11	369
11	382
11	437
11	445
11	446
11	461
11	482
11	601
11	691
11	704
11	768
11	781
11	799
11	806
11	845
11	863
11	864
11	869
11	1015
11	1067
11	1064
11	1077
11	1091
11	1098
11	1103
11	1134
11	1143
11	1180
11	1196
11	1236
11	1495
11	1536
11	1565
11	1577
11	1583
11	1588
11	1619
11	1621
11	1624
11	1652
11	1675
11	1769
11	1875
11	1908
11	1922
11	1996
11	2017
11	2278
11	2296
11	2306
11	2298
11	2317
11	2327
11	2338
11	2342
11	2346
11	2347
11	2350
11	2356
11	2360
11	2362
11	2364
11	2366
11	2368
11	2370
11	2372
11	2380
11	2392
11	2397
11	2425
11	2430
11	2431
11	2470
11	2516
11	2520
11	2568
11	2631
11	2667
11	2683
11	2736
11	2741
11	2794
11	2812
11	2866
11	2867
11	2869
11	2950
11	3027
11	3072
11	3076
11	3101
11	3228
11	3235
11	3240
11	3242
11	3244
11	3252
11	3271
11	3272
11	3308
11	3337
11	3339
11	3386
11	3403
11	3409
11	3411
11	3412
11	3419
11	3423
11	3431
11	3435
11	3439
11	3452
11	3472
11	3474
11	3475
11	3490
11	3491
11	3497
11	3498
11	3503
11	3517
11	3535
11	3545
11	3637
11	3869
11	3904
11	3911
11	3920
11	3928
11	3955
11	3972
11	3985
11	3986
11	3992
11	3997
11	4021
11	4065
11	4080
11	4085
11	4088
11	4115
11	4167
11	4177
11	4281
11	4286
11	4304
11	4306
11	4307
11	4308
11	4321
11	4368
11	4375
11	4455
11	4577
11	4585
11	4657
11	4662
11	4692
11	4722
11	4790
11	4800
11	4804
11	4819
11	4820
11	4837
11	4885
11	4899
11	4911
12	10
12	7
12	14
12	17
12	2
12	18
12	21
12	20
12	35
12	1
12	41
12	40
12	43
12	42
12	49
12	66
12	74
12	84
12	83
12	82
12	96
12	97
12	105
12	115
12	128
12	171
12	172
12	173
12	181
12	183
12	189
12	190
12	194
12	200
12	220
12	222
12	230
12	251
12	250
12	259
12	357
12	364
12	368
12	375
12	377
12	379
12	382
12	409
12	425
12	430
12	432
12	435
12	437
12	439
12	441
12	442
12	444
12	445
12	446
12	450
12	452
12	453
12	455
12	468
12	474
12	484
12	494
12	543
12	585
12	592
12	606
12	666
12	668
12	669
12	675
12	676
12	691
12	689
12	692
12	696
12	702
12	704
12	711
12	710
12	748
12	760
12	768
12	765
12	775
12	778
12	794
12	799
12	801
12	807
12	812
12	818
12	820
12	821
12	825
12	828
12	829
12	830
12	847
12	852
12	861
12	880
12	926
12	925
12	933
12	939
12	947
12	952
12	958
12	961
12	993
12	1010
12	1011
12	1013
12	1012
12	1015
12	1033
12	1041
12	1064
12	1078
12	1082
12	1085
12	1087
12	1091
12	1095
12	1097
12	1094
12	1098
12	1103
12	1108
12	1128
12	1160
12	1173
12	1176
12	1179
12	1183
12	1195
12	1198
12	1228
12	1234
12	1285
12	1288
12	1280
12	1425
12	1428
12	1449
12	1481
12	1482
12	1484
12	1485
12	1486
12	1487
12	1489
12	1492
12	1493
12	1495
12	1526
12	1537
12	1536
12	1535
12	1541
12	1542
12	1543
12	1544
12	1545
12	1546
12	1547
12	1548
12	1565
12	1564
12	1579
12	1581
12	1582
12	1583
12	1588
12	1611
12	1615
12	1617
12	1622
12	1667
12	1669
12	1678
12	1676
12	1680
12	1689
12	1691
12	1693
12	1762
12	1760
12	1769
12	1767
12	1775
12	1793
12	1884
12	1893
12	1905
12	1903
12	1910
12	1929
12	1943
12	1954
12	1986
12	1996
12	2001
12	2005
12	2012
12	2013
12	2014
12	2031
12	2040
12	2053
12	2057
12	2062
12	2072
12	2071
12	2089
12	2088
12	2087
12	2092
12	2121
12	2124
12	2125
12	2131
12	2139
12	2140
12	2148
12	2145
12	2144
12	2150
12	2153
12	2156
12	2168
12	2179
12	2180
12	2186
12	2276
12	2280
12	2288
12	2297
12	2296
12	2294
12	2293
12	2304
12	2306
12	2312
12	2324
12	2327
12	2325
12	2329
12	2339
12	2338
12	2342
12	2349
12	2348
12	2347
12	2350
12	2354
12	2356
12	2367
12	2381
12	2382
12	2392
12	2394
12	2396
12	2397
12	2408
12	2409
12	2443
12	2447
12	2451
12	1306
12	2463
12	2496
12	2495
12	2494
12	2498
12	2502
12	2512
12	2516
12	2526
12	2532
12	2534
12	2536
12	2538
12	2540
12	2551
12	2559
12	2568
12	2571
12	2572
12	2579
12	2592
12	2593
12	2605
12	2673
12	2676
12	2681
12	2682
12	2688
12	2692
12	2720
12	2728
12	2734
12	2735
12	2737
12	2746
12	2749
12	2757
12	2758
12	2762
12	2763
12	2765
12	2777
12	2799
12	2806
12	2807
12	2840
12	2845
12	2862
12	2869
12	2873
12	2916
12	2917
12	2942
12	2941
12	2939
12	2955
12	2967
12	2970
12	2971
12	2989
12	2995
12	3003
12	3052
12	3053
12	3070
12	3077
12	3095
12	3099
12	3105
12	3106
12	3109
12	3110
12	3117
12	3166
12	3176
12	3188
12	3200
12	3202
12	3206
12	3249
12	3248
12	3258
12	3266
12	3270
12	3279
12	3280
12	3296
12	3337
12	3370
12	3373
12	3388
12	3405
12	3411
12	3418
12	3423
12	3429
12	3440
12	3444
12	3452
12	3453
12	3469
12	3470
12	3481
12	3485
12	3487
12	3497
12	3498
12	3505
12	3506
12	3528
12	3532
12	3536
12	3538
12	3542
12	3549
12	3571
12	3574
12	3592
12	3593
12	3594
12	3635
12	3654
12	3718
12	3869
12	3870
12	3906
12	3905
12	3904
12	3910
12	3911
12	3914
12	3920
12	3922
12	3942
12	3946
12	3959
12	3962
12	3964
12	3971
12	3975
12	3979
12	4000
12	3999
12	4001
12	4002
12	4009
12	4072
12	4074
12	4081
12	4083
12	4088
12	4090
12	4110
12	4123
12	4139
12	4146
12	4147
12	4149
12	4193
12	4226
12	4239
12	4245
12	4257
12	27
12	4281
12	4285
12	4289
12	4293
12	4309
12	4334
12	4376
12	4382
12	4381
12	4383
12	4390
12	4396
12	4406
12	4411
12	4418
12	4419
12	4420
12	4425
12	4431
12	4433
12	4434
12	4440
12	4441
12	4443
12	4450
12	4454
12	4455
12	4459
12	4477
12	4494
12	4505
12	4509
12	4516
12	4554
12	4558
12	4561
12	4544
12	4586
12	4590
12	4594
12	4595
12	4601
12	4608
12	4607
12	4611
12	4614
12	4619
12	4625
12	4628
12	4638
12	4639
12	4642
12	4653
12	4656
12	4657
12	4662
12	4672
12	4688
12	4689
12	4690
12	2172
12	4701
12	4706
12	4708
12	4788
12	4790
12	4800
12	4802
12	4813
12	4814
12	4819
12	4821
12	4824
12	4827
12	4832
12	4837
12	4840
12	4843
12	4855
13	10
13	14
13	16
13	18
13	26
13	31
13	33
13	19
13	50
13	51
13	49
13	53
13	48
13	56
13	60
13	64
13	65
13	81
13	88
13	89
13	90
13	84
13	96
13	104
13	118
13	111
13	134
13	132
13	146
13	160
13	168
13	169
13	172
13	173
13	181
13	183
13	189
13	190
13	196
13	213
13	217
13	218
13	230
13	243
13	249
13	248
13	255
13	259
13	260
13	258
13	262
13	264
13	266
13	268
13	271
13	272
13	274
13	275
13	289
13	291
13	295
13	296
13	299
13	303
13	305
13	307
13	308
13	312
13	316
13	319
13	337
13	339
13	340
13	341
13	342
13	344
13	347
13	348
13	350
13	352
13	354
13	356
13	358
13	397
13	403
13	405
13	416
13	418
13	420
13	421
13	424
13	440
13	441
13	443
13	447
13	448
13	502
13	510
13	512
13	514
13	519
13	520
13	521
13	525
13	526
13	527
13	529
13	532
13	533
13	544
13	549
13	555
13	565
13	570
13	571
13	574
13	582
13	583
13	584
13	612
13	613
13	616
13	617
13	622
13	620
13	626
13	618
13	628
13	635
13	646
13	652
13	654
13	655
13	662
13	666
13	669
13	670
13	672
13	674
13	675
13	676
13	678
13	685
13	682
13	687
13	686
13	691
13	692
13	695
13	696
13	697
13	702
13	707
13	714
13	719
13	723
13	722
13	724
13	725
13	728
13	734
13	737
13	739
13	738
13	745
13	748
13	750
13	753
13	755
13	757
13	758
13	759
13	760
13	762
13	763
13	764
13	768
13	778
13	779
13	790
13	794
13	795
13	796
13	802
13	805
13	806
13	807
13	808
13	811
13	810
13	816
13	819
13	820
13	821
13	827
13	828
13	832
13	835
13	842
13	843
13	846
13	847
13	849
13	852
13	856
13	855
13	865
13	861
13	860
13	877
13	879
13	882
13	897
13	899
13	903
13	908
13	913
13	918
13	919
13	920
13	921
13	922
13	923
13	930
13	929
13	926
13	933
13	934
13	941
13	942
13	943
13	944
13	945
13	946
13	951
13	953
13	952
13	961
13	962
13	964
13	965
13	968
13	969
13	970
13	971
13	973
13	974
13	975
13	978
13	987
13	988
13	989
13	993
13	994
13	995
13	996
13	997
13	999
13	1004
13	1009
13	1010
13	1012
13	1016
13	1018
13	1020
13	1024
13	1033
13	1032
13	1036
13	1039
13	1041
13	1047
13	1052
13	1053
13	1055
13	1056
13	1061
13	1067
13	1064
13	1073
13	1071
13	1075
13	1079
13	1078
13	1086
13	1087
13	1076
13	1096
13	1094
13	1099
13	1102
13	1105
13	1106
13	1110
13	1108
13	1113
13	1115
13	1125
13	1135
13	1136
13	1143
13	1144
13	1146
13	1151
13	1152
13	1153
13	1154
13	1155
13	1156
13	1157
13	1158
13	1159
13	1160
13	1162
13	1166
13	1165
13	1167
13	1168
13	1169
13	1170
13	1171
13	1176
13	1178
13	1179
13	1181
13	1183
13	1194
13	1221
13	1232
13	1231
13	1233
13	1241
13	1245
13	1247
13	1248
13	1249
13	1263
13	1264
13	1288
13	1280
13	1320
13	1339
13	1344
13	1367
13	1378
13	1365
13	1385
13	1360
13	1394
13	1350
13	1426
13	1427
13	1428
13	1430
13	1433
13	1481
13	1482
13	1484
13	1486
13	1487
13	1488
13	1489
13	1492
13	1523
13	1522
13	1521
13	1526
13	1529
13	1530
13	1531
13	1533
13	1534
13	1538
13	1541
13	1543
13	1542
13	1545
13	1546
13	1547
13	1548
13	1551
13	1553
13	1554
13	1558
13	1559
13	1561
13	1565
13	1572
13	1574
13	1588
13	1594
13	1609
13	1612
13	1614
13	1615
13	1617
13	1626
13	1627
13	1630
13	1632
13	1633
13	1637
13	1641
13	1642
13	1643
13	1647
13	1645
13	1652
13	1659
13	1661
13	1664
13	1667
13	1668
13	1671
13	1670
13	1678
13	1676
13	1675
13	1689
13	1692
13	1701
13	1770
13	1769
13	1803
13	1802
13	1809
13	1810
13	1811
13	1813
13	1812
13	1808
13	1815
13	1817
13	1823
13	1822
13	1821
13	1820
13	1839
13	1841
13	1846
13	1849
13	1850
13	1855
13	1858
13	1859
13	1863
13	1864
13	1867
13	1869
13	1872
13	1873
13	1882
13	1878
13	1888
13	1889
13	1892
13	1893
13	1901
13	1902
13	1909
13	1917
13	1919
13	1921
13	1926
13	1939
13	1940
13	1941
13	1943
13	1947
13	1954
13	1956
13	1975
13	1976
13	1981
13	1982
13	1987
13	1989
13	1990
13	1993
13	1995
13	1999
13	2002
13	2006
13	2011
13	2012
13	2013
13	2025
13	2031
13	2039
13	2043
13	2046
13	2052
13	2055
13	2057
13	2063
13	2065
13	2069
13	2071
13	2082
13	2085
13	2089
13	2092
13	2110
13	2112
13	2125
13	2127
13	2128
13	2131
13	2133
13	2134
13	2135
13	2138
13	2139
13	2140
13	2142
13	2143
13	2148
13	2145
13	2147
13	2153
13	2159
13	2163
13	2165
13	2179
13	2181
13	2182
13	2183
13	2188
13	2192
13	2195
13	2200
13	2284
13	2287
13	2288
13	2297
13	2296
13	2301
13	2320
13	2333
13	2337
13	2345
13	2348
13	2350
13	2353
13	2354
13	2358
13	2359
13	2360
13	2363
13	2365
13	2367
13	2366
13	2370
13	2372
13	2374
13	2375
13	2378
13	2377
13	2379
13	2384
13	2385
13	2388
13	2765
13	2777
13	2781
13	2782
13	2793
13	2797
13	2798
13	2833
13	2845
13	2853
13	2862
13	2869
13	2873
13	2876
13	2877
13	2889
13	2892
13	2911
13	2915
13	2920
13	2925
13	2926
13	2927
13	2928
13	2930
13	2931
13	2932
13	2942
13	2941
13	2945
13	2944
13	2947
13	2951
13	2962
13	2964
13	2990
13	3027
13	3053
13	3057
13	3059
13	3062
13	3066
13	3077
13	3078
13	3085
13	3090
13	3092
13	3108
13	3114
13	3115
13	3116
13	3117
13	3129
13	3130
13	3131
13	3135
13	3157
13	3158
13	3166
13	3317
13	3333
13	3335
13	3371
13	3385
13	3394
13	3396
13	3401
13	3417
13	3418
13	3425
13	3426
13	3431
13	3446
13	3463
13	3464
13	3466
13	3473
13	3483
13	3489
13	3492
13	3493
13	3495
13	3496
13	3516
13	3518
13	3531
13	3543
13	3544
13	3548
13	3549
13	3558
13	3559
13	3578
13	3590
13	3591
13	3598
13	3601
13	3603
13	3604
13	3606
13	3610
13	3616
13	3618
13	3623
13	3626
13	3628
13	3629
13	3631
13	3637
13	3638
13	3639
13	3642
13	3643
13	3645
13	3648
13	3649
13	3656
13	3657
13	3664
13	3665
13	3666
13	3668
13	3669
13	3670
13	3671
13	3673
13	3674
13	3676
13	3675
13	3678
13	3679
13	3680
13	3681
13	3683
13	3684
13	3686
13	3687
13	3689
13	3690
13	3692
13	3694
13	3696
13	3700
13	3702
13	3703
13	3704
13	3706
13	3707
13	3709
13	3710
13	3717
13	3720
13	3723
13	3773
13	3869
13	3877
13	3879
13	3883
13	3891
13	3892
13	3900
13	3905
13	3910
13	3909
13	3911
13	3912
13	3913
13	3914
13	3916
13	3915
13	3919
13	3921
13	3922
13	3927
13	3928
13	3944
13	3946
13	3949
13	3951
13	3953
13	3957
13	3971
13	3973
13	3978
13	3987
13	3988
13	3990
13	3995
13	3998
13	4004
13	4006
13	4019
13	4052
13	4053
13	4068
13	4081
13	4084
13	4087
13	4094
13	4097
13	4098
13	4105
13	4110
13	4111
13	4115
13	4118
13	4127
13	4126
13	4131
13	4134
13	4136
13	4138
13	4150
13	4159
13	4160
13	4161
13	4176
13	4178
13	4188
13	4222
13	4225
13	4243
13	4245
13	4249
13	4252
13	4254
13	4257
13	4266
13	4267
13	4269
13	4270
13	4271
13	4272
13	4273
13	4276
13	4282
13	4284
13	4293
13	4294
13	4296
13	4301
13	4302
13	4304
13	4307
13	4311
13	4313
13	4309
13	4321
13	4322
13	4324
13	4325
13	4326
13	4330
13	4334
13	4335
13	4342
13	4343
13	4346
13	4347
13	4351
13	4352
13	4349
13	4364
13	4366
13	4368
13	4375
13	4377
13	4381
13	4384
13	4387
13	4391
13	4392
13	4393
13	4394
13	4395
13	4396
13	4397
13	4398
13	4399
13	4401
13	4402
13	4403
13	4407
13	4410
13	4411
13	4412
13	4413
13	4418
13	4419
13	4420
13	4425
13	4432
13	4431
13	4434
13	4435
13	4437
13	4439
13	4440
13	4448
13	4446
13	4449
13	4450
13	4452
13	4454
13	4455
13	4458
13	4463
13	4471
13	4476
13	4478
13	4479
13	4482
13	4481
13	4483
13	4485
13	4489
13	4490
13	4491
13	4507
13	4508
13	4510
13	4509
13	4501
13	4512
13	4516
13	4520
13	4529
13	4531
13	4533
13	4532
13	4552
13	4557
13	4561
13	4564
13	4574
13	4576
13	4577
13	4580
13	4585
13	4590
13	4596
13	4598
13	4595
13	4601
13	4604
13	4613
13	4614
13	4617
13	4618
13	4621
13	4624
13	4626
13	4627
13	4628
13	4629
13	4630
13	4631
13	4632
13	4633
13	4635
13	4643
13	4645
13	4647
13	4650
13	4652
13	4653
13	4660
13	4662
13	4668
13	4670
13	4669
13	4672
13	4674
13	4688
13	4690
13	4692
13	4694
13	2172
13	4708
13	4718
13	4720
13	4723
13	4744
13	4745
13	4750
13	4751
13	4752
13	4753
13	4755
13	4757
13	4758
13	4760
13	4762
13	4763
13	4764
13	4765
13	4767
13	4768
13	4769
13	4770
13	4771
13	4772
13	4773
13	4775
13	4776
13	4777
13	4778
13	4779
13	4784
13	4785
13	4786
13	4788
13	4798
13	4801
13	4802
13	4803
13	4809
13	4811
13	4813
13	4816
13	4819
13	4820
13	4824
13	4823
13	4825
13	4832
13	4840
13	4839
13	4843
13	4846
13	4853
13	4855
13	4866
13	4887
13	4888
13	4891
13	4914
14	3
15	3
16	2
16	101
16	4790
17	16
17	17
17	115
17	132
17	150
17	159
17	1108
17	2014
17	2463
17	2514
17	2515
17	2518
17	2519
17	2520
17	2579
17	2740
17	2749
17	2758
17	2759
17	2761
17	2777
17	2914
17	3171
17	3173
17	3174
17	3200
17	3266
17	3423
17	3538
17	3609
17	3876
17	3992
17	4000
17	4236
18	1
18	173
18	183
19	1
19	173
19	178
19	4813
19	4814
20	19
20	132
20	269
20	273
20	296
20	3074
20	3270
20	3306
20	3388
20	3423
20	3538
20	3904
20	3947
20	4175
21	20
21	2495
21	3905
21	3985
21	3996
21	4009
21	4098
21	4127
21	4137
21	4255
22	20
22	296
22	936
22	988
22	1514
22	1519
22	2623
22	2628
22	2631
22	2635
22	2640
22	2644
22	2645
22	2648
22	2655
22	2663
22	2667
22	2672
23	20
23	58
23	57
23	422
23	480
23	718
23	2787
23	2791
23	3094
23	3524
23	3985
23	4482
23	4866
23	4888
24	20
24	39
24	42
24	17
24	70
24	105
24	159
24	193
24	205
24	208
24	222
24	230
24	243
24	274
24	276
24	309
24	315
24	353
24	391
24	491
24	552
24	571
24	572
24	586
24	605
24	708
24	756
24	780
24	796
24	834
24	997
24	1006
24	1017
24	1040
24	1062
24	1064
24	1071
24	1082
24	1108
24	1113
24	1115
24	1116
24	1160
24	1198
24	1228
24	1237
24	1425
24	1505
24	1508
24	1516
24	1514
24	1519
24	1537
24	1591
24	1677
24	1689
24	1769
24	1779
24	1770
24	1794
24	1799
24	1839
24	1922
24	1984
24	2006
24	2017
24	2021
24	2071
24	2092
24	2145
24	2153
24	2187
24	2188
24	2269
24	2297
24	2317
24	2335
24	2357
24	2366
24	2375
24	2391
24	2398
24	2420
24	2433
24	2438
24	2439
24	2491
24	2492
24	2496
24	2501
24	2503
24	2538
24	2540
24	2565
24	2568
24	2576
24	2583
24	2610
24	2623
24	2628
24	2631
24	2635
24	2640
24	2645
24	2646
24	2644
24	2648
24	2655
24	2656
24	2663
24	2667
24	2672
24	2706
24	2728
24	2748
24	2749
24	2757
24	2760
24	2777
24	2793
24	2817
24	2858
24	2885
24	2941
24	2962
24	3024
24	3027
24	3053
24	2948
24	3085
24	3096
24	3145
24	3178
24	3177
24	3201
24	3276
24	3277
24	3315
24	3324
24	3370
24	3366
24	3372
24	3375
24	3407
24	3419
24	3428
24	3429
24	3441
24	3517
24	3539
24	3557
24	3625
24	3637
24	3868
24	3870
24	3878
24	3894
24	3906
24	3940
24	3941
24	3942
24	3983
24	4064
24	4078
24	4099
24	4100
24	4103
24	4104
24	4105
24	4126
24	4246
24	27
24	4342
24	4353
24	4363
24	4367
24	4411
24	4418
24	4464
24	4480
24	4558
24	4565
24	4639
24	4647
24	4656
24	4688
24	4692
24	1698
24	4788
24	4822
24	4838
24	4869
24	4870
24	4871
24	4872
24	4873
24	4874
24	4875
24	4876
24	4877
24	4878
24	4879
24	4880
24	4882
24	4883
24	4910
25	20
25	25
25	19
25	55
25	96
25	189
26	25
26	39
26	72
26	142
26	392
26	1883
26	2014
26	2535
26	2710
26	2745
26	2762
26	2763
26	2947
26	2951
26	3093
26	3109
26	3173
26	3208
26	3636
26	3684
26	3717
26	3779
26	3992
26	4278
27	25
27	39
28	20
29	20
29	29
29	2777
29	3195
29	3197
29	3268
29	3906
29	3983
29	4124
30	29
30	20
30	1
30	41
30	84
30	191
30	195
30	247
30	257
30	366
30	369
30	386
30	388
30	389
30	411
30	414
30	420
30	421
30	428
30	440
30	459
30	462
30	463
30	465
30	469
30	468
30	565
30	573
30	602
30	666
30	691
30	692
30	697
30	700
30	725
30	753
30	752
30	755
30	781
30	792
30	793
30	917
30	923
30	963
30	966
30	982
30	997
30	999
30	1059
30	1061
30	1064
30	1108
30	1160
30	1285
30	1288
30	1316
30	1280
30	1326
30	1378
30	1521
30	1537
30	1535
30	1551
30	1672
30	1673
30	1791
30	2083
30	2306
30	2327
30	2415
30	2444
30	2485
30	2512
30	2559
30	2602
30	2613
30	2614
30	2615
30	2635
30	2744
30	2869
30	2870
30	3063
30	3114
30	3115
30	3116
30	3117
30	3162
30	3250
30	3338
30	3399
30	3423
30	3443
30	3458
30	3479
30	3483
30	3487
30	3489
30	3497
30	3498
30	3517
30	3536
30	3538
30	3548
30	3547
30	3562
30	3563
30	3565
30	3566
30	3613
30	3627
30	3716
30	3739
30	3924
30	3923
30	3929
30	4065
30	4085
30	4112
30	4113
30	4224
30	4226
30	4283
30	4299
30	4301
30	4304
30	4307
30	4308
30	4321
30	4331
30	4334
30	4335
30	4353
30	4363
30	4385
30	4390
30	4398
30	4399
30	4400
30	4406
30	4431
30	4450
30	4452
30	4459
30	4469
30	4476
30	4477
30	4491
30	4565
30	4591
30	4604
30	4607
30	4608
30	4611
30	4612
30	4631
30	4637
30	4638
30	4642
30	4660
30	4657
30	4670
30	4669
30	4672
30	4673
31	20
32	31
32	20
32	1
32	50
32	87
32	84
32	82
32	105
32	102
32	111
32	136
32	171
32	193
32	194
32	195
32	202
32	205
32	208
32	243
32	251
32	377
32	382
32	397
32	405
32	406
32	409
32	411
32	420
32	421
32	437
32	445
32	446
32	448
32	455
32	460
32	459
32	462
32	461
32	463
32	465
32	469
32	476
32	492
32	510
32	540
32	541
32	560
32	602
32	639
32	646
32	654
32	675
32	678
32	682
32	686
32	691
32	696
32	702
32	704
32	707
32	710
32	718
32	717
32	721
32	724
32	725
32	746
32	747
32	755
32	758
32	794
32	799
32	807
32	808
32	809
32	812
32	810
32	818
32	826
32	847
32	857
32	865
32	861
32	860
32	880
32	901
32	924
32	929
32	935
32	936
32	939
32	938
32	947
32	953
32	952
32	954
32	957
32	958
32	961
32	963
32	964
32	966
32	967
32	972
32	976
32	982
32	987
32	988
32	990
32	993
32	997
32	1006
32	1010
32	1011
32	1013
32	1015
32	1020
32	1077
32	1091
32	1095
32	1103
32	1108
32	1117
32	1160
32	1173
32	1202
32	1223
32	1225
32	1222
32	1226
32	1227
32	1228
32	1234
32	1249
32	1288
32	1520
32	1525
32	1526
32	1529
32	1537
32	1536
32	1535
32	1541
32	1542
32	1543
32	1544
32	1545
32	1546
32	1547
32	1550
32	1551
32	1565
32	1574
32	1579
32	1581
32	1588
32	1611
32	1615
32	1616
32	1622
32	1623
32	1624
32	1625
32	1639
32	1643
32	1647
32	1652
32	1669
32	1670
32	1671
32	1672
32	1674
32	1673
32	1675
32	1688
32	1689
32	1793
32	1803
32	1876
32	1904
32	1910
32	1909
32	1947
32	1994
32	2005
32	2006
32	2008
32	2027
32	2044
32	2047
32	2045
32	2057
32	2072
32	2071
32	2079
32	2125
32	2134
32	2139
32	2145
32	2153
32	2165
32	2168
32	2179
32	2181
32	2194
32	2266
32	2268
32	2276
32	2284
32	2283
32	2281
32	2288
32	2285
32	2303
32	2306
32	2309
32	2312
32	2317
32	2318
32	2325
32	2328
32	2339
32	2366
32	2367
32	2396
32	2415
32	1306
32	2463
32	2479
32	2482
32	2488
32	2496
32	2494
32	2516
32	2533
32	2532
32	2534
32	2562
32	2635
32	2675
32	2685
32	2689
32	2692
32	2707
32	2720
32	2734
32	2737
32	2761
32	2845
32	2862
32	2882
32	2914
32	2910
32	2921
32	2949
32	2967
32	3003
32	3024
32	3053
32	3063
32	3112
32	3116
32	3118
32	3145
32	3144
32	3177
32	3179
32	3206
32	3208
32	3237
32	3252
32	3263
32	3266
32	3390
32	3391
32	3405
32	3418
32	3425
32	3443
32	3475
32	3477
32	3486
32	3515
32	3522
32	3525
32	3545
32	3558
32	3559
32	3570
32	3582
32	3606
32	3899
32	3900
32	3904
32	3908
32	3909
32	3910
32	3911
32	3912
32	3913
32	3914
32	3915
32	3916
32	3918
32	3919
32	3920
32	3921
32	3922
32	3923
32	3924
32	3926
32	3927
32	3928
32	3929
32	4005
32	4065
32	4074
32	4080
32	4081
32	4085
32	4088
32	4093
32	4096
32	4097
32	4110
32	4112
32	4111
32	4114
32	4113
32	4115
32	4118
32	4120
32	4124
32	4129
32	4132
32	4133
32	4141
32	4148
32	4224
32	4239
32	4256
32	4258
32	4295
32	4303
32	4308
32	4334
32	4390
32	4398
32	4400
32	4417
32	4429
32	4440
32	4443
32	4446
32	4454
32	4458
32	4463
32	4475
32	4490
32	4491
32	4494
32	4497
32	4509
32	4515
32	4516
32	4520
32	4534
32	4536
32	4591
32	4594
32	4601
32	4608
32	4612
32	4625
32	4631
32	4637
32	4638
32	4649
32	4651
32	4657
32	4660
32	4662
32	4705
32	4713
32	4814
32	4867
32	4890
33	20
33	278
33	295
33	3249
33	3270
33	3271
33	3971
33	4163
33	4164
33	4165
33	4167
33	4169
33	4170
33	4171
33	4173
33	4174
33	4175
33	4176
33	4177
34	20
34	3216
34	3228
34	3446
35	1
35	55
35	62
35	64
35	183
35	4803
35	4828
35	4844
36	35
36	1040
36	1094
36	1564
36	2037
36	3306
36	3379
36	3538
36	4072
36	4800
37	36
37	120
37	250
37	260
37	767
37	1108
37	2033
37	2034
37	2036
37	2035
37	2032
37	2040
37	3309
37	3371
37	3366
37	3372
37	3373
37	3376
37	3378
37	3379
37	3394
37	3395
37	3396
37	3397
37	4284
37	4919
38	1
38	177
38	178
38	183
38	4814
39	38
39	39
39	98
39	3074
40	1
40	183
40	4790
40	4799
41	40
41	3443
41	4226
41	4296
41	4299
41	4638
42	5
43	42
44	9
45	7
45	1570
45	1585
45	1629
46	14
46	260
46	1036
46	1047
46	2484
46	3051
46	3537
46	4679
47	181
47	182
48	47
49	48
49	3513
49	3514
49	3517
49	3515
49	3524
49	4122
49	4124
49	4139
49	4365
49	4575
50	49
50	51
51	49
51	4122
51	4127
52	51
52	107
52	359
52	438
52	449
52	518
52	552
52	735
52	1908
52	2568
52	2792
52	2950
52	3244
52	3386
52	3490
52	3985
52	4367
52	4497
52	4499
52	367
52	4244
53	49
53	291
53	294
53	309
53	1128
53	1225
53	1227
53	1252
53	1254
53	1255
53	1320
53	1480
53	1507
53	1886
53	1915
53	1920
53	1953
53	1996
53	2000
53	2266
53	2270
53	2283
53	2280
53	2287
53	2288
53	2289
53	2285
53	2294
53	2302
53	2334
53	2349
53	2348
53	2380
53	2381
53	2382
53	2446
53	2451
53	2470
53	2494
53	2500
53	2502
53	2563
53	2569
53	2607
53	2613
53	2720
53	2728
53	2734
53	2736
53	2737
53	2792
53	2790
53	2910
53	3052
53	3193
53	3219
53	3227
53	3237
53	3239
53	3242
53	3241
53	3245
53	3249
53	3248
53	3255
53	3269
53	3286
53	3321
53	3384
53	3402
53	3427
53	3444
53	3485
53	3541
53	3549
53	3887
53	3889
53	3951
53	3964
53	3972
53	3975
53	4000
53	4018
53	4031
53	4049
53	4051
53	4060
53	4061
53	4091
53	4171
53	4222
53	4228
53	4337
53	4388
53	4548
53	4611
53	4622
53	4766
54	53
54	294
54	462
54	953
54	952
54	961
54	963
54	964
54	965
54	966
54	968
54	969
54	970
54	971
54	982
54	988
54	993
54	1264
54	1514
54	1519
54	1671
54	2613
54	2614
54	2615
54	2623
54	2628
54	2631
54	2635
54	2640
54	2644
54	2645
54	2648
54	2655
54	2667
54	2672
54	3900
54	3916
54	3924
54	4112
55	172
55	190
56	183
57	56
57	132
57	1876
57	2785
57	2896
57	3186
57	3193
57	3206
57	3213
57	3214
57	3270
57	3272
57	3499
57	3501
57	3532
57	3618
57	3947
58	57
58	134
58	1877
58	1906
58	2792
58	3471
58	3960
59	57
59	2888
59	2947
59	2951
59	3094
59	4866
59	4884
59	4888
59	4889
60	62
60	4827
60	4843
61	60
61	176
61	209
61	210
61	211
61	212
61	213
61	214
61	215
61	216
61	217
61	218
61	219
61	231
61	232
61	242
61	393
61	503
61	714
61	768
61	841
61	858
61	861
61	871
61	908
61	917
61	972
61	976
61	1234
61	1242
61	1579
61	1778
61	1777
61	1779
61	1780
61	1799
61	1905
61	1954
61	1956
61	1968
61	1970
61	1986
61	2013
61	2014
61	2057
61	2060
61	2146
61	2148
61	2179
61	2180
61	2187
61	2188
61	2191
61	2198
61	2284
61	2320
61	2346
61	2394
61	1306
61	2541
61	2762
61	3053
61	3094
61	3109
61	3230
61	3370
61	3538
61	4284
61	4285
61	4286
61	4289
61	4334
61	4393
61	4412
61	4477
61	4608
61	4615
61	4705
61	4748
61	4771
62	63
62	1010
62	1012
62	1173
64	63
66	4790
66	4829
66	4831
66	4854
67	66
67	67
67	2040
67	2710
67	2712
67	2759
67	2761
67	4784
68	67
68	68
68	74
68	150
68	1399
68	1401
68	1402
68	1412
68	1414
68	1415
68	1634
68	2514
68	2515
68	2518
68	2519
68	2536
68	2748
68	2749
68	2756
68	2758
68	2759
69	68
69	606
69	2764
70	69
70	603
70	608
71	70
71	196
71	197
71	245
71	248
71	250
71	255
71	258
71	260
71	576
71	585
71	666
71	669
71	675
71	691
71	701
71	702
71	707
71	709
71	711
71	733
71	754
71	755
71	760
71	768
71	801
71	807
71	810
71	812
71	818
71	820
71	821
71	824
71	999
71	1007
71	1014
71	1035
71	1054
71	1062
71	1077
71	1097
71	1102
71	1103
71	1106
71	1114
71	1115
71	1116
71	1118
71	1123
71	1125
71	1127
71	1155
71	1162
71	1166
71	1170
71	1234
71	1270
71	1285
71	1314
71	1327
71	1333
71	1485
71	1493
71	1689
71	1700
71	1760
71	1767
71	1769
71	1770
71	1873
71	1886
71	1929
71	1928
71	1927
71	1931
71	1934
71	1936
71	1937
71	1938
71	1943
71	1947
71	1951
71	1957
71	1960
71	1961
71	1965
71	1982
71	1995
71	1999
71	2006
71	2012
71	2014
71	2130
71	2145
71	2153
71	2180
71	2181
71	2186
71	2276
71	2278
71	2287
71	2294
71	2296
71	2306
71	2325
71	2327
71	2331
71	2347
71	2355
71	2360
71	2395
71	2397
71	2398
71	2448
71	2447
71	2541
71	2542
71	2544
71	2545
71	2547
71	2549
71	2553
71	2561
71	2568
71	2577
71	2689
71	2700
71	2745
71	2763
71	2769
71	2793
71	2804
71	2807
71	2809
71	2845
71	2858
71	2896
71	2910
71	2915
71	2916
71	2917
71	2920
71	2925
71	2926
71	2927
71	2928
71	2930
71	2931
71	2932
71	2934
71	2941
71	2946
71	2966
71	2965
71	2977
71	2978
71	2987
71	3005
71	3006
71	3010
71	3027
71	3040
71	3041
71	3045
71	3049
71	3050
71	3053
71	3059
71	3078
71	3085
71	3088
71	3094
71	3098
71	3145
71	3173
71	3309
71	3328
71	3331
71	3423
71	3440
71	3443
71	3517
71	3549
71	3886
71	3905
71	3942
71	3992
71	4067
71	4288
71	4298
71	4342
71	4348
71	4371
71	4379
71	4396
71	4412
71	4414
71	4416
71	4431
71	4434
71	4440
71	4453
71	4454
71	4459
71	4463
71	4465
71	4470
71	4471
71	4477
71	4497
71	4505
71	4509
71	4512
71	4516
71	4528
71	4554
71	4588
71	4591
71	4600
71	4608
71	4612
71	4618
71	4628
71	4656
71	4660
71	4662
71	4671
71	4689
71	4718
71	4719
71	4720
71	4721
71	4722
71	4746
71	4815
72	67
72	2746
73	66
73	84
73	220
73	230
73	243
73	434
73	1051
73	1225
73	1226
73	1228
73	1246
73	1631
73	1660
73	1691
73	1760
73	1767
73	1811
73	2145
73	2153
73	2293
73	2298
73	2312
73	2317
73	2347
73	2349
73	2380
73	2512
73	2728
73	2757
73	2853
73	2875
73	3003
73	2948
73	3201
73	3279
73	3280
73	3428
73	3429
73	3432
73	3456
73	3458
73	3495
73	3511
73	3556
73	3606
73	3878
73	3905
73	4064
73	4100
73	4408
73	4515
73	4656
73	4662
73	4707
73	4710
73	4738
74	4790
75	74
75	207
75	230
75	241
75	313
75	354
75	1088
75	1591
75	1761
75	1760
75	1840
75	2015
75	2135
75	2153
75	2167
75	2175
75	2179
75	2353
75	2359
75	2361
75	2363
75	2371
75	2374
75	2384
75	2391
75	2516
75	3296
75	3306
75	3380
75	3392
75	3545
75	4072
75	4080
75	4081
75	4266
75	4267
75	4268
75	4269
75	4270
75	4271
75	4272
75	4273
75	4274
75	4275
75	4276
75	4749
75	4756
75	4761
75	4774
75	4791
75	4800
75	4826
75	4842
76	75
77	75
78	75
78	1761
78	2187
78	2404
79	75
79	1761
79	2188
79	2405
80	75
80	80
80	21
80	288
80	1183
80	1198
80	1197
80	1591
80	1676
80	1761
80	1767
80	1806
80	2145
80	2366
80	2604
80	2777
80	2918
80	3109
80	3277
80	3883
80	3893
80	4127
80	4149
80	4253
80	4255
80	4278
80	4744
81	75
81	777
81	1761
81	2914
81	2911
81	3141
81	3142
81	3145
81	3146
81	3309
81	4236
81	4238
81	4417
81	4546
81	4649
82	21
82	82
82	2498
82	2573
82	2574
82	2575
82	2579
82	2749
82	2758
83	82
83	83
83	1152
83	1157
83	1167
83	1548
83	2072
83	2071
83	2145
83	2408
83	3593
84	83
84	1528
85	84
85	1522
86	85
86	83
86	1522
87	84
87	195
87	1521
87	1525
87	1526
87	1529
87	1530
87	1536
87	1541
87	1542
87	1543
87	1544
87	1545
87	1546
87	1547
87	1549
87	1558
87	1560
88	84
88	1563
89	84
89	1521
89	1526
89	1528
89	1536
89	1541
89	1542
89	1543
89	1544
89	1545
89	1546
89	1547
89	1560
89	1563
90	84
91	90
91	1528
91	1535
92	28
93	92
93	3255
93	3256
93	3257
94	93
94	3251
94	3433
95	34
96	173
97	178
97	179
98	177
99	98
99	1577
99	1613
99	1620
99	2025
99	2516
99	2705
99	3442
99	3544
99	3545
99	4072
99	4075
99	4081
100	99
100	375
100	379
100	382
100	435
100	437
100	438
100	439
100	440
100	441
100	442
100	444
100	445
100	446
100	447
100	448
100	449
100	450
100	451
100	452
100	453
100	454
100	472
100	682
100	686
100	725
100	799
100	802
100	803
100	804
100	820
100	821
100	1656
100	1890
100	1906
100	2447
100	1306
100	2568
100	2569
100	2676
100	2683
100	3410
100	3481
100	3531
100	4377
100	4382
100	4406
100	4446
100	4475
100	4476
100	4491
100	4507
100	4513
100	4514
100	4515
100	4601
100	4642
100	1907
103	102
103	3548
103	3556
103	3562
103	3570
103	3582
104	102
105	104
105	3560
105	3561
105	3564
105	3567
105	3568
105	3569
105	3572
105	3573
105	3575
105	3579
105	3583
105	3586
105	3587
105	3590
105	3591
106	105
106	3607
107	105
107	107
107	1879
107	3186
107	3188
107	3226
107	3231
107	3239
107	3498
107	3592
107	3836
107	4060
109	108
111	110
111	112
111	4370
111	4371
111	4579
111	4580
112	111
113	112
113	285
113	1873
113	2800
113	3165
113	3169
113	3176
113	3259
113	3258
113	3263
113	3265
113	3270
113	3283
113	3282
113	3291
113	3292
113	3505
113	3511
113	3526
113	4135
113	4918
114	112
114	451
114	479
114	481
114	486
114	3258
114	3267
114	3268
114	3270
114	3291
114	3292
114	3293
114	3294
114	3295
114	3526
114	3904
114	4121
114	4125
114	4127
114	4142
114	4151
115	111
115	1904
115	3437
115	3528
115	3876
115	4061
116	115
116	3403
116	3719
116	3876
117	115
117	110
117	4369
117	4371
117	4578
117	4580
118	115
118	833
118	1128
118	1136
118	1184
118	1189
118	1191
118	1190
118	1193
118	1196
118	1199
118	1202
118	1228
118	1236
118	1244
118	1246
118	1362
118	1380
118	1382
118	1388
118	1665
118	1686
118	1805
118	1912
118	2275
118	2278
118	2332
118	2340
118	2338
118	2350
118	2356
118	2467
118	2605
118	2704
118	2728
118	2759
118	2761
118	2910
118	3136
118	3322
118	3370
118	3366
118	3372
118	3373
118	3375
118	3376
118	3378
118	3381
118	3385
118	3447
118	3876
118	3885
118	3886
118	4000
118	4220
118	4401
118	4805
119	115
119	366
119	369
119	581
119	1399
119	1401
119	1402
119	1412
119	1414
119	1415
119	1797
119	2673
119	2728
119	2822
119	2962
119	3281
119	3284
119	3414
119	3539
119	3887
119	4003
119	4180
119	4218
120	115
120	132
120	252
120	1011
120	1064
120	1071
120	1077
120	1082
120	1108
120	1128
120	1173
120	1359
120	1377
120	1381
120	1387
120	2466
120	2604
120	2703
120	2728
120	2759
120	2761
120	2914
120	2911
120	3323
120	3321
120	3373
120	3379
120	3538
120	3876
120	3887
120	3982
120	4166
120	4236
120	4310
120	4783
121	120
121	132
121	134
121	246
121	256
121	374
121	379
121	382
121	395
121	409
121	424
121	439
121	441
121	452
121	472
121	575
121	663
121	690
121	698
121	706
121	711
121	719
121	723
121	725
121	735
121	755
121	760
121	1097
121	1906
121	1306
121	2494
121	2516
121	2568
121	2911
121	3314
121	3410
121	3438
121	3481
121	3480
121	3532
121	3951
121	3980
121	4081
121	4309
121	4311
121	4318
121	4323
121	4333
121	4334
121	4382
121	4396
121	4402
121	4406
121	4430
121	4451
121	4457
121	4459
121	4462
121	4469
121	4472
121	4479
121	4491
121	4499
121	4572
121	4595
121	4598
121	4608
121	4609
121	4610
121	4628
121	4634
121	4633
121	4635
121	4642
121	4660
121	367
121	372
124	123
124	1914
124	3509
124	3510
124	4380
124	4589
126	125
126	131
126	130
126	1884
126	2895
126	2896
126	3507
126	3508
126	3530
126	3529
126	3534
126	3538
126	4372
126	4374
126	4581
126	4583
128	127
128	2797
128	2798
128	2808
128	2809
128	3057
128	3175
128	3176
128	3179
128	3180
128	3181
128	3182
128	3183
128	3184
128	3185
128	3187
128	3188
128	3189
128	3190
128	3191
128	3192
128	3195
128	3196
128	3198
128	3199
128	3200
128	3202
128	3203
128	3204
128	3207
128	3208
128	3291
128	3292
128	3295
128	3393
128	3891
128	4337
128	4548
129	128
129	3165
129	3258
129	3265
129	3266
129	3288
129	3290
131	130
131	1886
131	3508
131	4374
131	4583
132	131
132	2896
132	3530
133	132
133	3609
134	132
134	3532
134	3538
135	132
135	1903
135	2512
135	2516
135	3099
135	3392
135	3393
135	3401
135	3404
135	3406
135	3408
135	3409
135	3411
135	3412
135	3433
135	3445
135	3448
135	3452
135	3453
135	3457
135	3458
135	3462
135	3466
135	3469
135	3477
135	3485
135	3487
135	3497
135	3498
135	3499
135	3719
135	4000
135	4081
137	136
137	141
137	4051
137	4545
139	138
139	145
139	4007
139	4031
139	4032
139	4034
139	4048
140	139
140	4037
140	4040
140	4045
140	4049
140	4050
140	4056
140	4057
141	140
141	1929
141	2012
142	141
142	142
142	4040
144	143
145	144
145	4055
147	146
147	2604
147	2605
147	2606
147	2608
148	147
148	1060
148	1329
148	1386
148	1637
148	2423
148	2425
148	2430
148	2431
148	2443
148	2453
148	2454
148	2456
148	2457
148	2462
148	2463
148	2470
148	2577
148	2587
148	2597
148	2601
148	2602
148	2603
148	2677
148	2682
148	2720
148	2735
148	4303
148	4335
148	4593
148	4790
150	149
151	150
151	1685
151	2135
151	2179
152	150
152	159
152	1685
152	1689
152	2060
152	2131
152	2135
152	2145
152	2148
152	2144
152	2179
152	2180
152	2460
152	2576
154	153
154	1638
154	2458
154	2461
154	2464
154	2753
154	2754
154	2755
154	2757
156	155
156	1637
156	2432
156	2459
156	2463
156	2465
156	2742
156	2752
156	2756
157	155
157	1118
157	1145
157	1148
157	1163
157	2406
157	2408
157	2409
157	2410
157	2432
157	2444
157	2460
157	2462
157	2463
157	2465
157	2551
157	2552
157	2554
157	2555
157	2556
157	2557
157	2558
157	2559
157	2560
157	2561
157	2579
157	2691
157	2692
157	2749
157	2758
157	3905
159	158
160	159
160	1689
160	1693
160	2146
160	2180
160	2576
161	159
161	165
161	2688
161	2739
163	162
163	2760
165	164
165	2403
165	2590
165	2715
165	2717
165	2730
170	171
175	174
175	364
175	600
175	712
175	1833
175	2727
175	3403
175	4221
175	4248
175	4262
175	4466
185	184
185	1946
185	2008
185	2019
185	3387
185	3425
185	3613
185	4079
186	185
186	1175
186	3080
186	4148
186	4697
187	186
187	336
187	647
187	656
187	661
187	788
187	831
187	841
187	1250
187	1683
187	1687
187	1790
187	2016
187	2028
187	2199
187	2201
187	2202
187	2203
187	2204
187	2205
187	2206
187	2207
187	2215
187	2216
187	2311
187	2343
187	2365
187	2680
187	3120
187	3122
187	3124
187	3125
187	3127
187	3128
187	3129
187	3132
187	3133
187	3135
187	3136
187	3137
187	3139
187	3140
187	3147
187	3148
187	3149
187	3150
187	3151
187	3152
187	3153
187	3154
187	3155
187	3160
187	3161
187	3163
187	3164
187	3383
187	4252
187	4254
187	4263
187	4277
187	4280
187	4421
187	4428
187	4786
188	187
188	199
188	240
188	362
188	364
188	487
188	550
188	602
188	610
188	679
188	727
188	839
188	903
188	919
188	951
188	996
188	1099
188	1539
188	2133
188	2908
188	3111
188	3336
188	3420
188	3504
188	4107
188	4232
188	4444
188	4493
190	4836
190	4860
192	191
192	195
192	397
192	409
192	419
192	1378
192	1386
192	1360
192	1688
193	194
199	202
201	200
206	205
206	243
206	1760
207	206
207	2167
222	229
222	230
223	222
223	497
223	500
223	510
223	4304
225	224
225	1868
225	2165
225	2182
225	2194
225	2196
225	2197
226	225
228	227
234	233
234	349
234	1040
234	1088
234	1713
234	1714
234	1767
234	1775
234	1837
234	1838
234	1845
234	1854
234	1855
234	1894
234	2153
234	2181
234	2186
234	2191
234	2196
234	3298
234	4268
234	4275
234	4749
234	4756
234	4759
234	4761
234	4774
235	234
235	241
235	336
235	355
235	1088
235	1701
235	1702
235	1757
235	1767
235	1793
235	1825
235	1827
235	1837
235	1848
235	1857
235	1855
235	2145
235	2144
235	2153
235	2186
235	2191
235	2196
235	2350
235	2941
235	3298
235	3301
235	4268
235	4274
235	4275
235	4749
235	4756
235	4759
235	4761
235	4774
235	4779
236	235
236	1824
236	1836
236	1838
236	2191
236	2196
237	236
237	835
239	238
239	2043
239	2139
239	2145
239	2198
239	2409
239	2707
239	3697
239	3714
239	4086
239	4239
239	4258
239	4259
239	4535
242	241
242	243
242	4692
242	4695
241	4695
243	4691
244	243
244	459
244	578
244	1673
244	1680
244	2137
244	3909
244	3919
244	3927
244	4113
246	245
246	250
246	248
246	1929
246	1947
247	248
249	248
249	1943
250	248
251	250
251	260
252	251
252	1042
252	3367
252	3375
252	3377
252	3981
252	4401
252	4659
253	252
253	663
253	690
253	698
253	706
253	711
253	735
253	755
253	760
253	1041
253	1097
253	3314
253	3321
253	4309
253	4311
253	4318
253	4323
253	4333
253	4334
253	4396
253	4402
253	4430
253	4451
253	4459
253	4462
253	4469
253	4472
253	4479
253	4499
253	4572
253	4595
253	4598
253	4608
253	4609
253	4610
253	4628
253	4634
253	4633
253	4635
253	4660
254	251
254	1944
254	1996
254	1998
254	3337
254	3338
254	4309
256	255
256	258
256	1987
256	2006
256	2009
256	2012
257	258
259	258
259	2001
260	258
262	261
264	263
264	2219
264	2220
264	2221
264	2222
264	2223
264	2224
264	2225
264	2226
264	2227
264	2228
264	2229
264	2230
264	2231
264	2232
264	2233
264	2234
264	2235
264	2236
264	2237
264	2238
264	2239
264	2240
264	2241
264	2242
264	2243
264	2244
264	2245
264	2246
264	2247
264	2248
264	2249
264	2250
264	2251
264	2252
264	2253
264	2254
264	2255
264	2256
264	2257
264	2258
264	2259
264	2260
264	2261
264	2262
264	2263
264	2264
265	264
265	2287
267	266
267	268
267	269
267	271
267	272
267	273
267	274
267	275
266	270
268	270
269	270
271	270
270	310
272	270
273	270
273	310
274	273
274	270
275	270
276	280
276	281
276	283
276	285
276	286
277	276
277	1619
277	2871
277	3178
279	278
279	280
279	289
279	3260
279	3938
279	4097
279	4151
279	4178
279	4181
282	281
282	2905
282	2904
282	3170
282	3258
282	3261
282	3260
282	3263
282	3265
282	3620
282	4092
284	283
287	286
287	3194
287	4004
287	4008
287	4009
287	4137
288	309
290	289
290	1870
290	2295
290	2336
290	4701
292	291
292	293
292	295
294	293
294	294
294	2595
294	2614
294	2792
294	2804
294	3246
295	309
296	299
296	303
296	305
296	308
296	310
297	296
298	296
300	299
300	303
300	305
300	308
301	299
301	303
301	305
301	308
301	310
302	299
302	303
302	305
302	308
304	303
306	305
306	308
312	311
312	314
312	319
312	321
312	320
312	326
312	329
312	330
312	331
312	332
312	333
312	334
312	351
312	1895
312	1923
312	1924
312	1966
312	1979
312	2768
312	2769
312	2771
312	2772
312	2773
312	3071
312	3073
312	3075
312	3299
312	3300
312	3303
312	4292
312	4424
311	314
311	319
311	321
311	322
311	323
311	325
311	327
311	330
311	331
311	332
311	333
311	1895
311	1923
311	1924
311	1925
311	1963
311	1964
311	1966
311	1967
311	1969
311	1971
311	1972
311	1973
311	1974
311	1977
311	1978
311	1979
311	1980
311	1982
311	2768
311	2769
311	2771
311	2772
311	2773
311	3071
311	3073
311	3075
311	3299
311	3300
311	3301
311	3302
311	3303
311	4292
311	4423
311	4424
314	313
314	315
314	351
315	313
318	317
321	320
321	324
321	326
321	328
321	334
321	1893
324	329
336	335
336	337
336	338
336	339
336	340
336	341
336	342
336	343
336	344
336	345
336	346
336	347
336	348
336	350
336	2766
336	2767
336	2770
336	2774
336	3297
353	353
355	355
357	357
359	359
360	359
360	2040
360	2510
360	2592
360	2594
360	4290
360	4311
360	4379
360	4381
360	4588
360	4590
360	4634
360	4700
361	359
361	375
361	374
361	379
361	437
361	438
361	439
361	443
361	445
361	446
361	448
361	450
361	451
361	452
361	454
361	566
361	799
361	802
361	804
361	820
361	821
361	2194
361	2280
361	2381
361	2382
361	3452
361	3458
361	3462
361	3465
361	3481
361	3487
361	3497
361	3498
361	3499
361	3545
361	4072
361	4382
361	4406
361	4507
361	4514
361	4515
361	4584
361	4642
361	4700
363	362
363	364
365	364
365	379
365	382
365	568
365	711
365	1097
365	2722
365	3403
365	4289
367	366
367	369
367	3879
369	368
369	377
369	382
370	368
370	377
370	382
371	368
371	418
371	419
371	1112
371	2673
371	2682
371	4594
371	4790
372	368
372	2606
372	2608
373	368
373	377
373	382
375	374
374	3458
376	375
376	379
376	430
376	435
376	442
376	444
376	450
376	453
376	586
376	1285
376	1288
376	1280
376	1503
376	1616
376	1622
376	1306
376	4353
376	4363
376	4565
376	2172
376	4706
377	374
377	380
378	377
378	382
380	379
381	379
381	4692
383	382
383	646
383	1815
383	2309
383	3604
383	4390
382	3482
384	382
385	382
385	3483
387	386
387	388
387	389
390	389
391	391
392	393
392	2467
392	4612
395	394
395	409
395	424
395	1367
395	1365
395	1385
395	2497
395	2499
395	2587
395	3411
394	409
394	424
396	395
396	1618
396	2024
396	2033
396	2034
396	2036
396	2035
396	2032
396	2673
396	2682
398	397
398	409
398	421
398	459
398	551
398	852
398	936
398	955
398	1541
398	1542
398	1543
398	1544
398	1545
398	1546
398	1547
398	1669
398	1673
398	2168
398	2472
398	2479
398	2504
398	2692
398	3909
398	3910
398	3914
398	3919
398	3922
398	3927
398	4110
398	4113
398	4256
398	4536
400	399
400	405
401	400
401	399
401	414
401	415
401	421
401	455
401	1541
401	1542
401	1543
401	1544
401	1545
401	1546
401	1547
401	1637
401	1669
401	2168
401	2463
401	2749
401	2758
401	3910
401	3914
401	3922
401	4110
402	400
402	406
402	414
402	415
404	403
407	406
409	408
409	409
409	467
409	476
409	481
409	2494
409	2526
409	2532
409	2534
409	2589
409	2681
409	2716
409	2720
409	2722
409	2735
409	2825
409	2845
409	2862
409	3070
409	3105
409	3106
409	3979
409	4009
409	4092
409	4095
409	4098
409	4130
409	4135
409	4137
409	4146
410	408
412	411
412	420
412	1303
412	1316
412	1548
412	1637
412	2463
412	2512
412	2683
412	2699
412	2749
412	2758
412	3423
412	4747
411	414
411	415
413	411
413	420
413	542
413	696
413	736
413	792
413	1150
413	1164
413	2269
413	2284
413	2317
413	2320
413	2330
413	2635
413	4405
413	4530
413	4594
413	4636
417	416
417	4713
421	474
421	2692
422	2950
422	3094
424	423
426	425
427	425
427	1591
427	2692
427	2878
427	3571
429	428
429	3070
429	4892
431	430
431	432
431	434
431	1756
431	1759
431	1775
431	1776
431	1797
431	1837
431	1838
431	1862
431	1863
431	1887
431	1888
431	1889
431	1892
431	1901
431	1902
431	4003
431	4707
431	4885
431	4887
433	432
433	1132
433	2183
433	2592
433	2887
433	4222
433	4370
433	4381
433	4579
433	4590
436	435
436	1306
436	4321
436	4324
436	4662
444	443
444	752
444	2570
444	2683
444	3409
444	4475
444	4669
450	468
450	803
450	1614
450	1623
450	2444
450	2512
450	4080
450	4513
456	455
455	459
455	461
458	457
458	467
458	473
458	478
458	479
458	3903
457	461
460	459
460	461
459	461
462	461
462	462
462	463
464	463
464	917
464	922
464	1528
464	1670
464	3428
464	3912
464	3915
464	3923
464	4111
464	4694
466	465
466	922
466	1672
466	3913
466	3921
466	3929
466	4118
468	473
469	468
469	469
469	474
469	2444
469	2512
469	2692
470	469
471	469
472	468
472	474
472	2444
472	2568
472	2690
472	2692
474	2512
475	474
477	476
480	479
480	482
480	485
480	486
480	491
483	482
483	866
485	484
485	488
485	489
485	493
487	492
488	488
490	489
490	982
490	988
490	3595
490	4398
490	4631
496	495
496	497
496	500
496	510
496	511
498	497
498	2151
499	497
499	2151
501	500
501	503
501	511
501	833
501	2396
501	2408
501	2415
501	2562
501	2573
501	2574
501	3795
501	4352
501	4401
501	4615
504	503
505	503
505	2887
505	3309
505	4304
506	503
506	507
506	509
508	507
508	509
513	512
513	3317
515	514
517	516
517	519
517	520
517	521
517	522
517	524
517	525
517	526
517	527
517	533
518	517
518	528
523	522
523	524
523	4544
530	529
530	897
530	907
530	972
531	529
532	3325
532	3334
534	534
534	537
534	3538
535	534
536	534
537	3538
538	537
539	537
545	544
545	3717
545	4295
545	4536
546	547
547	547
547	548
550	554
553	552
553	4367
557	556
557	802
557	3421
557	3464
557	4237
557	4507
558	557
559	557
561	560
561	563
562	560
564	563
565	599
565	2588
565	4592
565	4811
567	566
569	568
569	711
569	923
569	1097
569	1180
569	1565
569	4419
569	4653
569	4722
574	573
575	574
575	576
575	577
575	578
575	579
575	581
575	582
575	583
575	2466
575	2467
575	2494
575	2497
575	2499
575	3069
575	3411
575	4638
575	367
580	579
587	586
586	2565
588	586
590	589
591	590
591	594
593	592
593	595
598	597
598	4352
598	4615
600	601
604	603
604	646
604	847
604	3517
604	3524
604	3525
604	3547
604	3596
607	606
606	2696
609	608
609	1150
609	1164
610	611
614	613
614	616
614	617
614	619
614	1200
614	2345
614	4257
615	614
615	613
615	616
615	617
615	1234
615	2503
615	3889
615	4624
619	618
619	619
619	628
619	629
619	636
619	638
619	641
619	649
619	651
619	3873
618	632
618	633
618	634
618	635
618	637
618	639
618	640
618	642
618	643
618	644
618	645
620	619
620	861
620	871
620	913
621	620
622	621
622	4903
623	622
623	865
623	868
623	909
623	911
623	4900
623	4901
623	4902
623	4906
623	4907
623	4908
623	4912
623	4913
624	621
624	868
624	4897
624	4903
624	4904
624	4907
624	4909
625	619
625	894
626	625
626	849
626	850
626	851
626	852
626	854
626	861
626	874
626	884
626	885
626	890
626	893
626	895
626	896
626	898
626	902
626	904
626	906
627	619
627	841
627	1200
627	1756
627	1759
627	1968
627	1970
627	3053
627	4062
628	630
632	631
646	652
646	654
649	648
649	650
653	652
653	861
653	871
653	924
653	996
653	4509
658	657
658	1778
658	1777
658	1780
658	2145
658	2170
658	2296
658	2349
658	2347
657	657
660	659
661	660
661	688
661	713
661	726
661	815
661	4336
663	662
663	667
663	671
663	672
663	675
663	807
662	669
665	664
667	666
671	670
671	673
671	674
677	676
677	678
677	700
677	707
677	755
677	760
677	829
677	4441
677	4443
677	4452
677	4463
677	4469
677	4475
677	4477
677	4536
677	4660
676	717
676	818
678	680
678	684
680	818
681	680
681	4445
681	4516
683	682
683	725
683	820
683	4701
684	682
684	686
684	721
684	818
684	824
685	684
685	721
685	809
685	823
685	4316
685	4393
687	686
687	810
687	821
690	689
690	692
690	694
690	695
690	696
690	828
690	4384
690	4385
691	689
693	692
698	697
698	700
698	704
697	701
697	702
699	697
699	705
699	4459
703	702
703	4454
706	705
706	707
706	755
706	830
710	709
710	4312
710	4339
710	4825
711	710
715	714
716	714
718	717
718	819
717	721
720	719
720	723
721	724
723	722
723	811
723	814
722	804
724	725
724	803
724	804
724	824
730	729
730	732
730	4313
731	730
734	733
735	734
735	737
735	740
735	4383
739	738
740	739
740	810
740	4393
742	741
744	743
744	997
749	748
749	4419
751	750
751	4282
753	752
756	768
758	775
758	778
760	762
762	761
762	812
762	826
766	765
766	4309
767	766
767	4310
768	765
768	781
768	4307
768	4308
768	4321
768	4322
768	4332
768	4339
769	768
770	768
770	4284
770	4662
771	768
771	3145
771	4417
771	4649
771	4662
772	768
772	789
773	765
773	775
773	778
773	1041
773	1564
773	2037
773	3371
773	3370
773	3397
773	3897
773	4284
775	774
775	794
775	810
775	828
775	830
775	2003
776	775
776	778
776	779
776	795
776	796
778	777
781	780
781	4307
781	4308
781	4321
781	4322
781	4332
782	781
783	781
783	1108
783	4657
784	781
784	4657
785	781
785	830
785	3053
785	3333
785	4662
786	781
786	790
786	792
788	787
791	790
791	1033
791	1063
791	1064
791	1071
791	1070
791	1162
791	2421
791	2422
791	2700
791	3309
791	3947
791	4406
791	4642
791	4662
797	796
799	798
799	4495
808	810
811	810
811	822
811	824
812	810
813	810
814	810
817	816
817	822
817	823
819	818
819	824
823	822
834	833
834	837
834	838
833	1761
836	835
835	1701
835	2169
840	836
841	1872
844	843
844	865
844	973
844	974
843	853
843	892
845	843
848	847
849	876
849	877
849	879
849	899
849	900
849	905
849	914
849	916
856	855
856	859
855	891
857	855
857	873
857	886
857	891
858	857
858	858
859	873
859	886
860	859
861	860
861	861
862	861
863	861
863	865
863	910
863	924
864	861
864	910
864	974
865	861
865	924
866	861
866	897
866	907
866	910
866	972
867	861
867	924
867	947
867	971
868	861
868	924
869	861
869	871
869	973
870	861
871	861
872	871
873	860
876	875
879	878
879	915
881	880
883	882
888	887
889	887
889	929
889	2000
889	3599
909	908
911	910
912	910
912	1516
912	2646
912	4869
912	4870
912	4871
912	4872
912	4873
912	4874
912	4875
912	4876
912	4877
912	4878
912	4879
912	4880
912	4882
912	4883
917	920
917	921
926	925
927	926
928	926
929	926
930	929
930	930
931	926
932	926
934	961
936	958
937	936
937	959
939	938
939	939
939	940
939	941
939	943
939	944
939	945
939	961
940	942
947	946
948	947
949	947
950	946
950	953
950	1956
950	1962
950	2179
953	952
953	953
953	961
953	963
953	964
953	965
953	966
953	967
953	968
953	969
953	970
953	971
952	952
952	961
956	955
956	958
956	959
956	960
955	958
957	958
958	961
959	958
960	958
961	3715
972	972
977	976
981	980
981	3549
981	4397
981	4630
983	982
983	3597
983	3606
984	982
985	982
985	988
985	2684
985	3600
986	982
986	988
992	991
997	997
997	1050
998	997
998	2296
1000	999
1002	1001
1001	1003
1001	1004
1006	1005
1008	1006
1013	1012
1013	1024
1016	1015
1017	1016
1017	1069
1018	1015
1019	1015
1022	1021
1022	1023
1022	1081
1022	2064
1022	2075
1022	2079
1024	1024
1025	1024
1025	1098
1026	1024
1026	1092
1027	1024
1029	1028
1030	1029
1030	1040
1030	1049
1031	1030
1031	1037
1031	1044
1031	1046
1031	1048
1032	1031
1032	1050
1032	1101
1033	1032
1033	1039
1033	1119
1033	1170
1034	1033
1034	1043
1034	1045
1034	1052
1034	1054
1034	1057
1034	1058
1034	1105
1034	1125
1034	1166
1036	1035
1038	1037
1039	1054
1041	1040
1041	1094
1041	4546
1042	1041
1060	1059
1060	1061
1060	2502
1060	2510
1060	2588
1060	2602
1060	2607
1060	2609
1060	4302
1062	1074
1065	1064
1064	1077
1064	1108
1066	1064
1066	1067
1066	1074
1067	1064
1067	1108
1068	1067
1069	1069
1070	1108
1071	1070
1071	1108
1072	1071
1073	1071
1074	1108
1075	1074
1076	1075
1076	4868
1079	1078
1080	1078
1080	1087
1080	2749
1080	2758
1080	4416
1082	1085
1084	1083
1084	1085
1084	1086
1084	1092
1090	1089
1091	1098
1093	1092
1095	1094
1095	1096
1095	4423
1095	4465
1095	4639
1095	4837
1095	4841
1096	1095
1097	1095
1098	1172
1098	1179
1101	1100
1101	1107
1100	1129
1104	1103
1104	1106
1107	1106
1107	1122
1109	1108
1109	1160
1110	1108
1111	1110
1118	1117
1118	1138
1118	1140
1117	1121
1119	1118
1119	1132
1119	1140
1119	1145
1121	1120
1124	1123
1124	1125
1124	1127
1126	1125
1129	1131
1131	1130
1132	1134
1132	1143
1134	1133
1134	1135
1138	1137
1140	1139
1140	1141
1140	1142
1147	1146
1149	1148
1149	1163
1161	1160
1166	1165
1166	1167
1166	1168
1166	1169
1175	1174
1175	1178
1178	1177
1180	1179
1180	1633
1180	1954
1180	2013
1180	2014
1180	3109
1180	4420
1180	4690
1183	1182
1183	1221
1183	1643
1183	1898
1183	2339
1183	2910
1183	3321
1183	3885
1183	3886
1183	3887
1183	3888
1183	4227
1182	1189
1182	1191
1182	1196
1184	1183
1184	1232
1185	1183
1185	1201
1185	1221
1185	1241
1185	1809
1185	2342
1185	2350
1185	2356
1185	2385
1185	3156
1185	3382
1186	1183
1186	1232
1186	1236
1186	1811
1187	1186
1187	1810
1187	2174
1187	4223
1188	1183
1188	1194
1188	1642
1191	1190
1191	1192
1191	1193
1191	1199
1190	4234
1193	4240
1196	1195
1196	1197
1195	1760
1198	1197
1198	2915
1198	4403
1199	4264
1201	2386
1203	1202
1203	2175
1202	1237
1204	1205
1204	1206
1204	1207
1204	1208
1209	1210
1209	1212
1209	1213
1209	1214
1210	1211
1210	1204
1215	1216
1215	1217
1215	1218
1215	1209
1218	1219
1218	1220
1223	1222
1224	1223
1224	1225
1224	1227
1225	1223
1225	1225
1229	1228
1228	1228
1230	1228
1230	3117
1230	3118
1230	4705
1232	1231
1232	2332
1232	3157
1232	3884
1232	3898
1232	4738
1231	3882
1235	1234
1236	2909
1239	1238
1239	2388
1239	2917
1239	3323
1239	3897
1239	4632
1240	1239
1240	2388
1240	2916
1240	3888
1240	4404
1243	1242
1243	3145
1247	1246
1247	2218
1252	1251
1252	1262
1254	1253
1254	1257
1254	1258
1254	1260
1255	1256
1255	1259
1262	2288
1262	2889
1264	1639
1264	1666
1264	2295
1264	2312
1264	2368
1264	2381
1264	2382
1264	2595
1264	2615
1264	3119
1264	3237
1264	3253
1264	3486
1266	1265
1266	1268
1266	1272
1266	1275
1266	1276
1266	1277
1266	1321
1266	1322
1266	1323
1266	1324
1266	1325
1267	1266
1267	1270
1267	1333
1267	1334
1270	1269
1270	1271
1270	1273
1270	1274
1279	1278
1279	1289
1279	1297
1279	1299
1279	1300
1280	1279
1280	1282
1282	1281
1282	1294
1282	1295
1282	1296
1282	1298
1282	1301
1284	1283
1285	1284
1285	1291
1287	1286
1288	1287
1288	1293
1291	1290
1293	1292
1302	1285
1302	1288
1302	1314
1302	1280
1302	1320
1303	1285
1303	1316
1303	1304
1304	1285
1304	1280
1304	1328
1304	1332
1305	1285
1305	1288
1305	1280
1305	1432
1305	1505
1305	1506
1306	1285
1306	1280
1307	1285
1307	1280
1307	1905
1308	1285
1308	1280
1308	3053
1308	3144
1309	1285
1309	1280
1310	1288
1310	1637
1310	2432
1310	2444
1310	2465
1310	2579
1310	2580
1310	2592
1310	2756
1311	1288
1312	1288
1313	1288
1314	1317
1314	1318
1314	1319
1315	1314
1316	1280
1316	1326
1329	1304
1330	1329
1330	2454
1331	1304
1331	1588
1331	2512
1334	1335
1334	1336
1334	1337
1339	1338
1339	1341
1339	1342
1339	1345
1339	1346
1339	1347
1340	1339
1340	1344
1340	1394
1340	1350
1344	1343
1349	1348
1349	1351
1349	1354
1349	1355
1349	1357
1350	1349
1350	1353
1350	1393
1350	1395
1350	1396
1350	1397
1350	1398
1353	1352
1353	1356
1359	1358
1359	1374
1360	1359
1360	1362
1360	1387
1360	1388
1362	1361
1362	1372
1362	1373
1362	1375
1364	1363
1365	1364
1365	1371
1365	1383
1365	1384
1367	1366
1368	1367
1368	1378
1368	1365
1368	1385
1368	1386
1368	1360
1368	1389
1369	1367
1369	1365
1369	1385
1369	2479
1369	2480
1369	2497
1369	2499
1369	2587
1369	2722
1369	3411
1371	1370
1377	1376
1378	1377
1378	1380
1378	1381
1378	1382
1380	1379
1386	1391
1386	1392
1390	1389
1400	1399
1400	1401
1400	1402
1399	1404
1399	1409
1399	1410
1401	1403
1401	1408
1402	1405
1402	1406
1402	1407
1402	1411
1413	1412
1413	1414
1413	1415
1412	1417
1412	1422
1412	1423
1414	1418
1414	1419
1414	1420
1414	1424
1415	1416
1415	1421
1429	1428
1429	1446
1429	1483
1429	1485
1429	1487
1429	1490
1429	1491
1429	1494
1431	1430
1431	1438
1431	1439
1431	1440
1431	1441
1432	1431
1432	1434
1432	1447
1432	1448
1434	1433
1434	1442
1434	1443
1434	1444
1436	1435
1436	1437
1445	1432
1445	1449
1445	1458
1445	1470
1445	1471
1445	1476
1445	1477
1445	1479
1445	1481
1445	1482
1445	1484
1445	1486
1445	1489
1445	1492
1445	1493
1449	1450
1449	1451
1449	1453
1449	1455
1453	1452
1453	1456
1455	1454
1455	1457
1458	1459
1458	1460
1458	1462
1458	1467
1462	1461
1462	1463
1462	1464
1462	1465
1467	1466
1467	1468
1467	1469
1470	1472
1470	1474
1471	1473
1471	1475
1479	1478
1479	1480
1496	1495
1497	1495
1498	1495
1500	1499
1502	1501
1504	1503
1504	1505
1504	1506
1504	1507
1503	1512
1503	1513
1503	1518
1507	1506
1508	1507
1508	1514
1508	1519
1508	2682
1508	2685
1509	1508
1509	2656
1510	1508
1510	1514
1510	1519
1510	2628
1510	2631
1510	2635
1510	2640
1510	2645
1510	2644
1510	2648
1510	2656
1510	2667
1510	2672
1511	1508
1511	1514
1511	1519
1511	2623
1511	2628
1511	2631
1511	2635
1511	2640
1511	2645
1511	2644
1511	2648
1511	2655
1511	2656
1511	2663
1511	2667
1511	2672
1514	1513
1514	2682
1515	1514
1515	1519
1515	2623
1515	2628
1515	2631
1515	2635
1515	2640
1515	2644
1515	2645
1515	2648
1515	2655
1515	2663
1515	2667
1515	2672
1516	1514
1517	1516
1517	2646
1517	4869
1517	4870
1517	4871
1517	4872
1517	4873
1517	4874
1517	4875
1517	4876
1517	4877
1517	4878
1517	4879
1517	4882
1517	4883
1519	1518
1519	2682
1522	1521
1522	2071
1522	2145
1522	2482
1522	2573
1521	1528
1521	1551
1523	1522
1524	1521
1524	2266
1524	2294
1524	2297
1524	2293
1524	2317
1524	2325
1524	2382
1525	1541
1525	1543
1525	1544
1525	1545
1525	1546
1525	1547
1526	1525
1526	1528
1526	1542
1527	1526
1527	1541
1527	1542
1527	1543
1527	1544
1527	1545
1527	1546
1527	1547
1528	1526
1530	1536
1532	1531
1532	1532
1532	1533
1534	1537
1534	1558
1536	1535
1537	1536
1539	1538
1541	1540
1543	1542
1550	1549
1553	1552
1553	1554
1554	1555
1554	1556
1554	1557
1560	1559
1562	1561
1565	1564
1565	1572
1565	1583
1565	1588
1564	1568
1564	1626
1564	1627
1564	1628
1566	1565
1566	2916
1566	2917
1567	1565
1567	1588
1567	1611
1569	1568
1569	1572
1569	1583
1569	1628
1571	1570
1571	1629
1572	1571
1572	1585
1574	1573
1574	1594
1574	1630
1575	1574
1577	1576
1577	1610
1578	1577
1578	1579
1580	1579
1580	1588
1580	1611
1580	3086
1581	1579
1581	1582
1581	1596
1583	1585
1583	1586
1583	1593
1584	1583
1584	1586
1584	1593
1584	2040
1584	2700
1584	2749
1584	2758
1584	3418
1584	3423
1584	3992
1584	4784
1587	1586
1587	1626
1588	1587
1588	1593
1588	1611
1588	1627
1589	1588
1589	3086
1590	1587
1590	3003
1591	1587
1591	1625
1592	1587
1592	1625
1596	1595
1596	1598
1596	1599
1596	1600
1596	1607
1596	1608
1598	1597
1598	1601
1598	1602
1598	1603
1598	1604
1598	1605
1598	1606
1610	1609
1610	1612
1610	1614
1609	1615
1611	1610
1611	1615
1611	1617
1612	1619
1612	1621
1613	1612
1613	1621
1613	4080
1613	4081
1614	1623
1614	1624
1617	1616
1617	1622
1616	1619
1616	1624
1618	1617
1618	2024
1618	3074
1618	3423
1618	3538
1620	1619
1620	4080
1622	1621
1622	1623
1636	1635
1636	1942
1636	1985
1636	1994
1636	2567
1636	2884
1636	4187
1636	4285
1636	4288
1636	4415
1636	4648
1640	1639
1640	1651
1640	1653
1640	1660
1643	1644
1643	3879
1646	1645
1646	1649
1646	1650
1645	1649
1645	1650
1647	1645
1647	1662
1647	1663
1647	1665
1648	1647
1648	1651
1648	1668
1652	1651
1652	1653
1652	1652
1652	1661
1654	1652
1654	1664
1654	1667
1654	4698
1654	4704
1654	4706
1654	4708
1655	1654
1655	1843
1655	1851
1655	1860
1655	1871
1655	2178
1655	2381
1655	2382
1655	2166
1655	4706
1655	4915
1656	1655
1656	2312
1656	290
1657	1652
1658	1652
1660	1659
1666	1665
1667	1666
1667	2176
1667	2177
1667	2184
1667	2189
1667	2197
1667	2172
1667	4705
1669	1673
1669	1675
1671	1670
1671	1671
1671	1675
1674	1673
1674	1675
1673	1675
1676	1675
1677	1676
1678	1676
1679	1676
1679	1680
1679	1681
1679	1682
1679	1686
1685	1684
1687	1695
1688	1689
1689	1690
1689	1691
1689	1692
1689	1693
1693	1694
1697	1696
1697	1764
1696	1778
1696	1780
1698	1696
1698	2304
1698	2306
1698	2298
1698	2327
1698	2329
1698	2335
1698	2338
1698	2355
1700	1699
1700	1707
1700	1712
1700	1727
1700	1735
1700	1751
1701	1700
1701	2160
1701	2181
1701	2182
1701	2186
1702	1700
1702	1704
1702	1708
1702	1713
1702	1728
1702	1736
1702	1752
1703	1700
1703	1699
1703	1707
1703	1706
1703	1705
1703	1712
1703	1711
1703	1718
1703	1717
1703	1721
1703	1723
1703	1725
1703	1727
1703	1729
1703	1731
1703	1733
1703	1735
1703	1737
1703	1740
1703	1739
1703	1743
1703	1745
1703	1747
1703	1749
1703	1751
1703	1781
1703	1783
1703	1785
1703	1787
1703	2169
1703	2186
1704	1699
1706	1705
1706	1718
1706	1721
1706	1733
1706	1745
1706	1749
1706	1781
1707	1706
1707	1715
1707	1723
1707	1729
1708	1707
1708	1709
1708	1716
1708	1730
1709	1706
1709	1710
1709	1719
1709	1722
1709	1734
1709	1746
1709	1750
1709	1782
1710	1705
1712	1711
1712	1725
1712	1731
1712	1740
1713	1712
1713	1714
1713	1726
1713	1732
1713	1741
1714	1711
1715	1737
1715	1787
1716	1715
1716	1724
1716	1738
1716	1788
1718	1717
1718	1743
1718	1747
1719	1718
1719	1720
1719	1744
1719	1748
1720	1717
1722	1721
1724	1723
1726	1725
1728	1727
1730	1729
1732	1731
1734	1733
1736	1735
1738	1737
1740	1739
1740	1783
1740	1785
1741	1740
1741	1742
1741	1784
1741	1786
1742	1739
1744	1743
1746	1745
1748	1747
1750	1749
1752	1751
1754	1753
1753	1760
1755	1754
1755	2156
1755	2157
1755	2158
1755	2174
1758	1757
1761	1760
1761	1762
1761	2167
1761	2174
1761	2196
1761	4739
1762	1761
1763	1760
1764	1760
1764	1764
1765	1764
1765	1773
1765	2170
1766	1764
1766	2339
1766	2342
1766	2351
1766	2356
1766	2362
1766	2364
1766	2385
1766	2391
1767	1764
1767	1767
1768	1767
1768	1792
1769	1767
1769	1769
1769	2395
1769	2571
1769	3078
1770	1769
1770	1770
1770	2399
1771	1767
1772	1764
1772	2175
1773	1772
1774	1764
1774	2337
1774	2342
1774	2350
1774	2353
1774	2356
1774	2359
1774	2361
1774	2363
1774	2371
1774	2374
1774	2384
1774	4917
1778	1777
1778	1779
1782	1781
1784	1783
1786	1785
1788	1787
1790	1789
1790	1791
1790	1798
1793	1793
1796	1795
1796	2792
1796	2805
1796	2826
1799	1799
1801	1800
1803	1802
1803	1807
1803	1823
1803	1839
1803	1867
1804	1803
1804	1805
1804	1806
1804	1824
1804	1861
1804	1868
1805	1802
1806	1802
1806	1807
1806	1840
1808	1807
1808	1834
1808	1844
1813	1812
1813	1884
1813	1886
1814	1808
1816	1815
1816	1984
1818	1817
1819	1817
1821	1820
1821	1830
1821	1864
1822	1821
1822	1844
1822	1846
1822	1855
1823	1822
1823	1834
1824	1823
1824	1825
1824	1835
1825	1822
1825	1826
1825	1845
1825	1847
1825	1856
1826	1821
1826	1828
1826	1831
1826	1865
1827	1826
1827	1829
1827	1832
1827	1866
1827	2160
1828	1820
1829	1828
1829	2159
1831	1830
1832	1831
1832	2163
1835	1834
1836	1835
1836	2169
1840	1839
1840	1841
1842	1841
1842	1849
1842	1852
1842	1853
1842	1854
1842	1858
1842	1869
1842	2503
1842	3540
1843	1841
1843	2165
1843	2176
1843	2194
1845	1844
1847	1846
1848	1847
1848	2182
1851	1850
1851	2184
1856	1855
1857	1856
1857	1855
1857	1890
1857	2185
1857	2186
1860	1859
1860	2189
1862	1861
1862	2191
1865	1864
1866	1865
1866	2192
1866	2194
1868	1867
1871	1870
1871	2171
1871	2173
1871	2197
1874	1873
1875	1874
1875	3221
1876	1875
1876	2786
1876	3212
1876	3213
1876	3214
1877	1876
1877	1905
1877	2027
1877	3242
1877	3532
1877	4051
1877	4060
1879	1878
1879	3636
1879	3637
1879	3639
1879	3654
1879	3676
1879	3684
1879	3689
1879	3697
1879	3699
1880	1879
1880	3611
1880	3615
1880	3616
1880	3617
1880	3618
1881	1880
1881	3549
1881	3607
1881	3608
1881	3621
1882	1881
1882	2027
1882	2806
1882	2879
1882	2899
1882	2904
1882	3202
1882	3611
1882	3617
1882	3621
1882	3637
1882	3640
1882	3869
1882	3872
1882	4164
1882	4165
1882	4169
1883	1880
1884	1884
1885	1884
1891	1890
1891	2145
1891	2520
1891	4072
1891	4696
1894	1893
1894	1895
1897	1896
1897	1900
1898	1897
1899	1898
1899	1903
1899	1915
1899	1919
1899	1922
1904	1903
1904	1911
1904	3099
1904	3434
1904	3452
1904	3454
1904	3462
1904	3465
1904	3467
1904	3477
1904	3484
1904	3485
1904	4584
1905	1904
1905	2512
1905	3436
1905	3439
1905	3442
1905	4065
1905	4085
1906	1905
1906	1911
1906	1910
1906	1912
1906	3434
1906	3436
1906	3439
1906	3447
1906	3452
1906	3454
1906	3470
1906	3480
1906	3482
1906	3484
1906	3487
1906	3497
1906	3498
1906	3533
1906	3538
1907	1903
1907	3485
1907	4700
1908	1903
1908	1912
1908	1913
1908	3217
1908	3245
1908	3447
1908	4186
1910	1909
1910	2803
1910	3468
1910	3473
1910	3486
1910	3500
1910	3501
1910	3502
1910	3503
1910	4052
1910	4061
1911	1910
1911	1912
1911	3445
1911	3447
1911	3451
1911	3457
1911	3458
1911	3469
1911	3470
1911	3479
1916	1915
1918	1917
1918	1921
1928	1927
1928	1936
1928	1937
1928	1938
1929	1928
1929	1931
1929	1934
1931	1930
1931	1935
1933	1932
1934	1933
1944	1943
1946	1945
1946	2004
1946	2020
1948	1947
1949	1947
1949	2006
1950	1947
1950	1956
1950	1957
1950	1959
1950	1960
1950	1961
1950	2001
1950	2006
1952	1951
1953	1951
1955	1954
1958	1957
1958	1960
1958	1961
1984	1983
1988	1987
1991	1990
1992	1990
1996	1995
1997	1996
1998	1995
1998	1999
2003	2002
2008	2007
2010	2009
2010	4656
2010	4672
2010	4673
2019	2018
2019	3399
2019	4279
2022	2021
2022	3392
2023	2022
2023	2516
2023	3538
2023	3545
2025	2024
2025	3546
2026	2024
2031	2030
2032	2031
2032	2037
2032	2039
2032	2042
2033	2032
2034	2032
2035	2032
2036	2035
2038	2037
2041	2040
2041	3418
2041	3423
2044	2043
2044	2046
2044	2045
2044	2069
2044	2071
2044	2072
2044	2082
2044	2085
2044	2086
2044	2089
2044	2135
2044	2139
2044	2140
2043	2045
2043	2085
2043	2086
2046	2045
2046	2065
2047	2046
2047	2069
2047	2071
2047	2089
2048	2047
2048	2054
2048	2058
2048	2088
2048	2107
2048	2125
2049	2048
2049	2053
2049	2089
2050	2045
2051	2045
2053	2052
2053	2057
2053	2062
2053	2082
2054	2052
2054	2062
2056	2055
2056	2071
2056	2142
2058	2057
2058	2082
2059	2058
2060	2134
2060	2462
2061	2060
2067	2066
2066	2071
2068	2066
2068	2079
2069	2089
2071	2070
2071	2079
2072	2071
2073	2071
2073	2089
2073	2090
2073	2126
2073	2127
2074	2071
2074	2075
2074	2134
2074	2136
2074	2137
2074	2138
2074	2139
2074	2462
2074	4916
2075	2071
2076	2075
2076	4916
2077	2075
2077	2134
2077	2462
2077	4916
2078	2070
2079	2132
2080	2079
2080	4088
2082	2081
2082	2125
2084	2083
2088	2087
2088	2107
2088	2122
2087	2124
2087	2127
2089	2088
2089	2092
2089	2111
2089	2123
2089	2125
2090	2088
2090	2125
2091	2087
2091	2139
2091	4088
2092	2110
2092	2112
2093	2094
2093	2100
2093	2101
2094	2095
2094	2096
2094	2097
2094	2098
2094	2099
2102	2094
2102	2103
2102	2104
2102	2105
2102	2101
2106	2094
2107	2109
2108	2107
2108	2126
2113	2114
2114	2115
2115	2116
2115	2117
2115	2118
2115	2119
2120	2114
2122	2121
2126	2125
2129	2128
2129	2132
2128	2139
2128	2463
2131	2130
2132	2131
2134	2135
2141	2140
2145	2144
2145	2150
2146	2145
2147	2145
2148	2145
2149	2145
2152	2151
2154	2153
2155	2153
2155	3083
2155	4074
2160	2159
2160	2163
2160	2192
2161	2160
2162	2160
2162	2164
2162	2192
2162	2193
2166	2165
2166	2185
2166	2194
2166	2381
2166	2382
2166	4700
2166	4701
2168	2179
2172	2171
2172	2173
2178	2177
2191	2190
2195	2196
2209	2208
2209	2217
2209	2218
2211	2210
2213	2212
2213	2214
2260	2265
2267	2266
2267	2270
2267	2271
2267	2308
2267	2324
2267	2326
2266	2278
2269	2330
2272	2271
2272	2278
2272	2294
2272	2326
2271	2347
2273	2271
2273	2296
2273	2312
2273	2347
2273	2355
2274	2273
2274	2279
2275	2273
2275	2279
2275	2339
2275	2342
2275	2350
2275	2368
2276	2271
2276	2278
2276	2284
2276	2303
2276	2317
2276	2324
2276	2326
2276	2328
2276	2368
2277	2276
2277	2287
2277	2289
2279	2278
2279	2306
2279	2327
2279	2326
2279	2338
2281	2280
2281	2286
2281	2295
2282	2281
2282	2282
2282	2283
2282	2294
2283	2281
2283	2294
2283	2302
2284	2283
2284	2284
2284	2309
2286	2285
2286	2336
2285	2312
2287	2286
2288	2286
2288	2285
2288	2318
2289	2286
2289	2295
2289	2294
2289	2293
2289	2302
2289	2313
2290	2285
2290	2293
2291	2285
2291	2292
2292	2285
2292	2293
2292	2294
2292	2312
2293	2285
2294	2293
2294	2308
2294	2312
2295	2294
2296	2294
2296	2347
2296	2355
2297	2296
2297	2354
2297	2356
2298	2297
2299	2297
2299	2304
2299	2306
2299	2327
2299	2348
2299	2354
2299	2382
2300	2296
2301	2293
2305	2305
2307	2306
2307	2327
2307	2338
2311	2310
2311	2390
2315	2314
2315	2316
2315	2319
2315	2375
2321	2320
2321	2330
2322	2321
2322	2323
2323	2320
2323	2330
2323	2331
2325	2327
2326	2325
2326	2331
2327	2326
2330	2330
2335	2347
2335	2355
2339	2338
2339	2355
2339	2383
2338	2347
2338	2376
2340	2339
2340	2338
2340	2355
2341	2340
2341	2347
2341	2348
2341	2349
2341	2355
2341	2383
2341	2385
2341	2389
2344	2344
2344	2357
2344	2358
2347	2360
2347	2373
2348	2347
2348	2383
2349	2348
2349	2385
2351	2350
2350	2354
2350	2360
2350	2372
2352	2354
2353	2353
2354	2362
2354	2364
2354	2370
2354	2375
2367	2366
2369	2368
2378	2377
2378	2379
2378	2380
2380	2381
2380	2382
2386	2387
2391	2391
2393	2392
2395	2395
2396	2395
2397	2395
2397	2397
2397	2749
2397	2758
2398	2397
2398	2399
2398	2541
2401	2400
2401	4718
2401	4719
2401	4720
2401	4721
2402	2400
2402	2542
2402	2544
2402	2546
2402	2548
2402	2549
2403	2718
2403	2719
2407	2406
2407	2408
2407	2409
2407	2410
2407	2413
2407	2551
2409	2462
2412	2411
2415	2414
2416	2415
2416	2420
2416	2421
2416	2422
2416	2433
2416	2437
2417	2415
2418	2415
2418	3610
2419	2414
2423	2425
2423	2431
2424	2423
2424	2430
2424	2451
2424	1306
2424	2479
2424	2482
2424	2493
2424	2498
2424	2566
2424	2579
2424	2581
2424	2582
2424	2585
2424	2593
2424	2601
2424	2677
2424	2676
2424	2682
2424	2684
2424	2720
2424	2722
2424	2735
2424	3411
2424	4247
2424	4249
2426	2427
2428	2429
2434	2433
2434	2437
2434	2438
2434	2440
2434	2483
2434	2491
2436	2435
2436	2439
2436	2492
2440	2516
2440	2520
2440	2563
2440	2749
2440	4088
2440	4124
2441	2434
2441	2578
2442	2434
2442	2578
2444	2443
2444	3410
2443	2447
2443	2449
2443	2451
2445	2443
2447	2446
2447	2448
2451	2450
2451	2452
2454	2453
2454	2456
2454	2457
2455	1306
2468	2467
2471	2470
2473	2472
2473	2481
2473	2484
2472	2475
2472	2476
2474	2472
2474	2478
2474	2714
2474	2715
2476	2477
2478	2481
2480	2481
2481	2482
2482	2484
2482	2735
2483	2482
2483	2483
2483	2493
2483	2497
2483	2499
2483	2526
2483	2534
2483	2708
2483	2735
2486	2485
2485	2487
2485	2488
2485	2489
2485	2490
2494	3968
2495	2494
2495	3979
2495	4074
2495	4084
2495	4092
2495	4095
2495	4130
2495	4135
2495	4146
2496	2495
2496	4239
2496	4250
2498	2497
2498	2499
2501	2500
2501	2502
2501	4790
2500	2502
2503	2503
2505	2504
2505	2506
2507	2506
2507	4259
2508	2506
2510	2509
2510	2511
2517	2516
2522	2521
2522	2524
2522	2525
2522	2538
2523	2521
2523	2524
2523	2525
2523	2537
2527	2526
2527	2534
2527	4074
2527	4075
2529	2528
2529	2531
2529	2535
2529	2540
2530	2528
2530	2531
2530	2535
2530	2539
2533	2532
2533	2534
2543	2542
2546	2545
2546	2547
2550	2549
2550	4721
2553	2552
2553	2556
2553	2558
2553	2559
2553	2560
2563	2562
2564	2563
2564	2579
2564	2749
2564	2758
2566	2565
2566	2581
2566	2583
2568	2569
2570	2569
2570	2676
2585	2584
2587	2586
2591	2590
2591	2686
2591	2711
2591	2712
2591	2739
2596	2595
2596	2601
2598	2427
2599	2600
2601	2676
2603	2602
2603	4303
2603	4304
2603	4307
2603	4308
2610	2611
2612	2611
2617	2616
2617	2620
2617	2624
2617	2626
2617	2633
2617	2636
2617	2638
2617	2642
2617	2650
2617	2652
2617	2657
2617	2659
2617	2668
2617	2670
2619	2618
2619	2625
2619	2629
2619	2632
2619	2637
2619	2641
2619	2651
2619	2658
2619	2661
2619	2665
2619	2669
2622	2621
2622	2627
2622	2630
2622	2634
2622	2639
2622	2643
2622	2647
2622	2649
2622	2653
2622	2654
2622	2660
2622	2662
2622	2666
2622	2671
2623	2685
2631	2673
2631	2683
2645	2644
2646	2644
2656	2676
2656	2682
2663	2685
2664	2663
2674	2673
2674	2676
2674	2682
2674	2683
2677	2676
2678	2677
2678	2681
2680	2679
2680	2743
2680	2744
2687	2686
2687	4371
2690	2689
2693	2692
2693	2694
2697	2696
2697	2698
2697	2703
2697	2704
2697	2705
2701	2700
2701	2706
2701	2697
2702	2700
2709	2708
2711	2710
2711	2714
2711	2723
2713	2712
2713	2760
2722	2721
2722	2729
2723	2724
2723	2725
2723	2726
2730	2731
2730	2732
2730	2733
2735	2736
2735	2738
2736	2737
2747	2746
2750	2749
2750	2758
2751	2749
2751	2758
2768	2773
2769	2768
2776	2775
2776	2795
2776	2809
2777	2775
2777	2785
2777	2795
2777	2796
2777	2801
2777	2803
2777	2809
2777	2896
2778	2777
2779	2778
2779	2896
2779	2910
2779	2939
2779	2989
2779	3053
2779	3101
2779	4800
2780	2775
2780	2781
2780	2782
2784	2783
2784	2969
2784	2972
2784	3050
2783	2783
2786	2785
2785	2803
2787	2785
2787	2816
2787	2854
2787	2856
2787	2962
2787	3027
2788	2787
2788	2812
2788	2813
2789	2785
2789	2962
2791	2790
2791	2804
2792	2790
2794	2793
2794	2945
2794	2967
2794	3052
2794	3101
2793	2795
2795	3056
2796	2795
2796	2938
2796	2987
2800	2799
2800	3105
2800	3106
2800	3174
2800	3210
2800	3267
2800	3268
2800	3277
2800	3279
2800	3280
2800	3293
2800	3294
2802	2801
2801	2935
2801	2985
2806	2970
2806	2971
2811	2810
2811	2819
2811	2820
2811	2821
2811	2828
2811	2833
2811	2837
2810	2838
2810	2887
2812	2811
2812	2816
2813	2811
2813	2820
2813	2821
2813	2828
2813	2837
2814	2810
2814	2867
2814	2869
2814	3101
2815	2814
2816	2815
2816	2854
2816	2856
2817	2814
2817	2867
2818	2817
2818	2855
2818	2858
2818	2869
2818	2886
2818	2890
2818	2891
2820	2831
2820	2832
2821	2829
2821	2830
2821	2834
2821	2836
2823	2822
2824	2823
2824	2825
2824	2827
2826	2855
2826	2868
2826	2869
2828	2835
2840	2839
2840	2842
2840	2843
2840	2844
2840	2847
2841	2840
2841	2939
2841	2989
2846	2845
2846	2862
2846	2863
2846	2864
2846	2865
2846	2871
2845	2848
2845	2849
2845	2850
2845	2851
2845	2852
2854	2853
2854	2859
2854	2866
2854	2867
2854	2868
2854	2869
2854	2870
2855	2853
2855	2860
2855	2861
2856	2855
2856	2874
2857	2855
2858	2853
2863	2875
2872	2871
2872	2873
2878	2962
2880	2879
2880	2904
2879	2969
2879	2970
2879	2971
2879	2972
2881	2880
2881	2906
2881	2907
2883	2882
2883	2916
2888	2887
2888	2891
2889	2887
2889	2889
2889	2893
2889	3202
2889	3255
2889	3402
2889	3432
2889	3444
2889	3462
2889	3468
2889	3608
2889	3607
2889	4164
2889	4165
2894	2893
2898	2897
2898	2900
2898	2904
2897	2899
2897	2901
2897	2902
2897	2903
2905	2904
2905	4130
2906	2904
2907	2904
2910	2911
2911	2910
2912	2911
2912	3309
2912	3372
2912	4309
2912	4595
2913	2912
2913	3365
2913	3373
2913	3376
2913	3378
2914	2913
2914	3374
2916	2915
2916	2923
2916	4800
2919	2918
2919	2935
2919	2936
2919	2938
2919	2961
2919	2963
2919	2965
2921	2920
2921	2925
2921	2926
2921	2927
2921	2928
2921	2930
2921	2931
2921	2932
2921	2934
2922	2921
2922	2974
2923	2922
2923	2939
2923	2941
2923	2942
2923	2967
2923	2989
2923	3053
2924	2922
2924	2939
2924	2989
2929	2928
2929	2946
2929	2977
2929	2978
2933	2932
2933	2946
2933	2981
2937	2936
2937	2939
2937	2983
2937	2989
2937	3025
2939	2952
2939	2953
2939	2954
2939	2955
2939	2956
2939	2957
2939	2958
2939	2959
2939	2960
2940	2939
2940	2989
2940	3054
2940	3100
2941	2939
2941	2989
2942	2941
2943	2939
2943	2963
2943	2989
2943	3061
2944	2939
2944	2964
2944	2989
2944	3027
2945	2944
2945	2989
2946	2939
2946	2989
2946	4800
2947	2946
2948	2947
2948	2951
2949	2946
2949	3083
2950	2946
2951	2946
2951	4813
2962	2961
2962	3059
2966	2965
2966	3014
2966	3049
2967	2966
2967	3003
2968	2967
2968	3053
2968	3100
2974	2973
2974	2975
2974	2976
2974	2977
2974	2978
2974	2979
2974	2980
2974	2981
2974	2982
2974	3016
2973	3015
2976	3017
2977	3018
2978	3019
2979	3020
2980	3021
2981	3022
2982	3023
2985	2984
2985	3026
2987	2986
2987	3027
2989	2988
2989	2995
2989	3028
2989	3095
2988	2991
2988	2992
2988	2993
2988	2996
2988	2997
2988	2998
2988	2999
2988	3000
2990	2989
2990	3001
2990	3027
2990	3038
2995	2994
2995	3032
3003	3002
3003	3039
3002	3005
3002	3006
3002	3007
3002	3008
3002	3009
3002	3010
3002	3011
3002	3012
3002	3013
3004	3003
3028	3029
3028	3030
3028	3031
3028	3033
3028	3034
3028	3035
3028	3036
3028	3037
3039	3040
3039	3041
3039	3042
3039	3043
3039	3044
3039	3045
3039	3046
3039	3047
3039	3048
3054	3053
3055	3053
3059	3058
3061	3060
3065	3064
3065	3984
3065	4338
3065	4549
3066	3065
3067	3066
3068	3065
3068	3984
3069	3065
3069	3904
3069	3984
3069	3995
3069	3996
3069	3998
3080	3079
3080	3081
3080	3082
3080	3089
3084	3083
3086	3099
3090	3091
3093	3094
3096	3097
3097	3098
3103	3102
3104	3102
3112	3114
3112	3115
3112	3117
3113	3112
3113	3116
3113	3118
3114	3114
3120	3119
3120	3126
3120	3134
3119	3121
3119	3138
3119	3158
3119	3162
3124	3123
3129	3130
3129	3131
3139	3159
3143	3142
3143	3309
3145	3144
3166	3165
3166	3168
3166	3625
3166	3868
3166	3890
3166	4158
3166	4159
3167	3166
3167	3258
3167	3265
3167	3620
3167	3624
3167	4151
3167	4162
3167	4920
3170	3169
3170	3609
3170	3629
3170	3631
3172	3171
3172	3173
3177	3176
3178	3177
3178	3210
3186	3188
3194	3193
3197	3196
3201	3200
3201	3201
3201	4000
3205	3204
3205	3510
3205	3516
3205	3521
3205	4419
3205	4653
3210	3209
3210	3211
3212	3217
3212	3219
3212	3234
3212	3236
3212	3243
3212	3245
3212	3246
3212	3251
3212	3253
3213	3216
3213	3223
3213	3226
3213	3227
3213	3228
3213	3230
3213	3239
3213	3241
3213	3248
3214	3218
3214	3220
3214	3229
3214	3231
3214	3233
3214	3254
3216	3215
3216	3225
3217	3253
3223	3222
3223	3232
3223	3235
3223	3240
3223	3250
3223	3252
3222	3224
3222	3247
3224	3272
3226	3272
3227	3499
3227	3500
3228	3272
3235	3272
3237	3236
3237	3468
3238	3237
3238	4005
3238	4007
3238	4011
3238	4013
3240	3272
3242	3241
3242	3286
3242	4051
3244	3243
3244	3245
3245	3246
3247	3272
3248	3502
3249	3248
3250	3272
3259	3258
3259	3263
3261	3260
3261	3263
3263	3262
3263	3264
3271	3270
3274	3273
3274	3275
3274	4104
3279	3278
3282	3281
3282	3284
3283	3282
3283	3285
3288	3287
3289	3289
3299	4291
3299	4422
3305	3304
3307	3306
3308	3308
3309	3320
3310	3309
3310	3324
3311	3310
3311	3313
3312	3309
3313	3309
3313	3335
3314	3309
3314	3315
3314	4316
3314	4308
3314	4596
3314	4629
3317	3316
3317	3318
3317	3319
3321	3320
3321	4311
3321	4404
3321	4634
3322	3321
3322	3384
3323	3321
3326	3325
3326	3334
3326	3333
3327	3326
3327	3311
3329	3328
3329	3331
3330	3328
3332	3331
3334	3333
3340	3341
3340	3342
3340	3352
3342	3343
3342	3350
3342	3351
3343	3344
3343	3345
3343	3346
3346	3347
3346	3349
3347	3348
3349	3348
3351	548
3353	3354
3353	3344
3355	3356
3355	3343
3357	3358
3357	3359
3357	3343
3357	3348
3360	3361
3360	3344
3360	3352
3360	3362
3360	3363
3363	3364
3365	3366
3369	3368
3369	3366
3369	3372
3370	3366
3371	3370
3375	3381
3379	3380
3385	3384
3386	4174
3389	3388
3389	3390
3389	4098
3389	4161
3399	3398
3401	3400
3401	3402
3401	3407
3401	3412
3401	4368
3401	4577
3400	3415
3406	3405
3408	3407
3408	4065
3408	4085
3408	4088
3409	3410
3412	3413
3412	3414
3419	3418
3419	3423
3419	3992
3422	3421
3424	3423
3430	3429
3430	3431
3430	3432
3434	3433
3434	3466
3434	3487
3434	3497
3434	3498
3433	3455
3436	3435
3436	3437
3436	3438
3436	3440
3436	3441
3436	3443
3436	3536
3436	4373
3436	4582
3445	3444
3445	3446
3445	3463
3449	3448
3449	3451
3449	3459
3449	3472
3451	3450
3451	3460
3451	3474
3454	3453
3454	3499
3457	3456
3457	3475
3461	3460
3465	3464
3465	3482
3465	3483
3465	4375
3465	4585
3471	3470
3471	4051
3471	4060
3477	3476
3477	3478
3481	3480
3487	3494
3487	3495
3487	3496
3488	3487
3489	3487
3490	3487
3490	3490
3511	3512
3516	3515
3516	3518
3516	3523
3517	3515
3517	3523
3520	3519
3520	3521
3520	3522
3527	3526
3527	3528
3530	3529
3532	3533
3535	3535
3537	3538
3540	3539
3540	3541
3540	3542
3540	3890
3540	3983
3540	4157
3540	4160
3548	3547
3548	3558
3548	3559
3548	3565
3548	3566
3548	3571
3548	3574
3548	3578
3548	3584
3548	3585
3548	3588
3548	3589
3547	3552
3549	3547
3549	3558
3549	3559
3549	3560
3549	3561
3549	3574
3549	3578
3549	3584
3549	3585
3549	3588
3549	3589
3549	3593
3549	3594
3549	3595
3549	3596
3549	3597
3549	3598
3549	3599
3549	3600
3549	3601
3549	3602
3549	3604
3549	3605
3549	3610
3549	3723
3549	3740
3549	3780
3551	3550
3552	3551
3552	3553
3556	3563
3575	3576
3575	3577
3579	3580
3579	3581
3608	3607
3611	3610
3611	3635
3611	3641
3611	3642
3611	3643
3611	3644
3611	3645
3611	3646
3611	3647
3611	3648
3611	3649
3611	3658
3611	3659
3611	3660
3611	3661
3611	3663
3611	3665
3611	3669
3611	3678
3611	3679
3611	3680
3611	3681
3611	3692
3611	3695
3611	3696
3611	3700
3611	3702
3611	3709
3611	3710
3610	3672
3610	3704
3610	3705
3610	3706
3610	3707
3610	3708
3610	3756
3610	3765
3613	3612
3613	3619
3612	3614
3612	3622
3612	3626
3612	3627
3612	3628
3615	3623
3615	3683
3615	3701
3615	3712
3615	3713
3616	3634
3616	3638
3616	3650
3616	3651
3616	3656
3616	3657
3616	3664
3616	3666
3616	3667
3616	3668
3616	3670
3616	3671
3616	3673
3616	3686
3616	3687
3616	3688
3616	3690
3616	3691
3616	3693
3616	3694
3616	3698
3616	3703
3617	3640
3618	3652
3618	3674
3623	3677
3627	3716
3631	3630
3633	3632
3637	3653
3655	3654
3655	3719
3655	3737
3655	3779
3655	3836
3655	3872
3659	3662
3663	3711
3676	3675
3676	3682
3684	3836
3685	3684
3685	3714
3685	3715
3704	3782
3717	3717
3717	3718
3719	3718
3719	3726
3719	3735
3719	3739
3719	3741
3719	3743
3719	3755
3719	3761
3719	3783
3719	3785
3719	3789
3719	3794
3719	3795
3719	3831
3719	3833
3719	3842
3719	3843
3719	3848
3719	3854
3719	3855
3719	3857
3719	3874
3719	3875
3721	3720
3722	3720
3724	3723
3726	3725
3726	3736
3726	3738
3726	3744
3726	3745
3726	3746
3726	3747
3726	3748
3726	3749
3726	3750
3726	3751
3726	3752
3726	3753
3726	3754
3726	3756
3726	3759
3726	3760
3726	3763
3726	3764
3726	3765
3726	3766
3726	3767
3726	3768
3726	3769
3726	3770
3726	3771
3726	3772
3726	3774
3726	3777
3726	3781
3726	3782
3726	3784
3726	3787
3726	3792
3726	3793
3726	3796
3726	3797
3726	3829
3726	3830
3726	3832
3726	3834
3726	3835
3726	3837
3726	3838
3726	3839
3726	3840
3726	3841
3726	3844
3726	3845
3726	3850
3726	3852
3726	3853
3726	3858
3726	3859
3726	3860
3726	3861
3726	3863
3726	3864
3726	3865
3726	3866
3726	3873
3727	3728
3727	3730
3727	3732
3728	3729
3729	3801
3730	3728
3730	3731
3730	3732
3732	3728
3732	3733
3735	3734
3735	3742
3735	3757
3735	3758
3735	3762
3735	3775
3735	3776
3735	3827
3735	3828
3735	3846
3735	3847
3735	3849
3735	3851
3735	3856
3735	3862
3735	3867
3741	3740
3741	3780
3741	3788
3741	3791
3779	3778
3787	3786
3789	3790
3798	3799
3798	3800
3798	3729
3801	3802
3801	3807
3801	3817
3801	3818
3801	1207
3801	3819
3801	1208
3801	3821
3801	3822
3801	3823
3801	3825
3802	3803
3802	3804
3802	3805
3802	3806
3802	3807
3802	1207
3802	3808
3802	3809
3802	3810
3802	3811
3802	3812
3802	3813
3802	3814
3811	1206
3811	1208
3814	3815
3815	3816
3819	3820
3820	1206
3820	1208
3823	3824
3825	3826
3869	3872
3871	3870
3871	3873
3871	3877
3870	3870
3879	3880
3879	3881
3893	3892
3893	3894
3893	3895
3895	3896
3899	3899
3900	3899
3900	3900
3900	3911
3900	3912
3902	3901
3904	3903
3904	3917
3904	3925
3903	3911
3905	3904
3905	4116
3906	3905
3907	3904
3907	3977
3907	3978
3907	3987
3907	3996
3907	4162
3908	3903
3908	3909
3908	3911
3909	3911
3910	3909
3910	3911
3914	3919
3914	3920
3916	3915
3916	3916
3916	3920
3917	3920
3918	3917
3918	3919
3918	3920
3919	3920
3922	3927
3922	3928
3924	3923
3924	3924
3924	3928
3925	3928
3926	3925
3926	3927
3926	3928
3927	3928
3931	3930
3931	3935
3933	3932
3933	3934
3933	3936
3938	3937
3938	3939
3938	4180
3940	3940
3941	3941
3943	3942
3945	3944
3948	3947
3950	3949
3952	3951
3952	3956
3951	3953
3951	3954
3954	3955
3955	3966
3956	3955
3956	4174
3956	4176
3956	4186
3957	3959
3957	3962
3959	3958
3959	3963
3959	3976
3960	3959
3960	3962
3960	3964
3960	3966
3960	3972
3960	3973
3960	3975
3960	4162
3962	3961
3962	3974
3966	3965
3966	3967
3968	3979
3969	3968
3971	3970
3972	3971
3980	3979
3982	3981
3985	3984
3985	3992
3986	3986
3989	3988
3989	3992
3991	3990
3992	3993
3992	3994
4000	3999
4000	4001
4000	4002
4000	4004
4005	4011
4005	4013
4005	4018
4005	4021
4011	4010
4011	4025
4013	4012
4013	4014
4013	4016
4013	4019
4013	4020
4013	4022
4013	4023
4013	4026
4013	4027
4013	4028
4013	4029
4015	4014
4018	4017
4018	4024
4031	4030
4031	4033
4031	4044
4034	4035
4037	4036
4037	4047
4039	4038
4040	4039
4040	4042
4042	4041
4042	4043
4045	4046
4054	4053
4059	4058
4060	4059
4063	4062
4066	4065
4066	4085
4069	4068
4069	4073
4069	4084
4069	4087
4069	4090
4070	4069
4072	4071
4072	4089
4077	4076
4077	4251
4078	4076
4080	4082
4092	4093
4093	4098
4095	4094
4095	4097
4096	4094
4096	4098
4097	4098
4099	4099
4102	4101
4102	4103
4104	4104
4107	4106
4106	4108
4106	4109
4110	4113
4110	4115
4112	4111
4112	4112
4112	4115
4114	4113
4114	4115
4113	4115
4116	4115
4117	4116
4117	4119
4117	4120
4117	4124
4117	4128
4121	4123
4124	4123
4123	4127
4125	4124
4127	4126
4140	4139
4140	4141
4140	4142
4140	4145
4140	4146
4143	4142
4143	4144
4152	4151
4152	4155
4152	4156
4152	4158
4152	4162
4153	4153
4155	4154
4155	4157
4156	4156
4163	4166
4163	4168
4163	4172
4178	4179
4182	4183
4184	4185
4189	4188
4189	4193
4189	4205
4190	4189
4190	4190
4190	4724
4190	4893
4190	4894
4190	4895
4191	4190
4191	4893
4192	4188
4192	4723
4192	4864
4192	4865
4194	4195
4195	4196
4195	4197
4197	4198
4198	4199
4199	4200
4201	4202
4202	4197
4203	4204
4206	4207
4207	4208
4207	4197
4209	4204
4210	4211
4212	4212
4213	1211
4213	1212
4213	1213
4213	1214
4214	4213
4215	4216
4215	4217
4216	548
4219	4218
4219	4220
4219	4228
4221	4222
4223	4224
4224	4226
4230	4229
4230	4231
4236	4235
4236	4241
4236	4265
4237	4236
4237	4238
4243	4242
4243	4243
4244	4242
4248	4262
4256	4256
4257	4257
4260	4259
4261	4259
4287	4286
4287	4289
4294	4393
4297	4296
4297	4326
4296	4303
4296	4326
4296	4335
4300	4299
4300	4301
4305	4304
4305	4307
4305	4308
4305	4321
4305	4322
4305	4324
4305	4332
4306	4306
4309	4308
4310	4309
4311	4309
4312	4309
4313	4312
4313	4339
4313	4347
4314	4312
4315	4312
4316	4312
4316	4332
4317	4309
4318	4308
4318	4351
4318	4349
4318	4352
4318	4361
4318	4383
4319	4308
4319	4332
4320	4308
4323	4322
4323	4324
4323	4334
4323	4392
4323	4395
4326	4327
4326	4328
4330	4329
4333	4316
4333	4334
4333	4387
4333	4389
4339	4348
4340	4313
4341	4339
4341	4655
4342	4339
4343	4344
4345	4344
4350	4349
4351	4350
4352	4349
4353	4354
4353	4361
4355	4356
4357	4358
4358	4359
4358	4360
4363	4362
4367	4366
4367	4576
4377	4376
4377	4407
4377	4586
4378	4376
4382	4381
4382	4590
4383	4384
4385	4384
4386	4385
4389	4388
4390	4388
4390	4390
4391	4390
4392	4393
4392	4394
4401	4404
4402	4314
4402	4315
4409	4408
4423	4424
4427	4426
4428	4427
4428	4467
4428	4492
4428	4506
4428	4676
4430	4429
4430	4432
4430	4436
4430	4437
4430	4440
4430	4656
4429	4434
4432	4431
4436	4435
4436	4438
4436	4439
4441	4481
4441	4509
4442	4441
4443	4445
4443	4447
4445	4509
4447	4446
4447	4485
4447	4509
4447	4512
4448	4447
4448	4486
4448	4494
4448	4518
4448	4626
4449	4446
4449	4491
4449	4601
4451	4450
4451	4452
4451	4455
4450	4453
4450	4454
4457	4456
4457	4458
4457	4460
4457	4656
4459	4458
4459	4461
4459	4470
4462	4461
4462	4463
4462	4477
4462	4660
4469	4468
4469	4470
4472	4471
4472	4474
4472	4477
4472	4619
4472	4672
4474	4473
4474	4478
4474	4673
4479	4479
4480	4479
4480	4614
4482	4481
4482	4510
4481	4485
4484	4483
4484	4489
4485	4490
4485	4520
4487	4486
4487	4508
4487	4511
4487	4518
4486	4511
4489	4488
4489	4501
4489	4519
4488	4502
4488	4496
4488	4514
4490	4491
4490	4513
4490	4514
4494	4497
4495	4496
4495	4503
4497	4496
4497	4503
4497	4511
4498	4497
4498	4533
4498	4626
4499	4498
4499	4516
4499	4529
4499	4531
4499	4619
4500	4497
4501	4500
4501	4502
4502	4497
4510	4509
4510	4512
4516	4515
4517	4516
4522	4521
4522	4523
4522	4525
4522	4527
4522	4555
4522	4561
4522	4664
4522	4665
4524	4523
4524	4527
4525	4523
4526	4525
4526	4527
4529	4528
4533	4532
4534	4625
4537	4536
4537	4614
4539	4538
4540	4538
4540	4554
4540	4564
4540	4639
4540	4652
4541	4540
4542	4541
4543	4540
4544	4540
4544	4562
4547	4546
4551	4550
4551	4557
4551	4561
4551	4666
4551	4667
4553	4552
4556	4555
4556	4558
4558	4561
4559	4558
4560	4558
4565	4571
4565	4573
4566	4567
4568	4569
4569	4570
4571	4592
4572	4571
4572	4592
4572	4615
4572	4617
4572	4618
4572	4619
4573	4607
4573	4611
4587	4586
4593	4592
4593	4607
4593	4611
4594	4592
4595	4592
4595	4607
4595	4611
4595	4657
4595	4662
4596	4595
4597	4595
4598	4597
4598	4599
4599	4595
4603	4602
4603	4605
4603	4606
4604	4602
4604	4605
4604	4606
4604	4607
4604	4608
4604	4611
4608	4607
4608	4611
4609	4608
4609	4621
4609	4623
4610	4608
4610	4625
4610	4627
4617	4616
4617	4620
4623	4622
4624	4622
4625	4626
4634	4633
4634	4635
4641	4640
4641	4643
4641	4644
4641	4645
4647	4656
4654	4653
4657	4656
4657	4659
4657	4668
4658	4657
4659	4657
4660	4657
4660	4662
4661	4657
4662	4657
4662	4677
4663	4662
4663	4680
4663	4681
4670	4669
4676	4675
4678	4677
4680	4682
4680	4683
4680	4684
4680	4685
4680	4686
4680	4687
4693	4692
4699	4698
4702	4701
4703	4701
4710	4709
4710	4711
4710	4712
4714	4715
4716	4715
4716	4717
4722	4788
4724	4723
4724	4727
4724	4734
4725	4726
4728	4729
4730	4731
4731	4732
4731	4733
4735	4736
4736	4737
4740	1698
4741	1698
4742	1698
4743	1698
4753	4754
4781	4780
4782	4780
4782	4783
4782	4784
4786	4787
4790	4789
4790	4792
4790	4793
4790	4794
4790	4795
4790	4796
4790	4797
4799	4807
4799	4808
4799	4809
4799	4810
4799	4811
4799	4812
4799	4813
4799	4814
4799	4816
4799	4817
4799	4819
4799	4820
4800	4799
4801	4799
4802	4807
4803	4806
4805	4809
4805	4811
4818	4819
4824	4823
4824	4829
4824	4830
4824	4831
4823	4832
4823	4835
4825	4827
4827	4828
4833	4832
4838	4853
4840	4839
4840	4847
4840	4849
4840	4850
4840	4851
4840	4854
4840	4856
4840	4858
4839	4852
4839	4855
4839	4859
4841	4843
4841	4861
4841	4862
4841	4863
4843	4844
4868	4868
4881	4880
4886	4885
4886	4887
4893	4190
4893	4894
4893	4895
4894	4188
4894	4193
4894	4205
4895	4723
4895	4727
4895	4734
4897	4896
4897	4898
4906	4905
4906	4909
4906	4914
