1	0
1	187
1	4851
1	4879
1	4902
2	1
2	47
2	55
2	180
2	184
2	185
2	186
2	190
2	196
2	252
2	255
2	262
2	265
2	1052
2	1073
2	1207
2	4844
2	4869
2	4885
2	4893
2	4906
2	4907
2	4908
3	2
3	178
3	4835
3	4836
3	4882
4	3
5	4
6	3
6	19
6	26
6	29
6	42
6	45
6	48
6	50
6	49
6	56
6	60
6	65
6	68
6	69
6	70
6	74
6	82
6	84
6	97
6	98
6	105
6	122
6	157
6	166
6	173
6	174
6	179
6	180
6	184
6	200
6	202
6	205
6	210
6	211
6	216
6	219
6	221
6	222
6	223
6	228
6	229
6	231
6	234
6	237
6	240
6	245
6	250
6	254
6	264
6	266
6	416
6	423
6	432
6	467
6	466
6	469
6	470
6	476
6	483
6	488
6	493
6	500
6	558
6	602
6	603
6	609
6	612
6	613
6	621
6	626
6	669
6	707
6	711
6	712
6	714
6	716
6	718
6	717
6	772
6	799
6	807
6	816
6	850
6	854
6	866
6	868
6	878
6	887
6	889
6	894
6	898
6	904
6	908
6	911
6	928
6	935
6	943
6	947
6	958
6	971
6	972
6	981
6	990
6	1004
6	1018
6	1028
6	1041
6	1043
6	1046
6	1049
6	1052
6	1053
6	1054
6	1067
6	1073
6	1074
6	1075
6	1079
6	1086
6	1094
6	1103
6	1109
6	1113
6	1116
6	1118
6	1121
6	1124
6	1130
6	1135
6	1143
6	1149
6	1152
6	1168
6	1182
6	1193
6	1202
6	1204
6	1201
6	1207
6	1212
6	1267
6	1275
6	1294
6	1528
6	1549
6	1553
6	1554
6	1561
6	1562
6	1570
6	1569
6	1577
6	1581
6	1582
6	1583
6	1592
6	1607
6	1606
6	1614
6	1616
6	1624
6	1647
6	1648
6	1656
6	1657
6	1666
6	1669
6	1702
6	1703
6	1706
6	1705
6	1710
6	1720
6	1721
6	1723
6	1725
6	1732
6	1739
6	1792
6	1796
6	1799
6	1802
6	1808
6	1831
6	1887
6	1912
6	1926
6	1986
6	1993
6	2016
6	2029
6	2033
6	2037
6	2045
6	2046
6	2050
6	2062
6	2073
6	2080
6	2078
6	2085
6	2090
6	2095
6	2103
6	2113
6	2173
6	2179
6	2184
6	2187
6	2213
6	2220
6	2221
6	2310
6	2321
6	2335
6	2353
6	2367
6	2386
6	2395
6	2396
6	2398
6	2400
6	2401
6	2405
6	2428
6	2448
6	2449
6	2453
6	2452
6	2460
6	2468
6	2475
6	2477
6	2496
6	1339
6	2508
6	2510
6	2514
6	2527
6	2538
6	2541
6	2558
6	2561
6	2578
6	2577
6	2579
6	2586
6	2589
6	2591
6	2590
6	2592
6	2594
6	2613
6	2637
6	2674
6	2686
6	2690
6	2691
6	2692
6	2694
6	2718
6	2735
6	2741
6	2744
6	2746
6	2754
6	2757
6	2767
6	2769
6	2781
6	2782
6	2786
6	2788
6	2791
6	2795
6	2796
6	2805
6	2806
6	2808
6	2809
6	2810
6	2811
6	2833
6	2841
6	2857
6	2863
6	2861
6	2866
6	2867
6	2868
6	2872
6	2875
6	2884
6	2897
6	2925
6	2929
6	2962
6	2963
6	2981
6	2996
6	3017
6	3021
6	3050
6	3110
6	3117
6	3119
6	3125
6	3134
6	3137
6	3154
6	3156
6	3198
6	3206
6	3345
6	3457
6	3464
6	3466
6	3471
6	3473
6	3565
6	3581
6	3590
6	3602
6	3603
6	3619
6	3620
6	3621
6	3653
6	3682
6	3683
6	3684
6	3688
6	3689
6	3692
6	3694
6	3695
6	3698
6	3699
6	3700
6	3702
6	3706
6	3707
6	3708
6	3710
6	3711
6	3715
6	3720
6	3725
6	3730
6	3732
6	3736
6	3739
6	3741
6	3743
6	3745
6	3746
6	3747
6	3749
6	3753
6	3756
6	3759
6	3760
6	3761
6	3766
6	3768
6	3917
6	3934
6	3948
6	3954
6	3955
6	3958
6	3961
6	3962
6	3964
6	3969
6	3970
6	3972
6	3993
6	4021
6	4038
6	4095
6	4114
6	4133
6	4134
6	4136
6	4143
6	4157
6	4158
6	4160
6	4159
6	4173
6	4172
6	4195
6	4272
6	4279
6	4285
6	4304
6	4314
6	4320
6	4321
6	4324
6	4341
6	4362
6	4380
6	4464
6	4465
6	4474
6	4504
6	4508
6	4510
6	4517
6	4539
6	4549
6	4579
6	4606
6	4608
6	4649
6	4653
6	4657
6	4670
6	4674
6	4683
6	4691
6	4698
6	4702
6	4735
6	4737
6	4741
6	4755
6	4758
6	4764
6	4766
6	4792
6	4794
6	4801
6	4804
6	4806
6	4819
6	4829
6	4833
6	4848
6	4850
6	4853
6	4855
6	4856
6	4857
6	4859
6	4862
6	4864
6	4866
6	4867
6	4868
6	4872
6	4873
6	4882
6	4883
6	4884
6	4889
6	4890
6	4913
6	4914
6	4915
6	4916
6	4917
6	4918
6	4919
6	4920
6	4921
6	4922
6	4923
6	4924
6	4925
6	4927
6	4928
7	3
8	7
8	14
8	16
8	18
8	19
8	35
8	38
8	40
8	48
8	56
8	60
8	65
8	66
8	74
8	96
8	97
8	98
8	177
8	4845
8	4846
8	4847
8	4849
8	4850
8	4863
8	4870
8	4871
8	4886
8	4887
9	8
10	7
10	2
10	38
10	1
10	40
10	66
10	74
10	97
10	98
10	178
10	186
10	252
10	1052
10	1073
10	1207
10	4835
10	4836
10	4845
10	4849
10	4850
10	4853
10	4854
10	4855
10	4856
10	4857
10	4858
10	4859
10	4861
10	4862
10	4864
10	4871
10	4873
10	4882
10	4886
10	4887
10	4889
11	10
11	20
11	43
11	42
11	4
11	45
11	15
11	64
11	68
11	92
11	34
11	107
11	179
11	186
11	196
11	197
11	205
11	210
11	227
11	228
11	229
11	237
11	248
11	250
11	275
11	316
11	343
11	342
11	373
11	376
11	389
11	444
11	452
11	453
11	468
11	489
11	608
11	698
11	711
11	775
11	788
11	806
11	813
11	852
11	870
11	871
11	876
11	1028
11	1075
11	1079
11	1106
11	1103
11	1110
11	1116
11	1124
11	1127
11	1130
11	1162
11	1213
11	1229
11	1269
11	1528
11	1569
11	1598
11	1610
11	1616
11	1621
11	1652
11	1654
11	1657
11	1684
11	1707
11	1801
11	1907
11	1940
11	1954
11	2028
11	2049
11	2312
11	2330
11	2340
11	2332
11	2351
11	2361
11	2372
11	2376
11	2380
11	2381
11	2384
11	2390
11	2394
11	2396
11	2398
11	2400
11	2402
11	2404
11	2406
11	2414
11	2426
11	2431
11	2454
11	2470
11	2475
11	2476
11	2515
11	2561
11	2565
11	2613
11	2677
11	2713
11	2729
11	2783
11	2788
11	2841
11	2859
11	2913
11	2914
11	2916
11	2997
11	3074
11	3119
11	3123
11	3148
11	3275
11	3282
11	3287
11	3289
11	3291
11	3299
11	3318
11	3319
11	3355
11	3384
11	3386
11	3434
11	3451
11	3457
11	3459
11	3460
11	3467
11	3471
11	3479
11	3483
11	3487
11	3500
11	3520
11	3522
11	3523
11	3538
11	3539
11	3545
11	3546
11	3551
11	3565
11	3583
11	3593
11	3685
11	3917
11	3952
11	3957
11	3966
11	3974
11	4001
11	4018
11	4031
11	4032
11	4038
11	4043
11	4067
11	4111
11	4126
11	4131
11	4134
11	4161
11	4213
11	4223
11	4327
11	4332
11	4350
11	4352
11	4353
11	4354
11	4367
11	4414
11	4421
11	4500
11	4622
11	4630
11	4702
11	4707
11	4737
11	4767
11	4835
11	4845
11	4849
11	4864
11	4865
11	4882
11	4930
11	4944
11	4956
12	10
12	7
12	14
12	17
12	2
12	18
12	21
12	20
12	35
12	1
12	41
12	40
12	43
12	42
12	49
12	66
12	74
12	84
12	83
12	82
12	96
12	97
12	105
12	115
12	128
12	178
12	179
12	180
12	188
12	190
12	196
12	197
12	201
12	207
12	227
12	229
12	237
12	258
12	257
12	266
12	364
12	371
12	375
12	382
12	384
12	386
12	389
12	416
12	432
12	437
12	439
12	442
12	444
12	446
12	448
12	449
12	451
12	452
12	453
12	457
12	459
12	460
12	462
12	475
12	481
12	491
12	501
12	550
12	592
12	599
12	613
12	673
12	675
12	676
12	682
12	683
12	698
12	696
12	699
12	703
12	709
12	711
12	718
12	717
12	755
12	767
12	775
12	772
12	782
12	785
12	801
12	806
12	808
12	814
12	819
12	825
12	827
12	828
12	832
12	835
12	836
12	837
12	854
12	859
12	868
12	887
12	937
12	936
12	944
12	950
12	958
12	963
12	969
12	972
12	1004
12	1018
12	1038
12	1053
12	1052
12	1073
12	1074
12	1075
12	1079
12	1087
12	1103
12	1118
12	1124
12	1127
12	1130
12	1135
12	1152
12	1165
12	1182
12	1193
12	1197
12	1198
12	1202
12	1204
12	1201
12	1207
12	1212
12	1216
12	1228
12	1231
12	1261
12	1267
12	1318
12	1321
12	1313
12	1458
12	1461
12	1482
12	1514
12	1515
12	1517
12	1518
12	1519
12	1520
12	1522
12	1525
12	1526
12	1528
12	1559
12	1570
12	1569
12	1568
12	1574
12	1575
12	1576
12	1577
12	1578
12	1579
12	1580
12	1581
12	1598
12	1597
12	1612
12	1614
12	1615
12	1616
12	1621
12	1644
12	1648
12	1650
12	1655
12	1699
12	1701
12	1710
12	1708
12	1712
12	1721
12	1723
12	1725
12	1794
12	1792
12	1801
12	1799
12	1807
12	1825
12	1916
12	1925
12	1937
12	1935
12	1942
12	1961
12	1975
12	1986
12	2018
12	2028
12	2033
12	2037
12	2044
12	2045
12	2046
12	2064
12	2073
12	2086
12	2090
12	2095
12	2105
12	2104
12	2123
12	2122
12	2121
12	2126
12	2155
12	2158
12	2159
12	2165
12	2173
12	2174
12	2182
12	2179
12	2178
12	2184
12	2187
12	2190
12	2202
12	2213
12	2214
12	2220
12	2310
12	2314
12	2322
12	2331
12	2330
12	2328
12	2327
12	2338
12	2340
12	2346
12	2358
12	2361
12	2359
12	2363
12	2373
12	2372
12	2376
12	2383
12	2382
12	2381
12	2384
12	2388
12	2390
12	2401
12	2415
12	2416
12	2426
12	2428
12	2430
12	2431
12	2442
12	2443
12	2450
12	2457
12	2456
12	2488
12	2492
12	2496
12	1339
12	2508
12	2541
12	2540
12	2539
12	2543
12	2547
12	2557
12	2561
12	2571
12	2577
12	2579
12	2581
12	2583
12	2585
12	2596
12	2604
12	2613
12	2616
12	2617
12	2624
12	2637
12	2638
12	2651
12	2719
12	2722
12	2727
12	2728
12	2734
12	2738
12	2767
12	2775
12	2781
12	2782
12	2784
12	2793
12	2796
12	2804
12	2805
12	2809
12	2810
12	2812
12	2824
12	2846
12	2853
12	2854
12	2887
12	2892
12	2909
12	2916
12	2920
12	2963
12	2964
12	2989
12	2988
12	2986
12	3002
12	3014
12	3017
12	3018
12	3036
12	3042
12	3050
12	3099
12	3100
12	3117
12	3124
12	3142
12	3146
12	3152
12	3153
12	3156
12	3157
12	3164
12	3213
12	3223
12	3235
12	3247
12	3249
12	3253
12	3296
12	3295
12	3305
12	3313
12	3317
12	3326
12	3327
12	3343
12	3384
12	3419
12	3422
12	3436
12	3453
12	3459
12	3466
12	3471
12	3477
12	3488
12	3492
12	3500
12	3501
12	3517
12	3518
12	3529
12	3533
12	3535
12	3545
12	3546
12	3553
12	3554
12	3576
12	3580
12	3584
12	3586
12	3590
12	3597
12	3619
12	3622
12	3640
12	3641
12	3642
12	3683
12	3702
12	3766
12	3917
12	3918
12	3952
12	3956
12	3957
12	3960
12	3966
12	3968
12	3988
12	3992
12	4005
12	4008
12	4010
12	4017
12	4021
12	4025
12	4046
12	4045
12	4047
12	4048
12	4055
12	4118
12	4120
12	4127
12	4129
12	4134
12	4136
12	4156
12	4169
12	4185
12	4192
12	4193
12	4195
12	4239
12	4272
12	4285
12	4291
12	4303
12	27
12	4327
12	4331
12	4335
12	4339
12	4355
12	4380
12	4422
12	4428
12	4427
12	4429
12	4436
12	4441
12	4451
12	4456
12	4463
12	4464
12	4465
12	4470
12	4476
12	4478
12	4479
12	4485
12	4486
12	4488
12	4495
12	4499
12	4500
12	4504
12	4522
12	4539
12	4550
12	4554
12	4561
12	4599
12	4603
12	4606
12	4589
12	4631
12	4635
12	4639
12	4640
12	4646
12	4653
12	4652
12	4656
12	4664
12	4670
12	4673
12	4683
12	4684
12	4687
12	4698
12	4701
12	4702
12	4707
12	4717
12	4733
12	4734
12	4735
12	2206
12	4746
12	4751
12	4753
12	4833
12	4835
12	4845
12	4847
12	4858
12	4859
12	4864
12	4866
12	4869
12	4872
12	4877
12	4882
12	4885
12	4888
12	4900
13	10
13	14
13	16
13	18
13	26
13	31
13	33
13	19
13	50
13	51
13	49
13	53
13	48
13	56
13	60
13	64
13	65
13	81
13	88
13	89
13	90
13	84
13	96
13	104
13	118
13	111
13	134
13	132
13	146
13	167
13	175
13	176
13	179
13	180
13	188
13	190
13	196
13	197
13	203
13	220
13	224
13	225
13	237
13	249
13	250
13	256
13	255
13	262
13	266
13	267
13	265
13	269
13	271
13	273
13	275
13	278
13	279
13	281
13	282
13	296
13	298
13	302
13	303
13	306
13	310
13	312
13	314
13	315
13	319
13	323
13	326
13	344
13	346
13	347
13	348
13	349
13	351
13	354
13	355
13	357
13	359
13	361
13	363
13	365
13	404
13	410
13	423
13	425
13	427
13	428
13	431
13	447
13	448
13	450
13	454
13	455
13	509
13	517
13	519
13	521
13	526
13	527
13	528
13	532
13	533
13	534
13	536
13	539
13	540
13	551
13	556
13	562
13	572
13	577
13	578
13	581
13	589
13	590
13	591
13	619
13	620
13	623
13	624
13	629
13	627
13	633
13	625
13	635
13	642
13	653
13	659
13	661
13	662
13	669
13	673
13	676
13	677
13	679
13	681
13	682
13	683
13	685
13	692
13	689
13	694
13	693
13	698
13	699
13	702
13	703
13	704
13	709
13	714
13	721
13	726
13	730
13	729
13	731
13	732
13	735
13	741
13	744
13	746
13	745
13	752
13	755
13	757
13	760
13	762
13	764
13	765
13	766
13	767
13	769
13	770
13	771
13	775
13	785
13	786
13	797
13	801
13	802
13	803
13	809
13	812
13	813
13	814
13	815
13	818
13	817
13	823
13	826
13	827
13	828
13	834
13	835
13	839
13	842
13	849
13	850
13	853
13	854
13	856
13	859
13	863
13	862
13	872
13	868
13	867
13	884
13	886
13	889
13	904
13	906
13	913
13	914
13	919
13	924
13	929
13	930
13	931
13	932
13	933
13	934
13	941
13	940
13	937
13	944
13	945
13	952
13	953
13	954
13	955
13	956
13	957
13	962
13	964
13	963
13	972
13	973
13	975
13	976
13	979
13	980
13	981
13	982
13	984
13	985
13	986
13	989
13	998
13	999
13	1000
13	1004
13	1005
13	1006
13	1007
13	1012
13	1018
13	1013
13	1025
13	1020
13	1031
13	1035
13	1038
13	1039
13	1041
13	1046
13	1052
13	1054
13	1068
13	1069
13	1073
13	1075
13	1085
13	1087
13	1095
13	1097
13	1099
13	1106
13	1103
13	1111
13	1110
13	1114
13	1119
13	1115
13	1125
13	1126
13	1128
13	1129
13	1132
13	1133
13	1137
13	1135
13	1140
13	1142
13	1145
13	1149
13	1154
13	1155
13	1162
13	1165
13	1167
13	1173
13	1174
13	1175
13	1176
13	1177
13	1178
13	1179
13	1180
13	1181
13	1182
13	1184
13	1188
13	1187
13	1189
13	1190
13	1191
13	1192
13	1194
13	1198
13	1199
13	1203
13	1201
13	1205
13	1211
13	1212
13	1214
13	1216
13	1227
13	1254
13	1265
13	1264
13	1266
13	1274
13	1278
13	1280
13	1281
13	1282
13	1296
13	1297
13	1321
13	1313
13	1353
13	1372
13	1377
13	1400
13	1411
13	1398
13	1418
13	1393
13	1427
13	1383
13	1459
13	1460
13	1461
13	1463
13	1466
13	1514
13	1515
13	1517
13	1519
13	1520
13	1521
13	1522
13	1525
13	1556
13	1555
13	1554
13	1559
13	1562
13	1563
13	1564
13	1566
13	1567
13	1571
13	1574
13	1576
13	1575
13	1578
13	1579
13	1580
13	1581
13	1584
13	1586
13	1587
13	1591
13	1592
13	1594
13	1598
13	1605
13	1607
13	1621
13	1627
13	1642
13	1645
13	1647
13	1648
13	1650
13	1659
13	1660
13	1663
13	1665
13	1666
13	1669
13	1673
13	1674
13	1675
13	1679
13	1677
13	1684
13	1691
13	1693
13	1696
13	1699
13	1700
13	1701
13	1703
13	1702
13	1710
13	1708
13	1707
13	1721
13	1724
13	1733
13	1802
13	1801
13	1835
13	1834
13	1841
13	1842
13	1843
13	1845
13	1844
13	1840
13	1847
13	1849
13	1855
13	1854
13	1853
13	1852
13	1871
13	1873
13	1878
13	1881
13	1882
13	1887
13	1890
13	1891
13	1895
13	1896
13	1899
13	1901
13	1904
13	1905
13	1914
13	1910
13	1920
13	1921
13	1924
13	1925
13	1933
13	1934
13	1941
13	1949
13	1951
13	1953
13	1958
13	1971
13	1972
13	1973
13	1975
13	1979
13	1986
13	1988
13	2007
13	2008
13	2013
13	2014
13	2019
13	2021
13	2022
13	2025
13	2027
13	2031
13	2034
13	2038
13	2043
13	2044
13	2045
13	2058
13	2064
13	2072
13	2076
13	2079
13	2088
13	2090
13	2096
13	2098
13	2102
13	2104
13	2116
13	2119
13	2123
13	2126
13	2144
13	2146
13	2159
13	2161
13	2162
13	2165
13	2167
13	2168
13	2169
13	2172
13	2173
13	2174
13	2176
13	2177
13	2182
13	2179
13	2181
13	2187
13	2193
13	2197
13	2199
13	2213
13	2215
13	2216
13	2217
13	2222
13	2226
13	2229
13	2234
13	2318
13	2321
13	2322
13	2331
13	2330
13	2335
13	2354
13	2367
13	2371
13	2379
13	2382
13	2384
13	2387
13	2388
13	2392
13	2393
13	2394
13	2397
13	2399
13	2401
13	2400
13	2404
13	2406
13	2408
13	2409
13	2412
13	2411
13	2413
13	2418
13	2419
13	2422
13	2456
13	2812
13	2824
13	2828
13	2829
13	2840
13	2844
13	2845
13	2880
13	2892
13	2900
13	2909
13	2916
13	2920
13	2923
13	2924
13	2936
13	2958
13	2962
13	2967
13	2972
13	2973
13	2974
13	2975
13	2977
13	2978
13	2979
13	2989
13	2988
13	2992
13	2991
13	2994
13	2998
13	3009
13	3011
13	3037
13	3074
13	3100
13	3104
13	3106
13	3109
13	3113
13	3124
13	3125
13	3132
13	3137
13	3139
13	3155
13	3161
13	3162
13	3163
13	3164
13	3176
13	3177
13	3178
13	3182
13	3204
13	3205
13	3213
13	3364
13	3380
13	3382
13	3420
13	3433
13	3442
13	3444
13	3449
13	3465
13	3466
13	3473
13	3474
13	3479
13	3494
13	3511
13	3512
13	3514
13	3521
13	3531
13	3537
13	3540
13	3541
13	3543
13	3544
13	3564
13	3566
13	3579
13	3591
13	3592
13	3596
13	3597
13	3606
13	3607
13	3626
13	3638
13	3639
13	3646
13	3649
13	3651
13	3652
13	3654
13	3658
13	3664
13	3666
13	3671
13	3674
13	3676
13	3677
13	3679
13	3685
13	3686
13	3687
13	3690
13	3691
13	3693
13	3696
13	3697
13	3704
13	3705
13	3709
13	3712
13	3713
13	3714
13	3716
13	3717
13	3718
13	3719
13	3721
13	3722
13	3724
13	3723
13	3726
13	3727
13	3728
13	3729
13	3731
13	3732
13	3734
13	3735
13	3737
13	3738
13	3740
13	3742
13	3744
13	3748
13	3750
13	3751
13	3752
13	3754
13	3755
13	3757
13	3758
13	3765
13	3768
13	3771
13	3821
13	3917
13	3925
13	3927
13	3931
13	3939
13	3940
13	3948
13	3956
13	3957
13	3958
13	3959
13	3960
13	3962
13	3961
13	3965
13	3967
13	3968
13	3973
13	3974
13	3990
13	3992
13	3995
13	3997
13	3999
13	4003
13	4017
13	4019
13	4024
13	4033
13	4034
13	4036
13	4041
13	4044
13	4050
13	4052
13	4065
13	4098
13	4099
13	4114
13	4127
13	4130
13	4133
13	4140
13	4143
13	4144
13	4151
13	4156
13	4157
13	4161
13	4164
13	4173
13	4172
13	4177
13	4180
13	4182
13	4184
13	4196
13	4205
13	4206
13	4207
13	4222
13	4224
13	4234
13	4268
13	4271
13	4289
13	4291
13	4295
13	4298
13	4300
13	4303
13	4312
13	4313
13	4315
13	4316
13	4317
13	4318
13	4319
13	4322
13	4328
13	4330
13	4339
13	4340
13	4342
13	4347
13	4348
13	4350
13	4353
13	4357
13	4359
13	4355
13	4367
13	4368
13	4370
13	4371
13	4372
13	4376
13	4380
13	4381
13	4388
13	4389
13	4392
13	4393
13	4397
13	4398
13	4395
13	4410
13	4412
13	4414
13	4421
13	4423
13	4427
13	4430
13	4433
13	4437
13	4438
13	4439
13	4440
13	4441
13	4442
13	4443
13	4444
13	4446
13	4447
13	4448
13	4452
13	4455
13	4456
13	4457
13	4458
13	4463
13	4464
13	4465
13	4470
13	4477
13	4476
13	4479
13	4480
13	4482
13	4484
13	4485
13	4493
13	4491
13	4494
13	4495
13	4497
13	4499
13	4500
13	4503
13	4508
13	4516
13	4521
13	4523
13	4524
13	4527
13	4526
13	4528
13	4530
13	4534
13	4535
13	4536
13	4552
13	4553
13	4555
13	4554
13	4546
13	4557
13	4561
13	4565
13	4574
13	4576
13	4578
13	4577
13	4597
13	4602
13	4606
13	4609
13	4619
13	4621
13	4622
13	4625
13	4630
13	4635
13	4641
13	4643
13	4640
13	4646
13	4649
13	4658
13	4659
13	4662
13	4663
13	4664
13	4666
13	4669
13	4671
13	4672
13	4673
13	4674
13	4675
13	4676
13	4677
13	4678
13	4680
13	4688
13	4690
13	4692
13	4695
13	4697
13	4698
13	4705
13	4707
13	4713
13	4715
13	4714
13	4717
13	4719
13	4733
13	4735
13	4737
13	4739
13	2206
13	4753
13	4763
13	4765
13	4768
13	4789
13	4790
13	4795
13	4796
13	4797
13	4798
13	4800
13	4802
13	4803
13	4805
13	4807
13	4808
13	4809
13	4810
13	4812
13	4813
13	4814
13	4815
13	4816
13	4817
13	4818
13	4820
13	4821
13	4822
13	4823
13	4824
13	4829
13	4830
13	4831
13	4833
13	4843
13	4846
13	4847
13	4848
13	4854
13	4856
13	4858
13	4861
13	4864
13	4865
13	4869
13	4868
13	4870
13	4877
13	4885
13	4884
13	4888
13	4891
13	4898
13	4900
13	4911
13	4932
13	4933
13	4936
13	4959
14	3
15	3
16	2
16	101
16	4835
17	16
17	17
17	115
17	132
17	157
17	166
17	1135
17	2046
17	2508
17	2559
17	2560
17	2563
17	2564
17	2565
17	2624
17	2787
17	2796
17	2805
17	2806
17	2808
17	2824
17	2961
17	3218
17	3220
17	3221
17	3247
17	3313
17	3471
17	3586
17	3657
17	3924
17	4038
17	4046
17	4282
18	1
18	180
18	190
19	1
19	180
19	185
19	4858
19	4859
20	19
20	132
20	276
20	280
20	303
20	3121
20	3317
20	3353
20	3436
20	3471
20	3586
20	3952
20	3993
20	4221
21	20
21	2456
21	2455
21	2540
21	4031
21	4042
21	4055
21	4144
21	4173
21	4183
21	4301
22	20
22	303
22	911
22	947
22	999
22	1547
22	1552
22	2669
22	2674
22	2677
22	2681
22	2686
22	2690
22	2691
22	2694
22	2701
22	2709
22	2713
22	2718
23	20
23	58
23	57
23	429
23	487
23	725
23	2834
23	2838
23	3141
23	3572
23	4031
23	4527
23	4911
23	4933
24	20
24	39
24	42
24	17
24	70
24	105
24	166
24	200
24	212
24	215
24	229
24	237
24	250
24	281
24	283
24	316
24	322
24	360
24	398
24	498
24	559
24	578
24	579
24	593
24	612
24	715
24	763
24	787
24	803
24	841
24	1037
24	1039
24	1047
24	1050
24	1075
24	1079
24	1086
24	1101
24	1103
24	1110
24	1118
24	1135
24	1140
24	1142
24	1143
24	1182
24	1231
24	1261
24	1270
24	1458
24	1538
24	1541
24	1549
24	1547
24	1552
24	1570
24	1624
24	1709
24	1721
24	1801
24	1811
24	1802
24	1826
24	1831
24	1871
24	1954
24	2016
24	2038
24	2049
24	2054
24	2104
24	2126
24	2179
24	2187
24	2221
24	2222
24	2303
24	2331
24	2351
24	2369
24	2391
24	2400
24	2409
24	2425
24	2432
24	2457
24	2465
24	2478
24	2483
24	2484
24	2536
24	2537
24	2541
24	2546
24	2548
24	2583
24	2585
24	2610
24	2613
24	2621
24	2628
24	2656
24	2669
24	2674
24	2677
24	2681
24	2686
24	2691
24	2692
24	2690
24	2694
24	2701
24	2702
24	2709
24	2713
24	2718
24	2753
24	2775
24	2795
24	2796
24	2804
24	2807
24	2824
24	2840
24	2864
24	2905
24	2932
24	2988
24	3009
24	3071
24	3074
24	3100
24	2995
24	3132
24	3143
24	3192
24	3225
24	3224
24	3248
24	3323
24	3324
24	3362
24	3371
24	3417
24	3419
24	3413
24	3421
24	3455
24	3467
24	3476
24	3477
24	3489
24	3565
24	3587
24	3605
24	3673
24	3685
24	3916
24	3918
24	3926
24	3942
24	3986
24	3987
24	3988
24	4029
24	4110
24	4124
24	4145
24	4146
24	4149
24	4150
24	4151
24	4172
24	4292
24	27
24	4388
24	4399
24	4409
24	4413
24	4456
24	4463
24	4509
24	4525
24	4603
24	4610
24	4684
24	4692
24	4701
24	4733
24	4737
24	1730
24	4833
24	4867
24	4883
24	4914
24	4915
24	4916
24	4917
24	4918
24	4919
24	4920
24	4921
24	4922
24	4923
24	4924
24	4925
24	4927
24	4928
24	4955
25	20
25	25
25	19
25	55
25	96
25	196
26	25
26	39
26	72
26	142
26	399
26	1915
26	2046
26	2580
26	2757
26	2792
26	2809
26	2810
26	2994
26	2998
26	3140
26	3156
26	3220
26	3255
26	3684
26	3732
26	3765
26	3827
26	4038
26	4324
27	25
27	39
28	20
29	20
29	29
29	2457
29	2824
29	3242
29	3244
29	3315
29	4029
29	4170
30	29
30	20
30	1
30	41
30	84
30	198
30	202
30	254
30	264
30	373
30	376
30	393
30	395
30	396
30	418
30	421
30	427
30	428
30	435
30	447
30	466
30	469
30	470
30	472
30	476
30	475
30	572
30	580
30	609
30	673
30	698
30	699
30	704
30	707
30	732
30	760
30	759
30	762
30	788
30	799
30	800
30	928
30	934
30	974
30	977
30	993
30	1039
30	1041
30	1064
30	1100
30	1103
30	1135
30	1166
30	1168
30	1182
30	1318
30	1321
30	1349
30	1313
30	1359
30	1411
30	1554
30	1570
30	1568
30	1584
30	1704
30	1705
30	1823
30	2117
30	2340
30	2361
30	2449
30	2448
30	2451
30	2452
30	2460
30	2489
30	2530
30	2557
30	2604
30	2648
30	2659
30	2660
30	2661
30	2681
30	2791
30	2916
30	2917
30	3110
30	3161
30	3162
30	3163
30	3164
30	3209
30	3297
30	3385
30	3447
30	3471
30	3491
30	3506
30	3527
30	3531
30	3535
30	3537
30	3545
30	3546
30	3565
30	3584
30	3586
30	3596
30	3595
30	3610
30	3611
30	3613
30	3614
30	3661
30	3675
30	3764
30	3787
30	3955
30	3970
30	3969
30	3975
30	4111
30	4131
30	4158
30	4159
30	4270
30	4272
30	4329
30	4345
30	4347
30	4350
30	4353
30	4354
30	4367
30	4377
30	4380
30	4381
30	4399
30	4409
30	4431
30	4436
30	4443
30	4444
30	4445
30	4451
30	4476
30	4495
30	4497
30	4504
30	4514
30	4521
30	4522
30	4536
30	4610
30	4636
30	4649
30	4652
30	4653
30	4656
30	4657
30	4676
30	4682
30	4683
30	4687
30	4705
30	4702
30	4715
30	4714
30	4717
30	4718
31	20
32	31
32	20
32	1
32	50
32	87
32	84
32	82
32	105
32	102
32	111
32	136
32	178
32	200
32	201
32	202
32	209
32	212
32	215
32	250
32	258
32	384
32	389
32	404
32	412
32	413
32	416
32	418
32	427
32	428
32	444
32	452
32	453
32	455
32	462
32	467
32	466
32	469
32	468
32	470
32	472
32	476
32	483
32	499
32	517
32	547
32	548
32	567
32	609
32	646
32	653
32	661
32	682
32	685
32	689
32	693
32	698
32	703
32	709
32	711
32	714
32	717
32	725
32	724
32	728
32	731
32	732
32	753
32	754
32	762
32	765
32	801
32	806
32	814
32	815
32	816
32	819
32	817
32	825
32	833
32	854
32	864
32	872
32	868
32	867
32	887
32	908
32	935
32	940
32	946
32	947
32	950
32	949
32	958
32	964
32	963
32	965
32	968
32	969
32	972
32	974
32	975
32	977
32	978
32	983
32	987
32	993
32	998
32	999
32	1001
32	1004
32	1015
32	1039
32	1050
32	1053
32	1064
32	1073
32	1074
32	1075
32	1078
32	1079
32	1081
32	1116
32	1124
32	1130
32	1135
32	1182
32	1202
32	1207
32	1235
32	1256
32	1258
32	1255
32	1259
32	1260
32	1261
32	1267
32	1282
32	1321
32	1553
32	1558
32	1559
32	1562
32	1570
32	1569
32	1568
32	1574
32	1575
32	1576
32	1577
32	1578
32	1579
32	1580
32	1583
32	1584
32	1598
32	1607
32	1612
32	1614
32	1621
32	1644
32	1648
32	1649
32	1655
32	1656
32	1657
32	1658
32	1671
32	1675
32	1679
32	1684
32	1701
32	1702
32	1703
32	1704
32	1706
32	1705
32	1707
32	1720
32	1721
32	1825
32	1835
32	1908
32	1936
32	1942
32	1941
32	1979
32	2026
32	2037
32	2038
32	2040
32	2060
32	2077
32	2080
32	2078
32	2090
32	2105
32	2104
32	2113
32	2159
32	2168
32	2173
32	2179
32	2187
32	2199
32	2202
32	2213
32	2215
32	2228
32	2300
32	2302
32	2310
32	2318
32	2317
32	2315
32	2322
32	2319
32	2337
32	2340
32	2343
32	2346
32	2351
32	2352
32	2359
32	2362
32	2373
32	2400
32	2401
32	2430
32	2448
32	2449
32	2450
32	2451
32	2453
32	2452
32	2454
32	2460
32	1339
32	2508
32	2524
32	2527
32	2533
32	2541
32	2539
32	2561
32	2578
32	2577
32	2579
32	2607
32	2681
32	2721
32	2731
32	2735
32	2738
32	2754
32	2767
32	2781
32	2784
32	2808
32	2892
32	2909
32	2929
32	2939
32	2961
32	2957
32	2968
32	2996
32	3014
32	3050
32	3071
32	3100
32	3110
32	3159
32	3163
32	3165
32	3192
32	3191
32	3224
32	3226
32	3253
32	3255
32	3284
32	3299
32	3310
32	3313
32	3438
32	3439
32	3453
32	3466
32	3473
32	3491
32	3523
32	3525
32	3534
32	3563
32	3570
32	3573
32	3593
32	3606
32	3607
32	3618
32	3630
32	3654
32	3947
32	3948
32	3952
32	3954
32	3955
32	3956
32	3957
32	3958
32	3959
32	3960
32	3961
32	3962
32	3964
32	3965
32	3966
32	3967
32	3968
32	3969
32	3970
32	3972
32	3973
32	3974
32	3975
32	4051
32	4111
32	4120
32	4126
32	4127
32	4131
32	4134
32	4139
32	4142
32	4143
32	4156
32	4158
32	4157
32	4160
32	4159
32	4161
32	4164
32	4166
32	4170
32	4175
32	4178
32	4179
32	4187
32	4194
32	4270
32	4285
32	4302
32	4304
32	4341
32	4349
32	4354
32	4380
32	4436
32	4443
32	4445
32	4462
32	4474
32	4485
32	4488
32	4491
32	4499
32	4503
32	4508
32	4520
32	4535
32	4536
32	4539
32	4542
32	4554
32	4560
32	4561
32	4565
32	4579
32	4581
32	4636
32	4639
32	4646
32	4653
32	4657
32	4670
32	4676
32	4682
32	4683
32	4694
32	4696
32	4702
32	4705
32	4707
32	4750
32	4758
32	4859
32	4912
32	4935
33	20
33	285
33	302
33	3296
33	3317
33	3318
33	4017
33	4209
33	4210
33	4211
33	4213
33	4215
33	4216
33	4217
33	4219
33	4220
33	4221
33	4222
33	4223
34	20
34	3263
34	3275
34	3494
35	1
35	55
35	62
35	64
35	190
35	4848
35	4873
35	4889
36	35
36	1086
36	1201
36	1597
36	2070
36	3353
36	3427
36	3586
36	4118
36	4845
37	36
37	120
37	257
37	267
37	774
37	1135
37	2066
37	2067
37	2069
37	2068
37	2065
37	2073
37	3356
37	3420
37	3413
37	3421
37	3422
37	3424
37	3426
37	3427
37	3442
37	3443
37	3444
37	3445
37	4330
37	4964
38	1
38	184
38	185
38	190
38	4859
39	38
39	39
39	98
39	3121
40	1
40	190
40	4835
40	4844
41	40
41	3491
41	4272
41	4342
41	4345
41	4683
42	5
43	42
44	9
45	7
45	1603
45	1618
45	1662
46	14
46	267
46	1064
46	1069
46	2529
46	3098
46	3585
46	4724
47	188
47	189
48	47
49	48
49	3561
49	3562
49	3565
49	3563
49	3572
49	4168
49	4170
49	4185
49	4411
49	4620
50	49
50	51
51	49
51	4168
51	4173
52	51
52	107
52	366
52	445
52	456
52	525
52	559
52	742
52	1940
52	2613
52	2839
52	2997
52	3291
52	3434
52	3538
52	4031
52	4413
52	4542
52	4544
52	374
52	4290
53	49
53	298
53	301
53	316
53	1152
53	1258
53	1260
53	1285
53	1287
53	1288
53	1353
53	1513
53	1540
53	1918
53	1947
53	1952
53	1985
53	2028
53	2032
53	2300
53	2304
53	2317
53	2314
53	2321
53	2322
53	2323
53	2319
53	2328
53	2336
53	2368
53	2383
53	2382
53	2414
53	2415
53	2416
53	2455
53	2491
53	2496
53	2515
53	2539
53	2545
53	2547
53	2608
53	2614
53	2653
53	2659
53	2767
53	2775
53	2781
53	2783
53	2784
53	2839
53	2837
53	2957
53	3099
53	3240
53	3266
53	3274
53	3284
53	3286
53	3289
53	3288
53	3292
53	3296
53	3295
53	3302
53	3316
53	3333
53	3368
53	3432
53	3450
53	3475
53	3492
53	3533
53	3589
53	3597
53	3935
53	3937
53	3997
53	4010
53	4018
53	4021
53	4046
53	4064
53	4077
53	4095
53	4097
53	4106
53	4107
53	4137
53	4217
53	4268
53	4274
53	4383
53	4434
53	4593
53	4656
53	4667
53	4811
54	53
54	301
54	469
54	964
54	963
54	972
54	974
54	975
54	976
54	977
54	979
54	980
54	981
54	982
54	993
54	999
54	1004
54	1297
54	1547
54	1552
54	1703
54	2449
54	2659
54	2660
54	2661
54	2669
54	2674
54	2677
54	2681
54	2686
54	2690
54	2691
54	2694
54	2701
54	2713
54	2718
54	3948
54	3962
54	3970
54	4158
55	179
55	197
56	190
57	56
57	132
57	1908
57	2832
57	2943
57	3233
57	3240
57	3253
57	3260
57	3261
57	3317
57	3319
57	3547
57	3549
57	3580
57	3666
57	3993
58	57
58	134
58	1909
58	1938
58	2839
58	3519
58	4006
59	57
59	2935
59	2994
59	2998
59	3141
59	4911
59	4929
59	4933
59	4934
60	62
60	4872
60	4888
61	60
61	183
61	216
61	217
61	218
61	219
61	220
61	221
61	222
61	223
61	224
61	225
61	226
61	238
61	239
61	400
61	510
61	721
61	775
61	848
61	865
61	868
61	878
61	919
61	928
61	983
61	987
61	1267
61	1275
61	1612
61	1810
61	1809
61	1811
61	1812
61	1831
61	1937
61	1986
61	1988
61	2000
61	2002
61	2018
61	2045
61	2046
61	2090
61	2093
61	2180
61	2182
61	2213
61	2214
61	2221
61	2222
61	2225
61	2232
61	2318
61	2354
61	2380
61	2428
61	1339
61	2586
61	2809
61	3100
61	3141
61	3156
61	3277
61	3419
61	3586
61	4330
61	4331
61	4332
61	4335
61	4380
61	4457
61	4522
61	4653
61	4660
61	4750
61	4793
61	4816
62	63
62	1052
62	1073
62	1207
64	63
66	4835
66	4874
66	4876
66	4899
67	66
67	67
67	2073
67	2757
67	2759
67	2806
67	2808
67	4829
68	67
68	68
68	74
68	157
68	1432
68	1434
68	1435
68	1445
68	1447
68	1448
68	1667
68	2458
68	2559
68	2560
68	2563
68	2564
68	2581
68	2795
68	2796
68	2803
68	2805
68	2806
69	68
69	613
69	2811
70	69
70	610
70	615
71	70
71	203
71	204
71	252
71	255
71	257
71	262
71	265
71	267
71	583
71	592
71	673
71	676
71	682
71	698
71	708
71	709
71	714
71	716
71	718
71	740
71	761
71	762
71	767
71	775
71	808
71	814
71	817
71	819
71	825
71	827
71	828
71	831
71	1016
71	1041
71	1048
71	1058
71	1064
71	1081
71	1082
71	1094
71	1101
71	1116
71	1129
71	1130
71	1133
71	1141
71	1142
71	1143
71	1147
71	1149
71	1151
71	1164
71	1177
71	1184
71	1188
71	1192
71	1204
71	1267
71	1303
71	1318
71	1347
71	1360
71	1366
71	1518
71	1526
71	1721
71	1732
71	1792
71	1799
71	1801
71	1802
71	1905
71	1918
71	1961
71	1960
71	1959
71	1963
71	1966
71	1968
71	1969
71	1970
71	1975
71	1979
71	1983
71	1989
71	1992
71	1993
71	1997
71	2014
71	2027
71	2031
71	2038
71	2044
71	2046
71	2164
71	2179
71	2187
71	2214
71	2215
71	2220
71	2310
71	2312
71	2321
71	2328
71	2330
71	2340
71	2359
71	2361
71	2365
71	2381
71	2389
71	2394
71	2429
71	2431
71	2432
71	2456
71	2493
71	2492
71	2586
71	2587
71	2589
71	2590
71	2592
71	2594
71	2598
71	2606
71	2613
71	2622
71	2735
71	2746
71	2792
71	2810
71	2816
71	2840
71	2851
71	2854
71	2856
71	2892
71	2905
71	2943
71	2957
71	2962
71	2963
71	2964
71	2967
71	2972
71	2973
71	2974
71	2975
71	2977
71	2978
71	2979
71	2981
71	2988
71	2993
71	3013
71	3012
71	3024
71	3025
71	3034
71	3052
71	3053
71	3057
71	3074
71	3087
71	3088
71	3092
71	3096
71	3097
71	3100
71	3106
71	3125
71	3132
71	3135
71	3141
71	3145
71	3192
71	3220
71	3356
71	3375
71	3378
71	3471
71	3488
71	3491
71	3565
71	3597
71	3934
71	3988
71	4038
71	4113
71	4344
71	4388
71	4394
71	4417
71	4425
71	4441
71	4457
71	4459
71	4461
71	4476
71	4479
71	4485
71	4498
71	4499
71	4504
71	4508
71	4510
71	4515
71	4516
71	4522
71	4542
71	4550
71	4554
71	4557
71	4561
71	4573
71	4599
71	4633
71	4636
71	4645
71	4653
71	4657
71	4663
71	4673
71	4701
71	4705
71	4707
71	4716
71	4763
71	4764
71	4765
71	4766
71	4767
71	4791
71	4860
72	67
72	2793
73	66
73	84
73	227
73	237
73	250
73	441
73	1028
73	1092
73	1258
73	1259
73	1261
73	1279
73	1664
73	1692
73	1723
73	1792
73	1799
73	1843
73	2179
73	2187
73	2327
73	2332
73	2346
73	2351
73	2381
73	2383
73	2414
73	2456
73	2557
73	2775
73	2804
73	2900
73	2922
73	3050
73	2995
73	3248
73	3326
73	3327
73	3476
73	3477
73	3480
73	3504
73	3506
73	3543
73	3559
73	3604
73	3654
73	3926
73	4110
73	4146
73	4453
73	4560
73	4701
73	4707
73	4752
73	4755
73	4783
74	4835
75	74
75	214
75	237
75	248
75	320
75	361
75	1121
75	1624
75	1793
75	1792
75	1872
75	2047
75	2169
75	2187
75	2201
75	2209
75	2213
75	2387
75	2393
75	2395
75	2397
75	2405
75	2408
75	2418
75	2425
75	2561
75	3343
75	3353
75	3428
75	3440
75	3593
75	4118
75	4126
75	4127
75	4312
75	4313
75	4314
75	4315
75	4316
75	4317
75	4318
75	4319
75	4320
75	4321
75	4322
75	4794
75	4801
75	4806
75	4819
75	4836
75	4845
75	4871
75	4887
76	75
77	75
78	75
78	1793
78	2221
78	2438
79	75
79	1793
79	2222
79	2439
80	75
80	80
80	21
80	295
80	1216
80	1231
80	1230
80	1624
80	1708
80	1793
80	1799
80	1838
80	2179
80	2400
80	2650
80	2824
80	2965
80	3156
80	3324
80	3931
80	3941
80	4173
80	4195
80	4299
80	4301
80	4324
80	4789
81	75
81	784
81	1793
81	2961
81	2958
81	3188
81	3189
81	3192
81	3193
81	3356
81	4282
81	4284
81	4462
81	4591
81	4694
82	21
82	82
82	2543
82	2618
82	2619
82	2620
82	2624
82	2796
82	2805
83	82
83	83
83	1174
83	1179
83	1189
83	1581
83	2105
83	2104
83	2179
83	2442
83	3641
84	83
84	1561
85	84
85	1555
86	85
86	83
86	1555
87	84
87	202
87	1554
87	1558
87	1559
87	1562
87	1563
87	1569
87	1574
87	1575
87	1576
87	1577
87	1578
87	1579
87	1580
87	1582
87	1591
87	1593
88	84
88	1596
89	84
89	1554
89	1559
89	1561
89	1569
89	1574
89	1575
89	1576
89	1577
89	1578
89	1579
89	1580
89	1593
89	1596
90	84
91	90
91	1561
91	1568
92	28
93	92
93	3302
93	3303
93	3304
94	93
94	3298
94	3481
95	34
96	180
97	185
97	186
98	184
99	98
99	1610
99	1646
99	1653
99	2058
99	2561
99	2752
99	3490
99	3592
99	3593
99	4118
99	4121
99	4127
100	99
100	382
100	386
100	389
100	442
100	444
100	445
100	446
100	447
100	448
100	449
100	451
100	452
100	453
100	454
100	455
100	456
100	457
100	458
100	459
100	460
100	461
100	479
100	689
100	693
100	732
100	806
100	809
100	810
100	811
100	827
100	828
100	1688
100	1922
100	1938
100	2492
100	1339
100	2613
100	2614
100	2722
100	2729
100	3458
100	3529
100	3579
100	4423
100	4428
100	4451
100	4491
100	4520
100	4521
100	4536
100	4552
100	4558
100	4559
100	4560
100	4646
100	4687
100	1939
103	102
103	3596
103	3604
103	3610
103	3618
103	3630
104	102
105	104
105	3608
105	3609
105	3612
105	3615
105	3616
105	3617
105	3620
105	3621
105	3623
105	3627
105	3631
105	3634
105	3635
105	3638
105	3639
106	105
106	3655
107	105
107	107
107	1911
107	3233
107	3235
107	3273
107	3278
107	3286
107	3546
107	3640
107	3884
107	4106
109	108
111	110
111	112
111	4416
111	4417
111	4624
111	4625
112	111
113	112
113	292
113	1905
113	2847
113	3212
113	3216
113	3223
113	3306
113	3305
113	3310
113	3312
113	3317
113	3330
113	3329
113	3338
113	3339
113	3553
113	3559
113	3574
113	4181
113	4963
114	112
114	458
114	486
114	488
114	493
114	3305
114	3314
114	3315
114	3317
114	3338
114	3339
114	3340
114	3341
114	3342
114	3574
114	3952
114	4167
114	4171
114	4173
114	4188
114	4197
115	111
115	1936
115	3485
115	3576
115	3924
115	4107
116	115
116	3451
116	3767
116	3924
117	115
117	110
117	4415
117	4417
117	4623
117	4625
118	115
118	840
118	1152
118	1155
118	1217
118	1222
118	1224
118	1223
118	1226
118	1229
118	1232
118	1235
118	1261
118	1269
118	1277
118	1279
118	1395
118	1413
118	1415
118	1421
118	1697
118	1718
118	1837
118	1944
118	2309
118	2312
118	2366
118	2374
118	2372
118	2384
118	2390
118	2512
118	2651
118	2751
118	2775
118	2806
118	2808
118	2957
118	3183
118	3369
118	3417
118	3419
118	3413
118	3421
118	3422
118	3424
118	3426
118	3429
118	3433
118	3495
118	3924
118	3933
118	3934
118	4046
118	4266
118	4446
118	4850
119	115
119	373
119	376
119	588
119	1028
119	1432
119	1434
119	1435
119	1445
119	1447
119	1448
119	1829
119	2050
119	2719
119	2775
119	2869
119	3009
119	3328
119	3331
119	3416
119	3462
119	3587
119	3935
119	4049
119	4226
119	4264
120	115
120	132
120	259
120	1074
120	1103
120	1110
120	1116
120	1118
120	1135
120	1152
120	1207
120	1392
120	1410
120	1414
120	1420
120	2511
120	2650
120	2750
120	2775
120	2806
120	2808
120	2961
120	2958
120	3370
120	3368
120	3418
120	3422
120	3427
120	3586
120	3924
120	3935
120	4028
120	4212
120	4282
120	4356
120	4828
121	120
121	132
121	134
121	253
121	263
121	381
121	386
121	389
121	402
121	416
121	431
121	446
121	448
121	459
121	479
121	582
121	670
121	697
121	705
121	713
121	718
121	726
121	730
121	732
121	742
121	762
121	767
121	1204
121	1938
121	1339
121	2539
121	2561
121	2613
121	2958
121	3361
121	3458
121	3486
121	3529
121	3528
121	3580
121	3997
121	4026
121	4127
121	4355
121	4357
121	4364
121	4369
121	4379
121	4380
121	4428
121	4441
121	4447
121	4451
121	4475
121	4496
121	4502
121	4504
121	4507
121	4514
121	4517
121	4524
121	4536
121	4544
121	4617
121	4640
121	4643
121	4653
121	4654
121	4655
121	4673
121	4679
121	4678
121	4680
121	4687
121	4705
121	374
121	379
124	123
124	1946
124	3557
124	3558
124	4426
124	4634
126	125
126	131
126	130
126	1916
126	2942
126	2943
126	3555
126	3556
126	3578
126	3577
126	3582
126	3586
126	4418
126	4420
126	4626
126	4628
128	127
128	2844
128	2845
128	2855
128	2856
128	3104
128	3222
128	3223
128	3226
128	3227
128	3228
128	3229
128	3230
128	3231
128	3232
128	3234
128	3235
128	3236
128	3237
128	3238
128	3239
128	3242
128	3243
128	3245
128	3246
128	3247
128	3249
128	3250
128	3251
128	3254
128	3255
128	3338
128	3339
128	3342
128	3441
128	3939
128	4383
128	4593
129	128
129	3212
129	3305
129	3312
129	3313
129	3335
129	3337
131	130
131	1918
131	3556
131	4420
131	4628
132	131
132	2943
132	3578
133	132
133	3657
134	132
134	3580
134	3586
135	132
135	1935
135	2557
135	2561
135	3146
135	3440
135	3441
135	3449
135	3452
135	3454
135	3456
135	3457
135	3459
135	3460
135	3481
135	3493
135	3496
135	3500
135	3501
135	3505
135	3506
135	3510
135	3514
135	3517
135	3525
135	3533
135	3535
135	3545
135	3546
135	3547
135	3767
135	4046
135	4127
137	136
137	141
137	4097
137	4590
139	138
139	145
139	4053
139	4077
139	4078
139	4080
139	4094
140	139
140	4083
140	4086
140	4091
140	4095
140	4096
140	4102
140	4103
141	140
141	1961
141	2044
142	141
142	142
142	4086
144	143
145	144
145	4101
147	146
147	1100
147	1166
147	2547
147	2555
147	2633
147	2648
147	2653
147	2655
147	4348
148	147
148	1362
148	1419
148	1669
148	2455
148	2468
148	2470
148	2475
148	2476
148	2488
148	2498
148	2499
148	2501
148	2502
148	2507
148	2508
148	2515
148	2622
148	2632
148	2642
148	2643
148	2647
148	2648
148	2649
148	2723
148	2728
148	2767
148	2782
148	4349
148	4381
148	4638
148	4835
149	150
149	151
151	152
151	154
152	153
154	155
157	156
158	157
158	1717
158	2169
158	2213
159	157
159	166
159	1717
159	1721
159	2093
159	2165
159	2169
159	2179
159	2182
159	2178
159	2213
159	2214
159	2505
159	2621
161	160
161	1670
161	2458
161	2503
161	2506
161	2509
161	2800
161	2801
161	2802
161	2804
163	162
163	1669
163	2458
163	2477
163	2504
163	2508
163	2510
163	2789
163	2799
163	2803
164	162
164	1016
164	1163
164	1170
164	1185
164	2440
164	2442
164	2443
164	2444
164	2456
164	2477
164	2489
164	2505
164	2507
164	2508
164	2510
164	2596
164	2597
164	2599
164	2600
164	2601
164	2602
164	2603
164	2604
164	2605
164	2606
164	2624
164	2737
164	2738
164	2796
164	2805
166	165
167	166
167	1721
167	1725
167	2180
167	2214
167	2621
168	166
168	172
168	2734
168	2786
170	169
170	2807
172	171
172	2437
172	2635
172	2762
172	2764
172	2777
177	178
182	181
182	371
182	607
182	719
182	1865
182	2774
182	3451
182	4267
182	4294
182	4308
182	4511
192	191
192	1978
192	2040
192	2052
192	3435
192	3473
192	3661
192	4125
193	192
193	1209
193	3127
193	4194
193	4742
194	193
194	343
194	654
194	663
194	668
194	795
194	838
194	848
194	1283
194	1715
194	1719
194	1822
194	2048
194	2061
194	2233
194	2235
194	2236
194	2237
194	2238
194	2239
194	2240
194	2241
194	2249
194	2250
194	2345
194	2377
194	2399
194	2726
194	3167
194	3169
194	3171
194	3172
194	3174
194	3175
194	3176
194	3179
194	3180
194	3182
194	3183
194	3184
194	3186
194	3187
194	3194
194	3195
194	3196
194	3197
194	3198
194	3199
194	3200
194	3201
194	3202
194	3207
194	3208
194	3210
194	3211
194	3431
194	4298
194	4300
194	4309
194	4323
194	4326
194	4466
194	4473
194	4831
195	194
195	206
195	247
195	369
195	371
195	494
195	557
195	609
195	617
195	686
195	734
195	846
195	914
195	930
195	962
195	1007
195	1128
195	1572
195	2167
195	2955
195	3158
195	3383
195	3468
195	3552
195	4153
195	4278
195	4489
195	4538
197	4881
197	4905
199	198
199	202
199	404
199	416
199	426
199	1411
199	1419
199	1393
199	1720
200	201
206	209
208	207
213	212
213	250
213	1792
214	213
214	2201
229	236
229	237
230	229
230	504
230	507
230	517
230	4350
232	231
232	1900
232	2199
232	2216
232	2228
232	2230
232	2231
233	232
235	234
241	240
241	356
241	1086
241	1121
241	1745
241	1746
241	1799
241	1807
241	1869
241	1870
241	1877
241	1886
241	1887
241	1926
241	2187
241	2215
241	2220
241	2225
241	2230
241	3345
241	4314
241	4321
241	4794
241	4801
241	4804
241	4806
241	4819
242	241
242	248
242	343
242	362
242	1121
242	1733
242	1734
242	1789
242	1799
242	1825
242	1857
242	1859
242	1869
242	1880
242	1889
242	1887
242	2179
242	2178
242	2187
242	2220
242	2225
242	2230
242	2384
242	2988
242	3345
242	3348
242	4314
242	4320
242	4321
242	4794
242	4801
242	4804
242	4806
242	4819
242	4824
243	242
243	1856
243	1868
243	1870
243	2225
243	2230
244	243
244	842
246	245
246	2076
246	2173
246	2179
246	2232
246	2443
246	2754
246	3745
246	3762
246	4132
246	4285
246	4304
246	4305
246	4580
249	248
249	250
249	4737
249	4740
248	4740
250	4736
251	250
251	466
251	585
251	1705
251	1712
251	2171
251	2452
251	3955
251	3965
251	3973
251	4159
253	252
253	257
253	255
253	1961
253	1979
254	255
256	255
256	1975
257	255
258	257
258	267
259	258
259	1010
259	1088
259	3417
259	3425
259	4027
259	4446
259	4704
260	259
260	670
260	697
260	705
260	713
260	718
260	742
260	762
260	767
260	1087
260	1204
260	3361
260	3368
260	4355
260	4357
260	4364
260	4369
260	4379
260	4380
260	4441
260	4447
260	4475
260	4496
260	4504
260	4507
260	4514
260	4517
260	4524
260	4544
260	4617
260	4640
260	4643
260	4653
260	4654
260	4655
260	4673
260	4679
260	4678
260	4680
260	4705
261	258
261	1976
261	2028
261	2030
261	3384
261	3385
261	4355
263	262
263	265
263	2019
263	2038
263	2041
263	2044
264	265
266	265
266	2033
267	265
269	268
271	270
271	2253
271	2254
271	2255
271	2256
271	2257
271	2258
271	2259
271	2260
271	2261
271	2262
271	2263
271	2264
271	2265
271	2266
271	2267
271	2268
271	2269
271	2270
271	2271
271	2272
271	2273
271	2274
271	2275
271	2276
271	2277
271	2278
271	2279
271	2280
271	2281
271	2282
271	2283
271	2284
271	2285
271	2286
271	2287
271	2288
271	2289
271	2290
271	2291
271	2292
271	2293
271	2294
271	2295
271	2296
271	2297
271	2298
272	271
272	2321
274	273
274	275
274	276
274	278
274	279
274	280
274	281
274	282
273	277
275	277
276	277
278	277
277	317
279	277
280	277
280	317
281	280
281	277
282	277
283	287
283	288
283	290
283	292
283	293
284	283
284	1652
284	2918
284	3225
286	285
286	287
286	296
286	3307
286	3984
286	4143
286	4197
286	4224
286	4227
289	288
289	2952
289	2951
289	3217
289	3305
289	3308
289	3307
289	3310
289	3312
289	3668
289	4138
291	290
294	293
294	3241
294	4050
294	4054
294	4055
294	4183
295	316
297	296
297	1902
297	2329
297	2370
297	4746
299	298
299	300
299	302
301	300
301	301
301	2640
301	2660
301	2839
301	2851
301	3293
302	316
303	306
303	310
303	312
303	315
303	317
304	303
305	303
307	306
307	310
307	312
307	315
308	306
308	310
308	312
308	315
308	317
309	306
309	310
309	312
309	315
311	310
313	312
313	315
319	318
319	321
319	326
319	328
319	327
319	333
319	336
319	337
319	338
319	339
319	340
319	341
319	358
319	1927
319	1955
319	1956
319	1998
319	2011
319	2815
319	2816
319	2818
319	2819
319	2820
319	3118
319	3120
319	3122
319	3346
319	3347
319	3350
319	4338
319	4469
318	321
318	326
318	328
318	329
318	330
318	332
318	334
318	337
318	338
318	339
318	340
318	1008
318	1009
318	1927
318	1955
318	1956
318	1957
318	1995
318	1996
318	1998
318	1999
318	2001
318	2003
318	2004
318	2005
318	2006
318	2009
318	2010
318	2011
318	2012
318	2014
318	2815
318	2816
318	2818
318	2819
318	2820
318	3118
318	3120
318	3122
318	3346
318	3347
318	3348
318	3349
318	3350
318	4338
318	4468
318	4469
321	320
321	322
321	358
322	320
325	324
328	327
328	331
328	333
328	335
328	341
328	1925
331	336
343	342
343	344
343	345
343	346
343	347
343	348
343	349
343	350
343	351
343	352
343	353
343	354
343	355
343	357
343	2813
343	2814
343	2817
343	2821
343	3344
360	360
362	362
364	364
366	366
367	366
367	1026
367	2073
367	2555
367	2637
367	2639
367	4336
367	4357
367	4425
367	4427
367	4633
367	4635
367	4679
367	4745
368	366
368	382
368	381
368	386
368	444
368	445
368	446
368	450
368	452
368	453
368	455
368	457
368	458
368	459
368	461
368	573
368	806
368	809
368	811
368	827
368	828
368	2228
368	2314
368	2415
368	2416
368	3500
368	3506
368	3510
368	3513
368	3529
368	3535
368	3545
368	3546
368	3547
368	3593
368	4118
368	4428
368	4451
368	4552
368	4559
368	4560
368	4629
368	4687
368	4745
370	369
370	371
372	371
372	386
372	389
372	575
372	718
372	1204
372	2769
372	3451
372	4335
374	373
374	376
374	3927
376	375
376	384
376	389
377	375
377	384
377	389
378	375
378	425
378	426
378	1139
378	2719
378	2728
378	4639
378	4835
379	375
379	2652
379	2654
380	375
380	384
380	389
382	381
381	3506
383	382
383	386
383	437
383	442
383	449
383	451
383	457
383	460
383	593
383	1318
383	1321
383	1313
383	1536
383	1649
383	1655
383	1339
383	4399
383	4409
383	4610
383	2206
383	4751
384	381
384	387
385	384
385	389
387	386
388	386
388	4737
390	389
390	653
390	1847
390	2343
390	3652
390	4436
389	3530
391	389
392	389
392	3531
394	393
394	395
394	396
397	396
398	398
399	400
399	2512
399	4657
402	401
402	416
402	431
402	1400
402	1398
402	1418
402	2542
402	2544
402	2632
402	3459
401	416
401	431
403	402
403	1651
403	2057
403	2066
403	2067
403	2069
403	2068
403	2065
403	2719
403	2728
405	404
405	412
405	416
405	428
405	466
405	558
405	859
405	947
405	966
405	1574
405	1575
405	1576
405	1577
405	1578
405	1579
405	1580
405	1701
405	1705
405	2202
405	2450
405	2452
405	2517
405	2524
405	2549
405	2738
405	3955
405	3956
405	3960
405	3965
405	3968
405	3973
405	4156
405	4159
405	4302
407	406
407	412
408	407
408	406
408	421
408	422
408	428
408	462
408	1574
408	1575
408	1576
408	1577
408	1578
408	1579
408	1580
408	1669
408	1701
408	2202
408	2450
408	2508
408	2796
408	2805
408	3956
408	3960
408	3968
408	4156
409	407
409	413
409	421
409	422
411	410
411	412
414	413
416	415
416	416
416	474
416	483
416	488
416	2539
416	2571
416	2577
416	2579
416	2634
416	2727
416	2763
416	2767
416	2769
416	2782
416	2872
416	2892
416	2909
416	3117
416	3152
416	3153
416	4025
416	4055
416	4138
416	4141
416	4144
416	4176
416	4181
416	4183
416	4192
417	415
419	418
419	427
419	1336
419	1349
419	1581
419	1669
419	2508
419	2557
419	2729
419	2745
419	2796
419	2805
419	3471
419	4792
418	421
418	422
420	418
420	427
420	549
420	703
420	743
420	799
420	1172
420	1186
420	2303
420	2318
420	2351
420	2354
420	2364
420	2681
420	4450
420	4575
420	4639
420	4681
424	423
424	4758
428	481
428	2738
429	2997
429	3141
431	430
433	432
434	432
434	1624
434	2738
434	2925
434	3619
436	435
436	3117
436	4937
438	437
438	439
438	441
438	1031
438	1788
438	1791
438	1807
438	1808
438	1829
438	1869
438	1870
438	1894
438	1895
438	1919
438	1920
438	1921
438	1924
438	1933
438	1934
438	4049
438	4752
438	4930
438	4932
440	439
440	1029
440	2217
440	2637
440	2934
440	3416
440	4268
440	4416
440	4427
440	4624
440	4635
443	442
443	1339
443	4367
443	4370
443	4707
451	450
451	759
451	2615
451	2729
451	3457
451	4520
451	4714
457	475
457	810
457	1647
457	1656
457	2489
457	2557
457	4126
457	4558
463	462
462	466
462	468
465	464
465	474
465	480
465	485
465	486
465	3951
464	468
467	466
467	468
466	468
469	468
469	469
469	470
471	470
471	928
471	933
471	1561
471	1702
471	2448
471	3476
471	3958
471	3961
471	3969
471	4157
471	4739
473	472
473	933
473	1704
473	2451
473	3959
473	3967
473	3975
473	4164
475	480
476	475
476	476
476	481
476	2489
476	2557
476	2738
477	476
478	476
479	475
479	481
479	2489
479	2613
479	2736
479	2738
481	2557
482	481
484	483
487	486
487	489
487	492
487	493
487	498
490	489
490	873
492	491
492	495
492	496
492	500
494	499
495	495
497	496
497	993
497	999
497	3643
497	4443
497	4676
503	502
503	504
503	507
503	517
503	518
505	504
505	2185
506	504
506	2185
508	507
508	510
508	518
508	840
508	2430
508	2442
508	2460
508	2607
508	2618
508	2619
508	3843
508	4398
508	4446
508	4660
511	510
512	510
512	2934
512	3356
512	4350
513	510
513	514
513	516
515	514
515	516
520	519
520	3364
522	521
524	523
524	526
524	527
524	528
524	529
524	531
524	532
524	533
524	534
524	540
525	524
525	535
530	529
530	531
530	4589
537	536
537	904
537	918
537	983
538	536
539	3372
539	3381
541	541
541	544
541	3586
542	541
543	541
544	3586
545	544
546	544
552	551
552	3765
552	4341
552	4581
553	554
554	554
554	555
557	561
560	559
560	4413
564	563
564	809
564	3469
564	3512
564	4283
564	4552
565	564
566	564
568	567
568	570
569	567
571	570
572	606
572	2633
572	4637
572	4856
574	573
576	575
576	718
576	934
576	1204
576	1213
576	1598
576	4464
576	4698
576	4767
581	580
582	581
582	583
582	584
582	585
582	586
582	588
582	589
582	590
582	2511
582	2512
582	2539
582	2542
582	2544
582	3116
582	3459
582	4683
582	374
587	586
594	593
593	2610
595	593
597	596
598	597
598	601
600	599
600	602
605	604
605	4398
605	4660
607	608
611	610
611	653
611	854
611	3565
611	3572
611	3573
611	3595
611	3644
614	613
613	2742
616	615
616	1172
616	1186
617	618
621	620
621	623
621	624
621	626
621	1233
621	2379
621	4303
622	621
622	620
622	623
622	624
622	1267
622	2548
622	3937
622	4669
626	625
626	626
626	635
626	636
626	643
626	645
626	648
626	656
626	658
626	3921
625	639
625	640
625	641
625	642
625	644
625	646
625	647
625	649
625	650
625	651
625	652
627	626
627	868
627	878
627	924
628	627
629	628
629	4948
630	629
630	872
630	875
630	920
630	922
630	4945
630	4946
630	4947
630	4951
630	4952
630	4953
630	4957
630	4958
631	628
631	875
631	4942
631	4948
631	4949
631	4952
631	4954
632	626
632	901
633	632
633	856
633	857
633	858
633	859
633	861
633	868
633	881
633	891
633	892
633	897
633	900
633	902
633	903
633	905
633	909
633	913
633	915
633	917
634	626
634	848
634	1233
634	1788
634	1791
634	2000
634	2002
634	3100
634	4108
635	637
639	638
653	659
653	661
656	655
656	657
660	659
660	868
660	878
660	935
660	1007
660	4554
665	664
665	1810
665	1809
665	1812
665	2179
665	2204
665	2330
665	2383
665	2381
664	664
667	666
668	667
668	695
668	720
668	733
668	822
668	4382
670	669
670	674
670	678
670	679
670	682
670	814
669	676
672	671
674	673
678	677
678	680
678	681
684	683
684	685
684	707
684	714
684	762
684	767
684	836
684	4486
684	4488
684	4497
684	4508
684	4514
684	4520
684	4522
684	4705
683	724
683	825
685	687
685	691
687	825
688	687
688	4490
688	4561
690	689
690	732
690	827
690	4746
691	689
691	693
691	728
691	825
691	831
692	691
692	728
692	816
692	830
692	4362
694	693
694	817
694	828
697	696
697	699
697	701
697	702
697	703
697	835
697	4430
697	4431
698	696
700	699
705	704
705	707
705	711
704	708
704	709
706	704
706	712
706	4504
710	709
710	4499
713	712
713	714
713	762
713	837
717	716
717	4358
717	4385
717	4870
718	717
722	721
723	721
725	724
725	826
724	728
727	726
727	730
728	731
730	729
730	818
730	821
729	811
731	732
731	810
731	811
731	831
737	736
737	739
737	4359
738	737
741	740
742	741
742	744
742	747
742	4429
746	745
747	746
747	817
749	748
751	750
751	1039
756	755
756	4464
758	757
758	4328
760	759
763	775
765	782
765	785
767	769
769	768
769	819
769	833
773	772
773	4355
774	773
774	4356
775	772
775	788
775	4353
775	4354
775	4367
775	4368
775	4378
775	4385
776	775
777	775
777	4330
777	4707
778	775
778	3192
778	4462
778	4694
778	4707
779	775
779	796
780	772
780	782
780	785
780	1087
780	1597
780	2070
780	3420
780	3419
780	3445
780	3945
780	4330
782	781
782	801
782	817
782	835
782	837
782	2035
783	782
783	785
783	786
783	802
783	803
785	784
788	787
788	4353
788	4354
788	4367
788	4368
788	4378
789	788
790	788
790	1135
790	4702
791	788
791	4702
792	788
792	837
792	3100
792	3380
792	4707
793	788
793	797
793	799
795	794
798	797
798	1018
798	1102
798	1103
798	1110
798	1109
798	1184
798	2466
798	2467
798	2746
798	3356
798	3993
798	4451
798	4687
798	4707
804	803
806	805
806	4540
815	817
818	817
818	829
818	831
819	817
820	817
821	817
824	823
824	829
824	830
826	825
826	831
830	829
841	840
841	844
841	845
840	1793
843	842
842	1733
842	2203
847	843
848	1904
851	850
851	872
851	984
851	985
850	860
850	899
852	850
855	854
856	883
856	884
856	886
856	906
856	907
856	916
856	925
856	927
863	862
863	866
862	898
864	862
864	880
864	893
864	898
865	864
865	865
866	880
866	893
867	866
868	867
868	868
869	868
870	868
870	872
870	921
870	935
871	868
871	921
871	985
872	868
872	935
873	868
873	904
873	918
873	921
873	983
874	868
874	935
874	958
874	982
875	868
875	935
876	868
876	878
876	984
877	868
878	868
879	878
880	867
883	882
886	885
886	926
888	887
890	889
895	894
896	894
896	940
896	2032
896	3647
911	910
912	910
920	919
922	921
923	921
923	1549
923	2692
923	4914
923	4915
923	4916
923	4917
923	4918
923	4919
923	4920
923	4921
923	4922
923	4923
923	4924
923	4925
923	4927
923	4928
928	931
928	932
937	936
938	937
939	937
940	937
941	940
941	941
942	937
943	937
945	972
947	969
948	947
948	970
950	949
950	950
950	951
950	952
950	954
950	955
950	956
950	972
951	953
958	957
959	958
960	958
961	957
961	964
961	1988
961	1994
961	2213
964	963
964	964
964	972
964	974
964	975
964	976
964	977
964	978
964	979
964	980
964	981
964	982
963	963
963	972
967	966
967	969
967	970
967	971
966	969
968	969
969	972
970	969
971	969
972	3763
983	983
988	987
992	991
992	3597
992	4442
992	4675
994	993
994	3645
994	3654
995	993
996	993
996	999
996	2730
996	3648
997	993
997	999
1003	1002
1011	1010
1011	1036
1014	1013
1014	1144
1015	1014
1016	1015
1016	1157
1016	1159
1017	1016
1017	1029
1017	1159
1017	1163
1018	1017
1018	1025
1018	1085
1018	1192
1019	1018
1019	1063
1019	1089
1019	1093
1019	1094
1019	1096
1019	1098
1019	1132
1019	1149
1019	1188
1021	1020
1021	1153
1022	1021
1023	1022
1024	1023
1024	1134
1025	1024
1025	1062
1025	1067
1027	1026
1028	1027
1028	1154
1029	1028
1029	1162
1031	1030
1031	1032
1034	1033
1034	1668
1034	1974
1034	2017
1034	2026
1034	2612
1034	2931
1034	4233
1034	4331
1034	4334
1034	4460
1034	4693
1035	1035
1037	1036
1037	1076
1037	1108
1039	1039
1039	1067
1040	1039
1040	2330
1042	1041
1044	1043
1043	1045
1043	1046
1051	1050
1053	1052
1053	1054
1054	1054
1055	1054
1055	1078
1055	1081
1055	1127
1056	1054
1056	1199
1057	1054
1060	1059
1061	1060
1061	1066
1061	1086
1062	1061
1062	1065
1062	1083
1062	1090
1062	1091
1069	1082
1071	1070
1071	1072
1071	1079
1071	1080
1071	1117
1071	2097
1071	2108
1071	2113
1076	1075
1077	1075
1077	1079
1084	1083
1085	1094
1087	1086
1087	1201
1087	4591
1088	1087
1101	1113
1104	1103
1103	1116
1103	1135
1105	1103
1105	1106
1105	1113
1106	1103
1106	1135
1107	1106
1108	1108
1109	1135
1110	1109
1110	1135
1111	1110
1112	1110
1113	1135
1114	1113
1115	1114
1115	4913
1118	1197
1120	1119
1120	1196
1120	1197
1120	1199
1123	1122
1124	1127
1127	1206
1127	1212
1131	1130
1131	1133
1134	1133
1134	1146
1136	1135
1136	1182
1137	1135
1138	1137
1148	1147
1148	1149
1148	1151
1150	1149
1157	1156
1159	1158
1159	1160
1159	1161
1169	1168
1171	1170
1171	1185
1183	1182
1188	1187
1188	1189
1188	1190
1188	1191
1194	1193
1195	1193
1195	1198
1195	2796
1195	2805
1195	4461
1200	1199
1202	1201
1202	1203
1202	4468
1202	4510
1202	4684
1202	4882
1202	4886
1203	1202
1204	1202
1209	1208
1209	1211
1211	1210
1213	1212
1213	1666
1213	1986
1213	2045
1213	2046
1213	3156
1213	4465
1213	4735
1216	1215
1216	1254
1216	1675
1216	1930
1216	2373
1216	2957
1216	3368
1216	3933
1216	3934
1216	3935
1216	3936
1216	4273
1215	1222
1215	1224
1215	1229
1217	1216
1217	1265
1218	1216
1218	1234
1218	1254
1218	1274
1218	1841
1218	2376
1218	2384
1218	2390
1218	2419
1218	3203
1218	3430
1219	1216
1219	1265
1219	1269
1219	1843
1220	1219
1220	1842
1220	2208
1220	4269
1221	1216
1221	1227
1221	1674
1224	1223
1224	1225
1224	1226
1224	1232
1223	4280
1226	4286
1229	1228
1229	1230
1228	1792
1231	1230
1231	2962
1231	4448
1232	4310
1234	2420
1236	1235
1236	2209
1235	1270
1237	1238
1237	1239
1237	1240
1237	1241
1242	1243
1242	1245
1242	1246
1242	1247
1243	1244
1243	1237
1248	1249
1248	1250
1248	1251
1248	1242
1251	1252
1251	1253
1256	1255
1257	1256
1257	1258
1257	1260
1258	1256
1258	1258
1262	1261
1261	1261
1263	1261
1263	3164
1263	3165
1263	4750
1265	1264
1265	2366
1265	3204
1265	3932
1265	3946
1265	4783
1264	3930
1268	1267
1269	2956
1272	1271
1272	2422
1272	2964
1272	3370
1272	3945
1272	4677
1273	1272
1273	2422
1273	2963
1273	3936
1273	4449
1276	1275
1276	3192
1280	1279
1280	2252
1285	1284
1285	1295
1287	1286
1287	1290
1287	1291
1287	1293
1288	1289
1288	1292
1295	2322
1295	2936
1297	1671
1297	1698
1297	2329
1297	2346
1297	2402
1297	2415
1297	2416
1297	2640
1297	2661
1297	3166
1297	3284
1297	3300
1297	3534
1299	1298
1299	1301
1299	1305
1299	1308
1299	1309
1299	1310
1299	1354
1299	1355
1299	1356
1299	1357
1299	1358
1300	1299
1300	1303
1300	1366
1300	1367
1303	1302
1303	1304
1303	1306
1303	1307
1312	1311
1312	1322
1312	1330
1312	1332
1312	1333
1313	1312
1313	1315
1315	1314
1315	1327
1315	1328
1315	1329
1315	1331
1315	1334
1317	1316
1318	1317
1318	1324
1320	1319
1321	1320
1321	1326
1324	1323
1326	1325
1335	1318
1335	1321
1335	1347
1335	1313
1335	1353
1336	1318
1336	1349
1336	1337
1337	1318
1337	1313
1337	1361
1337	1365
1338	1318
1338	1321
1338	1313
1338	1465
1338	1538
1338	1539
1339	1318
1339	1313
1340	1318
1340	1313
1340	1937
1341	1318
1341	1313
1341	3100
1341	3191
1342	1318
1342	1313
1343	1321
1343	1669
1343	2455
1343	2458
1343	2477
1343	2489
1343	2510
1343	2624
1343	2625
1343	2637
1343	2803
1344	1321
1345	1321
1346	1321
1347	1350
1347	1351
1347	1352
1348	1347
1349	1313
1349	1359
1362	1337
1363	1362
1363	2499
1364	1337
1364	1621
1364	2557
1367	1368
1367	1369
1367	1370
1372	1371
1372	1374
1372	1375
1372	1378
1372	1379
1372	1380
1373	1372
1373	1377
1373	1427
1373	1383
1377	1376
1382	1381
1382	1384
1382	1387
1382	1388
1382	1390
1383	1382
1383	1386
1383	1426
1383	1428
1383	1429
1383	1430
1383	1431
1386	1385
1386	1389
1392	1391
1392	1407
1393	1392
1393	1395
1393	1420
1393	1421
1395	1394
1395	1405
1395	1406
1395	1408
1397	1396
1398	1397
1398	1404
1398	1416
1398	1417
1400	1399
1401	1400
1401	1411
1401	1398
1401	1418
1401	1419
1401	1393
1401	1422
1402	1400
1402	1398
1402	1418
1402	2524
1402	2525
1402	2542
1402	2544
1402	2632
1402	2769
1402	3459
1404	1403
1410	1409
1411	1410
1411	1413
1411	1414
1411	1415
1413	1412
1419	1424
1419	1425
1423	1422
1433	1432
1433	1434
1433	1435
1432	1437
1432	1442
1432	1443
1434	1436
1434	1441
1435	1438
1435	1439
1435	1440
1435	1444
1446	1445
1446	1447
1446	1448
1445	1450
1445	1455
1445	1456
1447	1451
1447	1452
1447	1453
1447	1457
1448	1449
1448	1454
1462	1461
1462	1479
1462	1516
1462	1518
1462	1520
1462	1523
1462	1524
1462	1527
1464	1463
1464	1471
1464	1472
1464	1473
1464	1474
1465	1464
1465	1467
1465	1480
1465	1481
1467	1466
1467	1475
1467	1476
1467	1477
1469	1468
1469	1470
1478	1465
1478	1482
1478	1491
1478	1503
1478	1504
1478	1509
1478	1510
1478	1512
1478	1514
1478	1515
1478	1517
1478	1519
1478	1522
1478	1525
1478	1526
1482	1483
1482	1484
1482	1486
1482	1488
1486	1485
1486	1489
1488	1487
1488	1490
1491	1492
1491	1493
1491	1495
1491	1500
1495	1494
1495	1496
1495	1497
1495	1498
1500	1499
1500	1501
1500	1502
1503	1505
1503	1507
1504	1506
1504	1508
1512	1511
1512	1513
1529	1528
1530	1528
1531	1528
1533	1532
1535	1534
1537	1536
1537	1538
1537	1539
1537	1540
1536	1545
1536	1546
1536	1551
1540	1539
1541	1540
1541	1547
1541	1552
1541	2728
1541	2731
1542	1541
1542	2702
1543	1541
1543	1547
1543	1552
1543	2674
1543	2677
1543	2681
1543	2686
1543	2691
1543	2690
1543	2694
1543	2702
1543	2713
1543	2718
1544	1541
1544	1547
1544	1552
1544	2669
1544	2674
1544	2677
1544	2681
1544	2686
1544	2691
1544	2690
1544	2694
1544	2701
1544	2702
1544	2709
1544	2713
1544	2718
1547	1546
1547	2728
1548	1547
1548	1552
1548	2669
1548	2674
1548	2677
1548	2681
1548	2686
1548	2690
1548	2691
1548	2694
1548	2701
1548	2709
1548	2713
1548	2718
1549	1547
1550	1549
1550	2692
1550	4914
1550	4915
1550	4916
1550	4917
1550	4918
1550	4919
1550	4920
1550	4921
1550	4922
1550	4923
1550	4924
1550	4927
1550	4928
1552	1551
1552	2728
1555	1554
1555	2104
1555	2179
1555	2527
1555	2618
1554	1561
1554	1584
1556	1555
1557	1554
1557	2300
1557	2328
1557	2331
1557	2327
1557	2351
1557	2359
1557	2416
1558	1574
1558	1576
1558	1577
1558	1578
1558	1579
1558	1580
1559	1558
1559	1561
1559	1575
1560	1559
1560	1574
1560	1575
1560	1576
1560	1577
1560	1578
1560	1579
1560	1580
1561	1559
1563	1569
1565	1564
1565	1565
1565	1566
1567	1570
1567	1591
1569	1568
1570	1569
1572	1571
1574	1573
1576	1575
1583	1582
1586	1585
1586	1587
1587	1588
1587	1589
1587	1590
1593	1592
1595	1594
1598	1597
1598	1605
1598	1616
1598	1621
1597	1601
1597	1659
1597	1660
1597	1661
1599	1598
1599	2963
1599	2964
1600	1598
1600	1621
1600	1644
1602	1601
1602	1605
1602	1616
1602	1661
1604	1603
1604	1662
1605	1604
1605	1618
1607	1606
1607	1627
1607	1663
1608	1607
1610	1609
1610	1643
1611	1610
1611	1612
1613	1612
1613	1621
1613	1644
1613	3133
1614	1612
1614	1615
1614	1629
1616	1618
1616	1619
1616	1626
1617	1616
1617	1619
1617	1626
1617	2073
1617	2746
1617	2796
1617	2805
1617	3466
1617	3471
1617	4038
1617	4829
1620	1619
1620	1659
1621	1620
1621	1626
1621	1644
1621	1660
1622	1621
1622	3133
1623	1620
1623	3050
1624	1620
1624	1658
1625	1620
1625	1658
1629	1628
1629	1631
1629	1632
1629	1633
1629	1640
1629	1641
1631	1630
1631	1634
1631	1635
1631	1636
1631	1637
1631	1638
1631	1639
1643	1642
1643	1645
1643	1647
1642	1648
1644	1643
1644	1648
1644	1650
1645	1652
1645	1654
1646	1645
1646	1654
1646	4126
1646	4127
1647	1656
1647	1657
1650	1649
1650	1655
1649	1652
1649	1657
1651	1650
1651	2057
1651	3121
1651	3471
1651	3586
1653	1652
1653	4126
1655	1654
1655	1656
1672	1671
1672	1683
1672	1685
1672	1692
1675	1676
1675	3927
1678	1677
1678	1681
1678	1682
1677	1681
1677	1682
1679	1677
1679	1694
1679	1695
1679	1697
1680	1679
1680	1683
1680	1700
1684	1683
1684	1685
1684	1684
1684	1693
1686	1684
1686	1696
1686	1699
1686	4743
1686	4749
1686	4751
1686	4753
1687	1686
1687	1875
1687	1883
1687	1892
1687	1903
1687	2212
1687	2415
1687	2416
1687	2200
1687	4751
1687	4960
1688	1687
1688	2346
1688	297
1689	1684
1690	1684
1692	1691
1698	1697
1699	1698
1699	2210
1699	2211
1699	2218
1699	2223
1699	2231
1699	2206
1699	4750
1701	1705
1701	1707
1703	1702
1703	1703
1703	1707
1706	1705
1706	1707
1705	1707
1708	1707
1709	1708
1710	1708
1711	1708
1711	1712
1711	1713
1711	1714
1711	1718
1717	1716
1719	1727
1720	1721
1721	1722
1721	1723
1721	1724
1721	1725
1725	1726
1729	1728
1729	1796
1728	1810
1728	1812
1730	1728
1730	2338
1730	2340
1730	2332
1730	2361
1730	2363
1730	2369
1730	2372
1730	2389
1732	1731
1732	1739
1732	1744
1732	1759
1732	1767
1732	1783
1733	1732
1733	2194
1733	2215
1733	2216
1733	2220
1734	1732
1734	1736
1734	1740
1734	1745
1734	1760
1734	1768
1734	1784
1735	1732
1735	1731
1735	1739
1735	1738
1735	1737
1735	1744
1735	1743
1735	1750
1735	1749
1735	1753
1735	1755
1735	1757
1735	1759
1735	1761
1735	1763
1735	1765
1735	1767
1735	1769
1735	1772
1735	1771
1735	1775
1735	1777
1735	1779
1735	1781
1735	1783
1735	1813
1735	1815
1735	1817
1735	1819
1735	2203
1735	2220
1736	1731
1738	1737
1738	1750
1738	1753
1738	1765
1738	1777
1738	1781
1738	1813
1739	1738
1739	1747
1739	1755
1739	1761
1740	1739
1740	1741
1740	1748
1740	1762
1741	1738
1741	1742
1741	1751
1741	1754
1741	1766
1741	1778
1741	1782
1741	1814
1742	1737
1744	1743
1744	1757
1744	1763
1744	1772
1745	1744
1745	1746
1745	1758
1745	1764
1745	1773
1746	1743
1747	1769
1747	1819
1748	1747
1748	1756
1748	1770
1748	1820
1750	1749
1750	1775
1750	1779
1751	1750
1751	1752
1751	1776
1751	1780
1752	1749
1754	1753
1756	1755
1758	1757
1760	1759
1762	1761
1764	1763
1766	1765
1768	1767
1770	1769
1772	1771
1772	1815
1772	1817
1773	1772
1773	1774
1773	1816
1773	1818
1774	1771
1776	1775
1778	1777
1780	1779
1782	1781
1784	1783
1786	1785
1785	1792
1787	1786
1787	2190
1787	2191
1787	2192
1787	2208
1790	1789
1793	1792
1793	1794
1793	2201
1793	2208
1793	2230
1793	4784
1794	1793
1795	1792
1796	1792
1796	1796
1797	1796
1797	1805
1797	2204
1798	1796
1798	2373
1798	2376
1798	2385
1798	2390
1798	2396
1798	2398
1798	2419
1798	2425
1799	1796
1799	1799
1800	1799
1800	1824
1801	1799
1801	1801
1801	2429
1801	2616
1801	3125
1802	1801
1802	1802
1802	2433
1803	1799
1804	1796
1804	2209
1805	1804
1806	1796
1806	2371
1806	2376
1806	2384
1806	2387
1806	2390
1806	2393
1806	2395
1806	2397
1806	2405
1806	2408
1806	2418
1806	4962
1810	1809
1810	1811
1814	1813
1816	1815
1818	1817
1820	1819
1822	1821
1822	1823
1822	1830
1825	1825
1828	1827
1828	2839
1828	2852
1828	2873
1831	1831
1833	1832
1835	1834
1835	1839
1835	1855
1835	1871
1835	1899
1836	1835
1836	1837
1836	1838
1836	1856
1836	1893
1836	1900
1837	1834
1838	1834
1838	1839
1838	1872
1840	1839
1840	1866
1840	1876
1845	1844
1845	1916
1845	1918
1846	1840
1848	1847
1848	2016
1850	1849
1851	1849
1853	1852
1853	1862
1853	1896
1854	1853
1854	1876
1854	1878
1854	1887
1855	1854
1855	1866
1856	1855
1856	1857
1856	1867
1857	1854
1857	1858
1857	1877
1857	1879
1857	1888
1858	1853
1858	1860
1858	1863
1858	1897
1859	1858
1859	1861
1859	1864
1859	1898
1859	2194
1860	1852
1861	1860
1861	2193
1863	1862
1864	1863
1864	2197
1867	1866
1868	1867
1868	2203
1872	1871
1872	1873
1874	1873
1874	1881
1874	1884
1874	1885
1874	1886
1874	1890
1874	1901
1874	2548
1874	2747
1874	3588
1875	1873
1875	2199
1875	2210
1875	2228
1877	1876
1879	1878
1880	1879
1880	2216
1883	1882
1883	2218
1888	1887
1889	1888
1889	1887
1889	1922
1889	2219
1889	2220
1892	1891
1892	2223
1894	1893
1894	2225
1897	1896
1898	1897
1898	2226
1898	2228
1900	1899
1903	1902
1903	2205
1903	2207
1903	2231
1906	1905
1907	1906
1907	3268
1908	1907
1908	2833
1908	3259
1908	3260
1908	3261
1909	1908
1909	1937
1909	2060
1909	3289
1909	3580
1909	4097
1909	4106
1911	1910
1911	3684
1911	3685
1911	3687
1911	3702
1911	3724
1911	3732
1911	3737
1911	3745
1911	3747
1912	1911
1912	3659
1912	3663
1912	3664
1912	3665
1912	3666
1913	1912
1913	3597
1913	3655
1913	3656
1913	3669
1914	1913
1914	2060
1914	2853
1914	2926
1914	2946
1914	2951
1914	3249
1914	3659
1914	3665
1914	3669
1914	3685
1914	3688
1914	3917
1914	3920
1914	4210
1914	4211
1914	4215
1915	1912
1916	1916
1917	1916
1923	1922
1923	2179
1923	2565
1923	4118
1923	4741
1926	1925
1926	1927
1929	1928
1929	1932
1930	1929
1931	1930
1931	1935
1931	1947
1931	1951
1931	1954
1936	1935
1936	1943
1936	3146
1936	3482
1936	3500
1936	3502
1936	3510
1936	3513
1936	3515
1936	3525
1936	3532
1936	3533
1936	4629
1937	1936
1937	2557
1937	3484
1937	3487
1937	3490
1937	4111
1937	4131
1938	1937
1938	1943
1938	1942
1938	1944
1938	3482
1938	3484
1938	3487
1938	3495
1938	3500
1938	3502
1938	3518
1938	3528
1938	3530
1938	3532
1938	3535
1938	3545
1938	3546
1938	3581
1938	3586
1939	1935
1939	3533
1939	4745
1940	1935
1940	1944
1940	1945
1940	3264
1940	3292
1940	3495
1940	4232
1942	1941
1942	2850
1942	3516
1942	3521
1942	3534
1942	3548
1942	3549
1942	3550
1942	3551
1942	4098
1942	4107
1943	1942
1943	1944
1943	3493
1943	3495
1943	3499
1943	3505
1943	3506
1943	3517
1943	3518
1943	3527
1948	1947
1950	1949
1950	1953
1960	1959
1960	1968
1960	1969
1960	1970
1961	1960
1961	1963
1961	1966
1963	1962
1963	1967
1965	1964
1966	1965
1976	1975
1978	1977
1978	2036
1978	2053
1980	1979
1981	1979
1981	2038
1982	1979
1982	1988
1982	1989
1982	1991
1982	1992
1982	1993
1982	2033
1982	2038
1984	1983
1985	1983
1987	1986
1990	1989
1990	1992
1990	1993
2016	2015
2020	2019
2023	2022
2024	2022
2028	2027
2029	2028
2030	2027
2030	2031
2035	2034
2040	2039
2042	2041
2042	4701
2042	4717
2042	4718
2052	2051
2052	3447
2052	4325
2055	2054
2055	3440
2056	2055
2056	2561
2056	3586
2056	3593
2058	2057
2058	3594
2059	2057
2064	2063
2065	2064
2065	2070
2065	2072
2065	2075
2066	2065
2067	2065
2068	2065
2069	2068
2071	2070
2074	2073
2074	3466
2074	3471
2077	2076
2077	2079
2077	2078
2077	2102
2077	2104
2077	2105
2077	2116
2077	2119
2077	2120
2077	2123
2077	2169
2077	2173
2077	2174
2076	2078
2076	2119
2076	2120
2079	2078
2079	2098
2080	2079
2080	2102
2080	2104
2080	2123
2081	2080
2081	2087
2081	2091
2081	2122
2081	2141
2081	2159
2082	2081
2082	2086
2082	2123
2083	2078
2084	2078
2086	2085
2086	2090
2086	2095
2086	2116
2087	2085
2087	2095
2089	2088
2089	2104
2089	2176
2091	2090
2091	2116
2092	2091
2093	2168
2093	2507
2094	2093
2100	2099
2099	2104
2101	2099
2101	2113
2102	2123
2104	2103
2104	2113
2105	2104
2106	2104
2106	2123
2106	2124
2106	2160
2106	2161
2107	2104
2107	2108
2107	2168
2107	2170
2107	2171
2107	2172
2107	2173
2107	2507
2107	4961
2108	2104
2109	2108
2109	4961
2110	2108
2110	2168
2110	2507
2110	4961
2111	2103
2112	2103
2113	2166
2114	2113
2114	4134
2116	2115
2116	2159
2118	2117
2122	2121
2122	2141
2122	2156
2121	2158
2121	2161
2123	2122
2123	2126
2123	2145
2123	2157
2123	2159
2124	2122
2124	2159
2125	2121
2125	2173
2125	4134
2126	2144
2126	2146
2127	2128
2127	2134
2127	2135
2128	2129
2128	2130
2128	2131
2128	2132
2128	2133
2136	2128
2136	2137
2136	2138
2136	2139
2136	2135
2140	2128
2141	2143
2142	2141
2142	2160
2147	2148
2148	2149
2149	2150
2149	2151
2149	2152
2149	2153
2154	2148
2156	2155
2160	2159
2163	2162
2163	2166
2162	2173
2162	2508
2165	2164
2166	2165
2168	2169
2175	2174
2179	2178
2179	2184
2180	2179
2181	2179
2182	2179
2183	2179
2186	2185
2188	2187
2189	2187
2189	3130
2189	4120
2194	2193
2194	2197
2194	2226
2195	2194
2196	2194
2196	2198
2196	2226
2196	2227
2200	2199
2200	2219
2200	2228
2200	2415
2200	2416
2200	4745
2200	4746
2202	2213
2206	2205
2206	2207
2212	2211
2225	2224
2229	2230
2243	2242
2243	2251
2243	2252
2245	2244
2247	2246
2247	2248
2294	2299
2301	2300
2301	2304
2301	2305
2301	2342
2301	2358
2301	2360
2300	2312
2303	2364
2306	2305
2306	2312
2306	2328
2306	2360
2305	2381
2307	2305
2307	2330
2307	2346
2307	2381
2307	2389
2308	2307
2308	2313
2309	2307
2309	2313
2309	2373
2309	2376
2309	2384
2309	2402
2310	2305
2310	2312
2310	2318
2310	2337
2310	2351
2310	2358
2310	2360
2310	2362
2310	2402
2311	2310
2311	2321
2311	2323
2313	2312
2313	2340
2313	2361
2313	2360
2313	2372
2315	2314
2315	2320
2315	2329
2316	2315
2316	2316
2316	2317
2316	2328
2317	2315
2317	2328
2317	2336
2318	2317
2318	2318
2318	2343
2320	2319
2320	2370
2319	2346
2321	2320
2322	2320
2322	2319
2322	2352
2323	2320
2323	2329
2323	2328
2323	2327
2323	2336
2323	2347
2324	2319
2324	2327
2325	2319
2325	2326
2326	2319
2326	2327
2326	2328
2326	2346
2327	2319
2328	2327
2328	2342
2328	2346
2329	2328
2330	2328
2330	2381
2330	2389
2331	2330
2331	2388
2331	2390
2332	2331
2333	2331
2333	2338
2333	2340
2333	2361
2333	2382
2333	2388
2333	2416
2334	2330
2335	2327
2339	2339
2341	2340
2341	2361
2341	2372
2345	2344
2345	2424
2349	2348
2349	2350
2349	2353
2349	2409
2355	2354
2355	2364
2356	2355
2356	2357
2357	2354
2357	2364
2357	2365
2359	2361
2360	2359
2360	2365
2361	2360
2364	2364
2369	2381
2369	2389
2373	2372
2373	2389
2373	2417
2372	2381
2372	2410
2374	2373
2374	2372
2374	2389
2375	2374
2375	2381
2375	2382
2375	2383
2375	2389
2375	2417
2375	2419
2375	2423
2378	2378
2378	2391
2378	2392
2381	2394
2381	2407
2382	2381
2382	2417
2383	2382
2383	2419
2385	2384
2384	2388
2384	2394
2384	2406
2386	2388
2387	2387
2388	2396
2388	2398
2388	2404
2388	2409
2401	2400
2403	2402
2412	2411
2412	2413
2412	2414
2414	2415
2414	2416
2420	2421
2425	2425
2427	2426
2429	2429
2430	2429
2431	2429
2431	2431
2431	2796
2431	2805
2432	2431
2432	2433
2432	2586
2435	2434
2435	4763
2435	4764
2435	4765
2435	4766
2436	2434
2436	2587
2436	2589
2436	2591
2436	2593
2436	2594
2437	2765
2437	2766
2441	2440
2441	2442
2441	2443
2441	2444
2441	2447
2441	2596
2443	2507
2446	2445
2449	2448
2449	2449
2449	2454
2450	2452
2450	2454
2453	2452
2453	2454
2452	2454
2455	2454
2456	2455
2456	3952
2456	4162
2457	2456
2460	2459
2461	2460
2461	2465
2461	2466
2461	2467
2461	2478
2461	2482
2462	2460
2463	2460
2463	3658
2464	2459
2468	2470
2468	2476
2469	2468
2469	2475
2469	2496
2469	1339
2469	2524
2469	2527
2469	2538
2469	2543
2469	2611
2469	2624
2469	2626
2469	2627
2469	2630
2469	2638
2469	2647
2469	2723
2469	2722
2469	2728
2469	2730
2469	2767
2469	2769
2469	2782
2469	3459
2469	4293
2469	4295
2471	2472
2473	2474
2479	2478
2479	2482
2479	2483
2479	2485
2479	2528
2479	2536
2481	2480
2481	2484
2481	2537
2485	2561
2485	2565
2485	2608
2485	2796
2485	4134
2485	4170
2486	2479
2486	2623
2487	2479
2487	2623
2489	2488
2489	3458
2488	2492
2488	2494
2488	2496
2490	2488
2492	2491
2492	2493
2496	2495
2496	2497
2499	2498
2499	2501
2499	2502
2500	1339
2513	2512
2516	2515
2518	2517
2518	2526
2518	2529
2517	2520
2517	2521
2519	2517
2519	2523
2519	2761
2519	2762
2521	2522
2523	2526
2525	2526
2526	2527
2527	2529
2527	2782
2528	2527
2528	2528
2528	2538
2528	2542
2528	2544
2528	2571
2528	2579
2528	2755
2528	2782
2531	2530
2530	2532
2530	2533
2530	2534
2530	2535
2539	4014
2540	2539
2540	4025
2540	4120
2540	4130
2540	4138
2540	4141
2540	4176
2540	4181
2540	4192
2541	2540
2541	4285
2541	4296
2543	2542
2543	2544
2546	2545
2546	2547
2546	4835
2545	2547
2548	2548
2550	2549
2550	2551
2552	2551
2552	4305
2553	2551
2555	2554
2555	2556
2562	2561
2567	2566
2567	2569
2567	2570
2567	2583
2568	2566
2568	2569
2568	2570
2568	2582
2572	2571
2572	2579
2572	4120
2572	4121
2574	2573
2574	2576
2574	2580
2574	2585
2575	2573
2575	2576
2575	2580
2575	2584
2578	2577
2578	2579
2588	2587
2591	2590
2591	2592
2595	2594
2595	4766
2598	2597
2598	2601
2598	2603
2598	2604
2598	2605
2608	2607
2609	2608
2609	2624
2609	2796
2609	2805
2611	2610
2611	2626
2611	2628
2613	2614
2615	2614
2615	2722
2630	2629
2632	2631
2636	2635
2636	2732
2636	2758
2636	2759
2636	2786
2641	2640
2641	2647
2643	2650
2643	2651
2643	2652
2643	2654
2644	2472
2645	2646
2647	2722
2649	2648
2649	4349
2649	4350
2649	4353
2649	4354
2656	2657
2658	2657
2663	2662
2663	2666
2663	2670
2663	2672
2663	2679
2663	2682
2663	2684
2663	2688
2663	2696
2663	2698
2663	2703
2663	2705
2663	2714
2663	2716
2665	2664
2665	2671
2665	2675
2665	2678
2665	2683
2665	2687
2665	2697
2665	2704
2665	2707
2665	2711
2665	2715
2668	2667
2668	2673
2668	2676
2668	2680
2668	2685
2668	2689
2668	2693
2668	2695
2668	2699
2668	2700
2668	2706
2668	2708
2668	2712
2668	2717
2669	2731
2677	2719
2677	2729
2691	2690
2692	2690
2702	2722
2702	2728
2709	2731
2710	2709
2720	2719
2720	2722
2720	2728
2720	2729
2723	2722
2724	2723
2724	2727
2726	2725
2726	2790
2726	2791
2733	2732
2733	4417
2736	2735
2739	2738
2739	2740
2743	2742
2743	2744
2743	2750
2743	2751
2743	2752
2747	2746
2748	2746
2748	2753
2748	2743
2749	2746
2756	2755
2758	2757
2758	2761
2758	2770
2760	2759
2760	2807
2769	2768
2769	2776
2770	2771
2770	2772
2770	2773
2777	2778
2777	2779
2777	2780
2782	2783
2782	2785
2783	2784
2794	2793
2797	2796
2797	2805
2798	2796
2798	2805
2815	2820
2816	2815
2823	2822
2823	2842
2823	2856
2824	2822
2824	2832
2824	2842
2824	2843
2824	2848
2824	2850
2824	2856
2824	2943
2825	2824
2826	2825
2826	2943
2826	2957
2826	2986
2826	3036
2826	3100
2826	3148
2826	4845
2827	2822
2827	2828
2827	2829
2831	2830
2831	3016
2831	3019
2831	3097
2830	2830
2833	2832
2832	2850
2834	2832
2834	2863
2834	2901
2834	2903
2834	3009
2834	3074
2835	2834
2835	2859
2835	2860
2836	2832
2836	3009
2838	2837
2838	2851
2839	2837
2841	2840
2841	2992
2841	3014
2841	3099
2841	3148
2840	2842
2842	3103
2843	2842
2843	2985
2843	3034
2847	2846
2847	3152
2847	3153
2847	3221
2847	3257
2847	3314
2847	3315
2847	3324
2847	3326
2847	3327
2847	3340
2847	3341
2849	2848
2848	2982
2848	3032
2853	3017
2853	3018
2858	2857
2858	2866
2858	2867
2858	2868
2858	2875
2858	2880
2858	2884
2857	2885
2857	2934
2859	2858
2859	2863
2860	2858
2860	2867
2860	2868
2860	2875
2860	2884
2861	2857
2861	2914
2861	2916
2861	3148
2862	2861
2863	2862
2863	2901
2863	2903
2864	2861
2864	2914
2865	2864
2865	2902
2865	2905
2865	2916
2865	2933
2865	2937
2865	2938
2867	2878
2867	2879
2868	2876
2868	2877
2868	2881
2868	2883
2870	2869
2871	2870
2871	2872
2871	2874
2873	2902
2873	2915
2873	2916
2875	2882
2887	2886
2887	2889
2887	2890
2887	2891
2887	2894
2888	2887
2888	2986
2888	3036
2893	2892
2893	2909
2893	2910
2893	2911
2893	2912
2893	2918
2892	2895
2892	2896
2892	2897
2892	2898
2892	2899
2901	2900
2901	2906
2901	2913
2901	2914
2901	2915
2901	2916
2901	2917
2902	2900
2902	2907
2902	2908
2903	2902
2903	2921
2904	2902
2905	2900
2910	2922
2919	2918
2919	2920
2925	3009
2927	2926
2927	2951
2926	3016
2926	3017
2926	3018
2926	3019
2928	2927
2928	2953
2928	2954
2930	2929
2930	2963
2935	2934
2935	2938
2936	2934
2936	2936
2936	2940
2936	3249
2936	3302
2936	3450
2936	3480
2936	3492
2936	3510
2936	3516
2936	3656
2936	3655
2936	4210
2936	4211
2941	2940
2945	2944
2945	2947
2945	2951
2944	2946
2944	2948
2944	2949
2944	2950
2952	2951
2952	4176
2953	2951
2954	2951
2957	2958
2958	2957
2959	2958
2959	3356
2959	3421
2959	4355
2959	4640
2960	2959
2960	3412
2960	3422
2960	3424
2960	3426
2961	2960
2961	3423
2963	2962
2963	2970
2963	4845
2966	2965
2966	2982
2966	2983
2966	2985
2966	3008
2966	3010
2966	3012
2968	2967
2968	2972
2968	2973
2968	2974
2968	2975
2968	2977
2968	2978
2968	2979
2968	2981
2969	2968
2969	3021
2970	2969
2970	2986
2970	2988
2970	2989
2970	3014
2970	3036
2970	3100
2971	2969
2971	2986
2971	3036
2976	2975
2976	2993
2976	3024
2976	3025
2980	2979
2980	2993
2980	3028
2984	2983
2984	2986
2984	3030
2984	3036
2984	3072
2986	2999
2986	3000
2986	3001
2986	3002
2986	3003
2986	3004
2986	3005
2986	3006
2986	3007
2987	2986
2987	3036
2987	3101
2987	3147
2988	2986
2988	3036
2989	2988
2990	2986
2990	3010
2990	3036
2990	3108
2991	2986
2991	3011
2991	3036
2991	3074
2992	2991
2992	3036
2993	2986
2993	3036
2993	4845
2994	2993
2995	2994
2995	2998
2996	2993
2996	3130
2997	2993
2998	2993
2998	4858
3009	3008
3009	3106
3013	3012
3013	3061
3013	3096
3014	3013
3014	3050
3015	3014
3015	3100
3015	3147
3021	3020
3021	3022
3021	3023
3021	3024
3021	3025
3021	3026
3021	3027
3021	3028
3021	3029
3021	3063
3020	3062
3023	3064
3024	3065
3025	3066
3026	3067
3027	3068
3028	3069
3029	3070
3032	3031
3032	3073
3034	3033
3034	3074
3036	3035
3036	3042
3036	3075
3036	3142
3035	3038
3035	3039
3035	3040
3035	3043
3035	3044
3035	3045
3035	3046
3035	3047
3037	3036
3037	3048
3037	3074
3037	3085
3042	3041
3042	3079
3050	3049
3050	3086
3049	3052
3049	3053
3049	3054
3049	3055
3049	3056
3049	3057
3049	3058
3049	3059
3049	3060
3051	3050
3075	3076
3075	3077
3075	3078
3075	3080
3075	3081
3075	3082
3075	3083
3075	3084
3086	3087
3086	3088
3086	3089
3086	3090
3086	3091
3086	3092
3086	3093
3086	3094
3086	3095
3101	3100
3102	3100
3106	3105
3108	3107
3112	3111
3112	4030
3112	4384
3112	4594
3113	3112
3114	3113
3115	3112
3115	4030
3116	3112
3116	3952
3116	4030
3116	4041
3116	4042
3116	4044
3127	3126
3127	3128
3127	3129
3127	3136
3131	3130
3133	3146
3137	3138
3140	3141
3143	3144
3144	3145
3150	3149
3151	3149
3159	3161
3159	3162
3159	3164
3160	3159
3160	3163
3160	3165
3161	3161
3167	3166
3167	3173
3167	3181
3166	3168
3166	3185
3166	3205
3166	3209
3171	3170
3176	3177
3176	3178
3186	3206
3190	3189
3190	3356
3192	3191
3213	3212
3213	3215
3213	3673
3213	3916
3213	3938
3213	4204
3213	4205
3214	3213
3214	3305
3214	3312
3214	3668
3214	3672
3214	4197
3214	4208
3214	4965
3217	3216
3217	3657
3217	3677
3217	3679
3219	3218
3219	3220
3224	3223
3225	3224
3225	3257
3233	3235
3241	3240
3244	3243
3248	3247
3248	3248
3248	4046
3252	3251
3252	3558
3252	3564
3252	3569
3252	4464
3252	4698
3257	3256
3257	3258
3259	3264
3259	3266
3259	3281
3259	3283
3259	3290
3259	3292
3259	3293
3259	3298
3259	3300
3260	3263
3260	3270
3260	3273
3260	3274
3260	3275
3260	3277
3260	3286
3260	3288
3260	3295
3261	3265
3261	3267
3261	3276
3261	3278
3261	3280
3261	3301
3263	3262
3263	3272
3264	3300
3270	3269
3270	3279
3270	3282
3270	3287
3270	3297
3270	3299
3269	3271
3269	3294
3271	3319
3273	3319
3274	3547
3274	3548
3275	3319
3282	3319
3284	3283
3284	3516
3285	3284
3285	4051
3285	4053
3285	4057
3285	4059
3287	3319
3289	3288
3289	3333
3289	4097
3291	3290
3291	3292
3292	3293
3294	3319
3295	3550
3296	3295
3297	3319
3306	3305
3306	3310
3308	3307
3308	3310
3310	3309
3310	3311
3318	3317
3321	3320
3321	3322
3321	4150
3326	3325
3329	3328
3329	3331
3330	3329
3330	3332
3335	3334
3336	3336
3346	4337
3346	4467
3352	3351
3354	3353
3355	3355
3356	3367
3357	3356
3357	3371
3358	3357
3358	3360
3359	3356
3360	3356
3360	3382
3361	3356
3361	3362
3361	4362
3361	4354
3361	4641
3361	4674
3364	3363
3364	3365
3364	3366
3368	3367
3368	4357
3368	4449
3368	4679
3369	3368
3369	3432
3370	3368
3373	3372
3373	3381
3373	3380
3374	3373
3374	3358
3376	3375
3376	3378
3377	3375
3379	3378
3381	3380
3387	3388
3387	3389
3387	3399
3389	3390
3389	3397
3389	3398
3390	3391
3390	3392
3390	3393
3393	3394
3393	3396
3394	3395
3396	3395
3398	555
3400	3401
3400	3391
3402	3403
3402	3390
3404	3405
3404	3406
3404	3390
3404	3395
3407	3408
3407	3391
3407	3399
3407	3409
3407	3410
3410	3411
3412	3413
3415	3414
3415	3413
3415	3421
3417	3416
3417	3429
3418	3416
3419	3413
3420	3419
3427	3428
3433	3432
3434	4220
3437	3436
3437	3438
3437	4144
3437	4207
3447	3446
3449	3448
3449	3450
3449	3455
3449	3460
3449	4414
3449	4622
3448	3463
3454	3453
3456	3455
3456	4111
3456	4131
3456	4134
3457	3458
3460	3461
3460	3462
3467	3466
3467	3471
3467	4038
3470	3469
3472	3471
3478	3477
3478	3479
3478	3480
3482	3481
3482	3514
3482	3535
3482	3545
3482	3546
3481	3503
3484	3483
3484	3485
3484	3486
3484	3488
3484	3489
3484	3491
3484	3584
3484	4419
3484	4627
3493	3492
3493	3494
3493	3511
3497	3496
3497	3499
3497	3507
3497	3520
3499	3498
3499	3508
3499	3522
3502	3501
3502	3547
3505	3504
3505	3523
3509	3508
3513	3512
3513	3530
3513	3531
3513	4421
3513	4630
3519	3518
3519	4097
3519	4106
3525	3524
3525	3526
3529	3528
3535	3542
3535	3543
3535	3544
3536	3535
3537	3535
3538	3535
3538	3538
3559	3560
3564	3563
3564	3566
3564	3571
3565	3563
3565	3571
3568	3567
3568	3569
3568	3570
3575	3574
3575	3576
3578	3577
3580	3581
3583	3583
3585	3586
3588	3587
3588	3589
3588	3590
3588	3938
3588	4029
3588	4203
3588	4206
3596	3595
3596	3606
3596	3607
3596	3613
3596	3614
3596	3619
3596	3622
3596	3626
3596	3632
3596	3633
3596	3636
3596	3637
3595	3600
3597	3595
3597	3606
3597	3607
3597	3608
3597	3609
3597	3622
3597	3626
3597	3632
3597	3633
3597	3636
3597	3637
3597	3641
3597	3642
3597	3643
3597	3644
3597	3645
3597	3646
3597	3647
3597	3648
3597	3649
3597	3650
3597	3652
3597	3653
3597	3658
3597	3771
3597	3788
3597	3828
3599	3598
3600	3599
3600	3601
3604	3611
3623	3624
3623	3625
3627	3628
3627	3629
3656	3655
3659	3658
3659	3683
3659	3689
3659	3690
3659	3691
3659	3692
3659	3693
3659	3694
3659	3695
3659	3696
3659	3697
3659	3706
3659	3707
3659	3708
3659	3709
3659	3711
3659	3713
3659	3717
3659	3726
3659	3727
3659	3728
3659	3729
3659	3740
3659	3743
3659	3744
3659	3748
3659	3750
3659	3757
3659	3758
3658	3720
3658	3752
3658	3753
3658	3754
3658	3755
3658	3756
3658	3804
3658	3813
3661	3660
3661	3667
3660	3662
3660	3670
3660	3674
3660	3675
3660	3676
3663	3671
3663	3731
3663	3749
3663	3760
3663	3761
3664	3682
3664	3686
3664	3698
3664	3699
3664	3704
3664	3705
3664	3712
3664	3714
3664	3715
3664	3716
3664	3718
3664	3719
3664	3721
3664	3734
3664	3735
3664	3736
3664	3738
3664	3739
3664	3741
3664	3742
3664	3746
3664	3751
3665	3688
3666	3700
3666	3722
3671	3725
3675	3764
3679	3678
3681	3680
3685	3701
3703	3702
3703	3767
3703	3785
3703	3827
3703	3884
3703	3920
3707	3710
3711	3759
3724	3723
3724	3730
3732	3884
3733	3732
3733	3762
3733	3763
3752	3830
3765	3765
3765	3766
3767	3766
3767	3774
3767	3783
3767	3787
3767	3789
3767	3791
3767	3803
3767	3809
3767	3831
3767	3833
3767	3837
3767	3842
3767	3843
3767	3879
3767	3881
3767	3890
3767	3891
3767	3896
3767	3902
3767	3903
3767	3905
3767	3922
3767	3923
3769	3768
3770	3768
3772	3771
3774	3773
3774	3784
3774	3786
3774	3792
3774	3793
3774	3794
3774	3795
3774	3796
3774	3797
3774	3798
3774	3799
3774	3800
3774	3801
3774	3802
3774	3804
3774	3807
3774	3808
3774	3811
3774	3812
3774	3813
3774	3814
3774	3815
3774	3816
3774	3817
3774	3818
3774	3819
3774	3820
3774	3822
3774	3825
3774	3829
3774	3830
3774	3832
3774	3835
3774	3840
3774	3841
3774	3844
3774	3845
3774	3877
3774	3878
3774	3880
3774	3882
3774	3883
3774	3885
3774	3886
3774	3887
3774	3888
3774	3889
3774	3892
3774	3893
3774	3898
3774	3900
3774	3901
3774	3906
3774	3907
3774	3908
3774	3909
3774	3911
3774	3912
3774	3913
3774	3914
3774	3921
3775	3776
3775	3778
3775	3780
3776	3777
3777	3849
3778	3776
3778	3779
3778	3780
3780	3776
3780	3781
3783	3782
3783	3790
3783	3805
3783	3806
3783	3810
3783	3823
3783	3824
3783	3875
3783	3876
3783	3894
3783	3895
3783	3897
3783	3899
3783	3904
3783	3910
3783	3915
3789	3788
3789	3828
3789	3836
3789	3839
3827	3826
3835	3834
3837	3838
3846	3847
3846	3848
3846	3777
3849	3850
3849	3855
3849	3865
3849	3866
3849	1240
3849	3867
3849	1241
3849	3869
3849	3870
3849	3871
3849	3873
3850	3851
3850	3852
3850	3853
3850	3854
3850	3855
3850	1240
3850	3856
3850	3857
3850	3858
3850	3859
3850	3860
3850	3861
3850	3862
3859	1239
3859	1241
3862	3863
3863	3864
3867	3868
3868	1239
3868	1241
3871	3872
3873	3874
3917	3920
3919	3918
3919	3921
3919	3925
3918	3918
3927	3928
3927	3929
3941	3940
3941	3942
3941	3943
3943	3944
3947	3947
3948	3947
3948	3948
3948	3957
3948	3958
3950	3949
3952	3951
3952	3963
3952	3971
3951	3957
3953	3952
3953	4023
3953	4024
3953	4033
3953	4042
3953	4208
3954	3951
3954	3955
3954	3957
3955	3957
3956	3955
3956	3957
3960	3965
3960	3966
3962	3961
3962	3962
3962	3966
3963	3966
3964	3963
3964	3965
3964	3966
3965	3966
3968	3973
3968	3974
3970	3969
3970	3970
3970	3974
3971	3974
3972	3971
3972	3973
3972	3974
3973	3974
3977	3976
3977	3981
3979	3978
3979	3980
3979	3982
3984	3983
3984	3985
3984	4226
3986	3986
3987	3987
3989	3988
3991	3990
3994	3993
3996	3995
3998	3997
3998	4002
3997	3999
3997	4000
4000	4001
4001	4012
4002	4001
4002	4220
4002	4222
4002	4232
4003	4005
4003	4008
4005	4004
4005	4009
4005	4022
4006	4005
4006	4008
4006	4010
4006	4012
4006	4018
4006	4019
4006	4021
4006	4208
4008	4007
4008	4020
4012	4011
4012	4013
4014	4025
4015	4014
4017	4016
4018	4017
4026	4025
4028	4027
4031	4030
4031	4038
4032	4032
4035	4034
4035	4038
4037	4036
4038	4039
4038	4040
4046	4045
4046	4047
4046	4048
4046	4050
4051	4057
4051	4059
4051	4064
4051	4067
4057	4056
4057	4071
4059	4058
4059	4060
4059	4062
4059	4065
4059	4066
4059	4068
4059	4069
4059	4072
4059	4073
4059	4074
4059	4075
4061	4060
4064	4063
4064	4070
4077	4076
4077	4079
4077	4090
4080	4081
4083	4082
4083	4093
4085	4084
4086	4085
4086	4088
4088	4087
4088	4089
4091	4092
4100	4099
4105	4104
4106	4105
4109	4108
4112	4111
4112	4131
4115	4114
4115	4119
4115	4130
4115	4133
4115	4136
4116	4115
4118	4117
4118	4135
4123	4122
4123	4297
4124	4122
4126	4128
4138	4139
4139	4144
4141	4140
4141	4143
4142	4140
4142	4144
4143	4144
4145	4145
4148	4147
4148	4149
4150	4150
4153	4152
4152	4154
4152	4155
4156	4159
4156	4161
4158	4157
4158	4158
4158	4161
4160	4159
4160	4161
4159	4161
4162	4161
4163	4162
4163	4165
4163	4166
4163	4170
4163	4174
4167	4169
4170	4169
4169	4173
4171	4170
4173	4172
4186	4185
4186	4187
4186	4188
4186	4191
4186	4192
4189	4188
4189	4190
4198	4197
4198	4201
4198	4202
4198	4204
4198	4208
4199	4199
4201	4200
4201	4203
4202	4202
4209	4212
4209	4214
4209	4218
4224	4225
4228	4229
4230	4231
4235	4234
4235	4239
4235	4251
4236	4235
4236	4236
4236	4769
4236	4938
4236	4939
4236	4940
4237	4236
4237	4938
4238	4234
4238	4768
4238	4909
4238	4910
4240	4241
4241	4242
4241	4243
4243	4244
4244	4245
4245	4246
4247	4248
4248	4243
4249	4250
4252	4253
4253	4254
4253	4243
4255	4250
4256	4257
4258	4258
4259	1244
4259	1245
4259	1246
4259	1247
4260	4259
4261	4262
4261	4263
4262	555
4265	4264
4265	4266
4265	4274
4267	4268
4269	4270
4270	4272
4276	4275
4276	4277
4282	4281
4282	4287
4282	4311
4283	4282
4283	4284
4289	4288
4289	4289
4290	4288
4294	4308
4302	4302
4303	4303
4306	4305
4307	4305
4333	4332
4333	4335
4343	4342
4343	4372
4342	4349
4342	4372
4342	4381
4346	4345
4346	4347
4351	4350
4351	4353
4351	4354
4351	4367
4351	4368
4351	4370
4351	4378
4352	4352
4355	4354
4356	4355
4357	4355
4358	4355
4359	4358
4359	4385
4359	4393
4360	4358
4361	4358
4362	4358
4362	4378
4363	4355
4364	4354
4364	4397
4364	4395
4364	4398
4364	4407
4364	4429
4365	4354
4365	4378
4366	4354
4369	4368
4369	4370
4369	4380
4369	4438
4369	4440
4372	4373
4372	4374
4376	4375
4379	4362
4379	4380
4379	4433
4379	4435
4385	4394
4386	4359
4387	4385
4387	4700
4388	4385
4389	4390
4391	4390
4396	4395
4397	4396
4398	4395
4399	4400
4399	4407
4401	4402
4403	4404
4404	4405
4404	4406
4409	4408
4413	4412
4413	4621
4423	4422
4423	4452
4423	4631
4424	4422
4428	4427
4428	4635
4429	4430
4431	4430
4432	4431
4435	4434
4436	4434
4436	4436
4437	4436
4438	4439
4446	4449
4447	4360
4447	4361
4454	4453
4468	4469
4472	4471
4473	4472
4473	4512
4473	4537
4473	4551
4473	4721
4475	4474
4475	4477
4475	4481
4475	4482
4475	4485
4475	4701
4474	4479
4477	4476
4481	4480
4481	4483
4481	4484
4486	4526
4486	4554
4487	4486
4488	4490
4488	4492
4490	4554
4492	4491
4492	4530
4492	4554
4492	4557
4493	4492
4493	4531
4493	4539
4493	4563
4493	4671
4494	4491
4494	4536
4494	4646
4496	4495
4496	4497
4496	4500
4495	4498
4495	4499
4502	4501
4502	4503
4502	4505
4502	4701
4504	4503
4504	4506
4504	4515
4507	4506
4507	4508
4507	4522
4507	4705
4514	4513
4514	4515
4517	4516
4517	4519
4517	4522
4517	4664
4517	4717
4519	4518
4519	4523
4519	4718
4524	4524
4525	4524
4525	4659
4527	4526
4527	4555
4526	4530
4529	4528
4529	4534
4530	4535
4530	4565
4532	4531
4532	4553
4532	4556
4532	4563
4531	4556
4534	4533
4534	4546
4534	4564
4533	4547
4533	4541
4533	4559
4535	4536
4535	4558
4535	4559
4539	4542
4540	4541
4540	4548
4542	4541
4542	4548
4542	4556
4543	4542
4543	4578
4543	4671
4544	4543
4544	4561
4544	4574
4544	4576
4544	4664
4545	4542
4546	4545
4546	4547
4547	4542
4555	4554
4555	4557
4561	4560
4562	4561
4567	4566
4567	4568
4567	4570
4567	4572
4567	4600
4567	4606
4567	4709
4567	4710
4569	4568
4569	4572
4570	4568
4571	4570
4571	4572
4574	4573
4578	4577
4579	4670
4582	4581
4582	4659
4584	4583
4585	4583
4585	4599
4585	4609
4585	4684
4585	4697
4586	4585
4587	4586
4588	4585
4589	4585
4589	4607
4592	4591
4596	4595
4596	4602
4596	4606
4596	4711
4596	4712
4598	4597
4601	4600
4601	4603
4603	4606
4604	4603
4605	4603
4610	4616
4610	4618
4611	4612
4613	4614
4614	4615
4616	4637
4617	4616
4617	4637
4617	4660
4617	4662
4617	4663
4617	4664
4618	4652
4618	4656
4632	4631
4638	4637
4638	4652
4638	4656
4639	4637
4640	4637
4640	4652
4640	4656
4640	4702
4640	4707
4641	4640
4642	4640
4643	4642
4643	4644
4644	4640
4648	4647
4648	4650
4648	4651
4649	4647
4649	4650
4649	4651
4649	4652
4649	4653
4649	4656
4653	4652
4653	4656
4654	4653
4654	4666
4654	4668
4655	4653
4655	4670
4655	4672
4662	4661
4662	4665
4668	4667
4669	4667
4670	4671
4679	4678
4679	4680
4686	4685
4686	4688
4686	4689
4686	4690
4692	4701
4699	4698
4702	4701
4702	4704
4702	4713
4703	4702
4704	4702
4705	4702
4705	4707
4706	4702
4707	4702
4707	4722
4708	4707
4708	4725
4708	4726
4715	4714
4721	4720
4723	4722
4725	4727
4725	4728
4725	4729
4725	4730
4725	4731
4725	4732
4738	4737
4744	4743
4747	4746
4748	4746
4755	4754
4755	4756
4755	4757
4759	4760
4761	4760
4761	4762
4767	4833
4769	4768
4769	4772
4769	4779
4770	4771
4773	4774
4775	4776
4776	4777
4776	4778
4780	4781
4781	4782
4785	1730
4786	1730
4787	1730
4788	1730
4798	4799
4826	4825
4827	4825
4827	4828
4827	4829
4831	4832
4835	4834
4835	4837
4835	4838
4835	4839
4835	4840
4835	4841
4835	4842
4844	4852
4844	4853
4844	4854
4844	4855
4844	4856
4844	4857
4844	4858
4844	4859
4844	4861
4844	4862
4844	4864
4844	4865
4845	4844
4846	4844
4847	4852
4848	4851
4850	4854
4850	4856
4863	4864
4869	4868
4869	4874
4869	4875
4869	4876
4868	4877
4868	4880
4870	4872
4872	4873
4878	4877
4883	4898
4885	4884
4885	4892
4885	4894
4885	4895
4885	4896
4885	4899
4885	4901
4885	4903
4884	4897
4884	4900
4884	4904
4886	4888
4886	4906
4886	4907
4886	4908
4888	4889
4913	4913
4926	4925
4931	4930
4931	4932
4938	4236
4938	4939
4938	4940
4939	4234
4939	4239
4939	4251
4940	4768
4940	4772
4940	4779
4942	4941
4942	4943
4951	4950
4951	4954
4951	4959
