1	0
1	187
1	4812
1	4840
1	4863
2	1
2	47
2	55
2	180
2	184
2	185
2	186
2	190
2	196
2	252
2	255
2	262
2	265
2	1076
2	1099
2	4805
2	4830
2	4846
2	4854
2	4867
2	4868
2	4869
3	2
3	178
3	4796
3	4798
3	4843
4	3
5	4
6	3
6	19
6	26
6	29
6	42
6	45
6	48
6	50
6	49
6	56
6	60
6	65
6	68
6	69
6	70
6	74
6	82
6	84
6	97
6	98
6	105
6	122
6	157
6	166
6	173
6	174
6	179
6	180
6	184
6	200
6	202
6	205
6	210
6	211
6	216
6	219
6	221
6	222
6	223
6	228
6	229
6	231
6	234
6	237
6	240
6	245
6	250
6	254
6	264
6	266
6	425
6	432
6	441
6	478
6	477
6	480
6	481
6	487
6	494
6	499
6	504
6	511
6	569
6	613
6	614
6	620
6	623
6	624
6	632
6	637
6	680
6	718
6	722
6	723
6	725
6	727
6	729
6	728
6	783
6	810
6	818
6	827
6	861
6	865
6	877
6	879
6	889
6	898
6	900
6	905
6	909
6	915
6	919
6	922
6	939
6	946
6	954
6	958
6	969
6	982
6	983
6	992
6	1001
6	1015
6	1036
6	1062
6	1064
6	1067
6	1072
6	1075
6	1076
6	1077
6	1078
6	1091
6	1099
6	1100
6	1101
6	1105
6	1112
6	1120
6	1124
6	1128
6	1131
6	1132
6	1140
6	1143
6	1149
6	1151
6	1157
6	1171
6	1180
6	1190
6	1192
6	1189
6	1196
6	1250
6	1258
6	1277
6	1511
6	1532
6	1536
6	1537
6	1544
6	1545
6	1553
6	1552
6	1560
6	1564
6	1565
6	1566
6	1575
6	1590
6	1589
6	1597
6	1599
6	1607
6	1630
6	1631
6	1639
6	1640
6	1649
6	1681
6	1682
6	1685
6	1684
6	1689
6	1699
6	1700
6	1702
6	1704
6	1711
6	1718
6	1771
6	1775
6	1778
6	1781
6	1787
6	1810
6	1866
6	1891
6	1905
6	1938
6	1945
6	1968
6	1981
6	1985
6	1989
6	1997
6	1998
6	2002
6	2014
6	2026
6	2033
6	2031
6	2038
6	2043
6	2048
6	2056
6	2066
6	2126
6	2132
6	2137
6	2140
6	2166
6	2173
6	2174
6	2263
6	2274
6	2288
6	2306
6	2320
6	2339
6	2348
6	2349
6	2351
6	2353
6	2354
6	2358
6	2381
6	2401
6	2402
6	2406
6	2405
6	2413
6	2421
6	2428
6	2430
6	2449
6	1322
6	2461
6	2463
6	2467
6	2480
6	2491
6	2494
6	2513
6	2516
6	2533
6	2532
6	2534
6	2541
6	2544
6	2546
6	2545
6	2547
6	2549
6	2568
6	2592
6	2629
6	2641
6	2645
6	2646
6	2647
6	2649
6	2673
6	2690
6	2696
6	2699
6	2701
6	2709
6	2712
6	2722
6	2724
6	2736
6	2737
6	2741
6	2743
6	2746
6	2750
6	2751
6	2760
6	2761
6	2763
6	2764
6	2765
6	2766
6	2788
6	2796
6	2815
6	2821
6	2819
6	2824
6	2825
6	2826
6	2830
6	2833
6	2842
6	2855
6	2883
6	2887
6	2920
6	2921
6	2939
6	2954
6	2975
6	2979
6	3008
6	3068
6	3075
6	3077
6	3083
6	3092
6	3095
6	3112
6	3114
6	3156
6	3164
6	3304
6	3417
6	3424
6	3426
6	3431
6	3433
6	3526
6	3542
6	3552
6	3564
6	3565
6	3581
6	3582
6	3583
6	3615
6	3644
6	3645
6	3646
6	3650
6	3651
6	3654
6	3656
6	3657
6	3660
6	3661
6	3662
6	3664
6	3668
6	3669
6	3670
6	3672
6	3673
6	3677
6	3682
6	3687
6	3692
6	3694
6	3698
6	3701
6	3703
6	3705
6	3707
6	3708
6	3709
6	3711
6	3715
6	3718
6	3721
6	3722
6	3723
6	3728
6	3730
6	3878
6	3895
6	3909
6	3915
6	3916
6	3919
6	3922
6	3923
6	3925
6	3930
6	3931
6	3933
6	3954
6	3982
6	3999
6	4056
6	4075
6	4094
6	4095
6	4097
6	4104
6	4118
6	4119
6	4121
6	4120
6	4134
6	4133
6	4156
6	4233
6	4240
6	4246
6	4265
6	4275
6	4281
6	4282
6	4285
6	4302
6	4309
6	4324
6	4342
6	4425
6	4426
6	4435
6	4465
6	4469
6	4471
6	4478
6	4500
6	4510
6	4540
6	4567
6	4569
6	4609
6	4613
6	4617
6	4630
6	4634
6	4643
6	4651
6	4658
6	4662
6	4695
6	4697
6	4701
6	4715
6	4718
6	4724
6	4726
6	4751
6	4754
6	4761
6	4765
6	4767
6	4780
6	4786
6	4791
6	4795
6	4809
6	4811
6	4814
6	4816
6	4817
6	4818
6	4820
6	4823
6	4825
6	4827
6	4828
6	4829
6	4833
6	4834
6	4843
6	4844
6	4845
6	4850
6	4851
6	4874
6	4875
6	4876
6	4877
6	4878
6	4879
6	4880
6	4881
6	4882
6	4883
6	4884
6	4885
6	4887
6	4888
7	3
8	7
8	14
8	16
8	18
8	19
8	35
8	38
8	40
8	48
8	56
8	60
8	65
8	66
8	74
8	96
8	97
8	98
8	177
8	4806
8	4807
8	4808
8	4810
8	4811
8	4824
8	4831
8	4832
8	4847
8	4848
9	8
10	7
10	2
10	38
10	1
10	40
10	66
10	74
10	97
10	98
10	178
10	186
10	252
10	1076
10	1099
10	4796
10	4798
10	4806
10	4810
10	4811
10	4814
10	4815
10	4816
10	4817
10	4818
10	4819
10	4820
10	4822
10	4823
10	4825
10	4832
10	4834
10	4843
10	4847
10	4848
10	4850
11	10
11	20
11	43
11	42
11	4
11	45
11	15
11	64
11	68
11	92
11	34
11	107
11	179
11	186
11	196
11	197
11	205
11	210
11	227
11	228
11	229
11	237
11	248
11	250
11	275
11	325
11	352
11	351
11	382
11	385
11	398
11	453
11	463
11	464
11	479
11	500
11	619
11	709
11	722
11	786
11	799
11	817
11	824
11	863
11	881
11	882
11	887
11	1039
11	1101
11	1105
11	1125
11	1140
11	1197
11	1212
11	1252
11	1511
11	1552
11	1581
11	1593
11	1599
11	1604
11	1635
11	1637
11	1640
11	1663
11	1686
11	1780
11	1886
11	1980
11	2001
11	2265
11	2283
11	2293
11	2285
11	2304
11	2314
11	2325
11	2329
11	2333
11	2334
11	2337
11	2343
11	2347
11	2349
11	2351
11	2353
11	2355
11	2357
11	2359
11	2367
11	2379
11	2384
11	2407
11	2423
11	2428
11	2429
11	2468
11	2516
11	2520
11	2568
11	2632
11	2668
11	2684
11	2738
11	2743
11	2796
11	2817
11	2871
11	2872
11	2874
11	2955
11	3032
11	3077
11	3081
11	3106
11	3223
11	3234
11	3241
11	3246
11	3248
11	3250
11	3258
11	3277
11	3278
11	3314
11	3343
11	3345
11	3394
11	3411
11	3417
11	3419
11	3420
11	3427
11	3431
11	3439
11	3443
11	3447
11	3460
11	3480
11	3482
11	3483
11	3499
11	3500
11	3506
11	3507
11	3512
11	3526
11	3544
11	3555
11	3647
11	3878
11	3913
11	3918
11	3927
11	3935
11	3962
11	3979
11	3992
11	3993
11	3999
11	4004
11	4028
11	4072
11	4087
11	4092
11	4095
11	4122
11	4174
11	4184
11	4288
11	4293
11	4312
11	4314
11	4315
11	4316
11	4329
11	4376
11	4382
11	4461
11	4583
11	4590
11	4662
11	4667
11	4697
11	4798
11	4806
11	4810
11	4825
11	4826
11	4843
11	4890
11	4904
11	4916
12	10
12	7
12	14
12	17
12	2
12	18
12	21
12	20
12	35
12	1
12	41
12	40
12	43
12	42
12	49
12	66
12	74
12	84
12	83
12	82
12	96
12	97
12	105
12	115
12	128
12	178
12	179
12	180
12	188
12	190
12	196
12	197
12	201
12	207
12	227
12	229
12	237
12	258
12	257
12	266
12	373
12	380
12	384
12	391
12	393
12	395
12	398
12	425
12	441
12	446
12	448
12	451
12	453
12	455
12	456
12	457
12	459
12	460
12	462
12	463
12	464
12	468
12	470
12	471
12	473
12	486
12	492
12	502
12	512
12	561
12	603
12	610
12	624
12	684
12	686
12	687
12	693
12	694
12	709
12	707
12	710
12	714
12	720
12	722
12	729
12	728
12	766
12	778
12	786
12	783
12	793
12	796
12	812
12	817
12	819
12	825
12	830
12	836
12	838
12	839
12	843
12	846
12	847
12	848
12	865
12	870
12	879
12	898
12	948
12	947
12	955
12	961
12	969
12	974
12	980
12	983
12	1015
12	1026
12	1034
12	1043
12	1059
12	1077
12	1076
12	1099
12	1100
12	1101
12	1104
12	1105
12	1113
12	1131
12	1140
12	1143
12	1151
12	1154
12	1171
12	1180
12	1185
12	1186
12	1190
12	1192
12	1189
12	1196
12	1199
12	1211
12	1214
12	1244
12	1250
12	1301
12	1304
12	1296
12	1441
12	1444
12	1465
12	1497
12	1498
12	1500
12	1501
12	1502
12	1503
12	1505
12	1508
12	1509
12	1511
12	1542
12	1553
12	1552
12	1551
12	1557
12	1558
12	1559
12	1560
12	1561
12	1562
12	1563
12	1564
12	1581
12	1580
12	1595
12	1597
12	1598
12	1599
12	1604
12	1627
12	1631
12	1633
12	1638
12	1678
12	1680
12	1689
12	1687
12	1691
12	1700
12	1702
12	1704
12	1773
12	1771
12	1780
12	1778
12	1786
12	1804
12	1895
12	1904
12	1913
12	1927
12	1938
12	1970
12	1980
12	1985
12	1989
12	1996
12	1997
12	1998
12	2017
12	2026
12	2039
12	2043
12	2048
12	2058
12	2057
12	2076
12	2075
12	2074
12	2079
12	2108
12	2111
12	2112
12	2118
12	2126
12	2127
12	2135
12	2132
12	2131
12	2137
12	2140
12	2143
12	2155
12	2166
12	2167
12	2173
12	2263
12	2267
12	2275
12	2284
12	2283
12	2281
12	2280
12	2291
12	2293
12	2299
12	2311
12	2314
12	2312
12	2316
12	2326
12	2325
12	2329
12	2336
12	2335
12	2334
12	2337
12	2341
12	2343
12	2354
12	2368
12	2369
12	2379
12	2381
12	2383
12	2384
12	2395
12	2396
12	2403
12	2410
12	2409
12	2441
12	2445
12	2449
12	1322
12	2461
12	2494
12	2493
12	2492
12	2496
12	2500
12	2511
12	2510
12	2516
12	2526
12	2532
12	2534
12	2536
12	2538
12	2540
12	2551
12	2559
12	2568
12	2571
12	2572
12	2579
12	2592
12	2593
12	2606
12	2674
12	2677
12	2682
12	2683
12	2689
12	2693
12	2722
12	2730
12	2736
12	2737
12	2739
12	2748
12	2751
12	2759
12	2760
12	2764
12	2765
12	2767
12	2779
12	2801
12	2806
12	2811
12	2812
12	2845
12	2850
12	2867
12	2874
12	2878
12	2921
12	2922
12	2947
12	2946
12	2944
12	2960
12	2972
12	2975
12	2976
12	2994
12	3000
12	3008
12	3057
12	3058
12	3075
12	3082
12	3100
12	3104
12	3110
12	3111
12	3114
12	3115
12	3122
12	3171
12	3181
12	3193
12	3205
12	3207
12	3211
12	3255
12	3254
12	3264
12	3272
12	3276
12	3285
12	3286
12	3302
12	3343
12	3378
12	3382
12	3396
12	3413
12	3419
12	3426
12	3431
12	3437
12	3448
12	3452
12	3460
12	3461
12	3477
12	3478
12	3489
12	3493
12	3496
12	3506
12	3507
12	3514
12	3515
12	3537
12	3541
12	3545
12	3547
12	3552
12	3559
12	3581
12	3584
12	3602
12	3603
12	3604
12	3645
12	3664
12	3728
12	3878
12	3879
12	3913
12	3917
12	3918
12	3921
12	3927
12	3929
12	3949
12	3953
12	3966
12	3969
12	3971
12	3978
12	3982
12	3986
12	4007
12	4006
12	4008
12	4009
12	4016
12	4079
12	4081
12	4088
12	4090
12	4095
12	4097
12	4117
12	4130
12	4146
12	4153
12	4154
12	4156
12	4200
12	4233
12	4246
12	4252
12	4264
12	27
12	4288
12	4292
12	4296
12	4300
12	4306
12	4309
12	4317
12	4342
12	4383
12	4389
12	4388
12	4390
12	4397
12	4402
12	4412
12	4417
12	4424
12	4425
12	4426
12	4431
12	4437
12	4439
12	4440
12	4446
12	4447
12	4449
12	4456
12	4460
12	4461
12	4465
12	4483
12	4500
12	4511
12	4515
12	4522
12	4560
12	4564
12	4567
12	4550
12	4591
12	4595
12	4599
12	4600
12	4606
12	4613
12	4612
12	4624
12	4630
12	4633
12	4643
12	4644
12	4647
12	4658
12	4661
12	4662
12	4667
12	4677
12	4693
12	4694
12	4695
12	2159
12	4706
12	4711
12	4713
12	4795
12	4798
12	4806
12	4808
12	4819
12	4820
12	4825
12	4827
12	4830
12	4833
12	4838
12	4843
12	4846
12	4849
12	4861
13	10
13	14
13	16
13	18
13	26
13	31
13	33
13	19
13	50
13	51
13	49
13	53
13	48
13	56
13	60
13	64
13	65
13	81
13	88
13	89
13	90
13	84
13	96
13	104
13	118
13	111
13	134
13	132
13	146
13	167
13	175
13	176
13	179
13	180
13	188
13	190
13	196
13	197
13	203
13	220
13	224
13	225
13	237
13	249
13	250
13	256
13	255
13	262
13	266
13	267
13	265
13	269
13	271
13	273
13	275
13	278
13	279
13	281
13	282
13	302
13	304
13	306
13	308
13	311
13	312
13	315
13	319
13	321
13	323
13	324
13	328
13	332
13	335
13	353
13	355
13	356
13	357
13	358
13	360
13	363
13	364
13	366
13	368
13	370
13	372
13	374
13	413
13	419
13	432
13	434
13	436
13	437
13	440
13	457
13	458
13	459
13	461
13	465
13	466
13	520
13	528
13	530
13	532
13	537
13	538
13	539
13	543
13	544
13	545
13	547
13	550
13	551
13	562
13	567
13	573
13	583
13	588
13	589
13	592
13	600
13	601
13	602
13	630
13	631
13	634
13	635
13	640
13	638
13	644
13	636
13	646
13	653
13	664
13	670
13	672
13	673
13	680
13	684
13	687
13	688
13	690
13	692
13	693
13	694
13	696
13	703
13	700
13	705
13	704
13	709
13	710
13	713
13	714
13	715
13	720
13	725
13	732
13	737
13	741
13	740
13	742
13	743
13	746
13	752
13	755
13	757
13	756
13	763
13	766
13	768
13	771
13	773
13	775
13	776
13	777
13	778
13	780
13	781
13	782
13	786
13	796
13	797
13	808
13	812
13	813
13	814
13	820
13	823
13	824
13	825
13	826
13	829
13	828
13	834
13	837
13	838
13	839
13	845
13	846
13	850
13	853
13	860
13	861
13	864
13	865
13	867
13	870
13	874
13	873
13	883
13	879
13	878
13	895
13	897
13	900
13	915
13	917
13	924
13	925
13	930
13	935
13	940
13	941
13	942
13	943
13	944
13	945
13	952
13	951
13	948
13	955
13	956
13	963
13	964
13	965
13	966
13	967
13	968
13	973
13	975
13	974
13	983
13	984
13	986
13	987
13	990
13	991
13	992
13	993
13	995
13	996
13	997
13	1000
13	1009
13	1010
13	1011
13	1015
13	1016
13	1017
13	1018
13	1026
13	1025
13	1019
13	1028
13	1029
13	1033
13	1034
13	1039
13	1040
13	1046
13	1048
13	1053
13	1056
13	1059
13	1060
13	1062
13	1067
13	1068
13	1070
13	1071
13	1076
13	1078
13	1092
13	1093
13	1099
13	1101
13	1113
13	1118
13	1119
13	1126
13	1125
13	1130
13	1121
13	1135
13	1136
13	1137
13	1138
13	1141
13	1145
13	1143
13	1147
13	1150
13	1152
13	1154
13	1156
13	1162
13	1163
13	1164
13	1165
13	1166
13	1167
13	1168
13	1169
13	1170
13	1171
13	1173
13	1175
13	1179
13	1181
13	1186
13	1187
13	1191
13	1189
13	1193
13	1196
13	1199
13	1210
13	1237
13	1248
13	1247
13	1249
13	1257
13	1261
13	1263
13	1264
13	1265
13	1279
13	1280
13	1304
13	1296
13	1336
13	1355
13	1360
13	1383
13	1394
13	1381
13	1401
13	1376
13	1410
13	1366
13	1442
13	1443
13	1444
13	1446
13	1449
13	1497
13	1498
13	1500
13	1502
13	1503
13	1504
13	1505
13	1508
13	1539
13	1538
13	1537
13	1542
13	1545
13	1546
13	1547
13	1549
13	1550
13	1554
13	1557
13	1559
13	1558
13	1561
13	1562
13	1563
13	1564
13	1567
13	1569
13	1570
13	1574
13	1575
13	1577
13	1581
13	1588
13	1590
13	1604
13	1610
13	1625
13	1628
13	1630
13	1631
13	1633
13	1642
13	1643
13	1646
13	1648
13	1649
13	1652
13	1653
13	1654
13	1658
13	1656
13	1663
13	1670
13	1672
13	1675
13	1678
13	1679
13	1680
13	1682
13	1681
13	1689
13	1687
13	1686
13	1700
13	1703
13	1712
13	1781
13	1780
13	1814
13	1813
13	1820
13	1821
13	1822
13	1824
13	1823
13	1819
13	1826
13	1828
13	1834
13	1833
13	1832
13	1831
13	1850
13	1852
13	1857
13	1860
13	1861
13	1866
13	1869
13	1870
13	1874
13	1875
13	1878
13	1880
13	1883
13	1884
13	1893
13	1889
13	1899
13	1900
13	1903
13	1904
13	1910
13	1923
13	1924
13	1925
13	1927
13	1931
13	1938
13	1940
13	1959
13	1960
13	1965
13	1966
13	1971
13	1973
13	1974
13	1977
13	1979
13	1983
13	1986
13	1990
13	1995
13	1996
13	1997
13	2010
13	2017
13	2025
13	2029
13	2032
13	2041
13	2043
13	2049
13	2051
13	2055
13	2057
13	2069
13	2072
13	2076
13	2079
13	2097
13	2099
13	2112
13	2114
13	2115
13	2118
13	2120
13	2121
13	2122
13	2125
13	2126
13	2127
13	2129
13	2130
13	2135
13	2132
13	2134
13	2140
13	2146
13	2150
13	2152
13	2166
13	2168
13	2169
13	2170
13	2175
13	2179
13	2182
13	2187
13	2271
13	2274
13	2275
13	2284
13	2283
13	2288
13	2307
13	2320
13	2324
13	2332
13	2335
13	2337
13	2340
13	2341
13	2345
13	2346
13	2347
13	2350
13	2352
13	2354
13	2353
13	2357
13	2359
13	2361
13	2362
13	2365
13	2364
13	2366
13	2371
13	2372
13	2375
13	2409
13	2767
13	2779
13	2783
13	2784
13	2795
13	2799
13	2800
13	2838
13	2850
13	2858
13	2867
13	2874
13	2878
13	2881
13	2882
13	2894
13	2916
13	2920
13	2925
13	2930
13	2931
13	2932
13	2933
13	2935
13	2936
13	2937
13	2947
13	2946
13	2950
13	2949
13	2952
13	2956
13	2967
13	2969
13	2995
13	3032
13	3058
13	3062
13	3064
13	3067
13	3071
13	3082
13	3083
13	3090
13	3095
13	3097
13	3113
13	3119
13	3120
13	3121
13	3122
13	3134
13	3135
13	3136
13	3140
13	3162
13	3163
13	3171
13	3323
13	3339
13	3341
13	3379
13	3393
13	3402
13	3404
13	3409
13	3425
13	3426
13	3433
13	3434
13	3439
13	3454
13	3471
13	3472
13	3474
13	3481
13	3491
13	3498
13	3501
13	3502
13	3504
13	3505
13	3525
13	3527
13	3540
13	3553
13	3554
13	3558
13	3559
13	3568
13	3569
13	3588
13	3600
13	3601
13	3608
13	3611
13	3613
13	3614
13	3616
13	3620
13	3626
13	3628
13	3633
13	3636
13	3638
13	3639
13	3641
13	3647
13	3648
13	3649
13	3652
13	3653
13	3655
13	3658
13	3659
13	3666
13	3667
13	3671
13	3674
13	3675
13	3676
13	3678
13	3679
13	3680
13	3681
13	3683
13	3684
13	3686
13	3685
13	3688
13	3689
13	3690
13	3691
13	3693
13	3694
13	3696
13	3697
13	3699
13	3700
13	3702
13	3704
13	3706
13	3710
13	3712
13	3713
13	3714
13	3716
13	3717
13	3719
13	3720
13	3727
13	3730
13	3733
13	3783
13	3878
13	3886
13	3888
13	3892
13	3900
13	3901
13	3909
13	3917
13	3918
13	3919
13	3920
13	3921
13	3923
13	3922
13	3926
13	3928
13	3929
13	3934
13	3935
13	3951
13	3953
13	3956
13	3958
13	3960
13	3964
13	3978
13	3980
13	3985
13	3994
13	3995
13	3997
13	4002
13	4005
13	4011
13	4013
13	4026
13	4059
13	4060
13	4075
13	4088
13	4091
13	4094
13	4101
13	4104
13	4105
13	4112
13	4117
13	4118
13	4122
13	4125
13	4134
13	4133
13	4138
13	4141
13	4143
13	4145
13	4157
13	4166
13	4167
13	4168
13	4183
13	4185
13	4195
13	4229
13	4232
13	4250
13	4252
13	4256
13	4259
13	4261
13	4264
13	4273
13	4274
13	4276
13	4277
13	4278
13	4279
13	4280
13	4283
13	4289
13	4291
13	4300
13	4301
13	4303
13	4309
13	4310
13	4312
13	4315
13	4319
13	4321
13	4317
13	4329
13	4330
13	4332
13	4333
13	4334
13	4338
13	4342
13	4343
13	4350
13	4351
13	4354
13	4355
13	4359
13	4360
13	4357
13	4372
13	4374
13	4376
13	4382
13	4384
13	4388
13	4391
13	4394
13	4398
13	4399
13	4400
13	4401
13	4402
13	4403
13	4404
13	4405
13	4407
13	4408
13	4409
13	4413
13	4416
13	4417
13	4418
13	4419
13	4424
13	4425
13	4426
13	4431
13	4438
13	4437
13	4440
13	4441
13	4443
13	4445
13	4446
13	4454
13	4452
13	4455
13	4456
13	4458
13	4460
13	4461
13	4464
13	4469
13	4477
13	4482
13	4484
13	4485
13	4488
13	4487
13	4489
13	4491
13	4495
13	4496
13	4497
13	4513
13	4514
13	4516
13	4515
13	4507
13	4518
13	4522
13	4526
13	4535
13	4537
13	4539
13	4538
13	4558
13	4563
13	4567
13	4570
13	4580
13	4582
13	4583
13	4586
13	4590
13	4595
13	4601
13	4603
13	4600
13	4606
13	4609
13	4616
13	4618
13	4619
13	4622
13	4623
13	4624
13	4626
13	4629
13	4631
13	4632
13	4633
13	4634
13	4635
13	4636
13	4637
13	4638
13	4640
13	4648
13	4650
13	4652
13	4655
13	4657
13	4658
13	4665
13	4667
13	4673
13	4675
13	4674
13	4677
13	4679
13	4693
13	4695
13	4697
13	4699
13	2159
13	4713
13	4723
13	4725
13	4727
13	4748
13	4749
13	4753
13	4755
13	4756
13	4757
13	4758
13	4760
13	4762
13	4763
13	4764
13	4766
13	4768
13	4769
13	4770
13	4771
13	4773
13	4774
13	4775
13	4776
13	4777
13	4778
13	4779
13	4781
13	4782
13	4783
13	4784
13	4785
13	4791
13	4792
13	4793
13	4795
13	4804
13	4807
13	4808
13	4809
13	4815
13	4817
13	4819
13	4822
13	4825
13	4826
13	4830
13	4829
13	4831
13	4838
13	4846
13	4845
13	4849
13	4852
13	4859
13	4861
13	4872
13	4892
13	4893
13	4896
13	4919
14	3
15	3
16	2
16	101
16	4798
17	16
17	17
17	115
17	132
17	157
17	166
17	259
17	1143
17	1998
17	2461
17	2514
17	2515
17	2518
17	2519
17	2520
17	2579
17	2742
17	2751
17	2760
17	2761
17	2763
17	2779
17	2919
17	3176
17	3178
17	3179
17	3205
17	3272
17	3431
17	3547
17	3619
17	3885
17	3999
17	4007
17	4243
18	1
18	180
18	190
19	1
19	180
19	185
19	4819
19	4820
20	19
20	132
20	276
20	280
20	312
20	3079
20	3276
20	3312
20	3396
20	3431
20	3547
20	3913
20	3954
20	4182
21	20
21	2409
21	2408
21	2493
21	3992
21	4003
21	4016
21	4105
21	4134
21	4144
21	4262
22	20
22	312
22	922
22	958
22	1010
22	1530
22	1535
22	2624
22	2629
22	2632
22	2636
22	2641
22	2645
22	2646
22	2649
22	2656
22	2664
22	2668
22	2673
23	20
23	58
23	57
23	438
23	498
23	736
23	2789
23	2793
23	3099
23	3533
23	3992
23	4488
23	4872
23	4893
24	20
24	39
24	42
24	17
24	70
24	105
24	166
24	200
24	212
24	215
24	229
24	237
24	250
24	281
24	283
24	302
24	325
24	331
24	369
24	407
24	509
24	570
24	589
24	590
24	604
24	623
24	726
24	774
24	798
24	814
24	852
24	1058
24	1060
24	1073
24	1101
24	1105
24	1112
24	1122
24	1125
24	1131
24	1143
24	1147
24	1149
24	1171
24	1214
24	1244
24	1253
24	1441
24	1521
24	1524
24	1532
24	1530
24	1535
24	1553
24	1607
24	1688
24	1700
24	1780
24	1790
24	1781
24	1805
24	1810
24	1850
24	1968
24	1990
24	2001
24	2006
24	2057
24	2079
24	2132
24	2140
24	2174
24	2175
24	2256
24	2284
24	2304
24	2322
24	2344
24	2353
24	2362
24	2378
24	2385
24	2410
24	2418
24	2431
24	2436
24	2437
24	2489
24	2490
24	2494
24	2499
24	2501
24	2538
24	2540
24	2565
24	2568
24	2576
24	2583
24	2611
24	2624
24	2629
24	2632
24	2636
24	2641
24	2646
24	2647
24	2645
24	2649
24	2656
24	2657
24	2664
24	2668
24	2673
24	2708
24	2730
24	2750
24	2751
24	2759
24	2762
24	2779
24	2795
24	2822
24	2863
24	2890
24	2946
24	2967
24	3029
24	3032
24	3058
24	2953
24	3090
24	3101
24	3150
24	3183
24	3182
24	3206
24	3282
24	3283
24	3321
24	3330
24	3378
24	3372
24	3380
24	3415
24	3427
24	3436
24	3437
24	3449
24	3526
24	3549
24	3567
24	3635
24	3647
24	3877
24	3879
24	3887
24	3903
24	3947
24	3948
24	3949
24	3990
24	4071
24	4085
24	4106
24	4107
24	4110
24	4111
24	4112
24	4133
24	4253
24	27
24	4350
24	4361
24	4371
24	4375
24	4417
24	4424
24	4470
24	4486
24	4564
24	4571
24	4644
24	4652
24	4661
24	4693
24	4697
24	1709
24	4795
24	4828
24	4844
24	4874
24	4875
24	4876
24	4877
24	4878
24	4879
24	4880
24	4881
24	4882
24	4883
24	4884
24	4885
24	4887
24	4888
24	4915
25	20
25	25
25	19
25	55
25	96
25	196
26	25
26	39
26	72
26	142
26	408
26	1894
26	1998
26	2535
26	2712
26	2747
26	2764
26	2765
26	2952
26	2956
26	3098
26	3114
26	3178
26	3213
26	3646
26	3694
26	3727
26	3789
26	3999
26	4285
27	25
27	39
28	20
29	20
29	29
29	2410
29	2779
29	3200
29	3202
29	3274
29	3990
29	4131
30	29
30	20
30	1
30	41
30	84
30	198
30	202
30	254
30	264
30	382
30	385
30	402
30	404
30	405
30	427
30	430
30	436
30	437
30	444
30	458
30	477
30	480
30	481
30	483
30	487
30	486
30	583
30	591
30	620
30	684
30	709
30	710
30	715
30	718
30	743
30	771
30	770
30	773
30	799
30	810
30	811
30	939
30	945
30	985
30	988
30	1004
30	1060
30	1062
30	1088
30	1143
30	1155
30	1157
30	1171
30	1301
30	1304
30	1332
30	1296
30	1342
30	1394
30	1537
30	1553
30	1551
30	1567
30	1683
30	1684
30	1802
30	2070
30	2293
30	2314
30	2402
30	2401
30	2404
30	2405
30	2413
30	2442
30	2483
30	2510
30	2559
30	2603
30	2614
30	2615
30	2616
30	2636
30	2746
30	2874
30	2875
30	3068
30	3119
30	3120
30	3121
30	3122
30	3167
30	3256
30	3344
30	3407
30	3431
30	3451
30	3466
30	3487
30	3491
30	3496
30	3498
30	3506
30	3507
30	3526
30	3545
30	3547
30	3558
30	3557
30	3572
30	3573
30	3575
30	3576
30	3623
30	3637
30	3726
30	3749
30	3916
30	3931
30	3930
30	3936
30	4072
30	4092
30	4119
30	4120
30	4231
30	4233
30	4290
30	4306
30	4308
30	4309
30	4312
30	4315
30	4316
30	4329
30	4339
30	4342
30	4343
30	4361
30	4371
30	4392
30	4397
30	4404
30	4405
30	4406
30	4412
30	4437
30	4456
30	4458
30	4465
30	4475
30	4482
30	4483
30	4497
30	4571
30	4596
30	4609
30	4612
30	4613
30	4616
30	4617
30	4636
30	4642
30	4643
30	4647
30	4665
30	4662
30	4675
30	4674
30	4677
30	4678
31	20
32	31
32	20
32	1
32	50
32	87
32	84
32	82
32	105
32	102
32	111
32	136
32	178
32	200
32	201
32	202
32	209
32	212
32	215
32	250
32	258
32	393
32	398
32	413
32	421
32	422
32	425
32	427
32	436
32	437
32	453
32	463
32	464
32	466
32	473
32	478
32	477
32	480
32	479
32	481
32	483
32	487
32	494
32	510
32	528
32	558
32	559
32	578
32	620
32	657
32	664
32	672
32	693
32	696
32	700
32	704
32	709
32	714
32	720
32	722
32	725
32	728
32	736
32	735
32	739
32	742
32	743
32	764
32	765
32	773
32	776
32	812
32	817
32	825
32	826
32	827
32	830
32	828
32	836
32	844
32	865
32	875
32	883
32	879
32	878
32	898
32	919
32	946
32	951
32	957
32	958
32	961
32	960
32	969
32	975
32	974
32	976
32	979
32	980
32	983
32	985
32	986
32	988
32	989
32	994
32	998
32	1004
32	1009
32	1010
32	1012
32	1015
32	1060
32	1077
32	1088
32	1099
32	1100
32	1101
32	1104
32	1105
32	1107
32	1140
32	1143
32	1171
32	1190
32	1218
32	1239
32	1241
32	1238
32	1242
32	1243
32	1244
32	1250
32	1265
32	1304
32	1536
32	1541
32	1542
32	1545
32	1553
32	1552
32	1551
32	1557
32	1558
32	1559
32	1560
32	1561
32	1562
32	1563
32	1566
32	1567
32	1581
32	1590
32	1595
32	1597
32	1604
32	1627
32	1631
32	1632
32	1638
32	1639
32	1640
32	1641
32	1650
32	1654
32	1658
32	1663
32	1680
32	1681
32	1682
32	1683
32	1685
32	1684
32	1686
32	1699
32	1700
32	1804
32	1814
32	1887
32	1931
32	1978
32	1989
32	1990
32	1992
32	2012
32	2030
32	2033
32	2031
32	2043
32	2058
32	2057
32	2066
32	2112
32	2121
32	2126
32	2132
32	2140
32	2152
32	2155
32	2166
32	2168
32	2181
32	2253
32	2255
32	2263
32	2271
32	2270
32	2268
32	2275
32	2272
32	2290
32	2293
32	2296
32	2299
32	2304
32	2305
32	2312
32	2315
32	2326
32	2353
32	2354
32	2383
32	2401
32	2402
32	2403
32	2404
32	2406
32	2405
32	2407
32	2413
32	1322
32	2461
32	2477
32	2480
32	2486
32	2494
32	2492
32	2516
32	2533
32	2532
32	2534
32	2562
32	2636
32	2676
32	2686
32	2690
32	2693
32	2709
32	2722
32	2736
32	2739
32	2763
32	2808
32	2806
32	2850
32	2867
32	2887
32	2897
32	2919
32	2915
32	2926
32	2954
32	2972
32	3008
32	3029
32	3058
32	3068
32	3117
32	3121
32	3123
32	3150
32	3149
32	3182
32	3184
32	3211
32	3213
32	3243
32	3258
32	3269
32	3272
32	3398
32	3399
32	3413
32	3426
32	3433
32	3451
32	3483
32	3485
32	3495
32	3524
32	3531
32	3534
32	3555
32	3568
32	3569
32	3580
32	3592
32	3616
32	3908
32	3909
32	3913
32	3915
32	3916
32	3917
32	3918
32	3919
32	3920
32	3921
32	3922
32	3923
32	3925
32	3926
32	3927
32	3928
32	3929
32	3930
32	3931
32	3933
32	3934
32	3935
32	3936
32	4012
32	4072
32	4081
32	4087
32	4088
32	4092
32	4095
32	4100
32	4103
32	4104
32	4117
32	4119
32	4118
32	4121
32	4120
32	4122
32	4125
32	4127
32	4131
32	4136
32	4139
32	4140
32	4148
32	4155
32	4231
32	4246
32	4263
32	4265
32	4302
32	4306
32	4308
32	4309
32	4311
32	4316
32	4342
32	4397
32	4404
32	4406
32	4423
32	4435
32	4446
32	4449
32	4452
32	4460
32	4464
32	4469
32	4481
32	4496
32	4497
32	4500
32	4503
32	4515
32	4521
32	4522
32	4526
32	4540
32	4542
32	4596
32	4599
32	4606
32	4613
32	4617
32	4630
32	4636
32	4642
32	4643
32	4654
32	4656
32	4662
32	4665
32	4667
32	4710
32	4718
32	4786
32	4820
32	4873
32	4895
33	20
33	285
33	311
33	3255
33	3276
33	3277
33	3978
33	4170
33	4171
33	4172
33	4174
33	4176
33	4177
33	4178
33	4180
33	4181
33	4182
33	4183
33	4184
34	20
34	3221
34	3234
34	3454
35	1
35	55
35	62
35	64
35	190
35	4809
35	4834
35	4850
36	35
36	1112
36	1189
36	1580
36	2023
36	3312
36	3387
36	3547
36	4079
36	4806
37	36
37	120
37	257
37	267
37	785
37	1143
37	2019
37	2020
37	2022
37	2021
37	2018
37	2026
37	3315
37	3379
37	3372
37	3380
37	3381
37	3382
37	3387
37	3402
37	3403
37	3404
37	3405
37	4291
37	4924
38	1
38	184
38	185
38	190
38	4820
39	38
39	39
39	98
39	3079
40	1
40	190
40	4798
40	4805
41	40
41	3451
41	4233
41	4303
41	4306
41	4308
41	4309
41	4643
42	5
43	42
44	9
45	7
45	1586
45	1601
45	1645
46	14
46	267
46	1088
46	1093
46	2482
46	3056
46	3546
46	4684
47	188
47	189
48	47
49	48
49	3522
49	3523
49	3526
49	3524
49	3533
49	4129
49	4131
49	4146
49	4373
49	4581
50	49
50	51
51	49
51	4129
51	4134
52	51
52	107
52	375
52	454
52	467
52	536
52	570
52	753
52	2568
52	2794
52	2955
52	3223
52	3250
52	3394
52	3499
52	3992
52	4375
52	4503
52	4505
52	383
52	4251
53	49
53	308
53	310
53	325
53	1151
53	1241
53	1243
53	1268
53	1270
53	1271
53	1336
53	1496
53	1523
53	1897
53	1937
53	1980
53	1984
53	2253
53	2257
53	2270
53	2267
53	2274
53	2275
53	2276
53	2272
53	2281
53	2289
53	2321
53	2336
53	2335
53	2367
53	2368
53	2369
53	2408
53	2444
53	2449
53	2468
53	2492
53	2498
53	2500
53	2563
53	2569
53	2608
53	2614
53	2722
53	2730
53	2736
53	2738
53	2739
53	2794
53	2792
53	2915
53	3057
53	3198
53	3225
53	3233
53	3243
53	3245
53	3248
53	3247
53	3251
53	3255
53	3254
53	3261
53	3275
53	3292
53	3327
53	3392
53	3410
53	3435
53	3452
53	3493
53	3551
53	3559
53	3896
53	3898
53	3958
53	3971
53	3979
53	3982
53	4007
53	4025
53	4038
53	4056
53	4058
53	4067
53	4068
53	4098
53	4178
53	4229
53	4235
53	4345
53	4395
53	4554
53	4627
53	4772
54	53
54	310
54	480
54	975
54	974
54	983
54	985
54	986
54	987
54	988
54	990
54	991
54	992
54	993
54	1004
54	1010
54	1015
54	1280
54	1530
54	1535
54	1682
54	2402
54	2614
54	2615
54	2616
54	2624
54	2629
54	2632
54	2636
54	2641
54	2645
54	2646
54	2649
54	2656
54	2668
54	2673
54	3909
54	3923
54	3931
54	4119
55	179
55	197
56	190
57	56
57	132
57	1887
57	2787
57	2901
57	3191
57	3198
57	3211
57	3218
57	3219
57	3276
57	3278
57	3508
57	3510
57	3541
57	3628
57	3954
58	57
58	134
58	1888
58	2512
58	2794
58	3479
58	3967
59	57
59	2893
59	2952
59	2956
59	3099
59	4872
59	4889
59	4893
59	4894
60	62
60	4833
60	4849
61	60
61	183
61	216
61	217
61	218
61	219
61	220
61	221
61	222
61	223
61	224
61	225
61	226
61	238
61	239
61	409
61	521
61	732
61	786
61	859
61	876
61	879
61	889
61	930
61	939
61	994
61	998
61	1250
61	1258
61	1595
61	1789
61	1788
61	1790
61	1791
61	1810
61	1938
61	1940
61	1952
61	1954
61	1970
61	1997
61	1998
61	2043
61	2046
61	2133
61	2135
61	2166
61	2167
61	2174
61	2175
61	2178
61	2185
61	2271
61	2307
61	2333
61	2381
61	1322
61	2511
61	2541
61	2764
61	3058
61	3099
61	3114
61	3236
61	3378
61	3547
61	4291
61	4292
61	4293
61	4296
61	4342
61	4418
61	4483
61	4613
61	4620
61	4710
61	4752
61	4777
62	63
62	1076
62	1099
64	63
66	4798
66	4835
66	4837
66	4860
67	66
67	67
67	2026
67	2712
67	2714
67	2761
67	2763
67	4791
68	67
68	68
68	74
68	157
68	1415
68	1417
68	1418
68	1428
68	1430
68	1431
68	2411
68	2514
68	2515
68	2518
68	2519
68	2536
68	2750
68	2751
68	2758
68	2760
68	2761
69	68
69	624
69	2766
70	69
70	621
70	626
71	70
71	203
71	204
71	252
71	255
71	257
71	262
71	265
71	267
71	594
71	603
71	684
71	687
71	693
71	709
71	719
71	720
71	725
71	727
71	729
71	751
71	772
71	773
71	778
71	786
71	819
71	825
71	828
71	830
71	836
71	838
71	839
71	842
71	1062
71	1074
71	1088
71	1107
71	1108
71	1122
71	1140
71	1141
71	1148
71	1149
71	1153
71	1166
71	1173
71	1175
71	1179
71	1192
71	1197
71	1250
71	1286
71	1301
71	1330
71	1343
71	1349
71	1501
71	1509
71	1700
71	1711
71	1771
71	1778
71	1780
71	1781
71	1884
71	1897
71	1913
71	1912
71	1911
71	1915
71	1918
71	1920
71	1921
71	1922
71	1927
71	1931
71	1935
71	1941
71	1944
71	1945
71	1946
71	1949
71	1966
71	1979
71	1983
71	1990
71	1996
71	1998
71	2117
71	2132
71	2140
71	2167
71	2168
71	2173
71	2263
71	2265
71	2274
71	2281
71	2283
71	2293
71	2312
71	2314
71	2318
71	2334
71	2342
71	2347
71	2382
71	2384
71	2385
71	2409
71	2446
71	2445
71	2541
71	2542
71	2544
71	2545
71	2547
71	2549
71	2553
71	2561
71	2568
71	2577
71	2690
71	2701
71	2747
71	2765
71	2771
71	2795
71	2809
71	2812
71	2814
71	2850
71	2863
71	2901
71	2915
71	2920
71	2921
71	2922
71	2925
71	2930
71	2931
71	2932
71	2933
71	2935
71	2936
71	2937
71	2939
71	2946
71	2951
71	2971
71	2970
71	2982
71	2983
71	2992
71	3010
71	3011
71	3015
71	3032
71	3045
71	3046
71	3050
71	3054
71	3055
71	3058
71	3064
71	3083
71	3090
71	3093
71	3099
71	3103
71	3150
71	3178
71	3315
71	3334
71	3337
71	3431
71	3448
71	3451
71	3526
71	3559
71	3895
71	3949
71	3999
71	4074
71	4305
71	4350
71	4356
71	4379
71	4386
71	4402
71	4418
71	4420
71	4422
71	4437
71	4440
71	4446
71	4459
71	4460
71	4465
71	4469
71	4471
71	4476
71	4477
71	4483
71	4503
71	4511
71	4515
71	4518
71	4522
71	4534
71	4560
71	4593
71	4596
71	4605
71	4613
71	4617
71	4623
71	4633
71	4661
71	4665
71	4667
71	4676
71	4723
71	4724
71	4725
71	4726
71	4750
71	4821
72	67
72	2748
73	66
73	84
73	227
73	237
73	250
73	450
73	1036
73	1117
73	1241
73	1242
73	1244
73	1262
73	1647
73	1671
73	1702
73	1771
73	1778
73	1822
73	2132
73	2140
73	2280
73	2285
73	2299
73	2304
73	2334
73	2336
73	2367
73	2409
73	2510
73	2730
73	2759
73	2858
73	2880
73	3008
73	2953
73	3206
73	3285
73	3286
73	3436
73	3437
73	3440
73	3464
73	3466
73	3504
73	3520
73	3566
73	3616
73	3887
73	4071
73	4107
73	4414
73	4521
73	4661
73	4667
73	4712
73	4715
73	4742
74	4798
75	74
75	214
75	237
75	248
75	329
75	370
75	1132
75	1607
75	1772
75	1771
75	1851
75	1999
75	2122
75	2140
75	2154
75	2162
75	2166
75	2340
75	2346
75	2348
75	2350
75	2358
75	2361
75	2371
75	2378
75	2516
75	3302
75	3312
75	3388
75	3400
75	3555
75	4079
75	4087
75	4088
75	4273
75	4274
75	4275
75	4276
75	4277
75	4278
75	4279
75	4280
75	4281
75	4282
75	4283
75	4754
75	4761
75	4767
75	4780
75	4796
75	4806
75	4832
75	4848
76	75
77	75
78	75
78	1772
78	2174
78	2391
79	75
79	1772
79	2175
79	2392
80	75
80	80
80	21
80	305
80	1199
80	1214
80	1213
80	1607
80	1687
80	1772
80	1778
80	1817
80	2132
80	2353
80	2605
80	2779
80	2923
80	3114
80	3283
80	3892
80	3902
80	4134
80	4156
80	4260
80	4262
80	4285
80	4748
81	75
81	795
81	1772
81	2919
81	2916
81	3146
81	3147
81	3150
81	3151
81	3315
81	4243
81	4245
81	4423
81	4552
81	4654
82	21
82	82
82	2496
82	2573
82	2574
82	2575
82	2579
82	2751
82	2760
83	82
83	83
83	1163
83	1168
83	1564
83	2058
83	2057
83	2132
83	2395
83	3603
84	83
84	1544
85	84
85	1538
86	85
86	83
86	1538
87	84
87	202
87	1537
87	1541
87	1542
87	1545
87	1546
87	1552
87	1557
87	1558
87	1559
87	1560
87	1561
87	1562
87	1563
87	1565
87	1574
87	1576
88	84
88	1579
89	84
89	1537
89	1542
89	1544
89	1552
89	1557
89	1558
89	1559
89	1560
89	1561
89	1562
89	1563
89	1576
89	1579
90	84
91	90
91	1544
91	1551
92	28
93	92
93	3261
93	3262
93	3263
94	93
94	3257
94	3441
95	34
96	180
97	185
97	186
98	184
99	98
99	1593
99	1629
99	1636
99	2010
99	2516
99	2707
99	3450
99	3554
99	3555
99	4079
99	4082
99	4088
100	99
100	391
100	395
100	398
100	451
100	453
100	454
100	455
100	456
100	457
100	458
100	459
100	460
100	462
100	463
100	464
100	465
100	466
100	467
100	468
100	469
100	470
100	471
100	472
100	490
100	700
100	704
100	743
100	817
100	820
100	821
100	822
100	838
100	839
100	1667
100	1901
100	2445
100	1322
100	2512
100	2568
100	2569
100	2677
100	2684
100	3418
100	3489
100	3540
100	4384
100	4389
100	4412
100	4452
100	4481
100	4482
100	4497
100	4513
100	4519
100	4520
100	4521
100	4606
100	4647
100	3494
103	102
103	3558
103	3566
103	3572
103	3580
103	3592
104	102
105	104
105	3570
105	3571
105	3574
105	3577
105	3578
105	3579
105	3582
105	3583
105	3585
105	3589
105	3593
105	3596
105	3597
105	3600
105	3601
106	105
106	3617
107	105
107	107
107	1890
107	3191
107	3193
107	3232
107	3237
107	3245
107	3507
107	3602
107	3845
107	4067
109	108
111	110
111	112
111	4378
111	4379
111	4585
111	4586
112	111
113	112
113	292
113	1884
113	2802
113	3170
113	3174
113	3181
113	3265
113	3264
113	3269
113	3271
113	3276
113	3289
113	3288
113	3297
113	3298
113	3514
113	3520
113	3535
113	4142
113	4923
114	112
114	469
114	497
114	499
114	504
114	3264
114	3273
114	3274
114	3276
114	3297
114	3298
114	3299
114	3300
114	3301
114	3535
114	3913
114	4128
114	4132
114	4134
114	4149
114	4158
115	111
115	2808
115	3445
115	3537
115	3885
115	4068
116	115
116	3411
116	3729
116	3885
117	115
117	110
117	4377
117	4379
117	4584
117	4586
118	115
118	851
118	1151
118	1200
118	1205
118	1207
118	1206
118	1209
118	1212
118	1215
118	1218
118	1244
118	1252
118	1260
118	1262
118	1378
118	1396
118	1398
118	1404
118	1676
118	1697
118	1816
118	2262
118	2265
118	2319
118	2327
118	2325
118	2337
118	2343
118	2465
118	2606
118	2706
118	2730
118	2761
118	2763
118	2915
118	3141
118	3328
118	3376
118	3378
118	3372
118	3380
118	3381
118	3382
118	3393
118	3455
118	3885
118	3894
118	3895
118	4007
118	4227
118	4407
118	4811
119	115
119	382
119	385
119	599
119	1036
119	1415
119	1417
119	1418
119	1428
119	1430
119	1431
119	1808
119	2002
119	2674
119	2730
119	2827
119	2967
119	3287
119	3290
119	3375
119	3422
119	3549
119	3896
119	4010
119	4187
119	4225
120	115
120	132
120	259
120	1100
120	1125
120	1131
120	1143
120	1151
120	1375
120	1393
120	1397
120	1403
120	2464
120	2605
120	2705
120	2730
120	2761
120	2763
120	2919
120	2916
120	3329
120	3327
120	3377
120	3382
120	3387
120	3389
120	3547
120	3885
120	3896
120	3989
120	4173
120	4243
120	4318
120	4790
121	120
121	132
121	134
121	253
121	263
121	390
121	395
121	398
121	411
121	425
121	440
121	455
121	459
121	470
121	490
121	593
121	681
121	708
121	716
121	724
121	729
121	737
121	741
121	743
121	753
121	773
121	778
121	1192
121	1322
121	2492
121	2512
121	2516
121	2568
121	2916
121	3320
121	3418
121	3446
121	3489
121	3488
121	3541
121	3958
121	3987
121	4088
121	4317
121	4319
121	4326
121	4331
121	4341
121	4342
121	4389
121	4402
121	4408
121	4412
121	4436
121	4457
121	4463
121	4465
121	4468
121	4475
121	4478
121	4485
121	4497
121	4505
121	4578
121	4600
121	4603
121	4613
121	4614
121	4615
121	4633
121	4639
121	4638
121	4640
121	4647
121	4665
121	383
121	388
124	123
124	3518
124	3519
124	4387
124	4594
126	125
126	131
126	130
126	1895
126	2900
126	2901
126	3516
126	3517
126	3539
126	3538
126	3543
126	3547
126	4380
126	4381
126	4587
126	4588
128	127
128	2799
128	2800
128	2813
128	2814
128	3062
128	3180
128	3181
128	3184
128	3185
128	3186
128	3187
128	3188
128	3189
128	3190
128	3192
128	3193
128	3194
128	3195
128	3196
128	3197
128	3200
128	3201
128	3203
128	3204
128	3205
128	3207
128	3208
128	3209
128	3212
128	3213
128	3297
128	3298
128	3301
128	3401
128	3900
128	4345
128	4554
129	128
129	3170
129	3264
129	3271
129	3272
129	3294
129	3296
131	130
131	1897
131	3517
131	4381
131	4588
132	131
132	2901
132	3539
133	132
133	3619
134	132
134	3541
134	3547
135	132
135	2510
135	2516
135	3104
135	3400
135	3401
135	3409
135	3412
135	3414
135	3416
135	3417
135	3419
135	3420
135	3441
135	3453
135	3456
135	3460
135	3461
135	3465
135	3466
135	3470
135	3474
135	3477
135	3485
135	3493
135	3496
135	3506
135	3507
135	3508
135	3729
135	4007
135	4088
137	136
137	141
137	4058
137	4551
139	138
139	145
139	4014
139	4038
139	4039
139	4041
139	4055
140	139
140	4044
140	4047
140	4052
140	4056
140	4057
140	4063
140	4064
141	140
141	1913
141	1996
142	141
142	142
142	4047
144	143
145	144
145	4062
147	146
147	1155
147	2500
147	2508
147	2588
147	2603
147	2608
147	2610
147	4310
148	147
148	1345
148	1402
148	2408
148	2421
148	2423
148	2428
148	2429
148	2441
148	2451
148	2452
148	2454
148	2455
148	2460
148	2461
148	2468
148	2577
148	2587
148	2597
148	2598
148	2602
148	2603
148	2604
148	2678
148	2683
148	2722
148	2737
148	4311
148	4343
148	4598
148	4798
149	150
149	151
151	152
151	154
152	153
154	155
157	156
158	157
158	1696
158	2122
158	2166
159	157
159	166
159	1696
159	1700
159	2046
159	2118
159	2122
159	2132
159	2135
159	2131
159	2166
159	2167
159	2458
159	2576
161	160
161	2411
161	2456
161	2459
161	2462
161	2755
161	2756
161	2757
161	2759
163	162
163	2411
163	2430
163	2457
163	2461
163	2463
163	2744
163	2754
163	2758
164	162
164	1159
164	2393
164	2395
164	2396
164	2397
164	2409
164	2430
164	2442
164	2458
164	2460
164	2461
164	2463
164	2551
164	2552
164	2554
164	2555
164	2556
164	2557
164	2558
164	2559
164	2560
164	2561
164	2579
164	2692
164	2693
164	2751
164	2760
166	165
167	166
167	1700
167	1704
167	2133
167	2167
167	2576
168	166
168	172
168	2689
168	2741
170	169
170	2762
172	171
172	2390
172	2590
172	2717
172	2719
172	2732
177	178
182	181
182	380
182	618
182	730
182	1844
182	2729
182	3411
182	4228
182	4255
182	4269
182	4472
192	191
192	1930
192	1992
192	2004
192	3395
192	3433
192	3623
192	4086
193	192
193	1195
193	3085
193	4155
193	4702
194	193
194	352
194	665
194	674
194	679
194	806
194	849
194	859
194	1266
194	1694
194	1698
194	1801
194	2000
194	2013
194	2186
194	2188
194	2189
194	2190
194	2191
194	2192
194	2193
194	2194
194	2202
194	2203
194	2298
194	2330
194	2352
194	2681
194	3125
194	3127
194	3129
194	3130
194	3132
194	3133
194	3134
194	3137
194	3138
194	3140
194	3141
194	3142
194	3144
194	3145
194	3152
194	3153
194	3154
194	3155
194	3156
194	3157
194	3158
194	3159
194	3160
194	3165
194	3166
194	3168
194	3169
194	3391
194	4259
194	4261
194	4270
194	4284
194	4287
194	4427
194	4434
194	4793
195	194
195	206
195	247
195	378
195	380
195	505
195	568
195	620
195	628
195	697
195	745
195	857
195	925
195	941
195	973
195	1018
195	1137
195	1555
195	2120
195	2913
195	3116
195	3342
195	3428
195	3513
195	4114
195	4239
195	4450
195	4499
197	4842
197	4866
199	198
199	202
199	413
199	425
199	435
199	1394
199	1402
199	1376
199	1699
200	201
206	209
208	207
213	212
213	250
213	1771
214	213
214	2154
229	236
229	237
230	229
230	515
230	518
230	528
230	4312
232	231
232	1879
232	2152
232	2169
232	2181
232	2183
232	2184
233	232
235	234
241	240
241	365
241	1112
241	1132
241	1724
241	1725
241	1778
241	1786
241	1848
241	1849
241	1856
241	1865
241	1866
241	1905
241	2140
241	2168
241	2173
241	2178
241	2183
241	3304
241	4275
241	4282
241	4754
241	4761
241	4765
241	4767
241	4780
242	241
242	248
242	352
242	371
242	1132
242	1712
242	1713
242	1768
242	1778
242	1804
242	1836
242	1838
242	1848
242	1859
242	1868
242	1866
242	2132
242	2131
242	2140
242	2173
242	2178
242	2183
242	2337
242	2946
242	3304
242	3307
242	4275
242	4281
242	4282
242	4754
242	4761
242	4765
242	4767
242	4780
242	4785
243	242
243	1835
243	1847
243	1849
243	2178
243	2183
244	243
244	853
246	245
246	2029
246	2126
246	2132
246	2185
246	2396
246	2709
246	3707
246	3724
246	4093
246	4246
246	4265
246	4266
246	4541
249	248
249	250
249	4697
249	4700
248	4700
250	4696
251	250
251	477
251	596
251	1684
251	1691
251	2124
251	2405
251	3916
251	3926
251	3934
251	4120
253	252
253	257
253	255
253	1913
253	1931
254	255
256	255
256	1927
257	255
258	257
258	267
259	258
259	1044
259	1114
259	3376
259	3385
259	3988
259	4407
259	4664
260	259
260	681
260	708
260	716
260	724
260	729
260	753
260	773
260	778
260	1113
260	1192
260	3320
260	3327
260	4317
260	4319
260	4326
260	4331
260	4341
260	4342
260	4402
260	4408
260	4436
260	4457
260	4465
260	4468
260	4475
260	4478
260	4485
260	4505
260	4578
260	4600
260	4603
260	4613
260	4614
260	4615
260	4633
260	4639
260	4638
260	4640
260	4665
261	258
261	1928
261	1980
261	1982
261	3343
261	3344
261	4317
263	262
263	265
263	1971
263	1990
263	1993
263	1996
264	265
266	265
266	1985
267	265
269	268
271	270
271	2206
271	2207
271	2208
271	2209
271	2210
271	2211
271	2212
271	2213
271	2214
271	2215
271	2216
271	2217
271	2218
271	2219
271	2220
271	2221
271	2222
271	2223
271	2224
271	2225
271	2226
271	2227
271	2228
271	2229
271	2230
271	2231
271	2232
271	2233
271	2234
271	2235
271	2236
271	2237
271	2238
271	2239
271	2240
271	2241
271	2242
271	2243
271	2244
271	2245
271	2246
271	2247
271	2248
271	2249
271	2250
271	2251
272	271
272	2274
274	273
274	275
274	276
274	278
274	279
274	280
274	281
274	282
273	277
275	277
276	277
278	277
277	326
279	277
280	277
280	326
281	280
281	277
282	277
283	287
283	288
283	290
283	292
283	293
284	283
284	1635
284	2876
284	3183
286	285
286	287
286	306
286	3266
286	3945
286	4104
286	4158
286	4185
286	4188
289	288
289	2910
289	2909
289	3175
289	3264
289	3267
289	3266
289	3269
289	3271
289	3630
289	4099
291	290
294	293
294	3199
294	4011
294	4015
294	4016
294	4144
295	296
295	297
297	298
297	300
298	299
301	296
303	302
303	304
303	308
303	309
303	311
305	325
307	306
307	1881
307	2282
307	2323
307	4706
310	309
310	310
310	2595
310	2615
310	2794
310	2809
310	3252
311	325
312	315
312	319
312	321
312	324
312	326
313	312
314	312
316	315
316	319
316	321
316	324
317	315
317	319
317	321
317	324
317	326
318	315
318	319
318	321
318	324
320	319
322	321
322	324
328	327
328	330
328	335
328	337
328	336
328	342
328	345
328	346
328	347
328	348
328	349
328	350
328	367
328	1906
328	1907
328	1908
328	1950
328	1963
328	2770
328	2771
328	2773
328	2774
328	2775
328	3076
328	3078
328	3080
328	3305
328	3306
328	3309
328	4299
328	4430
327	330
327	335
327	337
327	338
327	339
327	341
327	343
327	346
327	347
327	348
327	349
327	1042
327	1043
327	1906
327	1907
327	1908
327	1909
327	1947
327	1948
327	1950
327	1951
327	1953
327	1955
327	1956
327	1957
327	1958
327	1961
327	1962
327	1963
327	1964
327	1966
327	2770
327	2771
327	2773
327	2774
327	2775
327	3076
327	3078
327	3080
327	3305
327	3306
327	3307
327	3308
327	3309
327	4299
327	4429
327	4430
330	329
330	331
330	367
331	329
334	333
337	336
337	340
337	342
337	344
337	350
337	1904
340	345
352	351
352	353
352	354
352	355
352	356
352	357
352	358
352	359
352	360
352	361
352	362
352	363
352	364
352	366
352	2768
352	2769
352	2772
352	2776
352	3303
369	369
371	371
373	373
375	375
376	375
376	1038
376	2026
376	2508
376	2592
376	2594
376	4297
376	4319
376	4386
376	4388
376	4593
376	4595
376	4639
376	4705
377	375
377	391
377	390
377	395
377	453
377	454
377	455
377	456
377	457
377	461
377	463
377	464
377	466
377	468
377	469
377	470
377	472
377	584
377	817
377	820
377	822
377	838
377	839
377	2181
377	2267
377	2368
377	2369
377	3460
377	3466
377	3470
377	3473
377	3489
377	3496
377	3506
377	3507
377	3508
377	3555
377	4079
377	4389
377	4412
377	4513
377	4520
377	4521
377	4589
377	4647
377	4705
379	378
379	380
381	380
381	395
381	398
381	586
381	729
381	1192
381	2724
381	3411
381	4296
383	382
383	385
383	3888
385	384
385	393
385	398
386	384
386	393
386	398
387	384
387	434
387	435
387	2674
387	2683
387	4599
387	4798
388	384
388	2607
388	2609
389	384
389	393
389	398
391	390
390	3466
392	391
392	395
392	446
392	451
392	460
392	462
392	468
392	471
392	604
392	1301
392	1304
392	1296
392	1519
392	1632
392	1638
392	1322
392	4361
392	4371
392	4571
392	2159
392	4711
393	390
393	396
394	393
394	398
396	395
397	395
397	4697
399	398
399	664
399	1826
399	2296
399	3614
399	4397
398	3490
400	398
401	398
401	3491
403	402
403	404
403	405
406	405
407	407
408	409
408	2465
408	4617
411	410
411	425
411	440
411	1383
411	1381
411	1401
411	2495
411	2497
411	2587
411	3419
410	425
410	440
412	411
412	1634
412	2009
412	2019
412	2020
412	2022
412	2021
412	2018
412	2674
412	2683
414	413
414	421
414	425
414	437
414	477
414	569
414	870
414	958
414	977
414	1557
414	1558
414	1559
414	1560
414	1561
414	1562
414	1563
414	1680
414	1684
414	2155
414	2403
414	2405
414	2470
414	2477
414	2502
414	2693
414	3916
414	3917
414	3921
414	3926
414	3929
414	3934
414	4117
414	4120
414	4263
416	415
416	421
417	416
417	415
417	430
417	431
417	437
417	473
417	1557
417	1558
417	1559
417	1560
417	1561
417	1562
417	1563
417	1680
417	2155
417	2403
417	2461
417	2751
417	2760
417	3917
417	3921
417	3929
417	4117
418	416
418	422
418	430
418	431
420	419
420	421
423	422
425	424
425	425
425	485
425	494
425	499
425	2492
425	2526
425	2532
425	2534
425	2589
425	2682
425	2718
425	2722
425	2724
425	2737
425	2830
425	2850
425	2867
425	3075
425	3110
425	3111
425	3986
425	4016
425	4099
425	4102
425	4105
425	4137
425	4142
425	4144
425	4153
426	424
428	427
428	436
428	1319
428	1332
428	1564
428	2461
428	2510
428	2684
428	2700
428	2751
428	2760
428	3431
428	4751
427	430
427	431
429	427
429	436
429	560
429	714
429	754
429	810
429	1161
429	2256
429	2271
429	2304
429	2307
429	2317
429	2636
429	4411
429	4536
429	4599
429	4641
433	432
433	4718
437	492
437	2693
438	2955
438	3099
440	439
442	441
443	441
443	1607
443	2693
443	2883
443	3581
445	444
445	3075
445	4897
447	446
447	448
447	450
447	1048
447	1767
447	1770
447	1786
447	1787
447	1808
447	1848
447	1849
447	1873
447	1874
447	1898
447	1899
447	1900
447	1903
447	4010
447	4712
447	4890
447	4892
449	448
449	1037
449	2170
449	2592
449	2892
449	3375
449	4229
449	4378
449	4388
449	4585
449	4595
452	451
452	1322
452	4329
452	4332
452	4667
462	461
462	770
462	2570
462	2684
462	3417
462	4481
462	4674
468	486
468	821
468	1630
468	1639
468	2442
468	2510
468	4087
468	4519
474	473
473	477
473	479
476	475
476	485
476	491
476	496
476	497
476	3912
475	479
478	477
478	479
477	479
480	479
480	480
480	481
482	481
482	939
482	944
482	1544
482	1681
482	2401
482	3436
482	3919
482	3922
482	3930
482	4118
482	4699
484	483
484	944
484	1683
484	2404
484	3920
484	3928
484	3936
484	4125
486	491
487	486
487	487
487	492
487	2442
487	2510
487	2693
488	487
489	487
490	486
490	492
490	2442
490	2568
490	2691
490	2693
492	2510
493	492
495	494
498	497
498	500
498	503
498	504
498	509
501	500
501	884
503	502
503	506
503	507
503	511
505	510
506	506
508	507
508	1004
508	1010
508	3605
508	4404
508	4636
514	513
514	515
514	518
514	528
514	529
516	515
516	2138
517	515
517	2138
519	518
519	521
519	529
519	851
519	2383
519	2395
519	2413
519	2562
519	2573
519	2574
519	3805
519	4360
519	4407
519	4620
522	521
523	521
523	2892
523	3315
523	4312
524	521
524	525
524	527
526	525
526	527
531	530
531	3323
533	532
535	534
535	537
535	538
535	539
535	540
535	542
535	543
535	544
535	545
535	551
536	535
536	546
541	540
541	542
541	4550
548	547
548	915
548	929
548	994
549	547
550	3331
550	3340
552	552
552	555
552	3547
553	552
554	552
555	3547
556	555
557	555
563	562
563	3727
563	4302
563	4542
564	565
565	565
565	566
568	572
571	570
571	4375
575	574
575	820
575	3429
575	3472
575	4244
575	4513
576	575
577	575
579	578
579	581
580	578
582	581
583	617
583	2588
583	4597
583	4817
585	584
587	586
587	729
587	945
587	1192
587	1197
587	1581
587	4425
587	4658
592	591
593	592
593	594
593	595
593	596
593	597
593	599
593	600
593	601
593	2464
593	2465
593	2492
593	2495
593	2497
593	3074
593	3419
593	4643
593	383
598	597
605	604
604	2565
606	604
608	607
609	608
609	612
611	610
611	613
616	615
616	4360
616	4620
618	619
622	621
622	664
622	865
622	3526
622	3533
622	3534
622	3557
622	3606
625	624
624	2697
627	626
627	1161
628	629
632	631
632	634
632	635
632	637
632	1216
632	2332
632	4264
633	632
633	631
633	634
633	635
633	1250
633	2501
633	3898
633	4629
637	636
637	637
637	646
637	647
637	654
637	656
637	659
637	667
637	669
637	3882
636	650
636	651
636	652
636	653
636	655
636	657
636	658
636	660
636	661
636	662
636	663
638	637
638	879
638	889
638	935
639	638
640	639
640	4908
641	640
641	883
641	886
641	931
641	933
641	4905
641	4906
641	4907
641	4911
641	4912
641	4913
641	4917
641	4918
642	639
642	886
642	4902
642	4908
642	4909
642	4912
642	4914
643	637
643	912
644	643
644	867
644	868
644	869
644	870
644	872
644	879
644	892
644	902
644	903
644	908
644	911
644	913
644	914
644	916
644	920
644	924
644	926
644	928
645	637
645	859
645	1216
645	1767
645	1770
645	1952
645	1954
645	3058
645	4069
646	648
650	649
664	670
664	672
667	666
667	668
671	670
671	879
671	889
671	946
671	1018
671	4515
676	675
676	1789
676	1788
676	1791
676	2132
676	2157
676	2283
676	2336
676	2334
675	675
678	677
679	678
679	706
679	731
679	744
679	833
679	4344
681	680
681	685
681	689
681	690
681	693
681	825
680	687
683	682
685	684
689	688
689	691
689	692
695	694
695	696
695	718
695	725
695	773
695	778
695	847
695	4447
695	4449
695	4458
695	4469
695	4475
695	4481
695	4483
695	4665
694	735
694	836
696	698
696	702
698	836
699	698
699	4451
699	4522
701	700
701	743
701	838
701	4706
702	700
702	704
702	739
702	836
702	842
703	702
703	739
703	827
703	841
703	4324
705	704
705	828
705	839
708	707
708	710
708	712
708	713
708	714
708	846
708	4391
708	4392
709	707
711	710
716	715
716	718
716	722
715	719
715	720
717	715
717	723
717	4465
721	720
721	4460
724	723
724	725
724	773
724	848
728	727
728	4320
728	4347
728	4831
729	728
733	732
734	732
736	735
736	837
735	739
738	737
738	741
739	742
741	740
741	829
741	832
740	822
742	743
742	821
742	822
742	842
748	747
748	750
748	4321
749	748
752	751
753	752
753	755
753	758
753	4390
757	756
758	757
758	828
760	759
762	761
762	1060
767	766
767	4425
769	768
769	4289
771	770
774	786
776	793
776	796
778	780
780	779
780	830
780	844
784	783
784	4317
785	784
785	4318
786	783
786	799
786	4315
786	4316
786	4329
786	4330
786	4340
786	4347
787	786
788	786
788	4291
788	4667
789	786
789	3150
789	4423
789	4654
789	4667
790	786
790	807
791	783
791	793
791	796
791	1113
791	1580
791	2023
791	3379
791	3378
791	3405
791	3906
791	4291
793	792
793	812
793	828
793	846
793	848
793	1987
794	793
794	796
794	797
794	813
794	814
796	795
799	798
799	4315
799	4316
799	4329
799	4330
799	4340
800	799
801	799
801	4662
802	799
802	4662
803	799
803	848
803	3058
803	3339
803	3547
803	4667
804	799
804	808
804	810
806	805
809	808
809	1026
809	1123
809	1125
809	1124
809	1173
809	2419
809	2420
809	2701
809	3315
809	3954
809	4412
809	4647
809	4667
815	814
817	816
817	4501
826	828
829	828
829	840
829	842
830	828
831	828
832	828
835	834
835	840
835	841
837	836
837	842
841	840
852	851
852	855
852	856
851	1772
854	853
853	1712
853	2156
858	854
859	1883
862	861
862	883
862	995
862	996
861	871
861	910
863	861
866	865
867	894
867	895
867	897
867	917
867	918
867	927
867	936
867	938
874	873
874	877
873	909
875	873
875	891
875	904
875	909
876	875
876	876
877	891
877	904
878	877
879	878
879	879
880	879
881	879
881	883
881	932
881	946
882	879
882	932
882	996
883	879
883	946
884	879
884	915
884	929
884	932
884	994
885	879
885	946
885	969
885	993
886	879
886	946
887	879
887	889
887	995
888	879
889	879
890	889
891	878
894	893
897	896
897	937
899	898
901	900
906	905
907	905
907	951
907	1984
907	3609
922	921
923	921
931	930
933	932
934	932
934	1532
934	2647
934	4874
934	4875
934	4876
934	4877
934	4878
934	4879
934	4880
934	4881
934	4882
934	4883
934	4884
934	4885
934	4887
934	4888
939	942
939	943
948	947
949	948
950	948
951	948
952	951
952	952
953	948
954	948
956	983
958	980
959	958
959	981
961	960
961	961
961	962
961	963
961	965
961	966
961	967
961	983
962	964
969	968
970	969
971	969
972	968
972	975
972	1940
972	1946
972	2166
975	974
975	975
975	983
975	985
975	986
975	987
975	988
975	989
975	990
975	991
975	992
975	993
974	974
974	983
978	977
978	980
978	981
978	982
977	980
979	980
980	983
981	980
982	980
983	3725
994	994
999	998
1003	1002
1003	3559
1003	4403
1003	4635
1005	1004
1005	3607
1005	3616
1006	1004
1007	1004
1007	1010
1007	2685
1007	3610
1008	1004
1008	1010
1014	1013
1020	1019
1021	1020
1021	1028
1022	1021
1023	1022
1023	1032
1024	1023
1024	1037
1024	1041
1024	1142
1025	1024
1025	1085
1025	1091
1026	1025
1026	1175
1026	1179
1027	1026
1027	1086
1027	1087
1030	1029
1031	1030
1031	1033
1032	1031
1035	1034
1036	1035
1036	1152
1037	1036
1037	1039
1039	1038
1041	1040
1045	1044
1045	1057
1048	1047
1048	1049
1051	1050
1051	1926
1051	1969
1051	1978
1051	2567
1051	2889
1051	4194
1051	4292
1051	4295
1051	4421
1051	4653
1053	1052
1053	1054
1053	1055
1053	1056
1056	1056
1058	1057
1058	1102
1060	1060
1060	1091
1061	1060
1061	2283
1063	1062
1065	1064
1064	1066
1064	1067
1069	1068
1069	1070
1069	1071
1069	1101
1069	1125
1069	1128
1077	1076
1077	1078
1078	1078
1079	1078
1079	1104
1079	1107
1080	1078
1080	1104
1080	1187
1081	1078
1083	1082
1082	1111
1084	1083
1084	1090
1084	1112
1085	1084
1085	1089
1085	1109
1085	1115
1085	1116
1093	1108
1095	1094
1095	1096
1095	1105
1095	1106
1095	2050
1095	2061
1095	2066
1098	1097
1098	1100
1098	1101
1098	2015
1102	1101
1103	1101
1103	1105
1110	1109
1113	1112
1113	1189
1113	4552
1114	1113
1120	1120
1121	1120
1121	1130
1122	1128
1124	1143
1125	1124
1125	1143
1126	1125
1127	1125
1129	1128
1128	1143
1130	1128
1131	1185
1134	1133
1139	1138
1139	1140
1139	1141
1142	1141
1144	1143
1144	1171
1145	1143
1146	1145
1158	1157
1160	1159
1172	1171
1175	1174
1175	1176
1175	1177
1175	1178
1181	1180
1182	1180
1182	1186
1182	2751
1182	2760
1182	4422
1184	1183
1184	1185
1184	1187
1188	1187
1190	1189
1190	1191
1190	4429
1190	4471
1190	4644
1190	4843
1190	4847
1191	1190
1192	1190
1195	1194
1197	1196
1197	1649
1197	1938
1197	1997
1197	1998
1197	3114
1197	4426
1197	4695
1197	4795
1199	1198
1199	1237
1199	1654
1199	2326
1199	2915
1199	3327
1199	3894
1199	3895
1199	3896
1199	3897
1199	4234
1198	1205
1198	1207
1198	1212
1200	1199
1200	1248
1201	1199
1201	1217
1201	1237
1201	1257
1201	1820
1201	2329
1201	2337
1201	2343
1201	2372
1201	3161
1201	3390
1202	1199
1202	1248
1202	1252
1202	1822
1203	1202
1203	1821
1203	2161
1203	4230
1204	1199
1204	1210
1204	1653
1207	1206
1207	1208
1207	1209
1207	1215
1206	4241
1209	4247
1212	1211
1212	1213
1211	1771
1214	1213
1214	2920
1214	4409
1215	4271
1217	2373
1219	1218
1219	2162
1218	1253
1220	1221
1220	1222
1220	1223
1220	1224
1225	1226
1225	1228
1225	1229
1225	1230
1226	1227
1226	1220
1231	1232
1231	1233
1231	1234
1231	1225
1234	1235
1234	1236
1239	1238
1240	1239
1240	1241
1240	1243
1241	1239
1241	1241
1245	1244
1244	1244
1246	1244
1246	3122
1246	3123
1246	4710
1248	1247
1248	2319
1248	3162
1248	3893
1248	3907
1248	4742
1247	3891
1251	1250
1252	2914
1255	1254
1255	2375
1255	2922
1255	3329
1255	3906
1255	4637
1256	1255
1256	2375
1256	2921
1256	3897
1256	4410
1259	1258
1259	3150
1263	1262
1263	2205
1268	1267
1268	1278
1270	1269
1270	1273
1270	1274
1270	1276
1271	1272
1271	1275
1278	2275
1278	2894
1280	1650
1280	1677
1280	2282
1280	2299
1280	2355
1280	2368
1280	2369
1280	2595
1280	2616
1280	3124
1280	3243
1280	3259
1280	3495
1282	1281
1282	1284
1282	1288
1282	1291
1282	1292
1282	1293
1282	1337
1282	1338
1282	1339
1282	1340
1282	1341
1283	1282
1283	1286
1283	1349
1283	1350
1286	1285
1286	1287
1286	1289
1286	1290
1295	1294
1295	1305
1295	1313
1295	1315
1295	1316
1296	1295
1296	1298
1298	1297
1298	1310
1298	1311
1298	1312
1298	1314
1298	1317
1300	1299
1301	1300
1301	1307
1303	1302
1304	1303
1304	1309
1307	1306
1309	1308
1318	1301
1318	1304
1318	1330
1318	1296
1318	1336
1319	1301
1319	1332
1319	1320
1320	1301
1320	1296
1320	1344
1320	1348
1321	1301
1321	1304
1321	1296
1321	1448
1321	1521
1321	1522
1322	1301
1322	1296
1323	1301
1323	1296
1323	2511
1324	1301
1324	1296
1324	3058
1324	3149
1325	1301
1325	1296
1326	1304
1326	2408
1326	2411
1326	2430
1326	2442
1326	2463
1326	2579
1326	2580
1326	2592
1326	2758
1327	1304
1328	1304
1329	1304
1330	1333
1330	1334
1330	1335
1331	1330
1332	1296
1332	1342
1345	1320
1346	1345
1346	2452
1347	1320
1347	1604
1347	2510
1350	1351
1350	1352
1350	1353
1355	1354
1355	1357
1355	1358
1355	1361
1355	1362
1355	1363
1356	1355
1356	1360
1356	1410
1356	1366
1360	1359
1365	1364
1365	1367
1365	1370
1365	1371
1365	1373
1366	1365
1366	1369
1366	1409
1366	1411
1366	1412
1366	1413
1366	1414
1369	1368
1369	1372
1375	1374
1375	1390
1376	1375
1376	1378
1376	1403
1376	1404
1378	1377
1378	1388
1378	1389
1378	1391
1380	1379
1381	1380
1381	1387
1381	1399
1381	1400
1383	1382
1384	1383
1384	1394
1384	1381
1384	1401
1384	1402
1384	1376
1384	1405
1385	1383
1385	1381
1385	1401
1385	2477
1385	2478
1385	2495
1385	2497
1385	2587
1385	2724
1385	3419
1387	1386
1393	1392
1394	1393
1394	1396
1394	1397
1394	1398
1396	1395
1402	1407
1402	1408
1406	1405
1416	1415
1416	1417
1416	1418
1415	1420
1415	1425
1415	1426
1417	1419
1417	1424
1418	1421
1418	1422
1418	1423
1418	1427
1429	1428
1429	1430
1429	1431
1428	1433
1428	1438
1428	1439
1430	1434
1430	1435
1430	1436
1430	1440
1431	1432
1431	1437
1445	1444
1445	1462
1445	1499
1445	1501
1445	1503
1445	1506
1445	1507
1445	1510
1447	1446
1447	1454
1447	1455
1447	1456
1447	1457
1448	1447
1448	1450
1448	1463
1448	1464
1450	1449
1450	1458
1450	1459
1450	1460
1452	1451
1452	1453
1461	1448
1461	1465
1461	1474
1461	1486
1461	1487
1461	1492
1461	1493
1461	1495
1461	1497
1461	1498
1461	1500
1461	1502
1461	1505
1461	1508
1461	1509
1465	1466
1465	1467
1465	1469
1465	1471
1469	1468
1469	1472
1471	1470
1471	1473
1474	1475
1474	1476
1474	1478
1474	1483
1478	1477
1478	1479
1478	1480
1478	1481
1483	1482
1483	1484
1483	1485
1486	1488
1486	1490
1487	1489
1487	1491
1495	1494
1495	1496
1512	1511
1513	1511
1514	1511
1516	1515
1518	1517
1520	1519
1520	1521
1520	1522
1520	1523
1519	1528
1519	1529
1519	1534
1523	1522
1524	1523
1524	1530
1524	1535
1524	2683
1524	2686
1525	1524
1525	2657
1526	1524
1526	1530
1526	1535
1526	2629
1526	2632
1526	2636
1526	2641
1526	2646
1526	2645
1526	2649
1526	2657
1526	2668
1526	2673
1527	1524
1527	1530
1527	1535
1527	2624
1527	2629
1527	2632
1527	2636
1527	2641
1527	2646
1527	2645
1527	2649
1527	2656
1527	2657
1527	2664
1527	2668
1527	2673
1530	1529
1530	2683
1531	1530
1531	1535
1531	2624
1531	2629
1531	2632
1531	2636
1531	2641
1531	2645
1531	2646
1531	2649
1531	2656
1531	2664
1531	2668
1531	2673
1532	1530
1533	1532
1533	2647
1533	4874
1533	4875
1533	4876
1533	4877
1533	4878
1533	4879
1533	4880
1533	4881
1533	4882
1533	4883
1533	4884
1533	4887
1533	4888
1535	1534
1535	2683
1538	1537
1538	2057
1538	2132
1538	2480
1538	2573
1537	1544
1537	1567
1539	1538
1540	1537
1540	2253
1540	2281
1540	2284
1540	2280
1540	2304
1540	2312
1540	2369
1541	1557
1541	1559
1541	1560
1541	1561
1541	1562
1541	1563
1542	1541
1542	1544
1542	1558
1543	1542
1543	1557
1543	1558
1543	1559
1543	1560
1543	1561
1543	1562
1543	1563
1544	1542
1546	1552
1548	1547
1548	1548
1548	1549
1550	1553
1550	1574
1552	1551
1553	1552
1555	1554
1557	1556
1559	1558
1566	1565
1569	1568
1569	1570
1570	1571
1570	1572
1570	1573
1576	1575
1578	1577
1581	1580
1581	1588
1581	1599
1581	1604
1580	1584
1580	1642
1580	1643
1580	1644
1582	1581
1582	2921
1582	2922
1583	1581
1583	1604
1583	1627
1585	1584
1585	1588
1585	1599
1585	1644
1587	1586
1587	1645
1588	1587
1588	1601
1590	1589
1590	1610
1590	1646
1591	1590
1593	1592
1593	1626
1594	1593
1594	1595
1596	1595
1596	1604
1596	1627
1596	3091
1597	1595
1597	1598
1597	1612
1599	1601
1599	1602
1599	1609
1600	1599
1600	1602
1600	1609
1600	2026
1600	2701
1600	2751
1600	2760
1600	3426
1600	3431
1600	3999
1600	4791
1603	1602
1603	1642
1604	1603
1604	1609
1604	1627
1604	1643
1605	1604
1605	3091
1606	1603
1606	3008
1607	1603
1607	1641
1608	1603
1608	1641
1612	1611
1612	1614
1612	1615
1612	1616
1612	1623
1612	1624
1614	1613
1614	1617
1614	1618
1614	1619
1614	1620
1614	1621
1614	1622
1626	1625
1626	1628
1626	1630
1625	1631
1627	1626
1627	1631
1627	1633
1628	1635
1628	1637
1629	1628
1629	1637
1629	4087
1629	4088
1630	1639
1630	1640
1633	1632
1633	1638
1632	1635
1632	1640
1634	1633
1634	2009
1634	3079
1634	3431
1634	3547
1636	1635
1636	4087
1638	1637
1638	1639
1651	1650
1651	1662
1651	1664
1651	1671
1654	1655
1654	3888
1657	1656
1657	1660
1657	1661
1656	1660
1656	1661
1658	1656
1658	1673
1658	1674
1658	1676
1659	1658
1659	1662
1659	1679
1663	1662
1663	1664
1663	1663
1663	1672
1665	1663
1665	1675
1665	1678
1665	4703
1665	4709
1665	4711
1665	4713
1666	1665
1666	1854
1666	1862
1666	1871
1666	1882
1666	2165
1666	2368
1666	2369
1666	2153
1666	4711
1666	4920
1667	1666
1667	2299
1667	307
1668	1663
1669	1663
1671	1670
1677	1676
1678	1677
1678	2163
1678	2164
1678	2171
1678	2176
1678	2184
1678	2159
1678	4710
1680	1684
1680	1686
1682	1681
1682	1682
1682	1686
1685	1684
1685	1686
1684	1686
1687	1686
1688	1687
1689	1687
1690	1687
1690	1691
1690	1692
1690	1693
1690	1697
1696	1695
1698	1706
1699	1700
1700	1701
1700	1702
1700	1703
1700	1704
1704	1705
1708	1707
1708	1775
1707	1789
1707	1791
1709	1707
1709	2291
1709	2293
1709	2285
1709	2314
1709	2316
1709	2322
1709	2325
1709	2342
1711	1710
1711	1718
1711	1723
1711	1738
1711	1746
1711	1762
1712	1711
1712	2147
1712	2168
1712	2169
1712	2173
1713	1711
1713	1715
1713	1719
1713	1724
1713	1739
1713	1747
1713	1763
1714	1711
1714	1710
1714	1718
1714	1717
1714	1716
1714	1723
1714	1722
1714	1729
1714	1728
1714	1732
1714	1734
1714	1736
1714	1738
1714	1740
1714	1742
1714	1744
1714	1746
1714	1748
1714	1751
1714	1750
1714	1754
1714	1756
1714	1758
1714	1760
1714	1762
1714	1792
1714	1794
1714	1796
1714	1798
1714	2156
1714	2173
1715	1710
1717	1716
1717	1729
1717	1732
1717	1744
1717	1756
1717	1760
1717	1792
1718	1717
1718	1726
1718	1734
1718	1740
1719	1718
1719	1720
1719	1727
1719	1741
1720	1717
1720	1721
1720	1730
1720	1733
1720	1745
1720	1757
1720	1761
1720	1793
1721	1716
1723	1722
1723	1736
1723	1742
1723	1751
1724	1723
1724	1725
1724	1737
1724	1743
1724	1752
1725	1722
1726	1748
1726	1798
1727	1726
1727	1735
1727	1749
1727	1799
1729	1728
1729	1754
1729	1758
1730	1729
1730	1731
1730	1755
1730	1759
1731	1728
1733	1732
1735	1734
1737	1736
1739	1738
1741	1740
1743	1742
1745	1744
1747	1746
1749	1748
1751	1750
1751	1794
1751	1796
1752	1751
1752	1753
1752	1795
1752	1797
1753	1750
1755	1754
1757	1756
1759	1758
1761	1760
1763	1762
1765	1764
1764	1771
1766	1765
1766	2143
1766	2144
1766	2145
1766	2161
1769	1768
1772	1771
1772	1773
1772	2154
1772	2161
1772	2183
1772	4743
1773	1772
1774	1771
1775	1771
1775	1775
1776	1775
1776	1784
1776	2157
1777	1775
1777	2326
1777	2329
1777	2338
1777	2343
1777	2349
1777	2351
1777	2372
1777	2378
1778	1775
1778	1778
1779	1778
1779	1803
1780	1778
1780	1780
1780	2382
1780	2571
1780	3083
1781	1780
1781	1781
1781	2386
1782	1778
1783	1775
1783	2162
1784	1783
1785	1775
1785	2324
1785	2329
1785	2337
1785	2340
1785	2343
1785	2346
1785	2348
1785	2350
1785	2358
1785	2361
1785	2371
1785	4922
1789	1788
1789	1790
1793	1792
1795	1794
1797	1796
1799	1798
1801	1800
1801	1802
1801	1809
1804	1804
1807	1806
1807	2794
1807	2810
1807	2831
1810	1810
1812	1811
1814	1813
1814	1818
1814	1834
1814	1850
1814	1878
1815	1814
1815	1816
1815	1817
1815	1835
1815	1872
1815	1879
1816	1813
1817	1813
1817	1818
1817	1851
1819	1818
1819	1845
1819	1855
1824	1823
1824	1895
1824	1897
1825	1819
1827	1826
1827	1968
1829	1828
1830	1828
1832	1831
1832	1841
1832	1875
1833	1832
1833	1855
1833	1857
1833	1866
1834	1833
1834	1845
1835	1834
1835	1836
1835	1846
1836	1833
1836	1837
1836	1856
1836	1858
1836	1867
1837	1832
1837	1839
1837	1842
1837	1876
1838	1837
1838	1840
1838	1843
1838	1877
1838	2147
1839	1831
1840	1839
1840	2146
1842	1841
1843	1842
1843	2150
1846	1845
1847	1846
1847	2156
1851	1850
1851	1852
1853	1852
1853	1860
1853	1863
1853	1864
1853	1865
1853	1869
1853	1880
1853	2501
1853	2702
1853	3550
1854	1852
1854	2152
1854	2163
1854	2181
1856	1855
1858	1857
1859	1858
1859	2169
1862	1861
1862	2171
1867	1866
1868	1867
1868	1866
1868	1901
1868	2172
1868	2173
1871	1870
1871	2176
1873	1872
1873	2178
1876	1875
1877	1876
1877	2179
1877	2181
1879	1878
1882	1881
1882	2158
1882	2160
1882	2184
1885	1884
1886	1885
1886	3227
1887	1886
1887	2788
1887	3217
1887	3218
1887	3219
1888	1887
1888	2012
1888	2511
1888	3248
1888	3541
1888	4058
1888	4067
1890	1889
1890	3646
1890	3647
1890	3649
1890	3664
1890	3686
1890	3694
1890	3699
1890	3707
1890	3709
1891	1890
1891	3621
1891	3625
1891	3626
1891	3627
1891	3628
1892	1891
1892	3559
1892	3617
1892	3618
1892	3631
1893	1892
1893	2012
1893	2811
1893	2884
1893	2904
1893	2909
1893	3207
1893	3621
1893	3627
1893	3631
1893	3647
1893	3650
1893	3878
1893	3881
1893	4171
1893	4172
1893	4176
1894	1891
1895	1895
1896	1895
1902	1901
1902	2132
1902	2520
1902	4079
1902	4701
1905	1904
1905	1906
1912	1911
1912	1920
1912	1921
1912	1922
1913	1912
1913	1915
1913	1918
1915	1914
1915	1919
1917	1916
1918	1917
1928	1927
1930	1929
1930	1988
1930	2005
1932	1931
1933	1931
1933	1990
1934	1931
1934	1940
1934	1941
1934	1943
1934	1944
1934	1945
1934	1985
1934	1990
1936	1935
1937	1935
1939	1938
1942	1941
1942	1944
1942	1945
1968	1967
1972	1971
1975	1974
1976	1974
1980	1979
1981	1980
1982	1979
1982	1983
1987	1986
1992	1991
1994	1993
1994	4661
1994	4677
1994	4678
2004	2003
2004	3407
2004	4286
2007	2006
2007	3400
2008	2007
2008	2516
2008	3547
2008	3555
2010	2009
2010	3556
2011	2009
2017	2016
2018	2017
2018	2023
2018	2025
2018	2028
2019	2018
2020	2018
2021	2018
2022	2021
2024	2023
2027	2026
2027	3426
2027	3431
2030	2029
2030	2032
2030	2031
2030	2055
2030	2057
2030	2058
2030	2069
2030	2072
2030	2073
2030	2076
2030	2122
2030	2126
2030	2127
2029	2031
2029	2072
2029	2073
2032	2031
2032	2051
2033	2032
2033	2055
2033	2057
2033	2076
2034	2033
2034	2040
2034	2044
2034	2075
2034	2094
2034	2112
2035	2034
2035	2039
2035	2076
2036	2031
2037	2031
2039	2038
2039	2043
2039	2048
2039	2069
2040	2038
2040	2048
2042	2041
2042	2057
2042	2129
2044	2043
2044	2069
2045	2044
2046	2121
2046	2460
2047	2046
2053	2052
2052	2057
2054	2052
2054	2066
2055	2076
2057	2056
2057	2066
2058	2057
2059	2057
2059	2076
2059	2077
2059	2113
2059	2114
2060	2057
2060	2061
2060	2121
2060	2123
2060	2124
2060	2125
2060	2126
2060	2460
2060	4921
2061	2057
2062	2061
2062	4921
2063	2061
2063	2121
2063	2460
2063	4921
2064	2056
2065	2056
2066	2119
2067	2066
2067	4095
2069	2068
2069	2112
2071	2070
2075	2074
2075	2094
2075	2109
2074	2111
2074	2114
2076	2075
2076	2079
2076	2098
2076	2110
2076	2112
2077	2075
2077	2112
2078	2074
2078	2126
2078	4095
2079	2097
2079	2099
2080	2081
2080	2087
2080	2088
2081	2082
2081	2083
2081	2084
2081	2085
2081	2086
2089	2081
2089	2090
2089	2091
2089	2092
2089	2088
2093	2081
2094	2096
2095	2094
2095	2113
2100	2101
2101	2102
2102	2103
2102	2104
2102	2105
2102	2106
2107	2101
2109	2108
2113	2112
2116	2115
2116	2119
2115	2126
2115	2461
2118	2117
2119	2118
2121	2122
2128	2127
2132	2131
2132	2137
2133	2132
2134	2132
2135	2132
2136	2132
2139	2138
2141	2140
2142	2140
2142	3088
2142	4081
2147	2146
2147	2150
2147	2179
2148	2147
2149	2147
2149	2151
2149	2179
2149	2180
2153	2152
2153	2172
2153	2181
2153	2368
2153	2369
2153	4705
2153	4706
2155	2166
2159	2158
2159	2160
2165	2164
2178	2177
2182	2183
2196	2195
2196	2204
2196	2205
2198	2197
2200	2199
2200	2201
2247	2252
2254	2253
2254	2257
2254	2258
2254	2295
2254	2311
2254	2313
2253	2265
2256	2317
2259	2258
2259	2265
2259	2281
2259	2313
2258	2334
2260	2258
2260	2283
2260	2299
2260	2334
2260	2342
2261	2260
2261	2266
2262	2260
2262	2266
2262	2326
2262	2329
2262	2337
2262	2355
2263	2258
2263	2265
2263	2271
2263	2290
2263	2304
2263	2311
2263	2313
2263	2315
2263	2355
2264	2263
2264	2274
2264	2276
2266	2265
2266	2293
2266	2314
2266	2313
2266	2325
2268	2267
2268	2273
2268	2282
2269	2268
2269	2269
2269	2270
2269	2281
2270	2268
2270	2281
2270	2289
2271	2270
2271	2271
2271	2296
2273	2272
2273	2323
2272	2299
2274	2273
2275	2273
2275	2272
2275	2305
2276	2273
2276	2282
2276	2281
2276	2280
2276	2289
2276	2300
2277	2272
2277	2280
2278	2272
2278	2279
2279	2272
2279	2280
2279	2281
2279	2299
2280	2272
2281	2280
2281	2295
2281	2299
2282	2281
2283	2281
2283	2334
2283	2342
2284	2283
2284	2341
2284	2343
2285	2284
2286	2284
2286	2291
2286	2293
2286	2314
2286	2335
2286	2341
2286	2369
2287	2283
2288	2280
2292	2292
2294	2293
2294	2314
2294	2325
2298	2297
2298	2377
2302	2301
2302	2303
2302	2306
2302	2362
2308	2307
2308	2317
2309	2308
2309	2310
2310	2307
2310	2317
2310	2318
2312	2314
2313	2312
2313	2318
2314	2313
2317	2317
2322	2334
2322	2342
2326	2325
2326	2342
2326	2370
2325	2334
2325	2363
2327	2326
2327	2325
2327	2342
2328	2327
2328	2334
2328	2335
2328	2336
2328	2342
2328	2370
2328	2372
2328	2376
2331	2331
2331	2344
2331	2345
2334	2347
2334	2360
2335	2334
2335	2370
2336	2335
2336	2372
2338	2337
2337	2341
2337	2347
2337	2359
2339	2341
2340	2340
2341	2349
2341	2351
2341	2357
2341	2362
2354	2353
2356	2355
2365	2364
2365	2366
2365	2367
2367	2368
2367	2369
2373	2374
2378	2378
2380	2379
2382	2382
2383	2382
2384	2382
2384	2384
2384	2751
2384	2760
2385	2384
2385	2386
2385	2541
2388	2387
2388	4723
2388	4724
2388	4725
2388	4726
2389	2387
2389	2542
2389	2544
2389	2546
2389	2548
2389	2549
2390	2720
2390	2721
2394	2393
2394	2395
2394	2396
2394	2397
2394	2400
2394	2551
2396	2460
2399	2398
2402	2401
2402	2402
2402	2407
2403	2405
2403	2407
2406	2405
2406	2407
2405	2407
2408	2407
2409	2408
2409	3913
2409	4123
2410	2409
2413	2412
2414	2413
2414	2418
2414	2419
2414	2420
2414	2431
2414	2435
2415	2413
2416	2413
2416	3620
2417	2412
2421	2423
2421	2429
2422	2421
2422	2428
2422	2449
2422	1322
2422	2477
2422	2480
2422	2491
2422	2496
2422	2566
2422	2579
2422	2581
2422	2582
2422	2585
2422	2593
2422	2602
2422	2678
2422	2677
2422	2683
2422	2685
2422	2722
2422	2724
2422	2737
2422	3419
2422	4254
2422	4256
2424	2425
2426	2427
2432	2431
2432	2435
2432	2436
2432	2438
2432	2481
2432	2489
2434	2433
2434	2437
2434	2490
2438	2516
2438	2520
2438	2563
2438	2751
2438	4095
2438	4131
2439	2432
2439	2578
2440	2432
2440	2578
2442	2441
2442	3418
2441	2445
2441	2447
2441	2449
2443	2441
2445	2444
2445	2446
2449	2448
2449	2450
2452	2451
2452	2454
2452	2455
2453	1322
2466	2465
2469	2468
2471	2470
2471	2479
2471	2482
2470	2473
2470	2474
2472	2470
2472	2476
2472	2716
2472	2717
2474	2475
2476	2479
2478	2479
2479	2480
2480	2482
2480	2737
2481	2480
2481	2481
2481	2491
2481	2495
2481	2497
2481	2526
2481	2534
2481	2710
2481	2737
2484	2483
2483	2485
2483	2486
2483	2487
2483	2488
2492	3975
2493	2492
2493	3986
2493	4081
2493	4091
2493	4099
2493	4102
2493	4137
2493	4142
2493	4153
2494	2493
2494	4246
2494	4257
2496	2495
2496	2497
2499	2498
2499	2500
2499	4798
2498	2500
2501	2501
2503	2502
2503	2504
2505	2504
2505	4266
2506	2504
2508	2507
2508	2509
2511	2510
2511	2808
2511	3444
2511	3447
2511	3450
2511	4072
2511	4092
2512	2511
2512	2807
2512	2806
2512	3442
2512	3444
2512	3447
2512	3455
2512	3460
2512	3462
2512	3478
2512	3488
2512	3490
2512	3492
2512	3496
2512	3506
2512	3507
2512	3542
2512	3547
2517	2516
2522	2521
2522	2524
2522	2525
2522	2538
2523	2521
2523	2524
2523	2525
2523	2537
2527	2526
2527	2534
2527	4081
2527	4082
2529	2528
2529	2531
2529	2535
2529	2540
2530	2528
2530	2531
2530	2535
2530	2539
2533	2532
2533	2534
2543	2542
2546	2545
2546	2547
2550	2549
2550	4726
2553	2552
2553	2556
2553	2558
2553	2559
2553	2560
2563	2562
2564	2563
2564	2579
2564	2751
2564	2760
2566	2565
2566	2581
2566	2583
2568	2569
2570	2569
2570	2677
2585	2584
2587	2586
2591	2590
2591	2687
2591	2713
2591	2714
2591	2741
2596	2595
2596	2602
2598	2605
2598	2606
2598	2607
2598	2609
2599	2425
2600	2601
2602	2677
2604	2603
2604	4311
2604	4312
2604	4315
2604	4316
2611	2612
2613	2612
2618	2617
2618	2621
2618	2625
2618	2627
2618	2634
2618	2637
2618	2639
2618	2643
2618	2651
2618	2653
2618	2658
2618	2660
2618	2669
2618	2671
2620	2619
2620	2626
2620	2630
2620	2633
2620	2638
2620	2642
2620	2652
2620	2659
2620	2662
2620	2666
2620	2670
2623	2622
2623	2628
2623	2631
2623	2635
2623	2640
2623	2644
2623	2648
2623	2650
2623	2654
2623	2655
2623	2661
2623	2663
2623	2667
2623	2672
2624	2686
2632	2674
2632	2684
2646	2645
2647	2645
2657	2677
2657	2683
2664	2686
2665	2664
2675	2674
2675	2677
2675	2683
2675	2684
2678	2677
2679	2678
2679	2682
2681	2680
2681	2745
2681	2746
2688	2687
2688	4379
2691	2690
2694	2693
2694	2695
2698	2697
2698	2699
2698	2705
2698	2706
2698	2707
2702	2701
2703	2701
2703	2708
2703	2698
2704	2701
2711	2710
2713	2712
2713	2716
2713	2725
2715	2714
2715	2762
2724	2723
2724	2731
2725	2726
2725	2727
2725	2728
2732	2733
2732	2734
2732	2735
2737	2738
2737	2740
2738	2739
2749	2748
2752	2751
2752	2760
2753	2751
2753	2760
2770	2775
2771	2770
2778	2777
2778	2797
2778	2814
2779	2777
2779	2787
2779	2797
2779	2798
2779	2803
2779	2805
2779	2814
2779	2901
2780	2779
2781	2780
2781	2901
2781	2915
2781	2944
2781	2994
2781	3058
2781	3106
2781	4806
2782	2777
2782	2783
2782	2784
2786	2785
2786	2974
2786	2977
2786	3055
2785	2785
2788	2787
2787	2805
2789	2787
2789	2821
2789	2859
2789	2861
2789	2967
2789	3032
2790	2789
2790	2817
2790	2818
2791	2787
2791	2967
2793	2792
2793	2809
2794	2792
2796	2795
2796	2950
2796	2972
2796	3057
2796	3106
2795	2797
2797	3061
2798	2797
2798	2943
2798	2992
2802	2801
2802	3110
2802	3111
2802	3179
2802	3215
2802	3273
2802	3274
2802	3283
2802	3285
2802	3286
2802	3299
2802	3300
2804	2803
2803	2940
2803	2990
2806	2805
2806	3476
2806	3481
2806	3495
2806	3509
2806	3510
2806	3511
2806	3512
2806	4059
2806	4068
2807	2806
2807	3453
2807	3455
2807	3459
2807	3465
2807	3466
2807	3477
2807	3478
2807	3487
2808	2807
2808	3104
2808	3442
2808	3460
2808	3462
2808	3470
2808	3473
2808	3475
2808	3485
2808	3492
2808	3493
2808	4589
2811	2975
2811	2976
2816	2815
2816	2824
2816	2825
2816	2826
2816	2833
2816	2838
2816	2842
2815	2843
2815	2892
2817	2816
2817	2821
2818	2816
2818	2825
2818	2826
2818	2833
2818	2842
2819	2815
2819	2872
2819	2874
2819	3106
2820	2819
2821	2820
2821	2859
2821	2861
2822	2819
2822	2872
2823	2822
2823	2860
2823	2863
2823	2874
2823	2891
2823	2895
2823	2896
2825	2836
2825	2837
2826	2834
2826	2835
2826	2839
2826	2841
2828	2827
2829	2828
2829	2830
2829	2832
2831	2860
2831	2873
2831	2874
2833	2840
2845	2844
2845	2847
2845	2848
2845	2849
2845	2852
2846	2845
2846	2944
2846	2994
2851	2850
2851	2867
2851	2868
2851	2869
2851	2870
2851	2876
2850	2853
2850	2854
2850	2855
2850	2856
2850	2857
2859	2858
2859	2864
2859	2871
2859	2872
2859	2873
2859	2874
2859	2875
2860	2858
2860	2865
2860	2866
2861	2860
2861	2879
2862	2860
2863	2858
2868	2880
2877	2876
2877	2878
2883	2967
2885	2884
2885	2909
2884	2974
2884	2975
2884	2976
2884	2977
2886	2885
2886	2911
2886	2912
2888	2887
2888	2921
2893	2892
2893	2896
2894	2892
2894	2894
2894	2898
2894	3207
2894	3261
2894	3410
2894	3440
2894	3452
2894	3470
2894	3476
2894	3618
2894	3617
2894	4171
2894	4172
2899	2898
2903	2902
2903	2905
2903	2909
2902	2904
2902	2906
2902	2907
2902	2908
2910	2909
2910	4137
2911	2909
2912	2909
2915	2916
2916	2915
2917	2916
2917	3315
2917	3380
2917	4317
2917	4600
2918	2917
2918	3371
2918	3381
2918	3382
2919	2918
2919	3383
2921	2920
2921	2928
2921	4806
2924	2923
2924	2940
2924	2941
2924	2943
2924	2966
2924	2968
2924	2970
2926	2925
2926	2930
2926	2931
2926	2932
2926	2933
2926	2935
2926	2936
2926	2937
2926	2939
2927	2926
2927	2979
2928	2927
2928	2944
2928	2946
2928	2947
2928	2972
2928	2994
2928	3058
2929	2927
2929	2944
2929	2994
2934	2933
2934	2951
2934	2982
2934	2983
2938	2937
2938	2951
2938	2986
2942	2941
2942	2944
2942	2988
2942	2994
2942	3030
2944	2957
2944	2958
2944	2959
2944	2960
2944	2961
2944	2962
2944	2963
2944	2964
2944	2965
2945	2944
2945	2994
2945	3059
2945	3105
2946	2944
2946	2994
2947	2946
2948	2944
2948	2968
2948	2994
2948	3066
2949	2944
2949	2969
2949	2994
2949	3032
2950	2949
2950	2994
2951	2944
2951	2994
2951	4806
2952	2951
2953	2952
2953	2956
2954	2951
2954	3088
2955	2951
2956	2951
2956	4819
2967	2966
2967	3064
2971	2970
2971	3019
2971	3054
2972	2971
2972	3008
2973	2972
2973	3058
2973	3105
2979	2978
2979	2980
2979	2981
2979	2982
2979	2983
2979	2984
2979	2985
2979	2986
2979	2987
2979	3021
2978	3020
2981	3022
2982	3023
2983	3024
2984	3025
2985	3026
2986	3027
2987	3028
2990	2989
2990	3031
2992	2991
2992	3032
2994	2993
2994	3000
2994	3033
2994	3100
2993	2996
2993	2997
2993	2998
2993	3001
2993	3002
2993	3003
2993	3004
2993	3005
2995	2994
2995	3006
2995	3032
2995	3043
3000	2999
3000	3037
3008	3007
3008	3044
3007	3010
3007	3011
3007	3012
3007	3013
3007	3014
3007	3015
3007	3016
3007	3017
3007	3018
3009	3008
3033	3034
3033	3035
3033	3036
3033	3038
3033	3039
3033	3040
3033	3041
3033	3042
3044	3045
3044	3046
3044	3047
3044	3048
3044	3049
3044	3050
3044	3051
3044	3052
3044	3053
3059	3058
3060	3058
3064	3063
3066	3065
3070	3069
3070	3991
3070	4346
3070	4555
3071	3070
3072	3071
3073	3070
3073	3991
3074	3070
3074	3913
3074	3991
3074	4002
3074	4003
3074	4005
3085	3084
3085	3086
3085	3087
3085	3094
3089	3088
3091	3104
3095	3096
3098	3099
3101	3102
3102	3103
3108	3107
3109	3107
3117	3119
3117	3120
3117	3122
3118	3117
3118	3121
3118	3123
3119	3119
3125	3124
3125	3131
3125	3139
3124	3126
3124	3143
3124	3163
3124	3167
3129	3128
3134	3135
3134	3136
3144	3164
3148	3147
3148	3315
3150	3149
3171	3170
3171	3173
3171	3635
3171	3877
3171	3899
3171	4165
3171	4166
3172	3171
3172	3264
3172	3271
3172	3630
3172	3634
3172	4158
3172	4169
3172	4925
3175	3174
3175	3619
3175	3639
3175	3641
3177	3176
3177	3178
3182	3181
3183	3182
3183	3215
3191	3193
3199	3198
3202	3201
3206	3205
3206	3206
3206	4007
3210	3209
3210	3519
3210	3525
3210	3530
3210	4425
3210	4658
3215	3214
3215	3216
3217	3222
3217	3225
3217	3240
3217	3242
3217	3249
3217	3251
3217	3252
3217	3257
3217	3259
3218	3221
3218	3229
3218	3232
3218	3233
3218	3234
3218	3236
3218	3245
3218	3247
3218	3254
3219	3224
3219	3226
3219	3235
3219	3237
3219	3239
3219	3260
3221	3220
3221	3231
3222	3259
3223	3222
3223	3251
3223	3455
3223	4193
3229	3228
3229	3238
3229	3241
3229	3246
3229	3256
3229	3258
3228	3230
3228	3253
3230	3278
3232	3278
3233	3508
3233	3509
3234	3278
3241	3278
3243	3242
3243	3476
3244	3243
3244	4012
3244	4014
3244	4018
3244	4020
3246	3278
3248	3247
3248	3292
3248	4058
3250	3249
3250	3251
3251	3252
3253	3278
3254	3511
3255	3254
3256	3278
3265	3264
3265	3269
3267	3266
3267	3269
3269	3268
3269	3270
3277	3276
3280	3279
3280	3281
3280	4111
3285	3284
3288	3287
3288	3290
3289	3288
3289	3291
3294	3293
3295	3295
3305	4298
3305	4428
3311	3310
3313	3312
3314	3314
3315	3326
3316	3315
3316	3330
3317	3316
3317	3319
3318	3315
3319	3315
3319	3341
3320	3315
3320	3321
3320	4324
3320	4316
3320	4601
3320	4634
3323	3322
3323	3324
3323	3325
3327	3326
3327	4319
3327	4410
3327	4639
3328	3327
3328	3392
3329	3327
3332	3331
3332	3340
3332	3339
3333	3332
3333	3317
3335	3334
3335	3337
3336	3334
3338	3337
3340	3339
3346	3347
3346	3348
3346	3358
3348	3349
3348	3356
3348	3357
3349	3350
3349	3351
3349	3352
3352	3353
3352	3355
3353	3354
3355	3354
3357	566
3359	3360
3359	3350
3361	3362
3361	3349
3363	3364
3363	3365
3363	3349
3363	3354
3366	3367
3366	3350
3366	3358
3366	3368
3366	3369
3369	3370
3371	3372
3374	3373
3374	3372
3374	3380
3376	3375
3376	3389
3377	3375
3377	3389
3378	3372
3379	3378
3381	3384
3381	3386
3387	3388
3393	3392
3394	4181
3397	3396
3397	3398
3397	4105
3397	4168
3407	3406
3409	3408
3409	3410
3409	3415
3409	3420
3409	4376
3409	4583
3408	3423
3414	3413
3416	3415
3416	4072
3416	4092
3416	4095
3417	3418
3420	3421
3420	3422
3427	3426
3427	3431
3427	3999
3430	3429
3432	3431
3438	3437
3438	3439
3438	3440
3442	3441
3442	3474
3442	3496
3442	3506
3442	3507
3441	3463
3444	3443
3444	3445
3444	3446
3444	3448
3444	3449
3444	3451
3444	3545
3453	3452
3453	3454
3453	3471
3457	3456
3457	3459
3457	3467
3457	3480
3459	3458
3459	3468
3459	3482
3462	3461
3462	3508
3465	3464
3465	3483
3469	3468
3473	3472
3473	3490
3473	3491
3473	4382
3473	4590
3479	3478
3479	4058
3479	4067
3485	3484
3485	3486
3489	3488
3494	3493
3494	4705
3496	3503
3496	3504
3496	3505
3497	3496
3498	3496
3499	3496
3499	3499
3520	3521
3525	3524
3525	3527
3525	3532
3526	3524
3526	3532
3529	3528
3529	3530
3529	3531
3536	3535
3536	3537
3539	3538
3541	3542
3544	3544
3548	3547
3550	3549
3550	3551
3550	3552
3550	3899
3550	3990
3550	4164
3550	4167
3558	3557
3558	3568
3558	3569
3558	3575
3558	3576
3558	3581
3558	3584
3558	3588
3558	3594
3558	3595
3558	3598
3558	3599
3557	3562
3559	3557
3559	3568
3559	3569
3559	3570
3559	3571
3559	3584
3559	3588
3559	3594
3559	3595
3559	3598
3559	3599
3559	3603
3559	3604
3559	3605
3559	3606
3559	3607
3559	3608
3559	3609
3559	3610
3559	3611
3559	3612
3559	3614
3559	3615
3559	3620
3559	3733
3559	3750
3559	3790
3561	3560
3562	3561
3562	3563
3566	3573
3585	3586
3585	3587
3589	3590
3589	3591
3618	3617
3621	3620
3621	3645
3621	3651
3621	3652
3621	3653
3621	3654
3621	3655
3621	3656
3621	3657
3621	3658
3621	3659
3621	3668
3621	3669
3621	3670
3621	3671
3621	3673
3621	3675
3621	3679
3621	3688
3621	3689
3621	3690
3621	3691
3621	3702
3621	3705
3621	3706
3621	3710
3621	3712
3621	3719
3621	3720
3620	3682
3620	3714
3620	3715
3620	3716
3620	3717
3620	3718
3620	3766
3620	3775
3623	3622
3623	3629
3622	3624
3622	3632
3622	3636
3622	3637
3622	3638
3625	3633
3625	3693
3625	3711
3625	3722
3625	3723
3626	3644
3626	3648
3626	3660
3626	3661
3626	3666
3626	3667
3626	3674
3626	3676
3626	3677
3626	3678
3626	3680
3626	3681
3626	3683
3626	3696
3626	3697
3626	3698
3626	3700
3626	3701
3626	3703
3626	3704
3626	3708
3626	3713
3627	3650
3628	3662
3628	3684
3633	3687
3637	3726
3641	3640
3643	3642
3647	3663
3665	3664
3665	3729
3665	3747
3665	3789
3665	3845
3665	3881
3669	3672
3673	3721
3686	3685
3686	3692
3694	3845
3695	3694
3695	3724
3695	3725
3714	3792
3727	3727
3727	3728
3729	3728
3729	3736
3729	3745
3729	3749
3729	3751
3729	3753
3729	3765
3729	3771
3729	3793
3729	3795
3729	3799
3729	3804
3729	3805
3729	3840
3729	3842
3729	3851
3729	3852
3729	3857
3729	3863
3729	3864
3729	3866
3729	3883
3729	3884
3731	3730
3732	3730
3734	3733
3736	3735
3736	3746
3736	3748
3736	3754
3736	3755
3736	3756
3736	3757
3736	3758
3736	3759
3736	3760
3736	3761
3736	3762
3736	3763
3736	3764
3736	3766
3736	3769
3736	3770
3736	3773
3736	3774
3736	3775
3736	3776
3736	3777
3736	3778
3736	3779
3736	3780
3736	3781
3736	3782
3736	3784
3736	3787
3736	3791
3736	3792
3736	3794
3736	3797
3736	3802
3736	3803
3736	3806
3736	3807
3736	3838
3736	3839
3736	3841
3736	3843
3736	3844
3736	3846
3736	3847
3736	3848
3736	3849
3736	3850
3736	3853
3736	3854
3736	3859
3736	3861
3736	3862
3736	3867
3736	3868
3736	3869
3736	3870
3736	3872
3736	3873
3736	3874
3736	3875
3736	3882
3737	3738
3737	3740
3737	3742
3738	3739
3739	3811
3740	3738
3740	3741
3740	3742
3742	3738
3742	3743
3745	3744
3745	3752
3745	3767
3745	3768
3745	3772
3745	3785
3745	3786
3745	3836
3745	3837
3745	3855
3745	3856
3745	3858
3745	3860
3745	3865
3745	3871
3745	3876
3751	3750
3751	3790
3751	3798
3751	3801
3789	3788
3797	3796
3799	3800
3808	3809
3808	3810
3808	3739
3811	3812
3811	3817
3811	3827
3811	3828
3811	1223
3811	3829
3811	1224
3811	300
3811	3831
3811	3832
3811	3834
3812	3813
3812	3814
3812	3815
3812	3816
3812	3817
3812	1223
3812	3818
3812	3819
3812	3820
3812	3821
3812	3822
3812	3823
3812	3824
3821	1222
3821	1224
3824	3825
3825	3826
3829	3830
3830	1222
3830	1224
3832	3833
3834	3835
3878	3881
3880	3879
3880	3882
3880	3886
3879	3879
3888	3889
3888	3890
3902	3901
3902	3903
3902	3904
3904	3905
3908	3908
3909	3908
3909	3909
3909	3918
3909	3919
3911	3910
3913	3912
3913	3924
3913	3932
3912	3918
3914	3913
3914	3984
3914	3985
3914	3994
3914	4003
3914	4169
3915	3912
3915	3916
3915	3918
3916	3918
3917	3916
3917	3918
3921	3926
3921	3927
3923	3922
3923	3923
3923	3927
3924	3927
3925	3924
3925	3926
3925	3927
3926	3927
3929	3934
3929	3935
3931	3930
3931	3931
3931	3935
3932	3935
3933	3932
3933	3934
3933	3935
3934	3935
3938	3937
3938	3942
3940	3939
3940	3941
3940	3943
3945	3944
3945	3946
3945	4187
3947	3947
3948	3948
3950	3949
3952	3951
3955	3954
3957	3956
3959	3958
3959	3963
3958	3960
3958	3961
3961	3962
3962	3973
3963	3962
3963	4181
3963	4183
3963	4193
3964	3966
3964	3969
3966	3965
3966	3970
3966	3983
3967	3966
3967	3969
3967	3971
3967	3973
3967	3979
3967	3980
3967	3982
3967	4169
3969	3968
3969	3981
3973	3972
3973	3974
3975	3986
3976	3975
3978	3977
3979	3978
3987	3986
3989	3988
3992	3991
3992	3999
3993	3993
3996	3995
3996	3999
3998	3997
3999	4000
3999	4001
4007	4006
4007	4008
4007	4009
4007	4011
4012	4018
4012	4020
4012	4025
4012	4028
4018	4017
4018	4032
4020	4019
4020	4021
4020	4023
4020	4026
4020	4027
4020	4029
4020	4030
4020	4033
4020	4034
4020	4035
4020	4036
4022	4021
4025	4024
4025	4031
4038	4037
4038	4040
4038	4051
4041	4042
4044	4043
4044	4054
4046	4045
4047	4046
4047	4049
4049	4048
4049	4050
4052	4053
4061	4060
4066	4065
4067	4066
4070	4069
4073	4072
4073	4092
4076	4075
4076	4080
4076	4091
4076	4094
4076	4097
4077	4076
4079	4078
4079	4096
4084	4083
4084	4258
4085	4083
4087	4089
4099	4100
4100	4105
4102	4101
4102	4104
4103	4101
4103	4105
4104	4105
4106	4106
4109	4108
4109	4110
4111	4111
4114	4113
4113	4115
4113	4116
4117	4120
4117	4122
4119	4118
4119	4119
4119	4122
4121	4120
4121	4122
4120	4122
4123	4122
4124	4123
4124	4126
4124	4127
4124	4131
4124	4135
4128	4130
4131	4130
4130	4134
4132	4131
4134	4133
4147	4146
4147	4148
4147	4149
4147	4152
4147	4153
4150	4149
4150	4151
4159	4158
4159	4162
4159	4163
4159	4165
4159	4169
4160	4160
4162	4161
4162	4164
4163	4163
4170	4173
4170	4175
4170	4179
4185	4186
4189	4190
4191	4192
4196	4195
4196	4200
4196	4212
4197	4196
4197	4197
4197	4728
4197	4898
4197	4899
4197	4900
4198	4197
4198	4898
4199	4195
4199	4727
4199	4870
4199	4871
4201	4202
4202	4203
4202	4204
4204	4205
4205	4206
4206	4207
4208	4209
4209	4204
4210	4211
4213	4214
4214	4215
4214	4204
4216	4211
4217	4218
4219	4219
4220	1227
4220	1228
4220	1229
4220	1230
4221	4220
4222	4223
4222	4224
4223	566
4226	4225
4226	4227
4226	4235
4228	4229
4230	4231
4231	4233
4237	4236
4237	4238
4243	4242
4243	4248
4243	4272
4244	4243
4244	4245
4250	4249
4250	4250
4251	4249
4255	4269
4263	4263
4264	4264
4267	4266
4268	4266
4294	4293
4294	4296
4304	4303
4304	4334
4303	4311
4303	4334
4303	4343
4307	4306
4307	4309
4313	4312
4313	4315
4313	4316
4313	4329
4313	4330
4313	4332
4313	4340
4314	4314
4317	4316
4318	4317
4319	4317
4320	4317
4321	4320
4321	4347
4321	4355
4322	4320
4323	4320
4324	4320
4324	4340
4325	4317
4326	4316
4326	4359
4326	4357
4326	4360
4326	4369
4326	4390
4327	4316
4327	4340
4328	4316
4331	4330
4331	4332
4331	4342
4331	4399
4331	4401
4334	4335
4334	4336
4338	4337
4341	4324
4341	4342
4341	4394
4341	4396
4347	4356
4348	4321
4349	4347
4349	4660
4350	4347
4351	4352
4353	4352
4358	4357
4359	4358
4360	4357
4361	4362
4361	4369
4363	4364
4365	4366
4366	4367
4366	4368
4371	4370
4375	4374
4375	4582
4384	4383
4384	4413
4384	4591
4385	4383
4389	4388
4389	4595
4390	4391
4392	4391
4393	4392
4396	4395
4397	4395
4397	4397
4398	4397
4399	4400
4407	4410
4408	4322
4408	4323
4415	4414
4429	4430
4433	4432
4434	4433
4434	4473
4434	4498
4434	4512
4434	4681
4436	4435
4436	4438
4436	4442
4436	4443
4436	4446
4436	4661
4435	4440
4438	4437
4442	4441
4442	4444
4442	4445
4447	4487
4447	4515
4448	4447
4449	4451
4449	4453
4451	4515
4453	4452
4453	4491
4453	4515
4453	4518
4454	4453
4454	4492
4454	4500
4454	4524
4454	4631
4455	4452
4455	4497
4455	4606
4457	4456
4457	4458
4457	4461
4456	4459
4456	4460
4463	4462
4463	4464
4463	4466
4463	4661
4465	4464
4465	4467
4465	4476
4468	4467
4468	4469
4468	4483
4468	4665
4475	4474
4475	4476
4478	4477
4478	4480
4478	4483
4478	4624
4478	4677
4480	4479
4480	4484
4480	4678
4485	4485
4486	4485
4486	4619
4488	4487
4488	4516
4487	4491
4490	4489
4490	4495
4491	4496
4491	4526
4493	4492
4493	4514
4493	4517
4493	4524
4492	4517
4495	4494
4495	4507
4495	4525
4494	4508
4494	4502
4494	4520
4496	4497
4496	4519
4496	4520
4500	4503
4501	4502
4501	4509
4503	4502
4503	4509
4503	4517
4504	4503
4504	4539
4504	4631
4505	4504
4505	4522
4505	4535
4505	4537
4505	4624
4506	4503
4507	4506
4507	4508
4508	4503
4516	4515
4516	4518
4522	4521
4523	4522
4528	4527
4528	4529
4528	4531
4528	4533
4528	4561
4528	4567
4528	4669
4528	4670
4530	4529
4530	4533
4531	4529
4532	4531
4532	4533
4535	4534
4539	4538
4540	4630
4543	4542
4543	4619
4545	4544
4546	4544
4546	4560
4546	4570
4546	4644
4546	4657
4547	4546
4548	4547
4549	4546
4550	4546
4550	4568
4553	4552
4557	4556
4557	4563
4557	4567
4557	4671
4557	4672
4559	4558
4562	4561
4562	4564
4564	4567
4565	4564
4566	4564
4571	4577
4571	4579
4572	4573
4574	4575
4575	4576
4577	4597
4578	4577
4578	4597
4578	4620
4578	4622
4578	4623
4578	4624
4579	4612
4579	4616
4592	4591
4598	4597
4598	4612
4598	4616
4599	4597
4600	4597
4600	4612
4600	4662
4600	4667
4601	4600
4602	4600
4603	4602
4603	4604
4604	4600
4608	4607
4608	4610
4608	4611
4609	4607
4609	4610
4609	4611
4609	4612
4609	4613
4613	4612
4614	4613
4614	4626
4614	4628
4615	4613
4615	4630
4615	4632
4622	4621
4622	4625
4628	4627
4629	4627
4630	4631
4639	4638
4639	4640
4646	4645
4646	4648
4646	4649
4646	4650
4652	4661
4659	4658
4662	4661
4662	4664
4662	4673
4663	4662
4664	4662
4665	4662
4665	4667
4666	4662
4667	4662
4667	4682
4668	4667
4668	4685
4668	4686
4675	4674
4681	4680
4683	4682
4685	4687
4685	4688
4685	4689
4685	4690
4685	4691
4685	4692
4698	4697
4704	4703
4707	4706
4708	4706
4715	4714
4715	4716
4715	4717
4719	4720
4721	4720
4721	4722
4728	4727
4728	4731
4728	4738
4729	4730
4732	4733
4734	4735
4735	4736
4735	4737
4739	4740
4740	4741
4744	1709
4745	1709
4746	1709
4747	1709
4758	4759
4788	4787
4789	4787
4789	4790
4789	4791
4793	4794
4798	4797
4798	4799
4798	4800
4798	4801
4798	4802
4798	4803
4805	4813
4805	4814
4805	4815
4805	4816
4805	4817
4805	4818
4805	4819
4805	4820
4805	4822
4805	4823
4805	4825
4805	4826
4806	4805
4807	4805
4808	4813
4809	4812
4811	4815
4811	4817
4824	4825
4830	4829
4830	4835
4830	4836
4830	4837
4829	4838
4829	4841
4831	4833
4833	4834
4839	4838
4844	4859
4846	4845
4846	4853
4846	4855
4846	4856
4846	4857
4846	4860
4846	4862
4846	4864
4845	4858
4845	4861
4845	4865
4847	4849
4847	4867
4847	4868
4847	4869
4849	4850
4886	4885
4891	4890
4891	4892
4898	4197
4898	4899
4898	4900
4899	4195
4899	4200
4899	4212
4900	4727
4900	4731
4900	4738
4902	4901
4902	4903
4911	4910
4911	4914
4911	4919
