1	0
1	187
1	4829
1	4857
1	4880
2	1
2	47
2	55
2	180
2	184
2	185
2	186
2	190
2	196
2	252
2	255
2	262
2	265
2	1071
2	1095
2	4822
2	4847
2	4863
2	4871
2	4884
2	4885
2	4886
3	2
3	178
3	4813
3	4815
3	4860
4	3
5	4
6	3
6	19
6	26
6	29
6	42
6	45
6	48
6	50
6	49
6	56
6	60
6	65
6	68
6	69
6	70
6	74
6	82
6	84
6	97
6	98
6	105
6	122
6	157
6	166
6	173
6	174
6	179
6	180
6	184
6	200
6	202
6	205
6	210
6	211
6	216
6	219
6	221
6	222
6	223
6	228
6	229
6	231
6	234
6	237
6	240
6	245
6	250
6	254
6	264
6	266
6	425
6	432
6	441
6	478
6	477
6	480
6	481
6	487
6	494
6	499
6	504
6	511
6	569
6	613
6	614
6	620
6	623
6	624
6	632
6	637
6	680
6	718
6	722
6	723
6	725
6	727
6	729
6	728
6	782
6	809
6	817
6	826
6	860
6	864
6	876
6	878
6	888
6	897
6	899
6	904
6	908
6	914
6	918
6	921
6	938
6	941
6	949
6	953
6	964
6	977
6	978
6	987
6	996
6	1010
6	1031
6	1057
6	1059
6	1062
6	1067
6	1070
6	1071
6	1072
6	1073
6	1087
6	1095
6	1096
6	1097
6	1100
6	1109
6	1120
6	1128
6	1133
6	1136
6	1137
6	1145
6	1148
6	1154
6	1156
6	1162
6	1176
6	1185
6	1195
6	1197
6	1194
6	1201
6	1255
6	1263
6	1282
6	1516
6	1537
6	1541
6	1542
6	1549
6	1550
6	1558
6	1557
6	1565
6	1569
6	1570
6	1571
6	1580
6	1595
6	1594
6	1602
6	1604
6	1612
6	1635
6	1636
6	1644
6	1645
6	1654
6	1686
6	1687
6	1690
6	1689
6	1694
6	1704
6	1705
6	1707
6	1709
6	1716
6	1723
6	1776
6	1780
6	1783
6	1786
6	1792
6	1815
6	1871
6	1896
6	1910
6	1943
6	1950
6	1973
6	1986
6	1990
6	1994
6	2002
6	2003
6	2007
6	2019
6	2031
6	2038
6	2036
6	2043
6	2048
6	2053
6	2061
6	2071
6	2131
6	2137
6	2142
6	2145
6	2171
6	2178
6	2179
6	2268
6	2279
6	2293
6	2311
6	2325
6	2344
6	2353
6	2354
6	2356
6	2358
6	2359
6	2363
6	2386
6	2406
6	2407
6	2411
6	2410
6	2418
6	2426
6	2433
6	2435
6	2454
6	1327
6	2466
6	2468
6	2472
6	2485
6	2496
6	2499
6	2518
6	2521
6	2538
6	2537
6	2539
6	2546
6	2549
6	2551
6	2550
6	2552
6	2554
6	2573
6	2597
6	2634
6	2646
6	2650
6	2651
6	2652
6	2654
6	2678
6	2695
6	2701
6	2704
6	2706
6	2714
6	2717
6	2727
6	2729
6	2741
6	2742
6	2746
6	2748
6	2751
6	2755
6	2756
6	2765
6	2766
6	2768
6	2769
6	2770
6	2771
6	2793
6	2801
6	2825
6	2831
6	2829
6	2834
6	2835
6	2836
6	2840
6	2843
6	2852
6	2865
6	2893
6	2897
6	2930
6	2931
6	2949
6	2964
6	2985
6	2989
6	3018
6	3079
6	3086
6	3088
6	3094
6	3103
6	3106
6	3123
6	3125
6	3167
6	3175
6	3315
6	3428
6	3435
6	3437
6	3442
6	3444
6	3537
6	3553
6	3563
6	3575
6	3576
6	3592
6	3593
6	3594
6	3626
6	3655
6	3656
6	3657
6	3661
6	3662
6	3665
6	3667
6	3668
6	3671
6	3672
6	3673
6	3675
6	3679
6	3680
6	3681
6	3683
6	3684
6	3688
6	3693
6	3698
6	3703
6	3705
6	3709
6	3712
6	3714
6	3716
6	3718
6	3719
6	3720
6	3722
6	3726
6	3729
6	3732
6	3733
6	3734
6	3739
6	3741
6	3894
6	3912
6	3926
6	3932
6	3933
6	3936
6	3939
6	3940
6	3942
6	3947
6	3948
6	3950
6	3971
6	3999
6	4016
6	4073
6	4092
6	4111
6	4112
6	4114
6	4121
6	4135
6	4136
6	4138
6	4137
6	4151
6	4150
6	4173
6	4250
6	4257
6	4263
6	4282
6	4292
6	4298
6	4299
6	4302
6	4319
6	4326
6	4341
6	4359
6	4442
6	4443
6	4452
6	4482
6	4486
6	4488
6	4495
6	4517
6	4527
6	4557
6	4584
6	4586
6	4626
6	4630
6	4634
6	4647
6	4651
6	4660
6	4668
6	4675
6	4679
6	4712
6	4714
6	4718
6	4732
6	4735
6	4741
6	4743
6	4768
6	4771
6	4778
6	4782
6	4784
6	4797
6	4803
6	4808
6	4812
6	4826
6	4828
6	4831
6	4833
6	4834
6	4835
6	4837
6	4840
6	4842
6	4844
6	4845
6	4846
6	4850
6	4851
6	4860
6	4861
6	4862
6	4867
6	4868
6	4891
6	4892
6	4893
6	4894
6	4895
6	4896
6	4897
6	4898
6	4899
6	4900
6	4901
6	4902
6	4904
6	4905
7	3
8	7
8	14
8	16
8	18
8	19
8	35
8	38
8	40
8	48
8	56
8	60
8	65
8	66
8	74
8	96
8	97
8	98
8	177
8	4823
8	4824
8	4825
8	4827
8	4828
8	4841
8	4848
8	4849
8	4864
8	4865
9	8
10	7
10	2
10	38
10	1
10	40
10	66
10	74
10	97
10	98
10	178
10	186
10	252
10	1071
10	1095
10	4813
10	4815
10	4823
10	4827
10	4828
10	4831
10	4832
10	4833
10	4834
10	4835
10	4836
10	4837
10	4839
10	4840
10	4842
10	4849
10	4851
10	4860
10	4864
10	4865
10	4867
11	10
11	20
11	43
11	42
11	4
11	45
11	15
11	64
11	68
11	92
11	34
11	107
11	179
11	186
11	196
11	197
11	205
11	210
11	227
11	228
11	229
11	237
11	248
11	250
11	275
11	325
11	352
11	351
11	382
11	385
11	398
11	453
11	463
11	464
11	479
11	500
11	619
11	709
11	722
11	785
11	798
11	816
11	823
11	862
11	880
11	881
11	886
11	1034
11	1097
11	1100
11	1110
11	1145
11	1202
11	1217
11	1257
11	1516
11	1557
11	1586
11	1598
11	1604
11	1609
11	1640
11	1642
11	1645
11	1668
11	1691
11	1785
11	1891
11	1985
11	2006
11	2270
11	2288
11	2298
11	2290
11	2309
11	2319
11	2330
11	2334
11	2338
11	2339
11	2342
11	2348
11	2352
11	2354
11	2356
11	2358
11	2360
11	2362
11	2364
11	2372
11	2384
11	2389
11	2412
11	2428
11	2433
11	2434
11	2473
11	2521
11	2525
11	2573
11	2637
11	2673
11	2689
11	2743
11	2748
11	2801
11	2827
11	2881
11	2882
11	2884
11	2965
11	3043
11	3088
11	3092
11	3117
11	3234
11	3245
11	3252
11	3257
11	3259
11	3261
11	3269
11	3288
11	3289
11	3325
11	3354
11	3356
11	3405
11	3422
11	3428
11	3430
11	3431
11	3438
11	3442
11	3450
11	3454
11	3458
11	3471
11	3491
11	3493
11	3494
11	3510
11	3511
11	3517
11	3518
11	3523
11	3537
11	3555
11	3566
11	3658
11	3894
11	3930
11	3935
11	3944
11	3952
11	3979
11	3996
11	4009
11	4010
11	4016
11	4021
11	4045
11	4089
11	4104
11	4109
11	4112
11	4139
11	4191
11	4201
11	4305
11	4310
11	4329
11	4331
11	4332
11	4333
11	4346
11	4393
11	4399
11	4478
11	4600
11	4607
11	4679
11	4684
11	4714
11	4815
11	4823
11	4827
11	4842
11	4843
11	4860
11	4907
11	4921
11	4933
12	10
12	7
12	14
12	17
12	2
12	18
12	21
12	20
12	35
12	1
12	41
12	40
12	43
12	42
12	49
12	66
12	74
12	84
12	83
12	82
12	96
12	97
12	105
12	115
12	128
12	178
12	179
12	180
12	188
12	190
12	196
12	197
12	201
12	207
12	227
12	229
12	237
12	258
12	257
12	266
12	373
12	380
12	384
12	391
12	393
12	395
12	398
12	425
12	441
12	446
12	448
12	451
12	453
12	455
12	456
12	457
12	459
12	460
12	462
12	463
12	464
12	468
12	470
12	471
12	473
12	486
12	492
12	502
12	512
12	561
12	603
12	610
12	624
12	684
12	686
12	687
12	693
12	694
12	709
12	707
12	710
12	720
12	722
12	729
12	728
12	766
12	772
12	777
12	785
12	782
12	792
12	795
12	811
12	816
12	818
12	824
12	829
12	835
12	837
12	838
12	842
12	845
12	846
12	847
12	864
12	869
12	878
12	897
12	943
12	942
12	950
12	956
12	964
12	969
12	975
12	978
12	1010
12	1021
12	1029
12	1038
12	1054
12	1072
12	1071
12	1095
12	1096
12	1097
12	1099
12	1100
12	1121
12	1136
12	1145
12	1148
12	1156
12	1159
12	1176
12	1185
12	1190
12	1191
12	1195
12	1197
12	1194
12	1201
12	1204
12	1216
12	1219
12	1249
12	1255
12	1306
12	1309
12	1301
12	1446
12	1449
12	1470
12	1502
12	1503
12	1505
12	1506
12	1507
12	1508
12	1510
12	1513
12	1514
12	1516
12	1547
12	1558
12	1557
12	1556
12	1562
12	1563
12	1564
12	1565
12	1566
12	1567
12	1568
12	1569
12	1586
12	1585
12	1600
12	1602
12	1603
12	1604
12	1609
12	1632
12	1636
12	1638
12	1643
12	1683
12	1685
12	1694
12	1692
12	1696
12	1705
12	1707
12	1709
12	1778
12	1776
12	1785
12	1783
12	1791
12	1809
12	1900
12	1909
12	1918
12	1932
12	1943
12	1975
12	1985
12	1990
12	1994
12	2001
12	2002
12	2003
12	2022
12	2031
12	2044
12	2048
12	2053
12	2063
12	2062
12	2081
12	2080
12	2079
12	2084
12	2113
12	2116
12	2117
12	2123
12	2131
12	2132
12	2140
12	2137
12	2136
12	2142
12	2145
12	2148
12	2160
12	2171
12	2172
12	2178
12	2268
12	2272
12	2280
12	2289
12	2288
12	2286
12	2285
12	2296
12	2298
12	2304
12	2316
12	2319
12	2317
12	2321
12	2331
12	2330
12	2334
12	2341
12	2340
12	2339
12	2342
12	2346
12	2348
12	2359
12	2373
12	2374
12	2384
12	2386
12	2388
12	2389
12	2400
12	2401
12	2408
12	2415
12	2414
12	2446
12	2450
12	2454
12	1327
12	2466
12	2499
12	2498
12	2497
12	2501
12	2505
12	2516
12	2515
12	2521
12	2531
12	2537
12	2539
12	2541
12	2543
12	2545
12	2556
12	2564
12	2573
12	2576
12	2577
12	2584
12	2597
12	2598
12	2611
12	2679
12	2682
12	2687
12	2688
12	2694
12	2698
12	2727
12	2735
12	2741
12	2742
12	2744
12	2753
12	2756
12	2764
12	2765
12	2769
12	2770
12	2772
12	2784
12	2807
12	2812
12	2817
12	2818
12	2855
12	2860
12	2877
12	2884
12	2888
12	2931
12	2932
12	2957
12	2956
12	2954
12	2970
12	2982
12	2985
12	2986
12	3004
12	3010
12	3018
12	3068
12	3069
12	3086
12	3093
12	3111
12	3115
12	3121
12	3122
12	3125
12	3126
12	3133
12	3182
12	3192
12	3204
12	3216
12	3218
12	3222
12	3266
12	3265
12	3275
12	3283
12	3287
12	3296
12	3297
12	3313
12	3354
12	3389
12	3393
12	3407
12	3424
12	3430
12	3437
12	3442
12	3448
12	3459
12	3463
12	3471
12	3472
12	3488
12	3489
12	3500
12	3504
12	3507
12	3517
12	3518
12	3525
12	3526
12	3548
12	3552
12	3556
12	3558
12	3563
12	3570
12	3592
12	3595
12	3613
12	3614
12	3615
12	3656
12	3675
12	3739
12	3894
12	3895
12	3930
12	3934
12	3935
12	3938
12	3944
12	3946
12	3966
12	3970
12	3983
12	3986
12	3988
12	3995
12	3999
12	4003
12	4024
12	4023
12	4025
12	4026
12	4033
12	4096
12	4098
12	4105
12	4107
12	4112
12	4114
12	4134
12	4147
12	4163
12	4170
12	4171
12	4173
12	4217
12	4250
12	4263
12	4269
12	4281
12	27
12	4305
12	4309
12	4313
12	4317
12	4323
12	4326
12	4334
12	4359
12	4400
12	4406
12	4405
12	4407
12	4414
12	4419
12	4429
12	4434
12	4441
12	4442
12	4443
12	4448
12	4454
12	4456
12	4457
12	4463
12	4464
12	4466
12	4473
12	4477
12	4478
12	4482
12	4500
12	4517
12	4528
12	4532
12	4539
12	4577
12	4581
12	4584
12	4567
12	4608
12	4612
12	4616
12	4617
12	4623
12	4630
12	4629
12	4641
12	4647
12	4650
12	4660
12	4661
12	4664
12	4675
12	4678
12	4682
12	4679
12	4684
12	4694
12	4710
12	4711
12	4712
12	2164
12	4723
12	4728
12	4730
12	4812
12	4815
12	4823
12	4825
12	4836
12	4837
12	4842
12	4844
12	4847
12	4850
12	4855
12	4860
12	4863
12	4866
12	4878
13	10
13	14
13	16
13	18
13	26
13	31
13	33
13	19
13	50
13	51
13	49
13	53
13	48
13	56
13	60
13	64
13	65
13	81
13	88
13	89
13	90
13	84
13	96
13	104
13	118
13	111
13	134
13	132
13	146
13	167
13	175
13	176
13	179
13	180
13	188
13	190
13	196
13	197
13	203
13	220
13	224
13	225
13	237
13	249
13	250
13	256
13	255
13	262
13	266
13	267
13	265
13	269
13	271
13	273
13	275
13	278
13	279
13	281
13	282
13	302
13	304
13	306
13	308
13	311
13	312
13	315
13	319
13	321
13	323
13	324
13	328
13	332
13	335
13	353
13	355
13	356
13	357
13	358
13	360
13	363
13	364
13	366
13	368
13	370
13	372
13	374
13	413
13	419
13	432
13	434
13	436
13	437
13	440
13	457
13	458
13	459
13	461
13	465
13	466
13	520
13	528
13	530
13	532
13	537
13	538
13	539
13	543
13	544
13	545
13	547
13	550
13	551
13	562
13	567
13	573
13	583
13	588
13	589
13	592
13	600
13	601
13	602
13	630
13	631
13	634
13	635
13	640
13	638
13	644
13	636
13	646
13	653
13	664
13	670
13	672
13	673
13	680
13	684
13	687
13	688
13	690
13	692
13	693
13	694
13	696
13	703
13	700
13	705
13	704
13	709
13	710
13	713
13	714
13	715
13	720
13	725
13	732
13	737
13	741
13	740
13	742
13	743
13	746
13	752
13	755
13	757
13	756
13	763
13	766
13	768
13	771
13	772
13	774
13	775
13	776
13	777
13	779
13	780
13	781
13	785
13	795
13	796
13	807
13	811
13	812
13	813
13	819
13	822
13	823
13	824
13	825
13	828
13	827
13	833
13	836
13	837
13	838
13	844
13	845
13	849
13	852
13	859
13	860
13	863
13	864
13	866
13	869
13	872
13	882
13	878
13	877
13	894
13	896
13	899
13	914
13	916
13	923
13	924
13	929
13	934
13	939
13	940
13	947
13	946
13	943
13	950
13	951
13	958
13	959
13	960
13	961
13	962
13	963
13	968
13	970
13	969
13	978
13	979
13	981
13	982
13	985
13	986
13	987
13	988
13	990
13	991
13	992
13	995
13	1004
13	1005
13	1006
13	1010
13	1011
13	1012
13	1013
13	1021
13	1020
13	1019
13	1014
13	1023
13	1024
13	1028
13	1029
13	1034
13	1035
13	1041
13	1043
13	1048
13	1051
13	1054
13	1055
13	1057
13	1062
13	1063
13	1065
13	1066
13	1071
13	1073
13	1088
13	1089
13	1095
13	1097
13	1111
13	1110
13	1121
13	1126
13	1127
13	1135
13	1129
13	1140
13	1141
13	1142
13	1143
13	1146
13	1150
13	1148
13	1152
13	1155
13	1157
13	1159
13	1161
13	1167
13	1168
13	1169
13	1170
13	1171
13	1172
13	1173
13	1174
13	1175
13	1176
13	1178
13	1180
13	1184
13	1186
13	1191
13	1192
13	1196
13	1194
13	1198
13	1201
13	1204
13	1215
13	1242
13	1253
13	1252
13	1254
13	1262
13	1266
13	1268
13	1269
13	1270
13	1284
13	1285
13	1309
13	1301
13	1341
13	1360
13	1365
13	1388
13	1399
13	1386
13	1406
13	1381
13	1415
13	1371
13	1447
13	1448
13	1449
13	1451
13	1454
13	1502
13	1503
13	1505
13	1507
13	1508
13	1509
13	1510
13	1513
13	1544
13	1543
13	1542
13	1547
13	1550
13	1551
13	1552
13	1554
13	1555
13	1559
13	1562
13	1564
13	1563
13	1566
13	1567
13	1568
13	1569
13	1572
13	1574
13	1575
13	1579
13	1580
13	1582
13	1586
13	1593
13	1595
13	1609
13	1615
13	1630
13	1633
13	1635
13	1636
13	1638
13	1647
13	1648
13	1651
13	1653
13	1654
13	1657
13	1658
13	1659
13	1663
13	1661
13	1668
13	1675
13	1677
13	1680
13	1683
13	1684
13	1685
13	1687
13	1686
13	1694
13	1692
13	1691
13	1705
13	1708
13	1717
13	1786
13	1785
13	1819
13	1818
13	1825
13	1826
13	1827
13	1829
13	1828
13	1824
13	1831
13	1833
13	1839
13	1838
13	1837
13	1836
13	1855
13	1857
13	1862
13	1865
13	1866
13	1871
13	1874
13	1875
13	1879
13	1880
13	1883
13	1885
13	1888
13	1889
13	1898
13	1894
13	1904
13	1905
13	1908
13	1909
13	1915
13	1928
13	1929
13	1930
13	1932
13	1936
13	1943
13	1945
13	1964
13	1965
13	1970
13	1971
13	1976
13	1978
13	1979
13	1982
13	1984
13	1988
13	1991
13	1995
13	2000
13	2001
13	2002
13	2015
13	2022
13	2030
13	2034
13	2037
13	2046
13	2048
13	2054
13	2056
13	2060
13	2062
13	2074
13	2077
13	2081
13	2084
13	2102
13	2104
13	2117
13	2119
13	2120
13	2123
13	2125
13	2126
13	2127
13	2130
13	2131
13	2132
13	2134
13	2135
13	2140
13	2137
13	2139
13	2145
13	2151
13	2155
13	2157
13	2171
13	2173
13	2174
13	2175
13	2180
13	2184
13	2187
13	2192
13	2276
13	2279
13	2280
13	2289
13	2288
13	2293
13	2312
13	2325
13	2329
13	2337
13	2340
13	2342
13	2345
13	2346
13	2350
13	2351
13	2352
13	2355
13	2357
13	2359
13	2358
13	2362
13	2364
13	2366
13	2367
13	2370
13	2369
13	2371
13	2376
13	2377
13	2380
13	2414
13	2772
13	2784
13	2788
13	2789
13	2800
13	2804
13	2805
13	2848
13	2860
13	2868
13	2877
13	2884
13	2888
13	2891
13	2892
13	2904
13	2926
13	2930
13	2935
13	2940
13	2941
13	2942
13	2943
13	2945
13	2946
13	2947
13	2957
13	2956
13	2960
13	2959
13	2962
13	2966
13	2977
13	2979
13	3005
13	3043
13	3069
13	3073
13	3075
13	3078
13	3082
13	3093
13	3094
13	3101
13	3106
13	3108
13	3124
13	3130
13	3131
13	3132
13	3133
13	3145
13	3146
13	3147
13	3151
13	3173
13	3174
13	3182
13	3334
13	3350
13	3352
13	3390
13	3404
13	3413
13	3415
13	3420
13	3436
13	3437
13	3444
13	3445
13	3450
13	3465
13	3482
13	3483
13	3485
13	3492
13	3502
13	3509
13	3512
13	3513
13	3515
13	3516
13	3536
13	3538
13	3551
13	3564
13	3565
13	3569
13	3570
13	3579
13	3580
13	3599
13	3611
13	3612
13	3619
13	3622
13	3624
13	3625
13	3627
13	3631
13	3637
13	3639
13	3644
13	3647
13	3649
13	3650
13	3652
13	3658
13	3659
13	3660
13	3663
13	3664
13	3666
13	3669
13	3670
13	3677
13	3678
13	3682
13	3685
13	3686
13	3687
13	3689
13	3690
13	3691
13	3692
13	3694
13	3695
13	3697
13	3696
13	3699
13	3700
13	3701
13	3702
13	3704
13	3705
13	3707
13	3708
13	3710
13	3711
13	3713
13	3715
13	3717
13	3721
13	3723
13	3724
13	3725
13	3727
13	3728
13	3730
13	3731
13	3738
13	3741
13	3744
13	3794
13	3894
13	3903
13	3905
13	3909
13	3917
13	3918
13	3926
13	3934
13	3935
13	3936
13	3937
13	3938
13	3940
13	3939
13	3943
13	3945
13	3946
13	3951
13	3952
13	3968
13	3970
13	3973
13	3975
13	3977
13	3981
13	3995
13	3997
13	4002
13	4011
13	4012
13	4014
13	4019
13	4022
13	4028
13	4030
13	4043
13	4076
13	4077
13	4092
13	4105
13	4108
13	4111
13	4118
13	4121
13	4122
13	4129
13	4134
13	4135
13	4139
13	4142
13	4151
13	4150
13	4155
13	4158
13	4160
13	4162
13	4174
13	4183
13	4184
13	4185
13	4200
13	4202
13	4212
13	4246
13	4249
13	4267
13	4269
13	4273
13	4276
13	4278
13	4281
13	4290
13	4291
13	4293
13	4294
13	4295
13	4296
13	4297
13	4300
13	4306
13	4308
13	4317
13	4318
13	4320
13	4326
13	4327
13	4329
13	4332
13	4336
13	4338
13	4334
13	4346
13	4347
13	4349
13	4350
13	4351
13	4355
13	4359
13	4360
13	4367
13	4368
13	4371
13	4372
13	4376
13	4377
13	4374
13	4389
13	4391
13	4393
13	4399
13	4401
13	4405
13	4408
13	4411
13	4415
13	4416
13	4417
13	4418
13	4419
13	4420
13	4421
13	4422
13	4424
13	4425
13	4426
13	4430
13	4433
13	4434
13	4435
13	4436
13	4441
13	4442
13	4443
13	4448
13	4455
13	4454
13	4457
13	4458
13	4460
13	4462
13	4463
13	4471
13	4469
13	4472
13	4473
13	4475
13	4477
13	4478
13	4481
13	4486
13	4494
13	4499
13	4501
13	4502
13	4505
13	4504
13	4506
13	4508
13	4512
13	4513
13	4514
13	4530
13	4531
13	4533
13	4532
13	4524
13	4535
13	4539
13	4543
13	4552
13	4554
13	4556
13	4555
13	4575
13	4580
13	4584
13	4587
13	4597
13	4599
13	4600
13	4603
13	4607
13	4612
13	4618
13	4620
13	4617
13	4623
13	4626
13	4633
13	4635
13	4636
13	4639
13	4640
13	4641
13	4643
13	4646
13	4648
13	4649
13	4650
13	4651
13	4652
13	4653
13	4654
13	4655
13	4657
13	4665
13	4667
13	4669
13	4672
13	4674
13	4675
13	4682
13	4684
13	4690
13	4692
13	4691
13	4694
13	4696
13	4710
13	4712
13	4714
13	4716
13	2164
13	4730
13	4740
13	4742
13	4744
13	4765
13	4766
13	4770
13	4772
13	4773
13	4774
13	4775
13	4777
13	4779
13	4780
13	4781
13	4783
13	4785
13	4786
13	4787
13	4788
13	4790
13	4791
13	4792
13	4793
13	4794
13	4795
13	4796
13	4798
13	4799
13	4800
13	4801
13	4802
13	4808
13	4809
13	4810
13	4812
13	4821
13	4824
13	4825
13	4826
13	4832
13	4834
13	4836
13	4839
13	4842
13	4843
13	4847
13	4846
13	4848
13	4855
13	4863
13	4862
13	4866
13	4869
13	4876
13	4878
13	4889
13	4909
13	4910
13	4913
13	4936
14	3
15	3
16	2
16	101
16	4815
17	16
17	17
17	115
17	132
17	157
17	166
17	259
17	1148
17	2003
17	2466
17	2519
17	2520
17	2523
17	2524
17	2525
17	2584
17	2747
17	2756
17	2765
17	2766
17	2768
17	2784
17	2929
17	3187
17	3189
17	3190
17	3216
17	3283
17	3442
17	3558
17	3630
17	3902
17	4016
17	4024
17	4260
18	1
18	180
18	190
19	1
19	180
19	185
19	4836
19	4837
20	19
20	132
20	276
20	280
20	312
20	3090
20	3287
20	3323
20	3407
20	3442
20	3558
20	3930
20	3971
20	4199
21	20
21	2414
21	2413
21	2498
21	4009
21	4020
21	4033
21	4122
21	4151
21	4161
21	4279
22	20
22	312
22	921
22	953
22	1005
22	1535
22	1540
22	2629
22	2634
22	2637
22	2641
22	2646
22	2650
22	2651
22	2654
22	2661
22	2669
22	2673
22	2678
23	20
23	58
23	57
23	438
23	498
23	736
23	2794
23	2798
23	3110
23	3544
23	4009
23	4505
23	4889
23	4910
24	20
24	39
24	42
24	17
24	70
24	105
24	166
24	200
24	212
24	215
24	229
24	237
24	250
24	281
24	283
24	302
24	325
24	331
24	369
24	407
24	509
24	570
24	589
24	590
24	604
24	623
24	726
24	773
24	797
24	813
24	851
24	1053
24	1055
24	1068
24	1097
24	1100
24	1110
24	1120
24	1130
24	1136
24	1148
24	1152
24	1154
24	1176
24	1219
24	1249
24	1258
24	1446
24	1526
24	1529
24	1537
24	1535
24	1540
24	1558
24	1612
24	1693
24	1705
24	1785
24	1795
24	1786
24	1810
24	1815
24	1855
24	1973
24	1995
24	2006
24	2011
24	2062
24	2084
24	2137
24	2145
24	2179
24	2180
24	2261
24	2289
24	2309
24	2327
24	2349
24	2358
24	2367
24	2383
24	2390
24	2415
24	2423
24	2436
24	2441
24	2442
24	2494
24	2495
24	2499
24	2504
24	2506
24	2543
24	2545
24	2570
24	2573
24	2581
24	2588
24	2616
24	2629
24	2634
24	2637
24	2641
24	2646
24	2651
24	2652
24	2650
24	2654
24	2661
24	2662
24	2669
24	2673
24	2678
24	2713
24	2735
24	2755
24	2756
24	2764
24	2767
24	2784
24	2800
24	2832
24	2873
24	2900
24	2956
24	2977
24	3040
24	3043
24	3069
24	2963
24	3101
24	3112
24	3161
24	3194
24	3193
24	3217
24	3293
24	3294
24	3332
24	3341
24	3389
24	3383
24	3391
24	3426
24	3438
24	3447
24	3448
24	3460
24	3537
24	3560
24	3578
24	3646
24	3658
24	3893
24	3895
24	3904
24	3920
24	3964
24	3965
24	3966
24	4007
24	4088
24	4102
24	4123
24	4124
24	4127
24	4128
24	4129
24	4150
24	4270
24	27
24	4367
24	4378
24	4388
24	4392
24	4434
24	4441
24	4487
24	4503
24	4581
24	4588
24	4661
24	4669
24	4678
24	4710
24	4714
24	1714
24	4812
24	4845
24	4861
24	4891
24	4892
24	4893
24	4894
24	4895
24	4896
24	4897
24	4898
24	4899
24	4900
24	4901
24	4902
24	4904
24	4905
24	4932
25	20
25	25
25	19
25	55
25	96
25	196
25	1612
26	25
26	39
26	72
26	142
26	408
26	1899
26	2003
26	2540
26	2717
26	2752
26	2769
26	2770
26	2962
26	2966
26	3109
26	3125
26	3189
26	3224
26	3657
26	3705
26	3738
26	3799
26	3803
26	4016
26	4302
27	25
27	39
28	20
29	20
29	29
29	2415
29	2784
29	3211
29	3213
29	3285
29	4007
29	4148
30	29
30	20
30	1
30	41
30	84
30	198
30	202
30	254
30	264
30	382
30	385
30	402
30	404
30	405
30	427
30	430
30	436
30	437
30	444
30	458
30	477
30	480
30	481
30	483
30	487
30	486
30	583
30	591
30	620
30	684
30	709
30	710
30	715
30	718
30	743
30	771
30	770
30	772
30	798
30	809
30	810
30	938
30	980
30	983
30	999
30	1055
30	1057
30	1084
30	1148
30	1160
30	1162
30	1176
30	1306
30	1309
30	1337
30	1301
30	1347
30	1399
30	1542
30	1558
30	1556
30	1572
30	1688
30	1689
30	1807
30	2075
30	2298
30	2319
30	2407
30	2406
30	2409
30	2410
30	2418
30	2447
30	2488
30	2515
30	2564
30	2608
30	2619
30	2620
30	2621
30	2641
30	2751
30	2884
30	2885
30	3079
30	3130
30	3131
30	3132
30	3133
30	3178
30	3267
30	3355
30	3418
30	3442
30	3462
30	3477
30	3498
30	3502
30	3507
30	3509
30	3517
30	3518
30	3537
30	3556
30	3558
30	3569
30	3568
30	3583
30	3584
30	3586
30	3587
30	3634
30	3648
30	3737
30	3760
30	3933
30	3948
30	3947
30	3953
30	4089
30	4109
30	4136
30	4137
30	4248
30	4250
30	4307
30	4323
30	4325
30	4326
30	4329
30	4332
30	4333
30	4346
30	4356
30	4359
30	4360
30	4378
30	4388
30	4409
30	4414
30	4421
30	4422
30	4423
30	4429
30	4454
30	4473
30	4475
30	4482
30	4492
30	4499
30	4500
30	4514
30	4588
30	4613
30	4626
30	4629
30	4630
30	4633
30	4634
30	4653
30	4659
30	4660
30	4664
30	4682
30	4679
30	4692
30	4691
30	4694
30	4695
31	20
32	31
32	20
32	1
32	50
32	87
32	84
32	82
32	105
32	102
32	111
32	136
32	178
32	200
32	201
32	202
32	209
32	212
32	215
32	250
32	258
32	393
32	398
32	413
32	421
32	422
32	425
32	427
32	436
32	437
32	453
32	463
32	464
32	466
32	473
32	478
32	477
32	480
32	479
32	481
32	483
32	487
32	494
32	510
32	528
32	558
32	559
32	578
32	620
32	657
32	664
32	672
32	693
32	696
32	700
32	704
32	709
32	714
32	720
32	722
32	725
32	728
32	736
32	735
32	739
32	742
32	743
32	764
32	765
32	772
32	775
32	811
32	816
32	824
32	825
32	826
32	829
32	827
32	835
32	843
32	864
32	874
32	882
32	878
32	877
32	897
32	918
32	941
32	946
32	952
32	953
32	956
32	955
32	964
32	970
32	969
32	971
32	974
32	975
32	978
32	980
32	981
32	983
32	984
32	989
32	993
32	999
32	1004
32	1005
32	1007
32	1010
32	1055
32	1072
32	1084
32	1095
32	1096
32	1097
32	1099
32	1100
32	1102
32	1113
32	1145
32	1148
32	1176
32	1195
32	1223
32	1244
32	1246
32	1243
32	1247
32	1248
32	1249
32	1255
32	1270
32	1309
32	1541
32	1546
32	1547
32	1550
32	1558
32	1557
32	1556
32	1562
32	1563
32	1564
32	1565
32	1566
32	1567
32	1568
32	1571
32	1572
32	1586
32	1595
32	1600
32	1602
32	1609
32	1632
32	1636
32	1637
32	1643
32	1644
32	1645
32	1646
32	1655
32	1659
32	1663
32	1668
32	1685
32	1686
32	1687
32	1688
32	1690
32	1689
32	1691
32	1704
32	1705
32	1809
32	1819
32	1892
32	1936
32	1983
32	1994
32	1995
32	1997
32	2017
32	2035
32	2038
32	2036
32	2048
32	2063
32	2062
32	2071
32	2117
32	2126
32	2131
32	2137
32	2145
32	2157
32	2160
32	2171
32	2173
32	2186
32	2258
32	2260
32	2268
32	2276
32	2275
32	2273
32	2280
32	2277
32	2295
32	2298
32	2301
32	2304
32	2309
32	2310
32	2317
32	2320
32	2331
32	2358
32	2359
32	2388
32	2406
32	2407
32	2408
32	2409
32	2411
32	2410
32	2412
32	2418
32	1327
32	2466
32	2482
32	2485
32	2491
32	2499
32	2497
32	2521
32	2538
32	2537
32	2539
32	2567
32	2641
32	2681
32	2691
32	2695
32	2698
32	2714
32	2727
32	2741
32	2744
32	2768
32	2814
32	2812
32	2860
32	2877
32	2897
32	2907
32	2929
32	2925
32	2936
32	2964
32	2982
32	3018
32	3040
32	3069
32	3079
32	3128
32	3132
32	3134
32	3161
32	3160
32	3193
32	3195
32	3222
32	3224
32	3254
32	3269
32	3280
32	3283
32	3409
32	3410
32	3424
32	3437
32	3444
32	3462
32	3494
32	3496
32	3506
32	3535
32	3542
32	3545
32	3566
32	3579
32	3580
32	3591
32	3603
32	3627
32	3925
32	3926
32	3930
32	3932
32	3933
32	3934
32	3935
32	3936
32	3937
32	3938
32	3939
32	3940
32	3942
32	3943
32	3944
32	3945
32	3946
32	3947
32	3948
32	3950
32	3951
32	3952
32	3953
32	4029
32	4089
32	4098
32	4104
32	4105
32	4109
32	4112
32	4117
32	4120
32	4121
32	4134
32	4136
32	4135
32	4138
32	4137
32	4139
32	4142
32	4144
32	4148
32	4153
32	4156
32	4157
32	4165
32	4172
32	4248
32	4263
32	4280
32	4282
32	4319
32	4323
32	4325
32	4326
32	4328
32	4333
32	4359
32	4414
32	4421
32	4423
32	4440
32	4452
32	4463
32	4466
32	4469
32	4477
32	4481
32	4486
32	4498
32	4513
32	4514
32	4517
32	4520
32	4532
32	4538
32	4539
32	4543
32	4557
32	4559
32	4613
32	4616
32	4623
32	4630
32	4634
32	4647
32	4653
32	4659
32	4660
32	4671
32	4673
32	4679
32	4682
32	4684
32	4727
32	4735
32	4803
32	4837
32	4890
32	4912
33	20
33	285
33	311
33	3266
33	3287
33	3288
33	3995
33	4187
33	4188
33	4189
33	4191
33	4193
33	4194
33	4195
33	4197
33	4198
33	4199
33	4200
33	4201
34	20
34	3232
34	3245
34	3465
35	1
35	55
35	62
35	64
35	190
35	4826
35	4851
35	4867
36	35
36	1120
36	1194
36	1585
36	2028
36	3323
36	3398
36	3558
36	4096
36	4823
37	36
37	120
37	257
37	267
37	784
37	1148
37	2024
37	2025
37	2027
37	2026
37	2023
37	2031
37	3326
37	3390
37	3383
37	3391
37	3392
37	3393
37	3398
37	3413
37	3414
37	3415
37	3416
37	4308
37	4941
38	1
38	184
38	185
38	190
38	4837
39	38
39	39
39	98
39	3090
40	1
40	190
40	4815
40	4822
41	40
41	3462
41	4250
41	4320
41	4323
41	4325
41	4326
41	4660
42	5
43	42
44	9
45	7
45	1591
45	1606
45	1650
46	14
46	267
46	1084
46	1089
46	2487
46	3067
46	3557
46	4701
47	188
47	189
48	47
49	48
49	3533
49	3534
49	3537
49	3535
49	3544
49	4146
49	4148
49	4163
49	4390
49	4598
50	49
50	51
51	49
51	4146
51	4151
52	51
52	107
52	375
52	454
52	467
52	536
52	570
52	753
52	2573
52	2799
52	2965
52	3234
52	3261
52	3405
52	3510
52	4009
52	4392
52	4520
52	4522
52	383
52	4268
53	49
53	308
53	310
53	325
53	1156
53	1246
53	1248
53	1273
53	1275
53	1276
53	1341
53	1501
53	1528
53	1902
53	1942
53	1985
53	1989
53	2258
53	2262
53	2275
53	2272
53	2279
53	2280
53	2281
53	2277
53	2286
53	2294
53	2326
53	2341
53	2340
53	2372
53	2373
53	2374
53	2413
53	2449
53	2454
53	2473
53	2497
53	2503
53	2505
53	2568
53	2574
53	2613
53	2619
53	2727
53	2735
53	2741
53	2743
53	2744
53	2799
53	2797
53	2925
53	3068
53	3209
53	3236
53	3244
53	3254
53	3256
53	3259
53	3258
53	3262
53	3266
53	3265
53	3272
53	3286
53	3303
53	3338
53	3403
53	3421
53	3446
53	3463
53	3504
53	3562
53	3570
53	3913
53	3915
53	3975
53	3988
53	3996
53	3999
53	4024
53	4042
53	4055
53	4073
53	4075
53	4084
53	4085
53	4115
53	4195
53	4246
53	4252
53	4362
53	4412
53	4571
53	4644
53	4789
54	53
54	310
54	480
54	970
54	969
54	978
54	980
54	981
54	982
54	983
54	985
54	986
54	987
54	988
54	999
54	1005
54	1010
54	1285
54	1535
54	1540
54	1687
54	2407
54	2619
54	2620
54	2621
54	2629
54	2634
54	2637
54	2641
54	2646
54	2650
54	2651
54	2654
54	2661
54	2673
54	2678
54	3926
54	3940
54	3948
54	4136
55	179
55	197
56	190
57	56
57	132
57	1892
57	2792
57	2819
57	2911
57	3202
57	3209
57	3222
57	3229
57	3230
57	3287
57	3289
57	3519
57	3521
57	3552
57	3639
57	3971
58	57
58	134
58	1893
58	2517
58	2799
58	3490
58	3984
59	57
59	2903
59	2962
59	2966
59	3110
59	4889
59	4906
59	4910
59	4911
60	62
60	4850
60	4866
61	60
61	183
61	216
61	217
61	218
61	219
61	220
61	221
61	222
61	223
61	224
61	225
61	226
61	238
61	239
61	409
61	521
61	732
61	785
61	858
61	875
61	878
61	888
61	929
61	938
61	989
61	993
61	1255
61	1263
61	1600
61	1794
61	1793
61	1795
61	1796
61	1815
61	1943
61	1945
61	1957
61	1959
61	1975
61	2002
61	2003
61	2048
61	2051
61	2138
61	2140
61	2171
61	2172
61	2179
61	2180
61	2183
61	2190
61	2276
61	2312
61	2338
61	2386
61	1327
61	2516
61	2546
61	2769
61	3069
61	3110
61	3125
61	3247
61	3389
61	3558
61	4308
61	4309
61	4310
61	4313
61	4359
61	4435
61	4500
61	4630
61	4637
61	4727
61	4769
61	4794
62	63
62	1071
62	1095
64	63
66	4815
66	4852
66	4854
66	4877
67	66
67	67
67	2031
67	2717
67	2719
67	2766
67	2768
67	4808
68	67
68	68
68	74
68	157
68	1420
68	1422
68	1423
68	1433
68	1435
68	1436
68	2416
68	2519
68	2520
68	2523
68	2524
68	2541
68	2755
68	2756
68	2763
68	2765
68	2766
69	68
69	624
69	2771
70	69
70	621
70	626
71	70
71	203
71	204
71	252
71	255
71	257
71	262
71	265
71	267
71	594
71	603
71	684
71	687
71	693
71	709
71	719
71	720
71	725
71	727
71	729
71	751
71	772
71	777
71	785
71	818
71	824
71	827
71	829
71	835
71	837
71	838
71	841
71	1057
71	1069
71	1084
71	1102
71	1116
71	1130
71	1145
71	1146
71	1153
71	1154
71	1158
71	1171
71	1178
71	1180
71	1184
71	1197
71	1202
71	1255
71	1291
71	1306
71	1335
71	1348
71	1354
71	1506
71	1514
71	1705
71	1716
71	1776
71	1783
71	1785
71	1786
71	1889
71	1902
71	1918
71	1917
71	1916
71	1920
71	1923
71	1925
71	1926
71	1927
71	1932
71	1936
71	1940
71	1946
71	1949
71	1950
71	1951
71	1954
71	1971
71	1984
71	1988
71	1995
71	2001
71	2003
71	2122
71	2137
71	2145
71	2172
71	2173
71	2178
71	2268
71	2270
71	2279
71	2286
71	2288
71	2298
71	2317
71	2319
71	2323
71	2339
71	2347
71	2352
71	2387
71	2389
71	2390
71	2414
71	2451
71	2450
71	2546
71	2547
71	2549
71	2550
71	2552
71	2554
71	2558
71	2566
71	2573
71	2582
71	2695
71	2706
71	2752
71	2770
71	2776
71	2800
71	2815
71	2818
71	2824
71	2860
71	2873
71	2911
71	2925
71	2930
71	2931
71	2932
71	2935
71	2940
71	2941
71	2942
71	2943
71	2945
71	2946
71	2947
71	2949
71	2956
71	2961
71	2981
71	2980
71	2992
71	2993
71	3002
71	3020
71	3021
71	3026
71	3043
71	3056
71	3057
71	3061
71	3065
71	3066
71	3069
71	3075
71	3094
71	3101
71	3104
71	3110
71	3114
71	3161
71	3189
71	3326
71	3345
71	3348
71	3442
71	3459
71	3462
71	3537
71	3570
71	3912
71	3966
71	4016
71	4091
71	4322
71	4367
71	4373
71	4396
71	4403
71	4419
71	4435
71	4437
71	4439
71	4454
71	4457
71	4463
71	4476
71	4477
71	4482
71	4486
71	4488
71	4493
71	4494
71	4500
71	4520
71	4528
71	4532
71	4535
71	4539
71	4551
71	4577
71	4610
71	4613
71	4622
71	4630
71	4634
71	4640
71	4650
71	4678
71	4682
71	4684
71	4693
71	4740
71	4741
71	4742
71	4743
71	4767
71	4838
72	67
72	2753
73	66
73	84
73	227
73	237
73	250
73	450
73	1031
73	1125
73	1246
73	1247
73	1249
73	1267
73	1652
73	1676
73	1707
73	1776
73	1783
73	1827
73	2137
73	2145
73	2285
73	2290
73	2304
73	2309
73	2339
73	2341
73	2372
73	2414
73	2515
73	2735
73	2764
73	2868
73	2890
73	3018
73	2963
73	3217
73	3296
73	3297
73	3447
73	3448
73	3451
73	3475
73	3477
73	3515
73	3531
73	3577
73	3627
73	3904
73	4088
73	4124
73	4431
73	4538
73	4646
73	4678
73	4684
73	4729
73	4732
73	4759
74	4815
75	74
75	214
75	237
75	248
75	329
75	370
75	1137
75	1612
75	1777
75	1776
75	1856
75	2004
75	2127
75	2145
75	2159
75	2167
75	2171
75	2345
75	2351
75	2353
75	2355
75	2363
75	2366
75	2376
75	2383
75	2521
75	3313
75	3323
75	3399
75	3411
75	3566
75	4096
75	4104
75	4105
75	4290
75	4291
75	4292
75	4293
75	4294
75	4295
75	4296
75	4297
75	4298
75	4299
75	4300
75	4771
75	4778
75	4784
75	4797
75	4813
75	4823
75	4849
75	4865
76	75
77	75
78	75
78	1777
78	2179
78	2396
79	75
79	1777
79	2180
79	2397
80	75
80	80
80	21
80	305
80	1204
80	1219
80	1218
80	1612
80	1692
80	1777
80	1783
80	1822
80	2137
80	2358
80	2610
80	2784
80	2933
80	3125
80	3294
80	3909
80	3919
80	4151
80	4173
80	4277
80	4279
80	4302
80	4765
81	75
81	794
81	1777
81	2929
81	2926
81	3157
81	3158
81	3161
81	3162
81	3326
81	4260
81	4262
81	4440
81	4569
81	4671
82	21
82	82
82	2501
82	2578
82	2579
82	2580
82	2584
82	2756
82	2765
83	82
83	83
83	1168
83	1173
83	1569
83	2063
83	2062
83	2137
83	2400
83	3614
84	83
84	1549
85	84
85	1543
86	85
86	83
86	1543
87	84
87	202
87	1542
87	1546
87	1547
87	1550
87	1551
87	1557
87	1562
87	1563
87	1564
87	1565
87	1566
87	1567
87	1568
87	1570
87	1579
87	1581
88	84
88	1584
89	84
89	1542
89	1547
89	1549
89	1557
89	1562
89	1563
89	1564
89	1565
89	1566
89	1567
89	1568
89	1581
89	1584
90	84
91	90
91	1549
91	1556
92	28
93	92
93	3272
93	3273
93	3274
94	93
94	3268
94	3452
95	34
96	180
97	185
97	186
98	184
99	98
99	1598
99	1634
99	1641
99	2015
99	2521
99	2712
99	3461
99	3565
99	3566
99	4096
99	4099
99	4105
100	99
100	391
100	395
100	398
100	451
100	453
100	454
100	455
100	456
100	457
100	458
100	459
100	460
100	462
100	463
100	464
100	465
100	466
100	467
100	468
100	469
100	470
100	471
100	472
100	490
100	700
100	704
100	743
100	816
100	819
100	820
100	821
100	837
100	838
100	1672
100	1906
100	2450
100	1327
100	2517
100	2573
100	2574
100	2682
100	2689
100	3429
100	3500
100	3551
100	4401
100	4406
100	4429
100	4469
100	4498
100	4499
100	4514
100	4530
100	4536
100	4537
100	4538
100	4623
100	4664
100	3505
103	102
103	3569
103	3577
103	3583
103	3591
103	3603
104	102
105	104
105	3581
105	3582
105	3585
105	3588
105	3589
105	3590
105	3593
105	3594
105	3596
105	3600
105	3604
105	3607
105	3608
105	3611
105	3612
106	105
106	3628
107	105
107	107
107	1895
107	3202
107	3204
107	3243
107	3248
107	3256
107	3518
107	3613
107	3861
107	4084
109	108
111	110
111	112
111	4395
111	4396
111	4602
111	4603
112	111
113	112
113	292
113	1889
113	2808
113	3181
113	3185
113	3192
113	3276
113	3275
113	3280
113	3282
113	3287
113	3300
113	3299
113	3308
113	3309
113	3525
113	3531
113	3546
113	4159
113	4940
114	112
114	469
114	497
114	499
114	504
114	2820
114	2821
114	2822
114	3275
114	3284
114	3285
114	3287
114	3308
114	3309
114	3310
114	3311
114	3312
114	3546
114	3930
114	4145
114	4149
114	4151
114	4166
114	4175
115	111
115	2814
115	3456
115	3548
115	3902
115	4085
116	115
116	3422
116	3902
117	115
117	110
117	4394
117	4396
117	4601
117	4603
118	115
118	850
118	1156
118	1205
118	1210
118	1212
118	1211
118	1214
118	1217
118	1220
118	1223
118	1249
118	1257
118	1265
118	1267
118	1383
118	1401
118	1403
118	1409
118	1681
118	1702
118	1821
118	2267
118	2270
118	2324
118	2332
118	2330
118	2342
118	2348
118	2470
118	2611
118	2711
118	2735
118	2766
118	2768
118	2925
118	3152
118	3339
118	3387
118	3389
118	3383
118	3391
118	3392
118	3393
118	3404
118	3466
118	3902
118	3911
118	3912
118	4024
118	4244
118	4424
118	4828
119	115
119	382
119	385
119	599
119	1031
119	1420
119	1422
119	1423
119	1433
119	1435
119	1436
119	1813
119	2007
119	2679
119	2735
119	2837
119	2977
119	3298
119	3301
119	3386
119	3433
119	3560
119	3913
119	4027
119	4204
119	4242
120	115
120	132
120	259
120	1096
120	1110
120	1136
120	1148
120	1156
120	1380
120	1398
120	1402
120	1408
120	2469
120	2610
120	2710
120	2735
120	2766
120	2768
120	2929
120	2926
120	3340
120	3338
120	3388
120	3393
120	3398
120	3400
120	3558
120	3902
120	3913
120	4006
120	4190
120	4260
120	4335
120	4807
121	120
121	132
121	134
121	253
121	263
121	390
121	395
121	398
121	411
121	425
121	440
121	455
121	459
121	470
121	490
121	593
121	681
121	708
121	716
121	724
121	729
121	737
121	741
121	743
121	753
121	772
121	777
121	1197
121	1327
121	2497
121	2517
121	2521
121	2573
121	2926
121	3331
121	3429
121	3457
121	3500
121	3499
121	3552
121	3975
121	4004
121	4105
121	4334
121	4336
121	4343
121	4348
121	4358
121	4359
121	4406
121	4419
121	4425
121	4429
121	4453
121	4474
121	4480
121	4482
121	4485
121	4492
121	4495
121	4502
121	4514
121	4522
121	4595
121	4617
121	4620
121	4630
121	4631
121	4632
121	4650
121	4656
121	4655
121	4657
121	4664
121	4682
121	383
121	388
124	123
124	3529
124	3530
124	4404
124	4611
126	125
126	131
126	130
126	1900
126	2910
126	2911
126	3527
126	3528
126	3550
126	3549
126	3554
126	3558
126	4397
126	4398
126	4604
126	4605
128	127
128	2804
128	2805
128	2806
128	2822
128	2823
128	2824
128	3073
128	3191
128	3192
128	3195
128	3196
128	3197
128	3198
128	3199
128	3200
128	3201
128	3203
128	3204
128	3205
128	3206
128	3207
128	3208
128	3211
128	3212
128	3214
128	3215
128	3216
128	3218
128	3219
128	3220
128	3223
128	3224
128	3308
128	3309
128	3312
128	3412
128	3917
128	4362
128	4571
129	128
129	3181
129	3275
129	3282
129	3283
129	3305
129	3307
131	130
131	1902
131	3528
131	4398
131	4605
132	131
132	2911
132	3550
133	132
133	3630
134	132
134	3552
134	3558
135	132
135	2515
135	2521
135	3115
135	3411
135	3412
135	3420
135	3423
135	3425
135	3427
135	3428
135	3430
135	3431
135	3452
135	3464
135	3467
135	3471
135	3472
135	3476
135	3477
135	3481
135	3485
135	3488
135	3496
135	3504
135	3507
135	3517
135	3518
135	3519
135	4024
135	4105
137	136
137	141
137	4075
137	4568
139	138
139	145
139	4031
139	4055
139	4056
139	4058
139	4072
140	139
140	4061
140	4064
140	4069
140	4073
140	4074
140	4080
140	4081
141	140
141	1918
141	2001
142	141
142	142
142	4064
144	143
145	144
145	4079
147	146
147	1160
147	2505
147	2513
147	2593
147	2608
147	2613
147	2615
147	4327
148	147
148	1350
148	1407
148	2413
148	2426
148	2428
148	2433
148	2434
148	2446
148	2456
148	2457
148	2459
148	2460
148	2465
148	2466
148	2473
148	2582
148	2592
148	2602
148	2603
148	2607
148	2608
148	2609
148	2683
148	2688
148	2727
148	2742
148	4328
148	4360
148	4615
148	4815
149	150
149	151
151	152
151	154
152	153
154	155
157	156
158	157
158	1701
158	2127
158	2171
159	157
159	166
159	1701
159	1705
159	2051
159	2123
159	2127
159	2137
159	2140
159	2136
159	2171
159	2172
159	2463
159	2581
161	160
161	2416
161	2461
161	2464
161	2467
161	2760
161	2761
161	2762
161	2764
163	162
163	2416
163	2435
163	2462
163	2466
163	2468
163	2749
163	2759
163	2763
164	162
164	1164
164	2398
164	2400
164	2401
164	2402
164	2414
164	2435
164	2447
164	2463
164	2465
164	2466
164	2468
164	2556
164	2557
164	2559
164	2560
164	2561
164	2562
164	2563
164	2564
164	2565
164	2566
164	2584
164	2697
164	2698
164	2756
164	2765
166	165
167	166
167	1705
167	1709
167	2138
167	2172
167	2581
169	168
169	2767
171	170
171	2395
171	2595
171	2722
171	2724
171	2737
172	171
172	2694
172	2746
177	178
182	181
182	380
182	618
182	730
182	1849
182	2734
182	3422
182	4245
182	4272
182	4286
182	4489
192	191
192	1935
192	1997
192	2009
192	3406
192	3444
192	3634
192	4103
193	192
193	1200
193	3096
193	4172
193	4719
194	193
194	352
194	665
194	674
194	679
194	805
194	848
194	858
194	1271
194	1699
194	1703
194	1806
194	2005
194	2018
194	2191
194	2193
194	2194
194	2195
194	2196
194	2197
194	2198
194	2199
194	2207
194	2208
194	2303
194	2335
194	2357
194	2686
194	3136
194	3138
194	3140
194	3141
194	3143
194	3144
194	3145
194	3148
194	3149
194	3151
194	3152
194	3153
194	3155
194	3156
194	3163
194	3164
194	3165
194	3166
194	3167
194	3168
194	3169
194	3170
194	3171
194	3176
194	3177
194	3179
194	3180
194	3402
194	4276
194	4278
194	4287
194	4301
194	4304
194	4444
194	4451
194	4810
195	194
195	206
195	247
195	378
195	380
195	505
195	568
195	620
195	628
195	697
195	745
195	856
195	924
195	968
195	1013
195	1142
195	1560
195	2125
195	2923
195	3127
195	3353
195	3439
195	3524
195	4131
195	4256
195	4467
195	4516
197	4859
197	4883
199	198
199	202
199	413
199	425
199	435
199	1399
199	1407
199	1381
199	1704
200	201
206	209
208	207
213	212
213	250
213	1776
214	213
214	2159
229	236
229	237
230	229
230	515
230	518
230	528
230	4329
232	231
232	1884
232	2157
232	2174
232	2186
232	2188
232	2189
233	232
235	234
241	240
241	365
241	1120
241	1137
241	1729
241	1730
241	1783
241	1791
241	1853
241	1854
241	1861
241	1870
241	1871
241	1910
241	2145
241	2173
241	2178
241	2183
241	2188
241	3315
241	4292
241	4299
241	4771
241	4778
241	4782
241	4784
241	4797
242	241
242	248
242	352
242	371
242	1137
242	1717
242	1718
242	1773
242	1783
242	1809
242	1841
242	1843
242	1853
242	1864
242	1873
242	1871
242	2137
242	2136
242	2145
242	2178
242	2183
242	2188
242	2342
242	2956
242	3315
242	3318
242	4292
242	4298
242	4299
242	4771
242	4778
242	4782
242	4784
242	4797
242	4802
243	242
243	1840
243	1852
243	1854
243	2183
243	2188
244	243
244	852
246	245
246	2034
246	2131
246	2137
246	2190
246	2401
246	2714
246	3718
246	3735
246	4110
246	4263
246	4282
246	4283
246	4558
249	248
249	250
249	4714
249	4717
248	4717
250	4713
251	250
251	477
251	596
251	1689
251	1696
251	2129
251	2410
251	3933
251	3943
251	3951
251	4137
253	252
253	257
253	255
253	1918
253	1936
254	255
256	255
256	1932
257	255
258	257
258	267
259	258
259	1039
259	1122
259	3387
259	3396
259	4005
259	4424
259	4681
260	259
260	681
260	708
260	716
260	724
260	729
260	753
260	772
260	777
260	1121
260	1197
260	3331
260	3338
260	4334
260	4336
260	4343
260	4348
260	4358
260	4359
260	4419
260	4425
260	4453
260	4474
260	4482
260	4485
260	4492
260	4495
260	4502
260	4522
260	4595
260	4617
260	4620
260	4630
260	4631
260	4632
260	4650
260	4656
260	4655
260	4657
261	258
261	1933
261	1985
261	1987
261	3354
261	3355
261	4334
263	262
263	265
263	1976
263	1995
263	1998
263	2001
264	265
266	265
266	1990
267	265
269	268
271	270
271	2211
271	2212
271	2213
271	2214
271	2215
271	2216
271	2217
271	2218
271	2219
271	2220
271	2221
271	2222
271	2223
271	2224
271	2225
271	2226
271	2227
271	2228
271	2229
271	2230
271	2231
271	2232
271	2233
271	2234
271	2235
271	2236
271	2237
271	2238
271	2239
271	2240
271	2241
271	2242
271	2243
271	2244
271	2245
271	2246
271	2247
271	2248
271	2249
271	2250
271	2251
271	2252
271	2253
271	2254
271	2255
271	2256
272	271
272	2279
274	273
274	275
274	276
274	278
274	279
274	280
274	281
274	282
273	277
275	277
276	277
278	277
277	326
279	277
280	277
280	326
281	280
281	277
282	277
283	287
283	288
283	290
283	292
283	293
284	283
284	1640
284	2886
284	3194
286	285
286	287
286	306
286	3277
286	3962
286	4121
286	4175
286	4202
286	4205
289	288
289	2920
289	2919
289	3186
289	3275
289	3278
289	3277
289	3280
289	3282
289	3641
289	4116
291	290
294	293
294	3210
294	4028
294	4032
294	4033
294	4161
295	296
295	297
297	298
297	300
298	299
301	296
303	302
303	304
303	308
303	309
303	311
305	325
307	306
307	1886
307	2287
307	2328
307	4723
310	309
310	310
310	2600
310	2620
310	2799
310	2815
310	3263
311	325
312	315
312	319
312	321
312	324
312	326
313	312
314	312
316	315
316	319
316	321
316	324
317	315
317	319
317	321
317	324
317	326
318	315
318	319
318	321
318	324
320	319
322	321
322	324
328	327
328	330
328	335
328	337
328	336
328	342
328	345
328	346
328	347
328	348
328	349
328	350
328	367
328	1911
328	1912
328	1913
328	1955
328	1968
328	2775
328	2776
328	2778
328	2779
328	2780
328	3087
328	3089
328	3091
328	3316
328	3317
328	3320
328	4316
328	4447
327	330
327	335
327	337
327	338
327	339
327	341
327	343
327	346
327	347
327	348
327	349
327	1037
327	1038
327	1911
327	1912
327	1913
327	1914
327	1952
327	1953
327	1955
327	1956
327	1958
327	1960
327	1961
327	1962
327	1963
327	1966
327	1967
327	1968
327	1969
327	1971
327	2775
327	2776
327	2778
327	2779
327	2780
327	3087
327	3089
327	3091
327	3316
327	3317
327	3318
327	3319
327	3320
327	4316
327	4446
327	4447
330	329
330	331
330	367
331	329
334	333
337	336
337	340
337	342
337	344
337	350
337	1909
340	345
352	351
352	353
352	354
352	355
352	356
352	357
352	358
352	359
352	360
352	361
352	362
352	363
352	364
352	366
352	2773
352	2774
352	2777
352	2781
352	3314
369	369
371	371
373	373
375	375
376	375
376	1033
376	2031
376	2513
376	2597
376	2599
376	4314
376	4336
376	4403
376	4405
376	4610
376	4612
376	4656
376	4722
377	375
377	391
377	390
377	395
377	453
377	454
377	455
377	456
377	457
377	461
377	463
377	464
377	466
377	468
377	469
377	470
377	472
377	584
377	816
377	819
377	821
377	837
377	838
377	2186
377	2272
377	2373
377	2374
377	3471
377	3477
377	3481
377	3484
377	3500
377	3507
377	3517
377	3518
377	3519
377	3566
377	4096
377	4406
377	4429
377	4530
377	4537
377	4538
377	4606
377	4664
377	4722
379	378
379	380
381	380
381	395
381	398
381	586
381	729
381	1197
381	2729
381	3422
381	4313
383	382
383	385
383	3905
385	384
385	393
385	398
386	384
386	393
386	398
387	384
387	434
387	435
387	2679
387	2688
387	4616
387	4815
388	384
388	2612
388	2614
389	384
389	393
389	398
391	390
390	3477
392	391
392	395
392	446
392	451
392	460
392	462
392	468
392	471
392	604
392	1306
392	1309
392	1301
392	1524
392	1637
392	1643
392	1327
392	4378
392	4388
392	4588
392	2164
392	4728
393	390
393	396
394	393
394	398
396	395
397	395
397	4714
399	398
399	664
399	1831
399	2301
399	3625
399	4414
398	3501
400	398
401	398
401	3502
403	402
403	404
403	405
406	405
407	407
408	409
408	2470
408	4634
411	410
411	425
411	440
411	1388
411	1386
411	1406
411	2500
411	2502
411	2592
411	3430
410	425
410	440
412	411
412	1639
412	2014
412	2024
412	2025
412	2027
412	2026
412	2023
412	2679
412	2688
414	413
414	421
414	425
414	437
414	477
414	569
414	869
414	953
414	972
414	1562
414	1563
414	1564
414	1565
414	1566
414	1567
414	1568
414	1685
414	1689
414	2160
414	2408
414	2410
414	2475
414	2482
414	2507
414	2698
414	3933
414	3934
414	3938
414	3943
414	3946
414	3951
414	4134
414	4137
414	4280
416	415
416	421
417	416
417	415
417	430
417	431
417	437
417	473
417	1562
417	1563
417	1564
417	1565
417	1566
417	1567
417	1568
417	1685
417	2160
417	2408
417	2466
417	2756
417	2765
417	3934
417	3938
417	3946
417	4134
418	416
418	422
418	430
418	431
420	419
420	421
423	422
425	424
425	425
425	485
425	494
425	499
425	2497
425	2531
425	2537
425	2539
425	2594
425	2687
425	2723
425	2727
425	2729
425	2742
425	2840
425	2860
425	2877
425	3086
425	3121
425	3122
425	4003
425	4033
425	4116
425	4119
425	4122
425	4154
425	4159
425	4161
425	4170
426	424
428	427
428	436
428	1324
428	1337
428	1569
428	2466
428	2515
428	2689
428	2705
428	2756
428	2765
428	3442
428	4768
427	430
427	431
429	427
429	436
429	560
429	754
429	809
429	1166
429	2261
429	2276
429	2309
429	2312
429	2322
429	2641
429	4428
429	4553
429	4616
429	4658
433	432
433	4735
437	492
437	2698
438	2965
438	3110
440	439
442	441
443	441
443	1612
443	2698
443	2893
443	3592
445	444
445	3086
445	4914
447	446
447	448
447	450
447	1043
447	1772
447	1775
447	1791
447	1792
447	1813
447	1853
447	1854
447	1878
447	1879
447	1903
447	1904
447	1905
447	1908
447	4027
447	4729
447	4907
447	4909
449	448
449	1032
449	2175
449	2597
449	2902
449	3386
449	4246
449	4395
449	4405
449	4602
449	4612
452	451
452	1327
452	4346
452	4349
452	4684
462	461
462	770
462	2575
462	2689
462	3428
462	4498
462	4691
468	486
468	820
468	1635
468	1644
468	2447
468	2515
468	4104
468	4536
474	473
473	477
473	479
476	475
476	485
476	491
476	496
476	497
476	3929
475	479
478	477
478	479
477	479
480	479
480	480
480	481
482	481
482	938
482	1549
482	1686
482	2406
482	3447
482	3936
482	3939
482	3947
482	4135
482	4716
484	483
484	1688
484	2409
484	3937
484	3945
484	3953
484	4142
486	491
487	486
487	487
487	492
487	2447
487	2515
487	2698
488	487
489	487
490	486
490	492
490	2447
490	2573
490	2696
490	2698
492	2515
493	492
495	494
498	497
498	500
498	503
498	504
498	509
501	500
501	883
503	502
503	506
503	507
503	511
505	510
506	506
508	507
508	999
508	1005
508	3616
508	4421
508	4653
514	513
514	515
514	518
514	528
514	529
516	515
516	2143
517	515
517	2143
519	518
519	521
519	529
519	850
519	2388
519	2400
519	2418
519	2567
519	2578
519	2579
519	3821
519	4377
519	4424
519	4637
522	521
523	521
523	2902
523	3326
523	4329
524	521
524	525
524	527
526	525
526	527
531	530
531	3334
533	532
535	534
535	537
535	538
535	539
535	540
535	542
535	543
535	544
535	545
535	551
536	535
536	546
541	540
541	542
541	4567
548	547
548	914
548	928
548	989
549	547
550	3342
550	3351
552	552
552	555
552	3558
553	552
554	552
555	3558
556	555
557	555
563	562
563	3738
563	4319
563	4559
564	565
565	565
565	566
568	572
571	570
571	4392
575	574
575	819
575	3440
575	3483
575	4261
575	4530
576	575
577	575
579	578
579	581
580	578
582	581
583	617
583	2593
583	4614
583	4834
585	584
587	586
587	729
587	1197
587	1202
587	1586
587	4442
587	4675
592	591
593	592
593	594
593	595
593	596
593	597
593	599
593	600
593	601
593	2469
593	2470
593	2497
593	2500
593	2502
593	3085
593	3430
593	4660
593	383
598	597
605	604
604	2570
606	604
608	607
609	608
609	612
611	610
611	613
616	615
616	4377
616	4637
618	619
622	621
622	664
622	864
622	3537
622	3544
622	3545
622	3568
622	3617
625	624
624	2702
627	626
627	1166
628	629
632	631
632	634
632	635
632	637
632	1221
632	2337
632	4281
633	632
633	631
633	634
633	635
633	1255
633	2506
633	3915
637	636
637	637
637	646
637	647
637	654
637	656
637	659
637	667
637	669
637	3898
636	650
636	651
636	652
636	653
636	655
636	657
636	658
636	660
636	661
636	662
636	663
638	637
638	878
638	888
638	934
639	638
640	639
640	4925
641	640
641	882
641	885
641	930
641	932
641	4922
641	4923
641	4924
641	4928
641	4929
641	4930
641	4934
641	4935
642	639
642	885
642	4919
642	4925
642	4926
642	4929
642	4931
643	637
643	911
644	643
644	866
644	867
644	868
644	869
644	871
644	878
644	891
644	901
644	902
644	907
644	910
644	912
644	913
644	915
644	919
644	923
644	925
644	927
645	637
645	858
645	1221
645	1772
645	1775
645	1957
645	1959
645	3069
645	4086
646	648
650	649
664	670
664	672
667	666
667	668
671	670
671	878
671	888
671	941
671	1013
671	4532
676	675
676	1794
676	1793
676	1796
676	2137
676	2162
676	2288
676	2341
676	2339
675	675
678	677
679	678
679	706
679	731
679	744
679	832
679	4361
681	680
681	685
681	689
681	690
681	693
681	824
680	687
683	682
685	684
689	688
689	691
689	692
695	694
695	696
695	718
695	725
695	772
695	777
695	846
695	4464
695	4466
695	4475
695	4486
695	4492
695	4498
695	4500
695	4682
694	735
694	835
696	698
696	702
698	835
699	698
699	4468
699	4539
701	700
701	743
701	837
701	4723
702	700
702	704
702	739
702	835
702	841
703	702
703	739
703	826
703	840
703	4341
705	704
705	827
705	838
708	707
708	710
708	712
708	713
708	714
708	845
708	4409
709	707
711	710
716	715
716	718
716	722
715	719
715	720
717	715
717	723
717	4482
721	720
721	4477
724	723
724	725
724	772
724	847
728	727
728	4337
728	4364
728	4848
729	728
733	732
734	732
736	735
736	836
735	739
738	737
738	741
739	742
741	740
741	828
741	831
740	821
742	743
742	820
742	821
742	841
748	747
748	750
748	4338
749	748
752	751
753	752
753	755
753	758
753	4407
757	756
758	757
758	827
760	759
762	761
762	1055
767	766
767	4442
769	768
769	4306
771	770
773	785
775	792
775	795
777	779
779	778
779	829
779	843
783	782
783	4334
784	783
784	4335
785	782
785	798
785	4332
785	4333
785	4346
785	4347
785	4357
785	4364
786	785
787	785
787	4308
787	4684
788	785
788	3161
788	4440
788	4671
788	4684
789	785
789	806
790	782
790	792
790	795
790	1121
790	1585
790	2028
790	3390
790	3389
790	3416
790	3923
790	4308
792	791
792	811
792	827
792	845
792	847
792	1992
793	792
793	795
793	796
793	812
793	813
795	794
798	797
798	4332
798	4333
798	4346
798	4347
798	4357
799	798
800	798
800	4679
801	798
801	4679
802	798
802	847
802	3069
802	3350
802	3558
802	4684
803	798
803	807
803	809
805	804
808	807
808	1021
808	1110
808	1109
808	1131
808	1178
808	2424
808	2425
808	2706
808	3326
808	3971
808	4429
808	4664
808	4684
814	813
816	815
816	4518
825	827
828	827
828	839
828	841
829	827
830	827
831	827
834	833
834	839
834	840
836	835
836	841
840	839
851	850
851	854
851	855
850	1777
853	852
852	1717
852	2161
857	853
858	1888
861	860
861	882
861	990
861	991
860	870
860	909
862	860
865	864
866	893
866	894
866	896
866	916
866	917
866	926
866	935
866	937
873	872
873	873
873	876
872	908
874	872
874	890
874	903
874	908
875	874
875	875
876	890
876	903
877	876
878	877
878	878
879	878
880	878
880	882
880	931
880	941
881	878
881	931
881	991
882	878
882	941
883	878
883	914
883	928
883	931
883	989
884	878
884	941
884	964
884	988
885	878
885	941
886	878
886	888
886	990
887	878
888	878
889	888
890	877
893	892
896	895
896	936
898	897
900	899
905	904
906	904
906	946
906	1989
906	3620
921	920
922	920
930	929
932	931
933	931
933	1537
933	2652
933	4891
933	4892
933	4893
933	4894
933	4895
933	4896
933	4897
933	4898
933	4899
933	4900
933	4901
933	4902
933	4904
933	4905
938	939
938	940
943	942
944	943
945	943
946	943
947	946
947	947
948	943
949	943
951	978
953	975
954	953
954	976
956	955
956	956
956	957
956	958
956	960
956	961
956	962
956	978
957	959
964	963
965	964
966	964
967	963
967	970
967	1945
967	1951
967	2171
970	969
970	970
970	978
970	980
970	981
970	982
970	983
970	984
970	985
970	986
970	987
970	988
969	969
969	978
973	972
973	975
973	976
973	977
972	975
974	975
975	978
976	975
977	975
978	3736
989	989
994	993
998	997
998	3570
998	4420
998	4652
1000	999
1000	3618
1000	3627
1001	999
1002	999
1002	1005
1002	2690
1002	3621
1003	999
1003	1005
1009	1008
1015	1014
1016	1015
1016	1023
1017	1016
1018	1017
1018	1027
1019	1018
1019	1032
1019	1036
1019	1147
1020	1019
1020	1080
1020	1087
1021	1020
1021	1180
1021	1184
1022	1021
1022	1081
1022	1083
1025	1024
1026	1025
1026	1028
1027	1026
1030	1029
1031	1030
1031	1157
1032	1031
1032	1034
1034	1033
1036	1035
1040	1039
1040	1052
1043	1042
1043	1044
1046	1045
1046	1103
1046	1931
1046	1974
1046	1983
1046	2572
1046	2899
1046	4211
1046	4309
1046	4312
1046	4438
1046	4670
1048	1047
1048	1049
1048	1050
1048	1051
1051	1051
1053	1052
1053	1132
1055	1055
1055	1087
1056	1055
1056	2288
1058	1057
1060	1059
1059	1061
1059	1062
1064	1063
1064	1065
1064	1066
1064	1097
1064	1110
1064	1133
1072	1071
1072	1073
1073	1073
1074	1073
1074	1099
1074	1102
1075	1073
1075	1099
1075	1192
1076	1073
1078	1077
1077	1119
1079	1078
1079	1086
1079	1120
1080	1079
1080	1082
1080	1085
1080	1117
1080	1123
1080	1124
1089	1116
1091	1090
1091	1092
1091	1100
1091	1101
1091	2055
1091	2066
1091	2071
1094	1093
1094	1096
1094	1097
1094	2020
1098	1097
1098	1100
1105	1104
1105	1113
1105	1114
1106	1104
1108	1107
1109	1107
1109	1148
1110	1109
1110	1148
1111	1110
1112	1110
1115	1114
1115	1132
1118	1117
1121	1120
1121	1194
1121	4569
1122	1121
1128	1128
1129	1128
1129	1135
1130	1133
1134	1133
1133	1148
1135	1133
1136	1190
1139	1138
1144	1143
1144	1145
1144	1146
1147	1146
1149	1148
1149	1176
1150	1148
1151	1150
1163	1162
1165	1164
1177	1176
1180	1179
1180	1181
1180	1182
1180	1183
1186	1185
1187	1185
1187	1191
1187	2756
1187	2765
1187	4439
1189	1188
1189	1190
1189	1192
1193	1192
1195	1194
1195	1196
1195	4446
1195	4488
1195	4661
1195	4682
1195	4860
1195	4864
1196	1195
1197	1195
1200	1199
1202	1201
1202	1654
1202	1943
1202	2002
1202	2003
1202	3125
1202	4443
1202	4712
1202	4812
1204	1203
1204	1242
1204	1659
1204	2331
1204	2925
1204	3338
1204	3911
1204	3912
1204	3913
1204	3914
1204	4251
1203	1210
1203	1212
1203	1217
1205	1204
1205	1253
1206	1204
1206	1222
1206	1242
1206	1262
1206	1825
1206	2334
1206	2342
1206	2348
1206	2377
1206	3172
1206	3401
1207	1204
1207	1253
1207	1257
1207	1827
1208	1207
1208	1826
1208	2166
1208	4247
1209	1204
1209	1215
1209	1658
1212	1211
1212	1213
1212	1214
1212	1220
1211	4258
1214	4264
1217	1216
1217	1218
1216	1776
1219	1218
1219	2930
1219	4426
1220	4288
1222	2378
1224	1223
1224	2167
1223	1258
1225	1226
1225	1227
1225	1228
1225	1229
1230	1231
1230	1233
1230	1234
1230	1235
1231	1232
1231	1225
1236	1237
1236	1238
1236	1239
1236	1230
1239	1240
1239	1241
1244	1243
1245	1244
1245	1246
1245	1248
1246	1244
1246	1246
1250	1249
1249	1249
1251	1249
1251	3133
1251	3134
1251	4727
1253	1252
1253	2324
1253	3173
1253	3910
1253	3924
1253	4759
1252	3908
1256	1255
1257	2924
1260	1259
1260	2380
1260	2932
1260	3340
1260	3923
1260	4654
1261	1260
1261	2380
1261	2931
1261	3914
1261	4427
1264	1263
1264	3161
1268	1267
1268	2210
1273	1272
1273	1283
1275	1274
1275	1278
1275	1279
1275	1281
1276	1277
1276	1280
1283	2280
1283	2904
1285	1655
1285	1682
1285	2287
1285	2304
1285	2360
1285	2373
1285	2374
1285	2600
1285	2621
1285	3135
1285	3254
1285	3270
1285	3506
1287	1286
1287	1289
1287	1293
1287	1296
1287	1297
1287	1298
1287	1342
1287	1343
1287	1344
1287	1345
1287	1346
1288	1287
1288	1291
1288	1354
1288	1355
1291	1290
1291	1292
1291	1294
1291	1295
1300	1299
1300	1310
1300	1318
1300	1320
1300	1321
1301	1300
1301	1303
1303	1302
1303	1315
1303	1316
1303	1317
1303	1319
1303	1322
1305	1304
1306	1305
1306	1312
1308	1307
1309	1308
1309	1314
1312	1311
1314	1313
1323	1306
1323	1309
1323	1335
1323	1301
1323	1341
1324	1306
1324	1337
1324	1325
1325	1306
1325	1301
1325	1349
1325	1353
1326	1306
1326	1309
1326	1301
1326	1453
1326	1526
1326	1527
1327	1306
1327	1301
1328	1306
1328	1301
1328	2516
1329	1306
1329	1301
1329	3069
1329	3160
1330	1306
1330	1301
1331	1309
1331	2413
1331	2416
1331	2435
1331	2447
1331	2468
1331	2584
1331	2585
1331	2597
1331	2763
1332	1309
1333	1309
1334	1309
1335	1338
1335	1339
1335	1340
1336	1335
1337	1301
1337	1347
1350	1325
1351	1350
1351	2457
1352	1325
1352	1609
1352	2515
1355	1356
1355	1357
1355	1358
1360	1359
1360	1362
1360	1363
1360	1366
1360	1367
1360	1368
1361	1360
1361	1365
1361	1415
1361	1371
1365	1364
1370	1369
1370	1372
1370	1375
1370	1376
1370	1378
1371	1370
1371	1374
1371	1414
1371	1416
1371	1417
1371	1418
1371	1419
1374	1373
1374	1377
1380	1379
1380	1395
1381	1380
1381	1383
1381	1408
1381	1409
1383	1382
1383	1393
1383	1394
1383	1396
1385	1384
1386	1385
1386	1392
1386	1404
1386	1405
1388	1387
1389	1388
1389	1399
1389	1386
1389	1406
1389	1407
1389	1381
1389	1410
1390	1388
1390	1386
1390	1406
1390	2482
1390	2483
1390	2500
1390	2502
1390	2592
1390	2729
1390	3430
1392	1391
1398	1397
1399	1398
1399	1401
1399	1402
1399	1403
1401	1400
1407	1412
1407	1413
1411	1410
1421	1420
1421	1422
1421	1423
1420	1425
1420	1430
1420	1431
1422	1424
1422	1429
1423	1426
1423	1427
1423	1428
1423	1432
1434	1433
1434	1435
1434	1436
1433	1438
1433	1443
1433	1444
1435	1439
1435	1440
1435	1441
1435	1445
1436	1437
1436	1442
1450	1449
1450	1467
1450	1504
1450	1506
1450	1508
1450	1511
1450	1512
1450	1515
1452	1451
1452	1459
1452	1460
1452	1461
1452	1462
1453	1452
1453	1455
1453	1468
1453	1469
1455	1454
1455	1463
1455	1464
1455	1465
1457	1456
1457	1458
1466	1453
1466	1470
1466	1479
1466	1491
1466	1492
1466	1497
1466	1498
1466	1500
1466	1502
1466	1503
1466	1505
1466	1507
1466	1510
1466	1513
1466	1514
1470	1471
1470	1472
1470	1474
1470	1476
1474	1473
1474	1477
1476	1475
1476	1478
1479	1480
1479	1481
1479	1483
1479	1488
1483	1482
1483	1484
1483	1485
1483	1486
1488	1487
1488	1489
1488	1490
1491	1493
1491	1495
1492	1494
1492	1496
1500	1499
1500	1501
1517	1516
1518	1516
1519	1516
1521	1520
1523	1522
1525	1524
1525	1526
1525	1527
1525	1528
1524	1533
1524	1534
1524	1539
1528	1527
1529	1528
1529	1535
1529	1540
1529	2688
1529	2691
1530	1529
1530	2662
1531	1529
1531	1535
1531	1540
1531	2634
1531	2637
1531	2641
1531	2646
1531	2651
1531	2650
1531	2654
1531	2662
1531	2673
1531	2678
1532	1529
1532	1535
1532	1540
1532	2629
1532	2634
1532	2637
1532	2641
1532	2646
1532	2651
1532	2650
1532	2654
1532	2661
1532	2662
1532	2669
1532	2673
1532	2678
1535	1534
1535	2688
1536	1535
1536	1540
1536	2629
1536	2634
1536	2637
1536	2641
1536	2646
1536	2650
1536	2651
1536	2654
1536	2661
1536	2669
1536	2673
1536	2678
1537	1535
1538	1537
1538	2652
1538	4891
1538	4892
1538	4893
1538	4894
1538	4895
1538	4896
1538	4897
1538	4898
1538	4899
1538	4900
1538	4901
1538	4904
1538	4905
1540	1539
1540	2688
1543	1542
1543	2062
1543	2137
1543	2485
1543	2578
1542	1549
1542	1572
1544	1543
1545	1542
1545	2258
1545	2286
1545	2289
1545	2285
1545	2309
1545	2317
1545	2374
1546	1562
1546	1564
1546	1565
1546	1566
1546	1567
1546	1568
1547	1546
1547	1549
1547	1563
1548	1547
1548	1562
1548	1563
1548	1564
1548	1565
1548	1566
1548	1567
1548	1568
1549	1547
1551	1557
1553	1552
1553	1553
1553	1554
1555	1558
1555	1579
1557	1556
1558	1557
1560	1559
1562	1561
1564	1563
1571	1570
1574	1573
1574	1575
1575	1576
1575	1577
1575	1578
1581	1580
1583	1582
1586	1585
1586	1593
1586	1604
1586	1609
1585	1589
1585	1647
1585	1648
1585	1649
1587	1586
1587	2931
1587	2932
1588	1586
1588	1609
1588	1632
1590	1589
1590	1593
1590	1604
1590	1649
1592	1591
1592	1650
1593	1592
1593	1606
1595	1594
1595	1615
1595	1651
1596	1595
1598	1597
1598	1631
1599	1598
1599	1600
1601	1600
1601	1609
1601	1632
1601	3102
1602	1600
1602	1603
1602	1617
1604	1606
1604	1607
1604	1614
1605	1604
1605	1607
1605	1614
1605	2031
1605	2706
1605	2756
1605	2765
1605	3437
1605	3442
1605	4016
1605	4808
1608	1607
1608	1647
1609	1608
1609	1614
1609	1632
1609	1648
1610	1609
1610	3102
1611	1608
1611	3018
1612	1608
1612	1646
1613	1608
1613	1646
1617	1616
1617	1619
1617	1620
1617	1621
1617	1628
1617	1629
1619	1618
1619	1622
1619	1623
1619	1624
1619	1625
1619	1626
1619	1627
1631	1630
1631	1633
1631	1635
1630	1636
1632	1631
1632	1636
1632	1638
1633	1640
1633	1642
1634	1633
1634	1642
1634	4104
1634	4105
1635	1644
1635	1645
1638	1637
1638	1643
1637	1640
1637	1645
1639	1638
1639	2014
1639	3090
1639	3442
1639	3558
1641	1640
1641	4104
1643	1642
1643	1644
1656	1655
1656	1667
1656	1669
1656	1676
1659	1660
1659	3905
1662	1661
1662	1665
1662	1666
1661	1665
1661	1666
1663	1661
1663	1678
1663	1679
1663	1681
1664	1663
1664	1667
1664	1684
1668	1667
1668	1669
1668	1668
1668	1677
1670	1668
1670	1680
1670	1683
1670	4720
1670	4726
1670	4728
1670	4730
1671	1670
1671	1859
1671	1867
1671	1876
1671	1887
1671	2170
1671	2373
1671	2374
1671	2158
1671	4728
1671	4937
1672	1671
1672	2304
1672	307
1673	1668
1674	1668
1676	1675
1682	1681
1683	1682
1683	2168
1683	2169
1683	2176
1683	2181
1683	2189
1683	2164
1683	4727
1685	1689
1685	1691
1687	1686
1687	1687
1687	1691
1690	1689
1690	1691
1689	1691
1692	1691
1693	1692
1694	1692
1695	1692
1695	1696
1695	1697
1695	1698
1695	1702
1701	1700
1703	1711
1704	1705
1705	1706
1705	1707
1705	1708
1705	1709
1709	1710
1713	1712
1713	1780
1712	1794
1712	1796
1714	1712
1714	2296
1714	2298
1714	2290
1714	2319
1714	2321
1714	2327
1714	2330
1714	2347
1716	1715
1716	1723
1716	1728
1716	1743
1716	1751
1716	1767
1717	1716
1717	2152
1717	2173
1717	2174
1717	2178
1718	1716
1718	1720
1718	1724
1718	1729
1718	1744
1718	1752
1718	1768
1719	1716
1719	1715
1719	1723
1719	1722
1719	1721
1719	1728
1719	1727
1719	1734
1719	1733
1719	1737
1719	1739
1719	1741
1719	1743
1719	1745
1719	1747
1719	1749
1719	1751
1719	1753
1719	1756
1719	1755
1719	1759
1719	1761
1719	1763
1719	1765
1719	1767
1719	1797
1719	1799
1719	1801
1719	1803
1719	2161
1719	2178
1720	1715
1722	1721
1722	1734
1722	1737
1722	1749
1722	1761
1722	1765
1722	1797
1723	1722
1723	1731
1723	1739
1723	1745
1724	1723
1724	1725
1724	1732
1724	1746
1725	1722
1725	1726
1725	1735
1725	1738
1725	1750
1725	1762
1725	1766
1725	1798
1726	1721
1728	1727
1728	1741
1728	1747
1728	1756
1729	1728
1729	1730
1729	1742
1729	1748
1729	1757
1730	1727
1731	1753
1731	1803
1732	1731
1732	1740
1732	1754
1732	1804
1734	1733
1734	1759
1734	1763
1735	1734
1735	1736
1735	1760
1735	1764
1736	1733
1738	1737
1740	1739
1742	1741
1744	1743
1746	1745
1748	1747
1750	1749
1752	1751
1754	1753
1756	1755
1756	1799
1756	1801
1757	1756
1757	1758
1757	1800
1757	1802
1758	1755
1760	1759
1762	1761
1764	1763
1766	1765
1768	1767
1770	1769
1769	1776
1771	1770
1771	2148
1771	2149
1771	2150
1771	2166
1774	1773
1777	1776
1777	1778
1777	2159
1777	2166
1777	2188
1777	4760
1778	1777
1779	1776
1780	1776
1780	1780
1781	1780
1781	1789
1781	2162
1782	1780
1782	2331
1782	2334
1782	2343
1782	2348
1782	2354
1782	2356
1782	2377
1782	2383
1783	1780
1783	1783
1784	1783
1784	1808
1785	1783
1785	1785
1785	2387
1785	2576
1785	3094
1786	1785
1786	1786
1786	2391
1787	1783
1788	1780
1788	2167
1789	1788
1790	1780
1790	2329
1790	2334
1790	2342
1790	2345
1790	2348
1790	2351
1790	2353
1790	2355
1790	2363
1790	2366
1790	2376
1790	4939
1794	1793
1794	1795
1798	1797
1800	1799
1802	1801
1804	1803
1806	1805
1806	1807
1806	1814
1809	1809
1812	1811
1812	2799
1812	2816
1812	2841
1815	1815
1817	1816
1819	1818
1819	1823
1819	1839
1819	1855
1819	1883
1820	1819
1820	1821
1820	1822
1820	1840
1820	1877
1820	1884
1821	1818
1822	1818
1822	1823
1822	1856
1824	1823
1824	1850
1824	1860
1829	1828
1829	1900
1829	1902
1830	1824
1832	1831
1832	1973
1834	1833
1835	1833
1837	1836
1837	1846
1837	1880
1838	1837
1838	1860
1838	1862
1838	1871
1839	1838
1839	1850
1840	1839
1840	1841
1840	1851
1841	1838
1841	1842
1841	1861
1841	1863
1841	1872
1842	1837
1842	1844
1842	1847
1842	1881
1843	1842
1843	1845
1843	1848
1843	1882
1843	2152
1844	1836
1845	1844
1845	2151
1847	1846
1848	1847
1848	2155
1851	1850
1852	1851
1852	2161
1856	1855
1856	1857
1858	1857
1858	1865
1858	1868
1858	1869
1858	1870
1858	1874
1858	1885
1858	2506
1858	2707
1858	3561
1859	1857
1859	2157
1859	2168
1859	2186
1861	1860
1863	1862
1864	1863
1864	2174
1867	1866
1867	2176
1872	1871
1873	1872
1873	1871
1873	1906
1873	2177
1873	2178
1876	1875
1876	2181
1878	1877
1878	2183
1881	1880
1882	1881
1882	2184
1882	2186
1884	1883
1887	1886
1887	2163
1887	2165
1887	2189
1890	1889
1891	1890
1891	3238
1892	1891
1892	2793
1892	3228
1892	3229
1892	3230
1893	1892
1893	2017
1893	2516
1893	3259
1893	3552
1893	4075
1893	4084
1895	1894
1895	3657
1895	3658
1895	3660
1895	3675
1895	3697
1895	3705
1895	3710
1895	3718
1895	3720
1896	1895
1896	3632
1896	3636
1896	3637
1896	3638
1896	3639
1897	1896
1897	3570
1897	3628
1897	3629
1897	3642
1898	1897
1898	2017
1898	2817
1898	2894
1898	2914
1898	2919
1898	3218
1898	3632
1898	3638
1898	3642
1898	3658
1898	3661
1898	3894
1898	3897
1898	4188
1898	4189
1898	4193
1899	1896
1900	1900
1901	1900
1907	1906
1907	2137
1907	2525
1907	4096
1907	4718
1910	1909
1910	1911
1917	1916
1917	1925
1917	1926
1917	1927
1918	1917
1918	1920
1918	1923
1920	1919
1920	1924
1922	1921
1923	1922
1933	1932
1935	1934
1935	1993
1935	2010
1937	1936
1938	1936
1938	1995
1939	1936
1939	1945
1939	1946
1939	1948
1939	1949
1939	1950
1939	1990
1939	1995
1941	1940
1942	1940
1944	1943
1947	1946
1947	1949
1947	1950
1973	1972
1977	1976
1980	1979
1981	1979
1985	1984
1986	1985
1987	1984
1987	1988
1992	1991
1997	1996
1999	1998
1999	4678
1999	4694
1999	4695
2009	2008
2009	3418
2009	4303
2012	2011
2012	3411
2013	2012
2013	2521
2013	3558
2013	3566
2015	2014
2015	3567
2016	2014
2022	2021
2023	2022
2023	2028
2023	2030
2023	2033
2024	2023
2025	2023
2026	2023
2027	2026
2029	2028
2032	2031
2032	3437
2032	3442
2035	2034
2035	2037
2035	2036
2035	2060
2035	2062
2035	2063
2035	2074
2035	2077
2035	2078
2035	2081
2035	2127
2035	2131
2035	2132
2034	2036
2034	2077
2034	2078
2037	2036
2037	2056
2038	2037
2038	2060
2038	2062
2038	2081
2039	2038
2039	2045
2039	2049
2039	2080
2039	2099
2039	2117
2040	2039
2040	2044
2040	2081
2041	2036
2042	2036
2044	2043
2044	2048
2044	2053
2044	2074
2045	2043
2045	2053
2047	2046
2047	2062
2047	2134
2049	2048
2049	2074
2050	2049
2051	2126
2051	2465
2052	2051
2058	2057
2057	2062
2059	2057
2059	2071
2060	2081
2062	2061
2062	2071
2063	2062
2064	2062
2064	2081
2064	2082
2064	2118
2064	2119
2065	2062
2065	2066
2065	2126
2065	2128
2065	2129
2065	2130
2065	2131
2065	2465
2065	4938
2066	2062
2067	2066
2067	4938
2068	2066
2068	2126
2068	2465
2068	4938
2069	2061
2070	2061
2071	2124
2072	2071
2072	4112
2074	2073
2074	2117
2076	2075
2080	2079
2080	2099
2080	2114
2079	2116
2079	2119
2081	2080
2081	2084
2081	2103
2081	2115
2081	2117
2082	2080
2082	2117
2083	2079
2083	2131
2083	4112
2084	2102
2084	2104
2085	2086
2085	2092
2085	2093
2086	2087
2086	2088
2086	2089
2086	2090
2086	2091
2094	2086
2094	2095
2094	2096
2094	2097
2094	2093
2098	2086
2099	2101
2100	2099
2100	2118
2105	2106
2106	2107
2107	2108
2107	2109
2107	2110
2107	2111
2112	2106
2114	2113
2118	2117
2121	2120
2121	2124
2120	2131
2120	2466
2123	2122
2124	2123
2126	2127
2133	2132
2137	2136
2137	2142
2138	2137
2139	2137
2140	2137
2141	2137
2144	2143
2146	2145
2147	2145
2147	3099
2147	4098
2152	2151
2152	2155
2152	2184
2153	2152
2154	2152
2154	2156
2154	2184
2154	2185
2158	2157
2158	2177
2158	2186
2158	2373
2158	2374
2158	4722
2158	4723
2160	2171
2164	2163
2164	2165
2170	2169
2183	2182
2187	2188
2201	2200
2201	2209
2201	2210
2203	2202
2205	2204
2205	2206
2252	2257
2259	2258
2259	2262
2259	2263
2259	2300
2259	2316
2259	2318
2258	2270
2261	2322
2264	2263
2264	2270
2264	2286
2264	2318
2263	2339
2265	2263
2265	2288
2265	2304
2265	2339
2265	2347
2266	2265
2266	2271
2267	2265
2267	2271
2267	2331
2267	2334
2267	2342
2267	2360
2268	2263
2268	2270
2268	2276
2268	2295
2268	2309
2268	2316
2268	2318
2268	2320
2268	2360
2269	2268
2269	2279
2269	2281
2271	2270
2271	2298
2271	2319
2271	2318
2271	2330
2273	2272
2273	2278
2273	2287
2274	2273
2274	2274
2274	2275
2274	2286
2275	2273
2275	2286
2275	2294
2276	2275
2276	2276
2276	2301
2278	2277
2278	2328
2277	2304
2279	2278
2280	2278
2280	2277
2280	2310
2281	2278
2281	2287
2281	2286
2281	2285
2281	2294
2281	2305
2282	2277
2282	2285
2283	2277
2283	2284
2284	2277
2284	2285
2284	2286
2284	2304
2285	2277
2286	2285
2286	2300
2286	2304
2287	2286
2288	2286
2288	2339
2288	2347
2289	2288
2289	2346
2289	2348
2290	2289
2291	2289
2291	2296
2291	2298
2291	2319
2291	2340
2291	2346
2291	2374
2292	2288
2293	2285
2297	2297
2299	2298
2299	2319
2299	2330
2303	2302
2303	2382
2307	2306
2307	2308
2307	2311
2307	2367
2313	2312
2313	2322
2314	2313
2314	2315
2315	2312
2315	2322
2315	2323
2317	2319
2318	2317
2318	2323
2319	2318
2322	2322
2327	2339
2327	2347
2331	2330
2331	2347
2331	2375
2330	2339
2330	2368
2332	2331
2332	2330
2332	2347
2333	2332
2333	2339
2333	2340
2333	2341
2333	2347
2333	2375
2333	2377
2333	2381
2336	2336
2336	2349
2336	2350
2339	2352
2339	2365
2340	2339
2340	2375
2341	2340
2341	2377
2343	2342
2342	2346
2342	2352
2342	2364
2344	2346
2345	2345
2346	2354
2346	2356
2346	2362
2346	2367
2359	2358
2361	2360
2370	2369
2370	2371
2370	2372
2372	2373
2372	2374
2378	2379
2383	2383
2385	2384
2387	2387
2388	2387
2389	2387
2389	2389
2389	2756
2389	2765
2390	2389
2390	2391
2390	2546
2393	2392
2393	4740
2393	4741
2393	4742
2393	4743
2394	2392
2394	2547
2394	2549
2394	2551
2394	2553
2394	2554
2395	2725
2395	2726
2399	2398
2399	2400
2399	2401
2399	2402
2399	2405
2399	2556
2401	2465
2404	2403
2407	2406
2407	2407
2407	2412
2408	2410
2408	2412
2411	2410
2411	2412
2410	2412
2413	2412
2414	2413
2414	3930
2414	4140
2415	2414
2418	2417
2419	2418
2419	2423
2419	2424
2419	2425
2419	2436
2419	2440
2420	2418
2421	2418
2421	3631
2422	2417
2426	2428
2426	2434
2427	2426
2427	2433
2427	2454
2427	1327
2427	2482
2427	2485
2427	2496
2427	2501
2427	2571
2427	2584
2427	2586
2427	2587
2427	2590
2427	2598
2427	2607
2427	2683
2427	2682
2427	2688
2427	2690
2427	2727
2427	2729
2427	2742
2427	3430
2427	4271
2427	4273
2429	2430
2431	2432
2437	2436
2437	2440
2437	2441
2437	2443
2437	2486
2437	2494
2439	2438
2439	2442
2439	2495
2443	2521
2443	2525
2443	2568
2443	2756
2443	4112
2443	4148
2444	2437
2444	2583
2445	2437
2445	2583
2447	2446
2447	3429
2446	2450
2446	2452
2446	2454
2448	2446
2450	2449
2450	2451
2454	2453
2454	2455
2457	2456
2457	2459
2457	2460
2458	1327
2471	2470
2474	2473
2476	2475
2476	2484
2476	2487
2475	2478
2475	2479
2477	2475
2477	2481
2477	2721
2477	2722
2479	2480
2481	2484
2483	2484
2484	2485
2485	2487
2485	2742
2486	2485
2486	2486
2486	2496
2486	2500
2486	2502
2486	2531
2486	2539
2486	2715
2486	2742
2489	2488
2488	2490
2488	2491
2488	2492
2488	2493
2497	3992
2498	2497
2498	4003
2498	4098
2498	4108
2498	4116
2498	4119
2498	4154
2498	4159
2498	4170
2499	2498
2499	4263
2499	4274
2501	2500
2501	2502
2504	2503
2504	2505
2504	4815
2503	2505
2506	2506
2508	2507
2508	2509
2510	2509
2510	4283
2511	2509
2513	2512
2513	2514
2516	2515
2516	2814
2516	3455
2516	3458
2516	3461
2516	4089
2516	4109
2517	2516
2517	2813
2517	2812
2517	3453
2517	3455
2517	3458
2517	3466
2517	3471
2517	3473
2517	3489
2517	3499
2517	3501
2517	3503
2517	3507
2517	3517
2517	3518
2517	3553
2517	3558
2522	2521
2527	2526
2527	2529
2527	2530
2527	2543
2528	2526
2528	2529
2528	2530
2528	2542
2532	2531
2532	2539
2532	4098
2532	4099
2534	2533
2534	2536
2534	2540
2534	2545
2535	2533
2535	2536
2535	2540
2535	2544
2538	2537
2538	2539
2548	2547
2551	2550
2551	2552
2555	2554
2555	4743
2558	2557
2558	2561
2558	2563
2558	2564
2558	2565
2568	2567
2569	2568
2569	2584
2569	2756
2569	2765
2571	2570
2571	2586
2571	2588
2573	2574
2575	2574
2575	2682
2590	2589
2592	2591
2596	2595
2596	2692
2596	2718
2596	2719
2596	2746
2601	2600
2601	2607
2603	2610
2603	2611
2603	2612
2603	2614
2604	2430
2605	2606
2607	2682
2609	2608
2609	4328
2609	4329
2609	4332
2609	4333
2616	2617
2618	2617
2623	2622
2623	2626
2623	2630
2623	2632
2623	2639
2623	2642
2623	2644
2623	2648
2623	2656
2623	2658
2623	2663
2623	2665
2623	2674
2623	2676
2625	2624
2625	2631
2625	2635
2625	2638
2625	2643
2625	2647
2625	2657
2625	2664
2625	2667
2625	2671
2625	2675
2628	2627
2628	2633
2628	2636
2628	2640
2628	2645
2628	2649
2628	2653
2628	2655
2628	2659
2628	2660
2628	2666
2628	2668
2628	2672
2628	2677
2629	2691
2637	2679
2637	2689
2651	2650
2652	2650
2662	2682
2662	2688
2669	2691
2670	2669
2680	2679
2680	2682
2680	2688
2680	2689
2683	2682
2684	2683
2684	2687
2686	2685
2686	2750
2686	2751
2693	2692
2693	4396
2696	2695
2699	2698
2699	2700
2703	2702
2703	2704
2703	2710
2703	2711
2703	2712
2707	2706
2708	2706
2708	2713
2708	2703
2709	2706
2716	2715
2718	2717
2718	2721
2718	2730
2720	2719
2720	2767
2729	2728
2729	2736
2730	2731
2730	2732
2730	2733
2737	2738
2737	2739
2737	2740
2742	2743
2742	2745
2743	2744
2754	2753
2757	2756
2757	2765
2758	2756
2758	2765
2775	2780
2776	2775
2783	2782
2783	2802
2783	2824
2784	2782
2784	2792
2784	2802
2784	2803
2784	2806
2784	2809
2784	2811
2784	2824
2784	2911
2785	2784
2786	2785
2786	2911
2786	2925
2786	2954
2786	3004
2786	3069
2786	3117
2786	4823
2787	2782
2787	2788
2787	2789
2791	2790
2791	2984
2791	2987
2791	3066
2790	2790
2793	2792
2792	2811
2794	2792
2794	2831
2794	2869
2794	2871
2794	2977
2794	3043
2795	2794
2795	2827
2795	2828
2796	2792
2796	2977
2798	2797
2798	2815
2799	2797
2801	2800
2801	2960
2801	2982
2801	3068
2801	3117
2800	2802
2802	3072
2803	2802
2803	2953
2803	3002
2808	2807
2808	2820
2808	2821
2808	3121
2808	3122
2808	3190
2808	3226
2808	3284
2808	3285
2808	3294
2808	3296
2808	3297
2808	3310
2808	3311
2810	2809
2809	2950
2809	3000
2812	2811
2812	3487
2812	3492
2812	3506
2812	3520
2812	3521
2812	3522
2812	3523
2812	4076
2812	4085
2813	2812
2813	3464
2813	3466
2813	3470
2813	3476
2813	3477
2813	3488
2813	3489
2813	3498
2814	2813
2814	3115
2814	3453
2814	3471
2814	3473
2814	3481
2814	3484
2814	3486
2814	3496
2814	3503
2814	3504
2814	4606
2817	2985
2817	2986
2826	2825
2826	2834
2826	2835
2826	2836
2826	2843
2826	2848
2826	2852
2825	2853
2825	2902
2827	2826
2827	2831
2828	2826
2828	2835
2828	2836
2828	2843
2828	2852
2829	2825
2829	2882
2829	2884
2829	3117
2830	2829
2831	2830
2831	2869
2831	2871
2832	2829
2832	2882
2833	2832
2833	2870
2833	2873
2833	2884
2833	2901
2833	2905
2833	2906
2835	2846
2835	2847
2836	2844
2836	2845
2836	2849
2836	2851
2838	2837
2839	2838
2839	2840
2839	2842
2841	2870
2841	2883
2841	2884
2843	2850
2855	2854
2855	2857
2855	2858
2855	2859
2855	2862
2856	2855
2856	2954
2856	3004
2861	2860
2861	2877
2861	2878
2861	2879
2861	2880
2861	2886
2860	2863
2860	2864
2860	2865
2860	2866
2860	2867
2869	2868
2869	2874
2869	2881
2869	2882
2869	2883
2869	2884
2869	2885
2870	2868
2870	2875
2870	2876
2871	2870
2871	2889
2872	2870
2873	2868
2878	2890
2887	2886
2887	2888
2893	2977
2895	2894
2895	2919
2894	2984
2894	2985
2894	2986
2894	2987
2896	2895
2896	2921
2896	2922
2898	2897
2898	2931
2903	2902
2903	2906
2904	2902
2904	2904
2904	2908
2904	3218
2904	3272
2904	3421
2904	3451
2904	3463
2904	3481
2904	3487
2904	3629
2904	3628
2904	4188
2904	4189
2909	2908
2913	2912
2913	2915
2913	2919
2912	2914
2912	2916
2912	2917
2912	2918
2920	2919
2920	4154
2921	2919
2922	2919
2925	2926
2926	2925
2927	2926
2927	3326
2927	3391
2927	4334
2927	4617
2928	2927
2928	3382
2928	3392
2928	3393
2929	2928
2929	3394
2931	2930
2931	2938
2931	4823
2934	2933
2934	2950
2934	2951
2934	2953
2934	2976
2934	2978
2934	2980
2936	2935
2936	2940
2936	2941
2936	2942
2936	2943
2936	2945
2936	2946
2936	2947
2936	2949
2937	2936
2937	2989
2938	2937
2938	2954
2938	2956
2938	2957
2938	2982
2938	3004
2938	3069
2939	2937
2939	2954
2939	3004
2944	2943
2944	2961
2944	2992
2944	2993
2948	2947
2948	2961
2948	2996
2952	2951
2952	2954
2952	2998
2952	3004
2952	3041
2954	2967
2954	2968
2954	2969
2954	2970
2954	2971
2954	2972
2954	2973
2954	2974
2954	2975
2955	2954
2955	3004
2955	3070
2955	3116
2956	2954
2956	3004
2957	2956
2958	2954
2958	2978
2958	3004
2958	3077
2959	2954
2959	2979
2959	3004
2959	3043
2960	2959
2960	3004
2961	2954
2961	3004
2961	4823
2962	2961
2963	2962
2963	2966
2964	2961
2964	3099
2965	2961
2966	2961
2966	4836
2977	2976
2977	3075
2981	2980
2981	3030
2981	3065
2982	2981
2982	3018
2983	2982
2983	3069
2983	3116
2989	2988
2989	2990
2989	2991
2989	2992
2989	2993
2989	2994
2989	2995
2989	2996
2989	2997
2989	3032
2988	3031
2991	3033
2992	3034
2993	3035
2994	3036
2995	3037
2996	3038
2997	3039
3000	2999
3000	3042
3002	3001
3002	3043
3004	3003
3004	3010
3004	3044
3004	3111
3003	3006
3003	3007
3003	3008
3003	3011
3003	3012
3003	3013
3003	3014
3003	3015
3005	3004
3005	3016
3005	3043
3005	3054
3010	3009
3010	3048
3018	3017
3018	3055
3017	3020
3017	3021
3017	3022
3017	3023
3017	3024
3017	3026
3017	3027
3017	3028
3017	3029
3019	3018
3025	3024
3044	3045
3044	3046
3044	3047
3044	3049
3044	3050
3044	3051
3044	3052
3044	3053
3055	3056
3055	3057
3055	3058
3055	3059
3055	3060
3055	3061
3055	3062
3055	3063
3055	3064
3070	3069
3071	3069
3075	3074
3077	3076
3081	3080
3081	4008
3081	4363
3081	4572
3082	3081
3083	3082
3084	3081
3084	4008
3085	3081
3085	3930
3085	4008
3085	4019
3085	4020
3085	4022
3096	3095
3096	3097
3096	3098
3096	3105
3100	3099
3102	3115
3106	3107
3109	3110
3112	3113
3113	3114
3119	3118
3120	3118
3128	3130
3128	3131
3128	3133
3129	3128
3129	3132
3129	3134
3130	3130
3136	3135
3136	3142
3136	3150
3135	3137
3135	3154
3135	3174
3135	3178
3140	3139
3145	3146
3145	3147
3155	3175
3159	3158
3159	3326
3161	3160
3182	3181
3182	3184
3182	3646
3182	3893
3182	3916
3182	4182
3182	4183
3183	3182
3183	3275
3183	3282
3183	3641
3183	3645
3183	4175
3183	4186
3183	4942
3186	3185
3186	3630
3186	3650
3186	3652
3188	3187
3188	3189
3193	3192
3194	3193
3194	3226
3202	3204
3210	3209
3213	3212
3217	3216
3217	3217
3217	4024
3221	3220
3221	3530
3221	3536
3221	3541
3221	4442
3221	4675
3226	3225
3226	3227
3228	3233
3228	3236
3228	3251
3228	3253
3228	3260
3228	3262
3228	3263
3228	3268
3228	3270
3229	3232
3229	3240
3229	3243
3229	3244
3229	3245
3229	3247
3229	3256
3229	3258
3229	3265
3230	3235
3230	3237
3230	3246
3230	3248
3230	3250
3230	3271
3232	3231
3232	3242
3233	3270
3234	3233
3234	3262
3234	3466
3234	4210
3240	3239
3240	3249
3240	3252
3240	3257
3240	3267
3240	3269
3239	3241
3239	3264
3241	3289
3243	3289
3244	3519
3244	3520
3245	3289
3252	3289
3254	3253
3254	3487
3255	3254
3255	4029
3255	4031
3255	4035
3255	4037
3257	3289
3259	3258
3259	3303
3259	4075
3261	3260
3261	3262
3262	3263
3264	3289
3265	3522
3266	3265
3267	3289
3276	3275
3276	3280
3278	3277
3278	3280
3280	3279
3280	3281
3288	3287
3291	3290
3291	3292
3291	4128
3296	3295
3299	3298
3299	3301
3300	3299
3300	3302
3305	3304
3306	3306
3316	4315
3316	4445
3322	3321
3324	3323
3325	3325
3326	3337
3327	3326
3327	3341
3328	3327
3328	3330
3329	3326
3330	3326
3330	3352
3331	3326
3331	3332
3331	4341
3331	4333
3331	4618
3331	4651
3334	3333
3334	3335
3334	3336
3338	3337
3338	4336
3338	4427
3338	4656
3339	3338
3339	3403
3340	3338
3343	3342
3343	3351
3343	3350
3344	3343
3344	3328
3346	3345
3346	3348
3347	3345
3349	3348
3351	3350
3357	3358
3357	3359
3357	3369
3359	3360
3359	3367
3359	3368
3360	3361
3360	3362
3360	3363
3363	3364
3363	3366
3364	3365
3366	3365
3368	566
3370	3371
3370	3361
3372	3373
3372	3360
3374	3375
3374	3376
3374	3360
3374	3365
3377	3378
3377	3361
3377	3369
3377	3379
3377	3380
3380	3381
3382	3383
3385	3384
3385	3383
3385	3391
3387	3386
3387	3400
3388	3386
3388	3400
3389	3383
3390	3389
3392	3395
3392	3397
3398	3399
3404	3403
3405	4198
3408	3407
3408	3409
3408	4122
3408	4185
3418	3417
3420	3419
3420	3421
3420	3426
3420	3431
3420	4393
3420	4600
3419	3434
3425	3424
3427	3426
3427	4089
3427	4109
3427	4112
3428	3429
3431	3432
3431	3433
3438	3437
3438	3442
3438	4016
3441	3440
3443	3442
3449	3448
3449	3450
3449	3451
3453	3452
3453	3485
3453	3507
3453	3517
3453	3518
3452	3474
3455	3454
3455	3456
3455	3457
3455	3459
3455	3460
3455	3462
3455	3556
3464	3463
3464	3465
3464	3482
3468	3467
3468	3470
3468	3478
3468	3491
3470	3469
3470	3479
3470	3493
3473	3472
3473	3519
3476	3475
3476	3494
3480	3479
3484	3483
3484	3501
3484	3502
3484	4399
3484	4607
3490	3489
3490	4075
3490	4084
3496	3495
3496	3497
3500	3499
3505	3504
3505	4722
3507	3514
3507	3515
3507	3516
3508	3507
3509	3507
3510	3507
3510	3510
3531	3532
3536	3535
3536	3538
3536	3543
3537	3535
3537	3543
3540	3539
3540	3541
3540	3542
3547	3546
3547	3548
3550	3549
3552	3553
3555	3555
3559	3558
3561	3560
3561	3562
3561	3563
3561	3916
3561	4007
3561	4181
3561	4184
3569	3568
3569	3579
3569	3580
3569	3586
3569	3587
3569	3592
3569	3595
3569	3599
3569	3605
3569	3606
3569	3609
3569	3610
3568	3573
3570	3568
3570	3579
3570	3580
3570	3581
3570	3582
3570	3595
3570	3599
3570	3605
3570	3606
3570	3609
3570	3610
3570	3614
3570	3615
3570	3616
3570	3617
3570	3618
3570	3619
3570	3620
3570	3621
3570	3622
3570	3623
3570	3625
3570	3626
3570	3631
3570	3744
3570	3761
3570	3804
3572	3571
3573	3572
3573	3574
3577	3584
3596	3597
3596	3598
3600	3601
3600	3602
3629	3628
3632	3631
3632	3656
3632	3662
3632	3663
3632	3664
3632	3665
3632	3666
3632	3667
3632	3668
3632	3669
3632	3670
3632	3679
3632	3680
3632	3681
3632	3682
3632	3684
3632	3686
3632	3690
3632	3699
3632	3700
3632	3701
3632	3702
3632	3713
3632	3716
3632	3717
3632	3721
3632	3723
3632	3730
3632	3731
3631	3693
3631	3725
3631	3726
3631	3727
3631	3728
3631	3729
3631	3777
3631	3786
3634	3633
3634	3640
3633	3635
3633	3643
3633	3647
3633	3648
3633	3649
3636	3644
3636	3704
3636	3722
3636	3733
3636	3734
3637	3655
3637	3659
3637	3671
3637	3672
3637	3677
3637	3678
3637	3685
3637	3687
3637	3688
3637	3689
3637	3691
3637	3692
3637	3694
3637	3707
3637	3708
3637	3709
3637	3711
3637	3712
3637	3714
3637	3715
3637	3719
3637	3724
3638	3661
3639	3673
3639	3695
3644	3698
3648	3737
3652	3651
3654	3653
3658	3674
3676	3675
3676	3740
3676	3758
3676	3861
3676	3897
3680	3683
3684	3732
3697	3696
3697	3703
3705	3861
3706	3705
3706	3735
3706	3736
3725	3806
3738	3738
3738	3739
3740	3739
3740	3747
3740	3756
3740	3760
3740	3762
3740	3764
3740	3776
3740	3782
3740	3807
3740	3809
3740	3813
3740	3820
3740	3821
3740	3856
3740	3858
3740	3867
3740	3868
3740	3873
3740	3879
3740	3880
3740	3882
3740	3899
3740	3900
3740	3901
3742	3741
3743	3741
3745	3744
3747	3746
3747	3757
3747	3759
3747	3765
3747	3766
3747	3767
3747	3768
3747	3769
3747	3770
3747	3771
3747	3772
3747	3773
3747	3774
3747	3775
3747	3777
3747	3780
3747	3781
3747	3784
3747	3785
3747	3786
3747	3787
3747	3788
3747	3789
3747	3790
3747	3791
3747	3792
3747	3793
3747	3795
3747	3798
3747	3805
3747	3806
3747	3808
3747	3811
3747	3818
3747	3819
3747	3822
3747	3823
3747	3854
3747	3855
3747	3857
3747	3859
3747	3860
3747	3862
3747	3863
3747	3864
3747	3865
3747	3866
3747	3869
3747	3870
3747	3875
3747	3877
3747	3878
3747	3883
3747	3884
3747	3885
3747	3886
3747	3888
3747	3889
3747	3890
3747	3891
3747	3898
3748	3749
3748	3751
3748	3753
3749	3750
3750	3827
3751	3749
3751	3752
3751	3753
3753	3749
3753	3754
3756	3755
3756	3763
3756	3778
3756	3779
3756	3783
3756	3796
3756	3797
3756	3852
3756	3853
3756	3871
3756	3872
3756	3874
3756	3876
3756	3881
3756	3887
3756	3892
3762	3761
3762	3799
3762	3803
3762	3804
3762	3812
3762	3816
3762	3817
3800	3799
3801	3799
3803	3802
3811	3810
3813	3814
3816	3815
3824	3825
3824	3826
3824	3750
3827	3828
3827	3833
3827	3843
3827	3844
3827	1228
3827	3845
3827	1229
3827	300
3827	3847
3827	3848
3827	3850
3828	3829
3828	3830
3828	3831
3828	3832
3828	3833
3828	1228
3828	3834
3828	3835
3828	3836
3828	3837
3828	3838
3828	3839
3828	3840
3837	1227
3837	1229
3840	3841
3841	3842
3845	3846
3846	1227
3846	1229
3848	3849
3850	3851
3894	3897
3896	3895
3896	3898
3896	3903
3895	3895
3905	3906
3905	3907
3919	3918
3919	3920
3919	3921
3921	3922
3925	3925
3926	3925
3926	3926
3926	3935
3926	3936
3928	3927
3930	3929
3930	3941
3930	3949
3929	3935
3931	3930
3931	4001
3931	4002
3931	4011
3931	4020
3931	4186
3932	3929
3932	3933
3932	3935
3933	3935
3934	3933
3934	3935
3938	3943
3938	3944
3940	3939
3940	3940
3940	3944
3941	3944
3942	3941
3942	3943
3942	3944
3943	3944
3946	3951
3946	3952
3948	3947
3948	3948
3948	3952
3949	3952
3950	3949
3950	3951
3950	3952
3951	3952
3955	3954
3955	3959
3957	3956
3957	3958
3957	3960
3962	3961
3962	3963
3962	4204
3964	3964
3965	3965
3967	3966
3969	3968
3972	3971
3974	3973
3976	3975
3976	3980
3975	3977
3975	3978
3978	3979
3979	3990
3980	3979
3980	4198
3980	4200
3980	4210
3981	3983
3981	3986
3983	3982
3983	3987
3983	4000
3984	3983
3984	3986
3984	3988
3984	3990
3984	3996
3984	3997
3984	3999
3984	4186
3986	3985
3986	3998
3990	3989
3990	3991
3992	4003
3993	3992
3995	3994
3996	3995
4004	4003
4006	4005
4009	4008
4009	4016
4010	4010
4013	4012
4013	4016
4015	4014
4016	4017
4016	4018
4024	4023
4024	4025
4024	4026
4024	4028
4029	4035
4029	4037
4029	4042
4029	4045
4035	4034
4035	4049
4037	4036
4037	4038
4037	4040
4037	4043
4037	4044
4037	4046
4037	4047
4037	4050
4037	4051
4037	4052
4037	4053
4039	4038
4042	4041
4042	4048
4055	4054
4055	4057
4055	4068
4058	4059
4061	4060
4061	4071
4063	4062
4064	4063
4064	4066
4066	4065
4066	4067
4069	4070
4078	4077
4083	4082
4084	4083
4087	4086
4090	4089
4090	4109
4093	4092
4093	4097
4093	4108
4093	4111
4093	4114
4094	4093
4096	4095
4096	4113
4101	4100
4101	4275
4102	4100
4104	4106
4116	4117
4117	4122
4119	4118
4119	4121
4120	4118
4120	4122
4121	4122
4123	4123
4126	4125
4126	4127
4128	4128
4131	4130
4130	4132
4130	4133
4134	4137
4134	4139
4136	4135
4136	4136
4136	4139
4138	4137
4138	4139
4137	4139
4140	4139
4141	4140
4141	4143
4141	4144
4141	4148
4141	4152
4145	4147
4148	4147
4147	4151
4149	4148
4151	4150
4164	4163
4164	4165
4164	4166
4164	4169
4164	4170
4167	4166
4167	4168
4176	4175
4176	4179
4176	4180
4176	4182
4176	4186
4177	4177
4179	4178
4179	4181
4180	4180
4187	4190
4187	4192
4187	4196
4202	4203
4206	4207
4208	4209
4213	4212
4213	4217
4213	4229
4214	4213
4214	4214
4214	4745
4214	4915
4214	4916
4214	4917
4215	4214
4215	4915
4216	4212
4216	4744
4216	4887
4216	4888
4218	4219
4219	4220
4219	4221
4221	4222
4222	4223
4223	4224
4225	4226
4226	4221
4227	4228
4230	4231
4231	4232
4231	4221
4233	4228
4234	4235
4236	4236
4237	1232
4237	1233
4237	1234
4237	1235
4238	4237
4239	4240
4239	4241
4240	566
4243	4242
4243	4244
4243	4252
4245	4246
4247	4248
4248	4250
4254	4253
4254	4255
4260	4259
4260	4265
4260	4289
4261	4260
4261	4262
4267	4266
4267	4267
4268	4266
4272	4286
4280	4280
4281	4281
4284	4283
4285	4283
4311	4310
4311	4313
4321	4320
4321	4351
4320	4328
4320	4351
4320	4360
4324	4323
4324	4326
4330	4329
4330	4332
4330	4333
4330	4346
4330	4347
4330	4349
4330	4357
4331	4331
4334	4333
4335	4334
4336	4334
4337	4334
4338	4337
4338	4364
4338	4372
4339	4337
4340	4337
4341	4337
4341	4357
4342	4334
4343	4333
4343	4376
4343	4374
4343	4377
4343	4386
4343	4407
4344	4333
4344	4357
4345	4333
4348	4347
4348	4349
4348	4359
4348	4416
4348	4418
4351	4352
4351	4353
4355	4354
4358	4341
4358	4359
4358	4411
4358	4413
4364	4373
4365	4338
4366	4364
4366	4677
4367	4364
4368	4369
4370	4369
4375	4374
4376	4375
4377	4374
4378	4379
4378	4386
4380	4381
4382	4383
4383	4384
4383	4385
4388	4387
4392	4391
4392	4599
4401	4400
4401	4430
4401	4608
4402	4400
4406	4405
4406	4612
4407	4408
4410	4409
4413	4412
4414	4412
4414	4414
4415	4414
4416	4417
4424	4427
4425	4339
4425	4340
4432	4431
4446	4447
4450	4449
4451	4450
4451	4490
4451	4515
4451	4529
4451	4698
4453	4452
4453	4455
4453	4459
4453	4460
4453	4463
4453	4678
4452	4457
4455	4454
4459	4458
4459	4461
4459	4462
4464	4504
4464	4532
4465	4464
4466	4468
4466	4470
4468	4532
4470	4469
4470	4508
4470	4532
4470	4535
4471	4470
4471	4509
4471	4517
4471	4541
4471	4648
4472	4469
4472	4514
4472	4623
4474	4473
4474	4475
4474	4478
4473	4476
4473	4477
4480	4479
4480	4481
4480	4483
4480	4678
4482	4481
4482	4484
4482	4493
4485	4484
4485	4486
4485	4500
4485	4682
4492	4491
4492	4493
4495	4494
4495	4497
4495	4500
4495	4641
4495	4694
4497	4496
4497	4501
4497	4695
4502	4502
4503	4502
4503	4636
4505	4504
4505	4533
4504	4508
4507	4506
4507	4512
4508	4513
4508	4543
4510	4509
4510	4531
4510	4534
4510	4541
4509	4534
4512	4511
4512	4524
4512	4542
4511	4525
4511	4519
4511	4537
4513	4514
4513	4536
4513	4537
4517	4520
4518	4519
4518	4526
4520	4519
4520	4526
4520	4534
4521	4520
4521	4556
4521	4648
4522	4521
4522	4539
4522	4552
4522	4554
4522	4641
4523	4520
4524	4523
4524	4525
4525	4520
4533	4532
4533	4535
4539	4538
4540	4539
4545	4544
4545	4546
4545	4548
4545	4550
4545	4578
4545	4584
4545	4686
4545	4687
4547	4546
4547	4550
4548	4546
4549	4548
4549	4550
4552	4551
4556	4555
4557	4647
4560	4559
4560	4636
4562	4561
4563	4561
4563	4577
4563	4587
4563	4661
4563	4674
4564	4563
4565	4564
4566	4563
4567	4563
4567	4585
4570	4569
4574	4573
4574	4580
4574	4584
4574	4688
4574	4689
4576	4575
4579	4578
4579	4581
4581	4584
4582	4581
4583	4581
4588	4594
4588	4596
4589	4590
4591	4592
4592	4593
4594	4614
4595	4594
4595	4614
4595	4637
4595	4639
4595	4640
4595	4641
4596	4629
4596	4633
4609	4608
4615	4614
4615	4629
4615	4633
4616	4614
4617	4614
4617	4629
4617	4679
4617	4684
4618	4617
4619	4617
4620	4619
4620	4621
4621	4617
4625	4624
4625	4627
4625	4628
4626	4624
4626	4627
4626	4628
4626	4629
4626	4630
4630	4629
4631	4630
4631	4643
4631	4645
4632	4630
4632	4647
4632	4649
4639	4638
4639	4642
4645	4644
4646	4644
4647	4648
4656	4655
4656	4657
4663	4662
4663	4665
4663	4666
4663	4667
4669	4678
4676	4675
4679	4678
4679	4681
4679	4690
4680	4679
4681	4679
4682	4679
4682	4684
4683	4679
4684	4679
4684	4699
4685	4684
4685	4702
4685	4703
4692	4691
4698	4697
4700	4699
4702	4704
4702	4705
4702	4706
4702	4707
4702	4708
4702	4709
4715	4714
4721	4720
4724	4723
4725	4723
4732	4731
4732	4733
4732	4734
4736	4737
4738	4737
4738	4739
4745	4744
4745	4748
4745	4755
4746	4747
4749	4750
4751	4752
4752	4753
4752	4754
4756	4757
4757	4758
4761	1714
4762	1714
4763	1714
4764	1714
4775	4776
4805	4804
4806	4804
4806	4807
4806	4808
4810	4811
4815	4814
4815	4816
4815	4817
4815	4818
4815	4819
4815	4820
4822	4830
4822	4831
4822	4832
4822	4833
4822	4834
4822	4835
4822	4836
4822	4837
4822	4839
4822	4840
4822	4842
4822	4843
4823	4822
4824	4822
4825	4830
4826	4829
4828	4832
4828	4834
4841	4842
4847	4846
4847	4852
4847	4853
4847	4854
4846	4855
4846	4858
4848	4850
4850	4851
4856	4855
4861	4876
4863	4862
4863	4870
4863	4872
4863	4873
4863	4874
4863	4877
4863	4879
4863	4881
4862	4875
4862	4878
4862	4882
4864	4866
4864	4884
4864	4885
4864	4886
4866	4867
4903	4902
4908	4907
4908	4909
4915	4214
4915	4916
4915	4917
4916	4212
4916	4217
4916	4229
4917	4744
4917	4748
4917	4755
4919	4918
4919	4920
4928	4927
4928	4931
4928	4936
