1	0
1	177
1	4503
1	4525
2	1
2	48
2	56
2	170
2	174
2	175
2	176
2	180
2	186
2	1096
2	1135
2	1850
2	1853
2	4494
2	4509
2	4516
2	4529
2	4530
2	4531
3	2
3	4481
3	4483
3	4490
3	4491
3	4506
4	3
5	3
5	18
5	25
5	28
5	46
5	49
5	51
5	50
5	57
5	61
5	66
5	69
5	70
5	71
5	75
5	90
5	91
5	97
5	114
5	149
5	159
5	158
5	165
5	166
5	169
5	170
5	174
5	190
5	192
5	199
5	202
5	204
5	205
5	206
5	211
5	212
5	214
5	217
5	220
5	223
5	228
5	233
5	392
5	442
5	441
5	444
5	445
5	451
5	458
5	463
5	468
5	475
5	532
5	577
5	578
5	579
5	580
5	585
5	588
5	589
5	596
5	602
5	603
5	628
5	634
5	677
5	717
5	721
5	722
5	724
5	726
5	728
5	727
5	810
5	837
5	846
5	855
5	889
5	893
5	905
5	907
5	917
5	927
5	929
5	934
5	944
5	948
5	951
5	967
5	970
5	979
5	983
5	994
5	1007
5	1008
5	1017
5	1026
5	1040
5	1050
5	1057
5	1079
5	1082
5	1085
5	1090
5	1094
5	1095
5	1096
5	1097
5	1098
5	1102
5	1113
5	1114
5	1117
5	1118
5	1135
5	1136
5	1138
5	1140
5	1141
5	1153
5	1166
5	1173
5	1179
5	1180
5	1182
5	1185
5	1195
5	1199
5	1206
5	1219
5	1227
5	1241
5	1250
5	1260
5	1262
5	1259
5	1269
5	1303
5	1311
5	1314
5	1335
5	1382
5	1435
5	1441
5	1460
5	1476
5	1477
5	1478
5	1483
5	1484
5	1492
5	1491
5	1499
5	1503
5	1504
5	1505
5	1514
5	1527
5	1529
5	1528
5	1536
5	1538
5	1547
5	1571
5	1572
5	1580
5	1581
5	1590
5	1623
5	1630
5	1683
5	1687
5	1690
5	1698
5	1722
5	1778
5	1803
5	1816
5	1824
5	1852
5	1854
5	1865
5	1870
5	1879
5	1880
5	1884
5	1897
5	1909
5	1916
5	1914
5	1921
5	1926
5	1931
5	1939
5	1949
5	2009
5	2017
5	2022
5	2025
5	2051
5	2058
5	2059
5	2149
5	2160
5	2174
5	2193
5	2207
5	2226
5	2235
5	2236
5	2238
5	2240
5	2241
5	2245
5	2268
5	2274
5	2281
5	2282
5	2286
5	2285
5	2297
5	2299
5	2305
5	2307
5	2326
5	2330
5	2338
5	2339
5	2343
5	2359
5	2388
5	2391
5	2403
5	2408
5	2410
5	2412
5	2411
5	2413
5	2419
5	2422
5	2424
5	2423
5	2425
5	2427
5	2446
5	2456
5	2457
5	2473
5	2514
5	2527
5	2531
5	2532
5	2533
5	2536
5	2543
5	2566
5	2583
5	2587
5	2589
5	2592
5	2594
5	2602
5	2605
5	2615
5	2617
5	2629
5	2631
5	2635
5	2638
5	2641
5	2645
5	2646
5	2654
5	2655
5	2657
5	2658
5	2659
5	2660
5	2661
5	2662
5	2664
5	2667
5	2694
5	2701
5	2710
5	2711
5	2727
5	2732
5	2759
5	2760
5	2763
5	2800
5	2808
5	2877
5	2948
5	2986
5	3069
5	3077
5	3079
5	3084
5	3086
5	3186
5	3202
5	3212
5	3223
5	3224
5	3239
5	3240
5	3241
5	3280
5	3312
5	3313
5	3314
5	3316
5	3318
5	3319
5	3329
5	3330
5	3332
5	3335
5	3336
5	3337
5	3340
5	3341
5	3345
5	3350
5	3355
5	3360
5	3362
5	3366
5	3371
5	3373
5	3375
5	3376
5	3377
5	3379
5	3383
5	3386
5	3388
5	3393
5	3394
5	3395
5	3562
5	3564
5	3574
5	3588
5	3598
5	3597
5	3601
5	3604
5	3605
5	3607
5	3612
5	3613
5	3615
5	3636
5	3665
5	3672
5	3685
5	3741
5	3777
5	3784
5	3796
5	3797
5	3800
5	3799
5	3813
5	3812
5	3837
5	3914
5	3920
5	3946
5	3956
5	3962
5	3963
5	3966
5	3983
5	3990
5	4016
5	4023
5	4058
5	4103
5	4113
5	4142
5	4146
5	4148
5	4155
5	4177
5	4187
5	4217
5	4234
5	4236
5	4277
5	4281
5	4285
5	4298
5	4312
5	4320
5	4327
5	4332
5	4364
5	4366
5	4367
5	4370
5	4374
5	4399
5	4403
5	4409
5	4411
5	4436
5	4439
5	4446
5	4452
5	4465
5	4471
5	4476
5	4480
5	4483
5	4490
5	4491
5	4492
5	4493
5	4496
5	4497
5	4506
5	4507
5	4508
5	4512
5	4513
5	4536
5	4537
5	4538
5	4539
5	4540
5	4541
5	4542
5	4543
5	4544
5	4545
5	4546
5	4547
5	4549
5	4550
5	4584
6	3
7	3
8	7
8	12
8	15
8	17
8	18
8	35
8	38
8	40
8	49
8	57
8	61
8	66
8	67
8	75
8	89
8	90
8	91
8	4495
8	4510
9	8
10	7
10	12
10	13
10	16
10	2
10	17
10	20
10	19
10	35
10	1
10	41
10	40
10	44
10	43
10	50
10	67
10	75
10	89
10	90
10	97
10	107
10	120
10	169
10	170
10	178
10	180
10	186
10	187
10	191
10	210
10	212
10	220
10	342
10	349
10	353
10	360
10	362
10	364
10	367
10	392
10	410
10	412
10	415
10	417
10	419
10	420
10	421
10	424
10	425
10	427
10	428
10	429
10	433
10	435
10	437
10	450
10	456
10	466
10	476
10	524
10	566
10	574
10	589
10	599
10	682
10	684
10	685
10	691
10	692
10	708
10	706
10	709
10	719
10	721
10	728
10	727
10	779
10	792
10	798
10	805
10	813
10	810
10	820
10	823
10	840
10	845
10	847
10	853
10	858
10	864
10	866
10	867
10	871
10	874
10	875
10	876
10	893
10	898
10	907
10	927
10	972
10	971
10	980
10	986
10	994
10	999
10	1005
10	1008
10	1040
10	1055
10	1059
10	1076
10	1095
10	1097
10	1096
10	1117
10	1135
10	1136
10	1138
10	1141
10	1167
10	1195
10	1199
10	1208
10	1216
10	1227
10	1226
10	1241
10	1250
10	1255
10	1256
10	1260
10	1262
10	1259
10	1269
10	1301
10	1309
10	1311
10	1314
10	1365
10	1396
10	1399
10	1428
10	1435
10	1463
10	1472
10	1481
10	1492
10	1491
10	1490
10	1496
10	1497
10	1498
10	1499
10	1500
10	1501
10	1502
10	1503
10	1520
10	1519
10	1534
10	1536
10	1537
10	1538
10	1543
10	1568
10	1572
10	1574
10	1579
10	1617
10	1685
10	1683
10	1690
10	1697
10	1716
10	1807
10	1815
10	1846
10	1849
10	1854
10	1865
10	1870
10	1878
10	1879
10	1880
10	1900
10	1909
10	1922
10	1926
10	1931
10	1941
10	1940
10	1959
10	1958
10	1957
10	1962
10	1991
10	1994
10	1995
10	2001
10	2009
10	2012
10	2020
10	2017
10	2016
10	2022
10	2025
10	2028
10	2040
10	2044
10	2051
10	2052
10	2058
10	2149
10	2153
10	2161
10	2171
10	2170
10	2167
10	2166
10	2177
10	2180
10	2186
10	2198
10	2201
10	2199
10	2203
10	2213
10	2212
10	2216
10	2223
10	2222
10	2221
10	2224
10	2228
10	2230
10	2241
10	2255
10	2256
10	2266
10	2268
10	2270
10	2271
10	2283
10	2322
10	2326
10	2330
10	2338
10	2372
10	2383
10	2386
10	2382
10	2391
10	2411
10	2413
10	2416
10	2417
10	2418
10	2438
10	2446
10	2448
10	2449
10	2454
10	2473
10	2474
10	2488
10	2567
10	2570
10	2575
10	2576
10	2580
10	2581
10	2585
10	2587
10	2615
10	2623
10	2629
10	2631
10	2633
10	2643
10	2646
10	2653
10	2654
10	2658
10	2659
10	2665
10	2695
10	2702
10	2710
10	2713
10	2731
10	2767
10	2815
10	2826
10	2838
10	2850
10	2852
10	2856
10	2900
10	2899
10	2909
10	2916
10	2920
10	2928
10	2929
10	2946
10	2984
10	2987
10	3027
10	3029
10	3042
10	3066
10	3071
10	3079
10	3084
10	3090
10	3103
10	3109
10	3117
10	3118
10	3134
10	3135
10	3136
10	3147
10	3151
10	3155
10	3165
10	3166
10	3173
10	3174
10	3197
10	3201
10	3205
10	3207
10	3212
10	3218
10	3239
10	3242
10	3268
10	3269
10	3313
10	3332
10	3560
10	3564
10	3565
10	3594
10	3593
10	3592
10	3599
10	3600
10	3603
10	3609
10	3611
10	3631
10	3635
10	3648
10	3651
10	3653
10	3658
10	3661
10	3665
10	3672
10	3671
10	3669
10	3693
10	3692
10	3694
10	3695
10	3702
10	3762
10	3769
10	3771
10	3772
10	3774
10	3777
10	3798
10	3809
10	3827
10	3834
10	3835
10	3837
10	3879
10	3914
10	3926
10	3945
10	26
10	3969
10	3973
10	3977
10	3981
10	3987
10	3990
10	3998
10	4016
10	4020
10	4046
10	4050
10	4061
10	4058
10	4069
10	4074
10	4083
10	4090
10	4092
10	4095
10	4102
10	4104
10	4109
10	4115
10	4117
10	4118
10	4124
10	4125
10	4126
10	4133
10	4137
10	4138
10	4142
10	4160
10	4177
10	4188
10	4192
10	4199
10	4227
10	4231
10	4234
10	1267
10	4257
10	4266
10	4267
10	4274
10	4281
10	4280
10	4292
10	4298
10	4301
10	4312
10	4313
10	4316
10	4327
10	4331
10	4335
10	4332
10	4337
10	4347
10	4362
10	4363
10	4364
10	4365
10	4374
10	4372
10	4376
10	4386
10	4390
10	4395
10	4397
10	4402
10	4480
10	4483
10	4490
10	4491
10	4494
10	4496
10	4501
10	4506
10	4509
10	4511
10	4523
11	7
11	12
11	13
11	15
11	17
11	25
11	31
11	33
11	18
11	43
11	51
11	52
11	50
11	54
11	49
11	57
11	65
11	66
11	82
11	83
11	89
11	96
11	110
11	103
11	126
11	124
11	134
11	138
11	167
11	168
11	169
11	170
11	178
11	180
11	186
11	187
11	203
11	207
11	208
11	220
11	232
11	233
11	236
11	238
11	240
11	242
11	245
11	246
11	248
11	249
11	268
11	270
11	276
11	278
11	280
11	281
11	282
11	285
11	289
11	291
11	293
11	294
11	298
11	302
11	305
11	323
11	325
11	326
11	327
11	328
11	330
11	332
11	333
11	335
11	337
11	339
11	341
11	343
11	380
11	385
11	399
11	401
11	403
11	404
11	407
11	421
11	422
11	424
11	430
11	431
11	483
11	491
11	493
11	495
11	500
11	501
11	502
11	506
11	507
11	508
11	510
11	513
11	514
11	521
11	525
11	530
11	536
11	546
11	551
11	552
11	555
11	563
11	564
11	565
11	580
11	595
11	617
11	620
11	619
11	627
11	630
11	631
11	632
11	637
11	635
11	641
11	633
11	643
11	650
11	661
11	667
11	669
11	670
11	671
11	677
11	682
11	685
11	686
11	688
11	690
11	691
11	695
11	702
11	699
11	704
11	703
11	708
11	709
11	712
11	713
11	714
11	719
11	724
11	731
11	735
11	739
11	738
11	740
11	750
11	753
11	755
11	754
11	766
11	768
11	774
11	776
11	779
11	788
11	789
11	792
11	794
11	797
11	798
11	800
11	801
11	803
11	802
11	804
11	805
11	807
11	808
11	809
11	813
11	823
11	824
11	835
11	840
11	841
11	842
11	848
11	851
11	852
11	853
11	854
11	857
11	856
11	862
11	865
11	866
11	867
11	873
11	874
11	878
11	881
11	888
11	889
11	892
11	893
11	895
11	898
11	901
11	911
11	907
11	906
11	923
11	924
11	926
11	929
11	938
11	944
11	946
11	953
11	954
11	959
11	961
11	963
11	968
11	969
11	977
11	975
11	972
11	980
11	981
11	988
11	989
11	990
11	991
11	992
11	993
11	998
11	1000
11	999
11	1008
11	1009
11	1011
11	1012
11	1015
11	1016
11	1017
11	1018
11	1020
11	1021
11	1022
11	1025
11	1034
11	1035
11	1036
11	1040
11	1041
11	1042
11	1043
11	1044
11	1049
11	1051
11	1055
11	1063
11	1065
11	1070
11	1073
11	1076
11	1077
11	1079
11	1085
11	1086
11	1088
11	1089
11	1096
11	1098
11	1106
11	1112
11	1115
11	1116
11	1119
11	1123
11	1125
11	1127
11	1128
11	1130
11	1135
11	1138
11	1155
11	1154
11	1167
11	1171
11	1172
11	1178
11	1180
11	1181
11	1174
11	1186
11	1189
11	1190
11	1192
11	1197
11	1201
11	1199
11	1204
11	1207
11	1208
11	1211
11	1213
11	1216
11	1218
11	1224
11	1230
11	1231
11	1232
11	1227
11	1225
11	1234
11	1235
11	1236
11	1237
11	1238
11	1239
11	1240
11	1241
11	1243
11	1245
11	1249
11	1251
11	1256
11	1257
11	1261
11	1268
11	1269
11	1272
11	1273
11	1297
11	1300
11	1301
11	1302
11	1304
11	1305
11	1306
11	1307
11	1308
11	1309
11	1317
11	1319
11	1320
11	1321
11	1323
11	1324
11	1325
11	1326
11	1327
11	1328
11	1330
11	1331
11	1332
11	1333
11	1334
11	1335
11	1341
11	1343
11	1367
11	1363
11	1362
11	1375
11	1383
11	1385
11	1387
11	1388
11	1389
11	1421
11	1432
11	1431
11	1433
11	1434
11	1440
11	1444
11	1446
11	1448
11	1458
11	1462
11	1464
11	1471
11	1470
11	1472
11	1473
11	1475
11	1476
11	1478
11	1481
11	1484
11	1485
11	1486
11	1488
11	1489
11	1493
11	1496
11	1498
11	1497
11	1500
11	1501
11	1502
11	1503
11	1506
11	1508
11	1509
11	1513
11	1514
11	1516
11	1520
11	1529
11	1543
11	1551
11	1566
11	1569
11	1571
11	1572
11	1574
11	1583
11	1584
11	1587
11	1589
11	1590
11	1593
11	1597
11	1595
11	1602
11	1609
11	1611
11	1614
11	1617
11	1618
11	1624
11	1692
11	1726
11	1725
11	1732
11	1733
11	1734
11	1736
11	1735
11	1731
11	1738
11	1740
11	1746
11	1744
11	1743
11	1762
11	1764
11	1769
11	1772
11	1773
11	1778
11	1781
11	1782
11	1786
11	1787
11	1790
11	1792
11	1795
11	1796
11	1805
11	1801
11	1811
11	1814
11	1815
11	1818
11	1838
11	1839
11	1845
11	1848
11	1849
11	1850
11	1854
11	1855
11	1853
11	1856
11	1859
11	1861
11	1863
11	1866
11	1871
11	1877
11	1878
11	1879
11	1893
11	1900
11	1908
11	1912
11	1915
11	1924
11	1926
11	1932
11	1934
11	1938
11	1940
11	1952
11	1955
11	1959
11	1962
11	1980
11	1982
11	1995
11	1997
11	1998
11	2001
11	2003
11	2004
11	2005
11	2008
11	2012
11	2014
11	2015
11	2020
11	2017
11	2019
11	2025
11	2031
11	2035
11	2037
11	2044
11	2053
11	2054
11	2055
11	2060
11	2064
11	2067
11	2072
11	2157
11	2160
11	2161
11	2171
11	2170
11	2174
11	2194
11	2207
11	2211
11	2219
11	2222
11	2224
11	2227
11	2228
11	2232
11	2233
11	2234
11	2237
11	2239
11	2241
11	2240
11	2244
11	2246
11	2248
11	2249
11	2252
11	2251
11	2253
11	2258
11	2259
11	2262
11	2274
11	2387
11	2386
11	2662
11	2661
11	2665
11	2663
11	2666
11	2668
11	2677
11	2682
11	2683
11	2684
11	2686
11	2687
11	2689
11	2692
11	2693
11	2700
11	2703
11	2712
11	2715
11	2717
11	2718
11	2719
11	2721
11	2725
11	2726
11	2730
11	2731
11	2739
11	2742
11	2743
11	2745
11	2751
11	2750
11	2749
11	2754
11	2752
11	2755
11	2761
11	2762
11	2765
11	2778
11	2779
11	2780
11	2784
11	2806
11	2815
11	2967
11	2980
11	2982
11	3025
11	3048
11	3050
11	3055
11	3062
11	3063
11	3064
11	3078
11	3079
11	3086
11	3087
11	3092
11	3110
11	3123
11	3128
11	3129
11	3131
11	3139
11	3149
11	3154
11	3157
11	3160
11	3161
11	3163
11	3164
11	3185
11	3187
11	3200
11	3213
11	3214
11	3217
11	3218
11	3231
11	3248
11	3250
11	3257
11	3266
11	3267
11	3270
11	3276
11	3278
11	3279
11	3281
11	3285
11	3292
11	3294
11	3299
11	3305
11	3306
11	3308
11	3315
11	3317
11	3320
11	3321
11	3322
11	3323
11	3324
11	3325
11	3326
11	3327
11	3328
11	3333
11	3334
11	3338
11	3339
11	3342
11	3343
11	3344
11	3346
11	3347
11	3348
11	3349
11	3351
11	3352
11	3354
11	3353
11	3356
11	3357
11	3358
11	3359
11	3361
11	3362
11	3364
11	3365
11	3367
11	3368
11	3369
11	3370
11	3372
11	3374
11	3378
11	3380
11	3381
11	3382
11	3384
11	3385
11	3387
11	3389
11	3390
11	3391
11	3392
11	3446
11	3562
11	3568
11	3570
11	3579
11	3580
11	3588
11	3593
11	3599
11	3600
11	3601
11	3602
11	3603
11	3605
11	3604
11	3608
11	3610
11	3611
11	3616
11	3617
11	3633
11	3635
11	3638
11	3640
11	3642
11	3646
11	3658
11	3661
11	3663
11	3668
11	3680
11	3681
11	3683
11	3688
11	3691
11	3697
11	3699
11	3712
11	3745
11	3769
11	3781
11	3784
11	3785
11	3791
11	3796
11	3798
11	3801
11	3804
11	3813
11	3812
11	3819
11	3822
11	3824
11	3826
11	3838
11	3839
11	3845
11	3846
11	3847
11	3862
11	3864
11	3874
11	3910
11	3913
11	3926
11	3929
11	3932
11	3937
11	3940
11	3942
11	3945
11	3954
11	3955
11	3957
11	3958
11	3959
11	3960
11	3961
11	3964
11	3970
11	3972
11	3981
11	3982
11	3984
11	3990
11	3991
11	3993
11	3996
11	3998
11	3999
11	4004
11	4005
11	4007
11	4008
11	4009
11	4013
11	4015
11	4016
11	4017
11	4024
11	4039
11	4041
11	4043
11	4049
11	4053
11	4056
11	4060
11	4066
11	4070
11	4071
11	4072
11	4073
11	4075
11	4076
11	4077
11	4078
11	4079
11	4080
11	4087
11	4089
11	4094
11	4095
11	4096
11	4097
11	4100
11	4102
11	4103
11	4104
11	4109
11	4116
11	4115
11	4118
11	4119
11	4121
11	4123
11	4124
11	4131
11	4129
11	4132
11	4133
11	4135
11	4137
11	4138
11	4141
11	4146
11	4154
11	4159
11	4160
11	4161
11	4162
11	4165
11	4164
11	4166
11	4168
11	4172
11	4173
11	4174
11	4190
11	4191
11	4193
11	4184
11	4195
11	4199
11	4203
11	4212
11	4214
11	4216
11	4215
11	4225
11	4230
11	4234
11	4237
11	4247
11	4249
11	4250
11	4253
11	4256
11	4260
11	4268
11	4271
11	4267
11	4274
11	4277
11	4284
11	4286
11	4287
11	4291
11	4292
11	4294
11	4297
11	4299
11	4300
11	4301
11	4302
11	4303
11	4304
11	4305
11	4307
11	4308
11	4311
11	4317
11	4319
11	4321
11	4324
11	4326
11	4327
11	4330
11	4335
11	4337
11	4343
11	4345
11	4344
11	4347
11	4362
11	4364
11	4365
11	4367
11	4368
11	4369
11	4374
11	4372
11	4371
11	4386
11	4397
11	4408
11	4410
11	4412
11	4433
11	4434
11	4438
11	4440
11	4441
11	4442
11	4443
11	4445
11	4447
11	4448
11	4449
11	4450
11	4451
11	4453
11	4454
11	4455
11	4456
11	4458
11	4459
11	4460
11	4461
11	4462
11	4463
11	4464
11	4466
11	4467
11	4468
11	4469
11	4470
11	4476
11	4477
11	4478
11	4480
11	4489
11	4494
11	4493
11	4495
11	4501
11	4509
11	4508
11	4511
11	4514
11	4521
11	4523
11	4534
11	4553
11	4554
11	4557
11	4580
11	4581
11	4582
11	4583
12	3
13	2
13	1
13	38
13	40
13	61
13	67
13	75
13	90
13	91
13	176
13	1096
13	1135
13	4481
13	4483
13	4490
13	4491
13	4497
13	4506
13	4510
13	4512
14	13
14	19
14	44
14	43
14	4
14	6
14	46
14	65
14	69
14	85
14	34
14	99
14	169
14	176
14	186
14	187
14	210
14	211
14	212
14	220
14	231
14	233
14	242
14	295
14	322
14	321
14	351
14	354
14	367
14	417
14	428
14	429
14	443
14	464
14	584
14	596
14	602
14	708
14	721
14	813
14	826
14	845
14	852
14	891
14	909
14	910
14	915
14	1117
14	1138
14	1141
14	1154
14	1184
14	1195
14	1213
14	1270
14	1273
14	1397
14	1437
14	1491
14	1520
14	1532
14	1538
14	1543
14	1576
14	1578
14	1581
14	1602
14	1798
14	1846
14	1883
14	2151
14	2170
14	2180
14	2172
14	2191
14	2201
14	2212
14	2216
14	2220
14	2221
14	2224
14	2230
14	2234
14	2236
14	2238
14	2240
14	2242
14	2244
14	2246
14	2254
14	2266
14	2271
14	2287
14	2300
14	2305
14	2306
14	2344
14	2391
14	2398
14	2446
14	2518
14	2561
14	2577
14	2632
14	2638
14	2667
14	2666
14	2710
14	2716
14	2766
14	2868
14	2880
14	2887
14	2891
14	2893
14	2895
14	2903
14	2921
14	2922
14	2959
14	2984
14	2987
14	2989
14	3040
14	3065
14	3069
14	3071
14	3073
14	3080
14	3084
14	3092
14	3098
14	3102
14	3117
14	3138
14	3140
14	3141
14	3158
14	3159
14	3165
14	3166
14	3171
14	3186
14	3204
14	3215
14	3315
14	3564
14	3592
14	3600
14	3609
14	3617
14	3644
14	3662
14	3678
14	3679
14	3685
14	3690
14	3714
14	3757
14	3768
14	3774
14	3801
14	3853
14	3863
14	3969
14	3974
14	3993
14	3995
14	3996
14	3997
14	4004
14	4043
14	4049
14	4138
14	4250
14	4256
14	4332
14	4337
14	4371
14	4402
14	4483
14	4506
14	4551
14	4565
14	4577
15	2
15	4483
16	15
16	16
16	107
16	124
16	149
16	158
16	770
16	1061
16	1179
16	1182
16	1199
16	1880
16	1888
16	2338
16	2389
16	2390
16	2393
16	2394
16	2398
16	2454
16	2617
16	2636
16	2637
16	2646
16	2654
16	2655
16	2657
16	2820
16	2822
16	2823
16	2850
16	2916
16	3084
16	3207
16	3284
16	3569
16	3673
16	3685
16	3693
16	3923
17	1
17	170
17	180
18	1
18	170
18	175
19	18
19	124
19	243
19	247
19	282
19	1888
19	2711
19	2727
19	2759
19	2920
19	2957
19	3042
19	3084
19	3207
19	3592
19	3636
19	3861
20	19
20	3593
20	3671
20	3678
20	3702
20	3785
20	3825
20	3943
21	19
21	282
21	951
21	983
21	1035
21	2506
21	2514
21	2518
21	2522
21	2527
21	2531
21	2532
21	2536
21	2542
21	2548
21	2554
21	2557
21	2561
21	2566
22	19
22	59
22	58
22	405
22	462
22	734
22	3193
22	3678
22	4165
22	4534
22	4554
23	19
23	39
23	43
23	16
23	71
23	97
23	158
23	190
23	195
23	198
23	212
23	220
23	233
23	248
23	250
23	268
23	275
23	295
23	301
23	338
23	374
23	473
23	533
23	552
23	553
23	569
23	588
23	597
23	725
23	763
23	772
23	799
23	825
23	842
23	880
23	1075
23	1077
23	1091
23	1092
23	1093
23	1095
23	1138
23	1141
23	1154
23	1166
23	1175
23	1180
23	1181
23	1199
23	1204
23	1206
23	1241
23	1399
23	1428
23	1438
23	1492
23	1547
23	1702
23	1717
23	1722
23	1762
23	1871
23	1883
23	1889
23	1940
23	1962
23	2017
23	2025
23	2059
23	2060
23	2141
23	2171
23	2191
23	2209
23	2231
23	2240
23	2249
23	2265
23	2272
23	2274
23	2296
23	2308
23	2313
23	2314
23	2367
23	2368
23	2371
23	2373
23	2386
23	2417
23	2418
23	2446
23	2451
23	2464
23	2493
23	2506
23	2514
23	2518
23	2522
23	2527
23	2532
23	2533
23	2531
23	2536
23	2543
23	2545
23	2542
23	2548
23	2549
23	2554
23	2557
23	2561
23	2566
23	2601
23	2623
23	2645
23	2646
23	2653
23	2656
23	2667
23	2733
23	2741
23	2794
23	2828
23	2827
23	2851
23	2923
23	2924
23	2926
23	2971
23	3024
23	3018
23	3026
23	3067
23	3072
23	3080
23	3089
23	3090
23	3104
23	3186
23	3209
23	3225
23	3301
23	3315
23	3563
23	3565
23	3571
23	3582
23	3594
23	3629
23	3630
23	3631
23	3672
23	3756
23	3766
23	3786
23	3787
23	3790
23	3791
23	3812
23	3934
23	26
23	4028
23	4038
23	4042
23	4094
23	4095
23	4102
23	4147
23	4163
23	4231
23	4238
23	4313
23	4321
23	4331
23	4362
23	4373
23	4402
23	1621
23	4480
23	4492
23	4507
23	4536
23	4537
23	4538
23	4539
23	4540
23	4541
23	4542
23	4543
23	4544
23	4545
23	4546
23	4547
23	4549
23	4550
23	4576
24	19
24	24
24	18
24	56
24	89
24	186
24	1547
25	24
25	39
25	73
25	134
25	375
25	1314
25	1365
25	1806
25	1880
25	2307
25	2415
25	2605
25	2658
25	2659
25	2822
25	3314
25	3362
25	3451
25	3455
25	3685
25	3966
26	24
26	39
27	19
28	19
28	2845
28	2847
28	2918
28	3594
28	3810
29	28
29	19
29	1
29	41
29	188
29	192
29	351
29	354
29	371
29	373
29	394
29	397
29	403
29	404
29	408
29	422
29	441
29	444
29	445
29	447
29	451
29	450
29	546
29	554
29	682
29	708
29	709
29	714
29	717
29	741
29	797
29	796
29	798
29	826
29	837
29	839
29	967
29	1010
29	1013
29	1029
29	1077
29	1079
29	1111
29	1199
29	1217
29	1219
29	1227
29	1241
29	1314
29	1478
29	1492
29	1490
29	1506
29	1714
29	1852
29	1953
29	2169
29	2180
29	2201
29	2282
29	2281
29	2284
29	2285
29	2293
29	2319
29	2362
29	2382
29	2438
29	2485
29	2496
29	2497
29	2498
29	2522
29	2641
29	2807
29	2811
29	2901
29	2988
29	3053
29	3084
29	3106
29	3123
29	3145
29	3149
29	3155
29	3157
29	3165
29	3166
29	3186
29	3205
29	3207
29	3217
29	3216
29	3230
29	3231
29	3233
29	3289
29	3303
29	3304
29	3398
29	3412
29	3597
29	3613
29	3612
29	3618
29	3757
29	3774
29	3797
29	3799
29	3912
29	3914
29	3971
29	3987
29	3989
29	3990
29	3993
29	3996
29	3997
29	4004
29	4014
29	4016
29	4017
29	4028
29	4038
29	4063
29	4069
29	4076
29	4083
29	4115
29	4133
29	4135
29	4142
29	4152
29	4159
29	4160
29	4174
29	4238
29	4263
29	4277
29	4280
29	4281
29	4284
29	4285
29	4303
29	4310
29	4312
29	4316
29	4335
29	4332
29	4345
29	4344
29	4347
29	4348
29	4349
29	4366
30	19
31	19
32	31
32	19
32	1
32	51
32	83
32	97
32	94
32	103
32	128
32	190
32	191
32	193
32	192
32	195
32	198
32	233
32	362
32	367
32	380
32	387
32	389
32	392
32	394
32	399
32	403
32	404
32	417
32	428
32	429
32	431
32	437
32	442
32	441
32	444
32	443
32	445
32	447
32	451
32	458
32	474
32	491
32	522
32	541
32	585
32	601
32	654
32	661
32	669
32	691
32	695
32	699
32	703
32	708
32	713
32	719
32	721
32	724
32	727
32	734
32	733
32	737
32	740
32	741
32	770
32	790
32	791
32	798
32	801
32	840
32	845
32	853
32	854
32	855
32	858
32	856
32	864
32	872
32	893
32	903
32	911
32	907
32	906
32	927
32	948
32	970
32	975
32	982
32	983
32	986
32	985
32	994
32	1000
32	999
32	1001
32	1004
32	1005
32	1008
32	1010
32	1011
32	1013
32	1014
32	1019
32	1023
32	1029
32	1034
32	1035
32	1037
32	1040
32	1077
32	1097
32	1111
32	1117
32	1135
32	1136
32	1138
32	1140
32	1141
32	1146
32	1157
32	1195
32	1199
32	1227
32	1241
32	1260
32	1271
32	1314
32	1365
32	1369
32	1382
32	1403
32	1423
32	1425
32	1422
32	1426
32	1427
32	1428
32	1434
32	1435
32	1448
32	1469
32	1477
32	1480
32	1481
32	1484
32	1492
32	1491
32	1490
32	1496
32	1497
32	1498
32	1499
32	1500
32	1501
32	1502
32	1505
32	1506
32	1520
32	1527
32	1529
32	1534
32	1536
32	1543
32	1568
32	1572
32	1573
32	1579
32	1580
32	1581
32	1582
32	1591
32	1593
32	1597
32	1602
32	1716
32	1726
32	1799
32	1849
32	1860
32	1865
32	1870
32	1871
32	1874
32	1877
32	1895
32	1913
32	1916
32	1914
32	1926
32	1941
32	1940
32	1949
32	1995
32	2004
32	2009
32	2017
32	2025
32	2037
32	2040
32	2051
32	2053
32	2066
32	2138
32	2140
32	2149
32	2157
32	2156
32	2154
32	2161
32	2158
32	2176
32	2180
32	2183
32	2186
32	2191
32	2192
32	2199
32	2202
32	2213
32	2240
32	2241
32	2270
32	2281
32	2282
32	2283
32	2284
32	2286
32	2285
32	2287
32	2293
32	2330
32	2338
32	2364
32	2391
32	2412
32	2411
32	2413
32	2441
32	2454
32	2522
32	2569
32	2579
32	2583
32	2585
32	2602
32	2615
32	2629
32	2631
32	2633
32	2657
32	2662
32	2661
32	2664
32	2663
32	2665
32	2666
32	2668
32	2670
32	2702
32	2794
32	2793
32	2827
32	2829
32	2856
32	2858
32	2889
32	2903
32	2912
32	2916
32	3027
32	3044
32	3045
32	3055
32	3056
32	3057
32	3058
32	3079
32	3086
32	3095
32	3106
32	3134
32	3141
32	3143
32	3153
32	3184
32	3191
32	3194
32	3215
32	3226
32	3227
32	3238
32	3246
32	3247
32	3254
32	3255
32	3258
32	3587
32	3588
32	3593
32	3592
32	3598
32	3597
32	3599
32	3600
32	3601
32	3602
32	3603
32	3604
32	3605
32	3607
32	3608
32	3609
32	3610
32	3611
32	3612
32	3613
32	3615
32	3616
32	3617
32	3618
32	3672
32	3698
32	3757
32	3762
32	3768
32	3769
32	3774
32	3780
32	3783
32	3784
32	3797
32	3796
32	3798
32	3800
32	3799
32	3801
32	3804
32	3806
32	3810
32	3817
32	3820
32	3821
32	3829
32	3836
32	3912
32	3944
32	3946
32	3983
32	3987
32	3989
32	3990
32	3992
32	3997
32	4016
32	4069
32	4074
32	4076
32	4086
32	4090
32	4101
32	4113
32	4124
32	4126
32	4129
32	4137
32	4141
32	4146
32	4158
32	4173
32	4174
32	4177
32	4180
32	4192
32	4198
32	4199
32	4203
32	4217
32	4218
32	4263
32	4266
32	4274
32	4281
32	4285
32	4298
32	4303
32	4310
32	4312
32	4323
32	4325
32	4332
32	4335
32	4337
32	4365
32	4367
32	4366
32	4368
32	4370
32	4369
32	4371
32	4394
32	4403
32	4471
32	4535
32	4556
33	19
33	252
33	281
33	2900
33	2920
33	2921
33	3661
33	3849
33	3850
33	3851
33	3853
33	3855
33	3856
33	3857
33	3859
33	3860
33	3861
33	3862
33	3863
34	19
34	2866
34	2880
34	3110
35	1
35	56
35	63
35	65
35	180
35	4497
35	4512
36	35
36	1166
36	1259
36	1519
36	1906
36	2957
36	3034
36	3207
36	3772
37	36
37	112
37	812
37	1199
37	1855
37	1902
37	1903
37	1905
37	1904
37	1901
37	1909
37	2960
37	3025
37	3018
37	3026
37	3028
37	3029
37	3034
37	3048
37	3049
37	3050
37	3051
37	3972
37	4589
38	1
38	174
38	175
38	180
39	38
39	39
39	91
40	1
40	180
40	4483
41	40
41	3106
41	3914
41	3984
41	3987
41	3989
41	3990
41	4312
42	4
43	42
44	43
45	9
46	7
46	1525
46	1540
46	1586
47	12
47	1111
47	1116
47	1855
47	2361
47	3206
47	4352
48	178
48	179
49	48
50	49
50	3182
50	3183
50	3186
50	3184
50	3193
50	3808
50	3810
50	3827
50	4040
50	4248
51	50
51	52
52	50
52	3808
52	3813
53	52
53	99
53	344
53	418
53	432
53	499
53	533
53	751
53	762
53	2446
53	2745
53	2868
53	2895
53	3040
53	3158
53	3678
53	4042
53	4180
53	4182
53	352
53	3931
54	50
54	278
54	295
54	605
54	778
54	1425
54	1427
54	1452
54	1454
54	1455
54	1456
54	1458
54	1809
54	1812
54	1846
54	1864
54	2138
54	2143
54	2156
54	2153
54	2160
54	2161
54	2162
54	2158
54	2167
54	2175
54	2208
54	2223
54	2222
54	2254
54	2255
54	2256
54	2288
54	2321
54	2326
54	2344
54	2346
54	2370
54	2372
54	2386
54	2442
54	2447
54	2456
54	2490
54	2496
54	2615
54	2623
54	2629
54	2632
54	2633
54	2680
54	2704
54	2710
54	2726
54	2729
54	2743
54	2752
54	2843
54	2870
54	2879
54	2889
54	2890
54	2893
54	2892
54	2896
54	2900
54	2899
54	2906
54	2919
54	2935
54	2940
54	2984
54	3039
54	3061
54	3088
54	3109
54	3151
54	3211
54	3218
54	3575
54	3577
54	3640
54	3653
54	3658
54	3662
54	3665
54	3693
54	3711
54	3724
54	3741
54	3743
54	3744
54	3752
54	3753
54	3778
54	3857
54	3910
54	3915
54	4067
54	4295
54	4457
55	54
55	280
55	444
55	620
55	1000
55	999
55	1008
55	1010
55	1011
55	1012
55	1013
55	1015
55	1016
55	1017
55	1018
55	1029
55	1035
55	1040
55	1315
55	1317
55	1319
55	1327
55	1333
55	1335
55	1343
55	1388
55	1389
55	2282
55	2496
55	2497
55	2498
55	2506
55	2514
55	2518
55	2522
55	2527
55	2531
55	2532
55	2536
55	2542
55	2548
55	2554
55	2561
55	2566
55	2662
55	3588
55	3605
55	3613
55	3797
55	4367
56	169
56	187
57	180
58	57
58	124
58	1799
58	2836
58	2843
58	2856
58	2863
58	2864
58	2920
58	2922
58	3167
58	3169
58	3201
58	3294
58	3636
59	58
59	126
59	1800
59	2384
59	3137
60	58
60	4534
60	4554
60	4555
61	63
61	4496
61	4511
62	61
62	173
62	199
62	200
62	201
62	202
62	203
62	204
62	205
62	206
62	207
62	208
62	209
62	221
62	222
62	376
62	484
62	731
62	813
62	887
62	904
62	907
62	917
62	959
62	967
62	1019
62	1023
62	1435
62	1441
62	1534
62	1700
62	1699
62	1702
62	1703
62	1722
62	1812
62	1818
62	1831
62	1833
62	1879
62	1880
62	1926
62	1929
62	2018
62	2020
62	2051
62	2052
62	2059
62	2060
62	2063
62	2070
62	2157
62	2194
62	2220
62	2268
62	2330
62	2383
62	2419
62	2658
62	2882
62	3024
62	3207
62	3972
62	3973
62	3974
62	3977
62	4016
62	4058
62	4096
62	4281
62	4288
62	4394
62	4437
62	4462
63	64
63	1096
63	1135
65	64
67	4483
67	4498
67	4500
67	4522
68	67
68	68
68	1909
68	2605
68	2607
68	2655
68	2657
68	4476
69	68
69	69
69	75
69	149
69	2291
69	2389
69	2390
69	2393
69	2394
69	2416
69	2645
69	2646
69	2652
69	2654
69	2655
69	4501
69	4523
70	69
70	589
70	2660
71	70
71	586
71	591
72	71
72	194
72	557
72	566
72	682
72	685
72	691
72	708
72	718
72	719
72	724
72	726
72	728
72	749
72	798
72	805
72	813
72	847
72	853
72	856
72	858
72	864
72	866
72	867
72	870
72	1079
72	1092
72	1111
72	1146
72	1160
72	1164
72	1178
72	1195
72	1196
72	1205
72	1206
72	1215
72	1236
72	1243
72	1245
72	1249
72	1262
72	1270
72	1303
72	1365
72	1435
72	1623
72	1683
72	1690
72	1796
72	1809
72	1820
72	1823
72	1824
72	1825
72	1828
72	1840
72	1850
72	1853
72	1855
72	1861
72	1863
72	1871
72	1878
72	1880
72	2000
72	2017
72	2025
72	2051
72	2052
72	2053
72	2058
72	2149
72	2151
72	2160
72	2167
72	2170
72	2180
72	2199
72	2201
72	2205
72	2221
72	2229
72	2234
72	2269
72	2271
72	2272
72	2274
72	2323
72	2322
72	2395
72	2401
72	2419
72	2420
72	2422
72	2423
72	2425
72	2427
72	2431
72	2440
72	2446
72	2452
72	2583
72	2594
72	2642
72	2659
72	2747
72	2794
72	2822
72	2960
72	2975
72	2978
72	3084
72	3103
72	3106
72	3186
72	3218
72	3228
72	3229
72	3248
72	3249
72	3256
72	3257
72	3564
72	3574
72	3593
72	3631
72	3685
72	3986
72	4046
72	4052
72	4074
72	4092
72	4094
72	4096
72	4098
72	4100
72	4115
72	4118
72	4124
72	4136
72	4137
72	4142
72	4146
72	4148
72	4153
72	4154
72	4160
72	4180
72	4188
72	4192
72	4195
72	4199
72	4211
72	4227
72	4259
72	4263
72	4273
72	4281
72	4285
72	4291
72	4301
72	4331
72	4335
72	4337
72	4346
72	4402
72	4408
72	4409
72	4410
72	4411
72	4435
73	68
73	2643
74	67
74	210
74	220
74	233
74	275
74	414
74	776
74	1057
74	1092
74	1170
74	1227
74	1425
74	1426
74	1428
74	1445
74	1588
74	1610
74	1683
74	1690
74	1734
74	1812
74	2017
74	2025
74	2166
74	2172
74	2186
74	2191
74	2221
74	2223
74	2254
74	2382
74	2623
74	2653
74	2728
74	2732
74	2733
74	2734
74	2742
74	2759
74	2766
74	2851
74	2928
74	2929
74	3089
74	3090
74	3093
74	3121
74	3123
74	3163
74	3180
74	3234
74	3281
74	3571
74	3593
74	3756
74	3787
74	4084
74	4198
74	4297
74	4331
74	4337
74	4396
74	4399
74	4427
75	4483
76	75
76	197
76	220
76	231
76	299
76	339
76	1185
76	1547
76	1684
76	1683
76	1763
76	1881
76	2005
76	2025
76	2039
76	2047
76	2051
76	2227
76	2233
76	2235
76	2237
76	2245
76	2248
76	2258
76	2265
76	2391
76	2759
76	2760
76	2763
76	2946
76	2957
76	3035
76	3046
76	3215
76	3768
76	3769
76	3772
76	3954
76	3955
76	3956
76	3957
76	3958
76	3959
76	3960
76	3961
76	3962
76	3963
76	3964
76	4439
76	4446
76	4452
76	4465
76	4481
77	76
78	76
79	76
79	1684
79	2059
79	2279
80	76
80	1684
80	2060
80	2280
81	76
81	81
81	20
81	271
81	605
81	779
81	1399
81	1398
81	1547
81	1684
81	1690
81	1729
81	2017
81	2240
81	2458
81	2766
81	2926
81	3581
81	3813
81	3837
81	3941
81	3943
81	3966
81	4372
81	4433
82	76
82	770
82	822
82	1684
82	2790
82	2791
82	2794
82	2795
82	2960
82	3923
82	3925
82	4101
82	4323
83	20
83	2454
83	2646
83	2654
84	83
84	482
84	484
84	492
84	879
84	2270
84	2293
84	2441
84	2454
84	3480
84	4056
84	4079
84	4288
85	27
86	85
86	2906
86	2907
86	2908
87	86
87	2902
87	3096
88	34
89	170
90	175
90	176
91	174
92	91
92	1532
92	1570
92	1577
92	1893
92	2391
92	2600
92	3105
92	3214
92	3215
92	3763
92	3769
92	3772
93	92
93	360
93	364
93	367
93	415
93	417
93	418
93	419
93	420
93	421
93	422
93	423
93	424
93	425
93	427
93	428
93	429
93	430
93	431
93	432
93	433
93	434
93	435
93	436
93	454
93	699
93	703
93	741
93	803
93	845
93	848
93	849
93	850
93	866
93	867
93	1606
93	1813
93	2322
93	2330
93	2384
93	2446
93	2447
93	2577
93	3054
93	3055
93	3056
93	3057
93	3058
93	3070
93	3147
93	3200
93	3774
93	4083
93	4129
93	4158
93	4159
93	4174
93	4190
93	4196
93	4197
93	4198
93	4274
93	4316
93	3152
95	94
95	3217
95	3230
95	3231
95	3238
95	3258
96	94
97	96
97	3228
97	3229
97	3232
97	3235
97	3236
97	3237
97	3240
97	3241
97	3243
97	3248
97	3249
97	3251
97	3256
97	3257
97	3259
97	3262
97	3263
97	3266
97	3267
98	97
98	3282
99	97
99	99
99	1802
99	2836
99	2838
99	2878
99	2883
99	2890
99	3166
99	3268
99	3522
99	3752
101	100
103	102
103	104
103	4045
103	4046
103	4252
103	4253
104	103
105	104
105	259
105	1796
105	2814
105	2818
105	2824
105	2826
105	2910
105	2909
105	2912
105	2915
105	2920
105	2932
105	2931
105	2942
105	3173
105	3180
105	3195
105	3823
105	4588
106	104
106	434
106	461
106	463
106	468
106	2667
106	2909
106	2917
106	2918
106	2920
106	2942
106	2943
106	2944
106	2945
106	3195
106	3592
106	3807
106	3810
106	3811
106	3813
106	3830
107	103
107	3095
107	3100
107	3197
107	3569
107	3753
108	107
108	3065
108	3569
109	107
109	102
109	4044
109	4046
109	4251
109	4253
110	107
110	611
110	624
110	780
110	784
110	879
110	1391
110	1393
110	1392
110	1395
110	1397
110	1400
110	1403
110	1428
110	1443
110	1445
110	1456
110	1615
110	1728
110	2148
110	2151
110	2206
110	2214
110	2212
110	2224
110	2230
110	2341
110	2488
110	2599
110	2623
110	2655
110	2657
110	2728
110	2751
110	2785
110	3022
110	3024
110	3018
110	3026
110	3028
110	3029
110	3569
110	3573
110	3574
110	3693
110	3908
110	4079
110	4382
111	107
111	351
111	354
111	562
111	1057
111	1720
111	1884
111	2567
111	2623
111	2930
111	2933
111	3021
111	3075
111	3209
111	3575
111	3696
111	3866
111	3906
111	4092
112	107
112	124
112	608
112	770
112	785
112	778
112	1061
112	1095
112	1136
112	1154
112	1199
112	1888
112	2340
112	2487
112	2598
112	2623
112	2655
112	2657
112	3023
112	3029
112	3034
112	3036
112	3207
112	3569
112	3575
112	3673
112	3852
112	3923
112	4475
112	4591
113	112
113	124
113	126
113	359
113	364
113	367
113	378
113	392
113	407
113	419
113	424
113	454
113	556
113	678
113	707
113	715
113	723
113	728
113	735
113	739
113	741
113	751
113	798
113	805
113	1262
113	1851
113	2330
113	2384
113	2391
113	2446
113	3070
113	3101
113	3147
113	3146
113	3201
113	3640
113	3658
113	3670
113	3769
113	4000
113	4001
113	4006
113	4016
113	4074
113	4083
113	4089
113	4114
113	4134
113	4140
113	4142
113	4145
113	4152
113	4155
113	4162
113	4174
113	4182
113	4245
113	4267
113	4269
113	4271
113	4281
113	4282
113	4283
113	4301
113	4306
113	4305
113	4308
113	4316
113	4335
113	352
113	357
116	115
116	3177
116	3178
116	3179
116	4054
116	4261
118	117
118	123
118	122
118	1807
118	3175
118	3176
118	3199
118	3198
118	3203
118	3207
118	4047
118	4048
118	4254
118	4255
120	119
120	2825
120	2826
120	2829
120	2830
120	2831
120	2832
120	2833
120	2834
120	2835
120	2837
120	2838
120	2839
120	2840
120	2841
120	2842
120	2845
120	2846
120	2848
120	2849
120	2850
120	2852
120	2853
120	2854
120	2857
120	2858
120	2940
120	2942
120	2945
120	3047
120	3579
121	120
121	2814
121	2909
121	2915
121	2916
121	2937
121	2939
123	122
123	1809
123	3176
123	4048
123	4255
124	123
124	3199
125	124
125	3284
126	124
126	3201
126	3207
127	124
127	127
127	1888
127	2382
127	2391
127	3046
127	3047
127	3060
127	3066
127	3068
127	3069
127	3071
127	3073
127	3096
127	3108
127	3113
127	3117
127	3118
127	3122
127	3123
127	3127
127	3131
127	3135
127	3143
127	3151
127	3155
127	3165
127	3166
127	3167
127	3207
127	3673
127	3693
127	3757
127	3769
127	3774
129	128
129	133
129	3743
131	130
131	137
131	1297
131	1299
131	3700
131	3724
131	3725
131	3727
131	3740
132	131
132	1364
132	3732
132	3737
132	3741
132	3742
132	3748
132	3749
133	132
133	1878
134	133
134	3732
136	135
137	136
137	3747
139	138
139	1217
139	2372
139	2380
139	2469
139	2485
139	2490
139	2492
139	3991
140	139
140	622
140	624
140	2288
140	2299
140	2300
140	2305
140	2306
140	2318
140	2328
140	2329
140	2333
140	2334
140	2337
140	2338
140	2344
140	2452
140	2468
140	2478
140	2480
140	2481
140	2484
140	2485
140	2486
140	2571
140	2576
140	2615
140	2631
140	3992
140	4017
140	4265
140	4483
141	142
141	143
143	144
143	146
144	145
146	147
149	148
150	149
150	2005
150	2051
150	4381
151	149
151	158
151	1929
151	2001
151	2005
151	2017
151	2020
151	2016
151	2051
151	2052
151	2336
151	2451
151	4381
153	152
153	2291
153	2335
153	2338
153	2339
153	2649
153	2650
153	2651
153	2652
155	154
155	2290
155	2307
155	2335
155	2338
155	2339
155	2639
155	2649
155	2650
155	2652
155	2669
156	154
156	1221
156	2307
156	2319
156	2336
156	2337
156	2338
156	2339
156	2429
156	2430
156	2432
156	2433
156	2434
156	2435
156	2436
156	2437
156	2438
156	2439
156	2440
156	2454
156	2582
156	2585
156	2587
156	2646
156	2654
156	2747
156	3593
158	157
159	158
159	2018
159	2052
159	2451
161	160
161	2656
163	162
163	2278
163	2471
163	2610
163	2612
163	2625
163	2676
164	163
164	2581
164	2635
172	171
172	349
172	583
172	729
172	1756
172	3065
172	3909
172	3936
172	3950
172	4149
182	181
182	1869
182	1874
182	1886
182	3041
182	3086
182	3289
182	3767
183	182
183	1144
183	3836
183	4385
184	183
184	322
184	625
184	662
184	671
184	676
184	833
184	877
184	887
184	1449
184	1450
184	1465
184	1713
184	1882
184	1896
184	2071
184	2073
184	2074
184	2075
184	2076
184	2077
184	2078
184	2079
184	2087
184	2088
184	2185
184	2217
184	2239
184	2347
184	2574
184	2671
184	2764
184	2769
184	2771
184	2773
184	2774
184	2776
184	2777
184	2778
184	2781
184	2782
184	2784
184	2785
184	2786
184	2788
184	2789
184	2796
184	2797
184	2798
184	2799
184	2800
184	2801
184	2802
184	2803
184	2804
184	2809
184	2810
184	2812
184	2813
184	3038
184	3940
184	3942
184	3951
184	3965
184	3968
184	4105
184	4112
184	4379
184	4383
184	4478
185	184
185	230
185	347
185	349
185	469
185	531
185	585
185	593
185	598
185	696
185	744
185	885
185	954
185	998
185	1043
185	1190
185	1274
185	1329
185	1340
185	1342
185	1494
185	2003
185	2983
185	3081
185	3172
185	3793
185	3919
185	4127
185	4176
187	4505
187	4528
189	188
189	192
189	380
189	392
189	402
190	191
193	192
193	1227
193	1478
193	1480
193	1481
193	1484
193	1485
193	1491
193	1496
193	1497
193	1498
193	1499
193	1500
193	1501
193	1502
193	1504
193	1513
193	1515
196	195
196	233
196	1683
197	196
197	2039
212	219
212	220
213	212
213	479
213	482
213	491
215	214
215	1791
215	2037
215	2054
215	2066
215	2068
215	2069
216	215
218	217
224	223
224	334
224	1166
224	1185
224	1636
224	1637
224	1690
224	1697
224	1760
224	1761
224	1768
224	1777
224	1778
224	1816
224	2025
224	2053
224	2058
224	2063
224	2068
224	2760
224	2948
224	3956
224	3963
224	4439
224	4446
224	4452
224	4465
225	224
225	231
225	322
225	340
225	1185
225	1624
225	1625
225	1680
225	1690
225	1716
225	1748
225	1750
225	1760
225	1771
225	1780
225	1778
225	2017
225	2016
225	2025
225	2058
225	2063
225	2068
225	2224
225	2760
225	2763
225	2948
225	2951
225	3956
225	3962
225	3963
225	4439
225	4446
225	4452
225	4465
225	4470
226	225
226	1747
226	1759
226	1761
226	2063
226	2068
227	226
227	881
229	228
229	1472
229	1912
229	2009
229	2017
229	2070
229	2401
229	2429
229	2602
229	2701
229	2715
229	3375
229	3396
229	3774
229	3775
229	3926
229	3946
229	3947
232	231
232	233
234	233
234	441
234	559
234	2007
234	2285
234	2663
234	3597
234	3608
234	3616
234	3799
234	4369
234	4376
236	235
238	237
238	2091
238	2092
238	2093
238	2094
238	2095
238	2096
238	2097
238	2098
238	2099
238	2100
238	2101
238	2102
238	2103
238	2104
238	2105
238	2106
238	2107
238	2108
238	2109
238	2110
238	2111
238	2112
238	2113
238	2114
238	2115
238	2116
238	2117
238	2118
238	2119
238	2120
238	2121
238	2122
238	2123
238	2124
238	2125
238	2126
238	2127
238	2128
238	2129
238	2130
238	2131
238	2132
238	2133
238	2134
238	2135
238	2136
239	238
239	2160
241	240
241	242
241	243
241	245
241	246
241	247
241	248
241	249
240	244
242	244
243	244
245	244
244	296
246	244
247	244
247	296
248	247
248	244
249	244
250	254
250	255
250	257
250	259
250	260
251	250
251	1576
251	2828
253	252
253	254
253	276
253	3627
253	3784
253	3839
253	3864
253	3867
256	255
256	2819
256	2909
256	2913
256	2912
256	2915
256	3296
256	3311
256	3779
258	257
261	260
261	2726
261	2844
261	3697
261	3701
261	3702
261	3825
262	263
262	264
264	265
264	267
265	266
269	268
269	270
269	275
269	278
269	279
269	281
271	295
272	263
272	273
272	274
274	265
274	267
277	276
277	1793
277	2169
277	4390
280	279
280	617
280	2476
280	2497
280	2897
281	295
282	285
282	289
282	291
282	294
282	296
283	282
284	282
286	285
286	289
286	291
286	294
287	285
287	289
287	291
287	294
287	296
288	285
288	289
288	291
288	294
290	289
292	291
292	294
298	297
298	300
298	305
298	307
298	306
298	312
298	315
298	316
298	317
298	318
298	319
298	320
298	336
298	1817
298	1829
298	1843
298	2949
298	2950
298	2953
298	2954
298	3980
298	4108
297	300
297	305
297	307
297	308
297	309
297	311
297	313
297	316
297	317
297	318
297	319
297	1058
297	1059
297	1817
297	1826
297	1827
297	1829
297	1830
297	1832
297	1834
297	1835
297	1836
297	1837
297	1841
297	1842
297	1843
297	1844
297	2949
297	2950
297	2951
297	2952
297	2953
297	2954
297	3980
297	4107
297	4108
300	299
300	301
300	336
301	299
304	303
307	306
307	310
307	312
307	314
307	320
307	1815
310	315
322	321
322	323
322	324
322	325
322	326
322	327
322	328
322	329
322	330
322	331
322	332
322	333
322	335
322	2947
338	338
340	340
342	342
344	344
345	344
345	1909
345	2380
345	2473
345	2475
345	3932
345	3978
345	4052
345	4053
345	4055
345	4080
345	4259
345	4260
345	4262
345	4306
345	4389
346	344
346	360
346	359
346	364
346	417
346	418
346	419
346	420
346	421
346	423
346	426
346	428
346	429
346	431
346	433
346	434
346	436
346	547
346	845
346	848
346	850
346	866
346	867
346	2066
346	2153
346	2255
346	2256
346	3117
346	3123
346	3127
346	3130
346	3147
346	3155
346	3165
346	3166
346	3167
346	3215
346	3772
346	4083
346	4190
346	4197
346	4198
346	4316
346	4389
348	347
348	349
350	349
350	364
350	367
350	549
350	728
350	1262
350	2617
350	3065
350	3977
352	351
352	354
354	353
354	362
354	367
355	353
355	362
355	367
356	353
356	401
356	402
356	2567
356	2576
356	4266
356	4483
357	353
357	2489
357	2491
357	3689
358	353
358	362
358	367
360	359
359	3123
361	360
361	364
361	410
361	415
361	425
361	427
361	433
361	435
361	569
361	1573
361	1579
361	2044
361	2330
361	4028
361	4038
361	4238
361	4386
361	4395
362	359
362	365
363	362
363	367
365	364
366	364
366	1117
366	1118
368	367
368	661
368	1738
368	2183
368	2506
368	2514
368	2518
368	2522
368	2527
368	2531
368	2532
368	2536
368	2542
368	2548
368	2554
368	2557
368	2561
368	2566
368	3279
368	4069
367	3148
369	367
370	367
370	3149
372	371
372	373
374	374
375	376
375	2341
375	4285
378	377
378	392
378	407
378	2468
378	3071
377	392
377	407
379	378
379	1575
379	1892
379	1902
379	1903
379	1905
379	1904
379	1901
379	2567
379	2576
382	381
382	387
383	382
383	381
383	397
383	398
383	404
383	437
383	1496
383	1497
383	1498
383	1499
383	1500
383	1501
383	1502
383	2040
383	2283
383	2338
383	2587
383	2646
383	2654
383	2665
383	3599
383	3603
383	3611
383	3798
383	4365
384	382
384	389
384	397
384	398
386	385
386	387
388	387
388	392
388	404
388	441
388	532
388	898
388	983
388	1002
388	1496
388	1497
388	1498
388	1499
388	1500
388	1501
388	1502
388	2040
388	2283
388	2285
388	2348
388	2355
388	2374
388	2585
388	2663
388	2665
388	3597
388	3599
388	3603
388	3608
388	3611
388	3616
388	3798
388	3799
388	3944
388	4365
388	4369
390	389
392	391
392	392
392	449
392	458
392	463
392	2411
392	2413
392	2470
392	2575
392	2611
392	2615
392	2617
392	2631
392	2673
392	2742
392	2757
392	2758
392	3669
392	3702
392	3779
392	3782
392	3785
392	3818
392	3823
392	3825
392	3834
393	391
395	394
395	403
395	1503
395	2338
395	2382
395	2577
395	2587
395	2593
395	2646
395	2654
395	3084
395	4436
394	397
394	398
396	394
396	399
396	403
396	523
396	741
396	752
396	837
396	1223
396	2157
396	2191
396	2194
396	2204
396	2522
396	4082
396	4213
396	4266
396	4309
400	399
400	4403
404	456
404	2585
404	2587
407	406
409	408
411	410
411	412
411	414
411	1065
411	1679
411	1682
411	1697
411	1698
411	1720
411	1760
411	1761
411	1785
411	1786
411	1810
411	1811
411	1812
411	1814
411	3696
411	4396
411	4551
411	4553
413	412
413	426
413	1165
413	1210
413	2055
413	2473
413	3021
413	3910
413	4045
413	4252
416	415
416	2330
416	4004
416	4007
416	4337
427	426
427	796
427	2445
427	2577
427	3069
427	4158
427	4344
433	450
433	849
433	1571
433	1580
433	2319
433	2382
433	3768
433	4196
438	437
437	441
437	443
440	439
440	449
440	455
440	460
440	461
440	3591
439	443
442	441
442	443
441	443
444	443
444	444
444	445
446	445
446	967
446	1126
446	1386
446	1483
446	2281
446	2661
446	3089
446	3601
446	3604
446	3612
446	3796
446	4366
448	447
448	2284
448	2668
448	3602
448	3610
448	3618
448	3804
448	4368
450	455
451	450
451	451
451	456
451	2319
451	2382
451	2585
452	451
453	451
454	450
454	456
454	2319
454	2446
454	2584
454	2585
456	2382
457	456
459	458
462	461
462	464
462	467
462	468
462	473
465	464
465	912
467	466
467	470
467	471
467	475
469	474
470	470
472	471
472	1029
472	1035
472	3271
472	4076
472	4303
478	477
478	479
478	482
478	491
478	492
478	4058
480	479
480	2023
481	479
481	2023
485	484
485	4590
486	484
486	2479
486	2960
486	3993
487	484
487	488
487	490
489	488
489	490
494	493
494	2967
496	495
498	497
498	500
498	501
498	502
498	503
498	505
498	506
498	507
498	508
498	514
499	498
499	509
504	503
504	505
504	3058
504	1267
511	510
511	944
511	958
511	1019
512	510
513	2972
513	2981
515	515
515	518
515	3207
516	515
517	515
518	3207
519	518
520	518
526	525
526	3983
526	4218
527	528
528	528
528	529
531	535
534	533
534	4042
538	537
538	848
538	3082
538	3129
538	3924
538	4190
539	538
539	3815
540	538
540	3815
542	541
542	544
543	541
545	544
546	2469
546	4264
548	547
550	549
550	728
550	1262
550	1270
550	1520
550	4103
550	4327
555	554
556	555
556	557
556	558
556	559
556	560
556	562
556	563
556	564
556	2340
556	2341
556	3071
556	3595
556	3658
556	4312
556	352
561	560
568	567
568	1077
570	569
571	569
573	572
573	576
575	574
575	577
582	581
582	4288
583	584
587	586
587	661
587	893
587	1382
587	3186
587	3193
587	3194
587	3216
587	3272
590	589
589	2590
592	591
592	1223
593	594
598	601
600	599
605	604
605	613
605	615
606	605
606	604
606	613
607	604
609	608
609	622
610	608
612	611
614	613
616	615
618	617
620	619
620	1591
620	1616
620	2168
620	2186
620	2242
620	2255
620	2256
620	2476
620	2498
620	2752
620	2768
620	2889
620	2904
620	3107
620	3153
621	619
623	622
623	624
623	626
628	627
628	630
628	631
628	632
628	634
628	1301
628	1401
628	2219
628	3945
629	628
629	627
629	630
629	631
629	632
629	1435
629	2373
629	3577
634	633
634	634
634	643
634	644
634	651
634	653
634	656
634	664
634	666
633	647
633	648
633	649
633	650
633	652
633	654
633	655
633	657
633	658
633	659
633	660
635	634
635	907
635	917
635	963
636	635
637	636
637	4569
638	637
638	911
638	914
638	960
638	962
638	4566
638	4567
638	4568
638	4572
638	4573
638	4574
638	4578
638	4579
639	636
639	914
639	4192
639	4563
639	4569
639	4570
639	4573
639	4575
640	634
640	941
641	640
641	895
641	896
641	897
641	898
641	900
641	907
641	920
641	931
641	932
641	937
641	940
641	942
641	943
641	945
641	949
641	953
641	955
641	957
642	634
642	887
642	1401
642	1679
642	1682
642	1831
642	1833
642	3754
643	645
647	646
661	667
661	669
664	663
664	665
668	667
668	907
668	917
668	970
668	1043
668	2533
668	4192
668	4539
668	4541
668	4543
668	4545
668	4550
673	672
673	731
672	672
675	674
676	675
676	705
676	730
676	743
676	861
676	4018
678	677
678	683
678	687
678	688
678	691
678	853
677	685
679	678
679	707
679	715
679	723
679	728
679	751
679	778
679	798
679	805
679	1061
679	1167
679	1262
679	4000
679	4001
679	4006
679	4016
679	4074
679	4089
679	4114
679	4134
679	4142
679	4145
679	4152
679	4155
679	4162
679	4182
679	4245
679	4267
679	4269
679	4271
679	4281
679	4282
679	4283
679	4301
679	4306
679	4305
679	4308
681	680
683	682
687	686
687	689
687	690
693	692
693	695
693	717
693	724
693	798
693	805
693	875
693	4125
693	4126
693	4135
693	4146
693	4152
693	4158
693	4160
693	4335
692	733
692	864
694	692
694	4125
695	697
695	701
697	864
698	697
698	4128
698	4199
700	699
700	741
700	866
700	3056
700	3057
700	4020
700	4390
701	699
701	703
701	737
701	864
701	870
702	701
702	737
702	855
702	869
704	703
704	741
704	856
704	867
707	706
707	709
707	711
707	712
707	713
707	874
707	4062
707	4063
708	706
710	709
715	714
715	717
715	721
714	718
714	719
716	714
716	722
716	4142
720	719
720	4137
723	722
723	724
723	798
723	876
727	726
727	4092
727	4495
728	727
732	731
734	733
734	865
733	737
736	735
736	739
737	740
739	738
739	857
739	860
738	741
738	850
740	741
740	849
740	850
740	870
742	741
746	745
746	748
746	4025
747	746
750	749
751	750
751	753
751	756
751	4061
755	754
756	755
756	856
758	757
760	759
760	2458
760	2464
760	4307
761	760
761	2299
761	2305
761	2326
761	2330
761	2355
761	2359
761	2454
761	2458
761	2459
761	2461
761	2463
761	2466
761	2474
761	2484
761	2487
761	2571
761	2570
761	2576
761	2578
761	2615
761	2617
761	2631
761	2732
761	2960
761	3018
761	3026
761	3029
761	3071
761	3935
761	3937
762	759
762	763
762	766
765	764
765	772
765	3999
768	767
768	3998
769	768
769	2961
769	3017
769	3028
769	3029
770	769
770	3030
771	768
774	773
775	774
775	4090
778	777
778	2970
778	4081
778	4306
777	4080
779	778
779	1390
779	1421
779	1593
779	2213
779	3573
779	3574
779	3575
779	3576
780	779
780	1432
781	779
781	1402
781	1421
781	1440
781	1732
781	2216
781	2224
781	2230
781	2259
781	2805
781	3037
782	779
782	1432
782	1437
782	1734
783	782
783	1733
783	2046
783	3911
784	778
784	3039
785	778
786	785
786	1439
786	2262
786	2749
786	3585
786	4304
787	786
787	2262
787	3576
793	792
793	4103
795	794
795	3970
797	796
801	820
801	823
803	802
803	4050
803	4257
805	807
807	806
807	858
807	872
811	810
811	3999
811	4090
811	4092
812	811
812	838
812	4591
813	810
813	826
813	3996
813	3997
813	4004
813	4005
813	4015
814	813
815	813
815	3972
815	4337
816	813
816	2794
816	4101
816	4323
816	4337
817	813
817	834
818	810
818	820
818	823
818	1167
818	1519
818	1906
818	3025
818	3024
818	3051
818	3585
818	3972
820	819
820	840
820	856
820	874
820	876
820	1867
821	820
821	823
821	824
821	841
821	842
823	822
826	825
826	3996
826	3997
826	4004
826	4005
826	4015
827	826
828	826
828	4332
829	826
829	4332
830	826
830	876
830	2980
830	3207
830	4058
830	4337
831	826
831	835
831	837
833	832
836	835
836	1154
836	1153
836	1176
836	1191
836	1208
836	1243
836	2297
836	2298
836	2594
836	2960
836	3636
836	4083
836	4316
836	4337
843	842
845	844
845	4178
854	856
857	856
857	868
857	870
858	856
859	856
860	856
863	862
863	868
863	869
865	864
865	870
869	868
880	879
880	883
880	884
879	1684
882	881
881	1624
881	2041
886	882
887	1795
890	889
890	911
890	1020
890	1021
889	899
889	939
891	889
894	893
895	922
895	924
895	926
895	946
895	947
895	956
895	964
895	966
902	901
902	902
902	905
901	938
903	901
903	919
903	933
903	938
904	903
904	904
905	919
905	933
906	905
907	906
907	907
908	907
909	907
909	911
909	970
910	907
910	1021
911	907
911	970
912	907
912	944
912	958
912	1019
913	907
913	970
913	994
913	1018
914	907
914	970
915	907
915	917
915	1020
916	907
917	907
918	917
919	906
922	921
922	923
926	925
926	965
928	927
930	929
935	934
936	934
951	950
952	950
960	959
962	961
967	968
967	969
972	971
973	972
974	972
975	972
976	975
976	1864
976	3274
977	975
977	977
978	972
979	972
981	1008
983	1005
984	983
984	1006
986	985
986	986
986	987
986	988
986	990
986	991
986	992
986	1008
987	989
994	993
995	994
996	994
997	993
997	1000
997	1818
997	1825
997	2051
1000	999
1000	1000
1000	1008
1000	1010
1000	1011
1000	1012
1000	1013
1000	1014
1000	1015
1000	1016
1000	1017
1000	1018
999	999
999	1008
1003	1002
1003	1005
1003	1006
1003	1007
1002	1005
1004	1005
1005	1008
1006	1005
1007	1005
1008	3397
1019	1019
1024	1023
1028	1027
1028	3218
1028	4075
1028	4302
1030	1029
1030	3273
1030	3281
1031	1029
1032	1029
1032	1035
1032	2578
1032	3275
1033	1029
1033	1035
1039	1038
1045	1044
1045	1049
1045	1050
1045	1054
1045	1057
1045	1203
1045	1213
1045	1214
1046	1045
1047	1046
1047	1106
1047	1179
1047	1182
1048	1046
1048	1105
1052	1051
1052	1198
1053	1052
1054	1053
1054	1194
1056	1055
1057	1056
1057	1211
1061	1060
1061	1167
1061	1849
1061	2744
1061	3022
1061	3027
1061	3032
1061	4079
1061	4334
1062	1060
1062	1074
1065	1064
1065	1066
1068	1067
1068	1147
1068	1860
1068	2444
1068	2746
1068	3873
1068	3973
1068	3976
1068	4099
1068	4322
1070	1069
1070	1071
1070	1072
1070	1073
1073	1073
1075	1074
1075	1177
1077	1077
1077	1111
1077	1114
1078	1077
1078	2170
1080	1079
1081	1079
1081	1271
1081	1321
1081	1813
1081	2017
1081	2398
1081	3772
1083	1082
1082	1084
1082	1085
1087	1086
1087	1088
1087	1089
1087	1138
1087	1154
1087	1179
1087	1182
1095	1255
1097	1096
1097	1098
1098	1098
1099	1098
1099	1140
1099	1146
1100	1098
1100	1140
1100	1257
1101	1098
1103	1102
1102	1163
1102	1165
1104	1103
1104	1113
1104	1166
1105	1104
1105	1109
1105	1112
1105	1114
1105	1161
1105	1168
1105	1169
1106	1105
1107	1106
1107	1108
1107	1110
1107	1137
1107	1207
1107	1208
1116	1160
1116	1164
1121	1120
1121	1122
1121	1123
1121	1125
1124	1123
1124	1125
1129	1128
1129	2793
1129	4004
1129	4056
1132	1131
1132	1141
1132	1145
1132	1933
1132	1944
1132	1949
1134	1133
1134	1136
1134	1138
1134	1898
1139	1138
1139	1141
1143	1142
1144	1143
1149	1148
1149	1157
1149	1158
1150	1148
1152	1151
1153	1151
1153	1199
1153	1211
1154	1153
1154	1199
1154	1211
1155	1154
1156	1154
1159	1158
1159	1177
1162	1161
1167	1166
1167	1259
1173	1173
1174	1173
1175	1182
1180	1179
1180	1182
1182	1181
1182	1199
1183	1182
1188	1187
1193	1192
1193	1195
1193	1196
1194	1209
1200	1199
1200	1241
1201	1199
1202	1201
1207	1212
1208	1245
1208	1249
1220	1219
1222	1221
1226	1225
1226	1226
1226	1238
1226	1503
1226	1941
1226	1940
1226	2017
1226	2450
1227	1226
1227	1483
1228	1227
1228	1470
1229	1228
1229	1226
1229	1470
1230	1227
1230	1518
1231	1227
1231	1478
1231	1481
1231	1483
1231	1491
1231	1496
1231	1497
1231	1498
1231	1499
1231	1500
1231	1501
1231	1502
1231	1515
1231	1518
1232	1227
1233	1232
1233	1483
1233	1490
1242	1241
1245	1244
1245	1246
1245	1247
1245	1248
1251	1250
1252	1250
1252	1256
1252	2646
1252	2654
1254	1253
1254	1255
1254	1257
1258	1257
1260	1259
1260	1261
1260	4107
1260	4148
1260	4313
1260	4335
1260	4506
1260	4510
1261	1260
1262	1260
1263	1259
1263	4220
1263	4227
1263	4237
1263	4313
1263	4326
1264	1263
1265	1264
1266	1263
1267	1263
1267	4235
1270	1269
1270	1590
1270	1879
1270	1880
1270	4364
1270	4480
1276	1275
1276	1281
1276	1285
1276	1286
1276	3399
1276	3409
1276	3411
1276	3417
1276	3418
1276	3419
1276	3420
1276	3421
1276	3422
1276	3423
1276	3424
1276	3425
1276	3426
1276	3427
1276	3429
1276	3432
1276	3433
1276	3436
1276	3437
1276	3438
1276	3439
1276	3440
1276	3441
1276	3442
1276	3443
1276	3444
1276	3445
1276	3447
1276	3450
1276	3457
1276	3458
1276	3460
1276	3463
1276	3469
1276	3470
1276	3471
1276	3472
1276	3475
1276	3476
1276	3481
1276	3482
1276	3513
1276	3514
1276	3515
1276	3517
1276	3519
1276	3520
1276	3521
1276	3523
1276	3524
1276	3525
1276	3526
1276	3527
1276	3528
1276	3529
1276	3532
1276	3533
1276	3534
1276	3539
1276	3541
1276	3542
1276	3547
1276	3548
1276	3549
1276	3550
1276	3551
1276	3552
1276	3553
1276	3555
1276	3556
1276	3557
1276	3558
1276	3568
1277	1276
1277	1280
1277	1283
1277	1345
1277	1354
1277	3408
1277	3412
1277	3414
1277	3416
1277	3428
1277	3434
1277	3459
1277	3461
1277	3465
1277	3477
1277	3478
1277	3479
1277	3480
1277	3516
1277	3518
1277	3530
1277	3531
1277	3537
1277	3543
1277	3544
1277	3546
1277	3562
1278	1277
1278	3332
1278	3410
1278	3522
1278	3567
1280	1279
1280	1284
1280	1295
1280	1351
1280	1355
1280	1358
1280	3473
1283	1282
1283	1287
1283	1288
1283	1290
1283	1350
1283	1357
1283	1359
1283	3407
1283	3415
1283	3430
1283	3431
1283	3435
1283	3448
1283	3449
1283	3511
1283	3512
1283	3535
1283	3536
1283	3538
1283	3540
1283	3545
1283	3554
1283	3559
1290	1289
1290	1291
1290	1292
1290	1293
1290	1294
1290	1352
1297	1296
1297	1298
1297	1384
1301	1302
1301	1303
1301	1335
1303	1303
1310	1309
1310	1311
1310	1314
1313	1312
1316	1315
1318	1317
1322	1321
1322	1325
1333	1333
1336	1335
1337	1335
1338	1335
1339	1335
1341	1365
1345	1344
1345	1346
1345	1347
1345	1348
1345	1349
1345	1356
1354	1353
1361	1360
1361	1370
1362	1361
1362	1369
1362	1373
1363	1362
1363	1382
1364	1363
1364	3729
1364	3739
1365	1363
1366	1365
1367	1363
1369	1368
1369	1371
1373	1372
1373	1375
1373	1376
1373	1378
1373	1380
1375	1374
1375	1377
1375	1379
1375	1381
1382	1383
1390	1391
1390	1393
1390	1397
1393	1392
1393	1394
1393	1395
1393	1400
1392	3921
1395	3927
1397	1396
1397	1398
1396	1683
1399	1398
1400	3952
1402	2260
1404	1403
1404	2047
1403	1438
1405	1406
1405	1407
1405	1408
1405	1409
1410	1411
1410	1413
1410	1414
1410	1415
1411	1412
1411	1405
1416	1417
1416	1418
1416	1410
1418	1419
1418	1420
1423	1422
1424	1423
1424	1425
1424	1427
1425	1423
1425	1425
1429	1428
1428	1428
1430	1428
1430	4394
1432	1431
1432	2206
1432	2806
1432	3572
1432	3586
1432	4427
1436	1435
1442	1441
1442	2794
1446	1445
1446	1447
1446	2090
1452	1451
1452	1461
1454	1453
1454	1457
1454	1459
1458	3302
1461	2161
1461	2387
1464	1463
1464	1466
1464	1469
1464	1473
1464	1476
1464	2359
1464	3813
1468	1467
1468	1472
1468	1474
1468	1476
1470	1469
1470	1472
1470	1478
1470	1940
1470	2017
1471	1470
1478	1483
1478	1506
1479	1478
1479	2138
1479	2167
1479	2166
1479	2171
1479	2191
1479	2199
1479	2256
1479	3246
1479	3247
1479	3254
1479	3255
1480	1496
1480	1498
1480	1499
1480	1500
1480	1501
1480	1502
1481	1480
1481	1483
1481	1497
1482	1481
1482	1496
1482	1497
1482	1498
1482	1499
1482	1500
1482	1501
1482	1502
1483	1481
1485	1491
1487	1486
1487	1487
1487	1488
1489	1492
1489	1513
1491	1490
1492	1491
1494	1493
1496	1495
1498	1497
1505	1504
1508	1507
1508	1509
1509	1510
1509	1511
1509	1512
1515	1514
1517	1516
1520	1519
1520	1527
1520	1538
1520	1543
1519	1523
1519	1583
1519	1584
1519	1585
1521	1520
1522	1520
1522	1543
1522	1568
1524	1523
1524	1527
1524	1538
1524	1585
1526	1525
1526	1586
1527	1526
1527	1540
1529	1528
1529	1551
1529	1587
1530	1529
1532	1531
1532	1567
1533	1532
1533	1534
1535	1534
1535	1543
1535	1568
1536	1534
1536	1537
1536	1553
1538	1540
1538	1541
1538	1550
1539	1538
1539	1541
1539	1550
1539	1909
1539	2594
1539	2646
1539	2654
1539	3079
1539	3084
1539	3685
1539	4476
1542	1541
1542	1583
1543	1542
1543	1550
1543	1568
1543	1584
1544	1543
1545	1543
1545	2382
1546	1542
1547	1542
1547	1582
1548	1547
1548	2585
1548	3239
1549	1542
1549	1582
1553	1552
1553	1555
1553	1556
1553	1557
1553	1564
1553	1565
1555	1554
1555	1558
1555	1559
1555	1560
1555	1561
1555	1562
1555	1563
1567	1566
1567	1569
1567	1571
1566	1572
1568	1567
1568	1572
1568	1574
1569	1576
1569	1578
1570	1569
1570	1578
1570	3768
1570	3769
1571	1580
1571	1581
1574	1573
1574	1579
1573	1576
1573	1581
1575	1574
1575	1892
1575	3084
1575	3207
1577	1576
1577	3768
1579	1578
1579	1580
1592	1591
1592	1601
1592	1603
1592	1610
1593	1594
1596	1595
1596	1599
1596	1600
1595	1599
1595	1600
1597	1595
1597	1612
1597	1613
1597	1615
1598	1597
1598	1601
1598	1618
1602	1601
1602	1603
1602	1602
1602	1611
1604	1602
1604	1614
1604	1617
1604	4387
1604	4393
1604	4395
1604	4397
1605	1604
1605	1766
1605	1774
1605	1783
1605	1794
1605	2050
1605	2255
1605	2256
1605	2038
1605	4395
1605	4585
1606	1605
1606	2169
1606	2186
1606	277
1607	1602
1608	1602
1610	1609
1616	1615
1617	1616
1617	2044
1617	2048
1617	2049
1617	2056
1617	2061
1617	2069
1617	4386
1617	4394
1620	1619
1620	1687
1619	1700
1619	1703
1621	1619
1621	2177
1621	2180
1621	2172
1621	2201
1621	2203
1621	2209
1621	2212
1621	2229
1623	1622
1623	1630
1623	1635
1623	1650
1623	1658
1623	1674
1624	1623
1624	2032
1624	2053
1624	2054
1624	2058
1625	1623
1625	1627
1625	1631
1625	1636
1625	1651
1625	1659
1625	1675
1626	1623
1626	1622
1626	1630
1626	1629
1626	1628
1626	1635
1626	1634
1626	1641
1626	1640
1626	1644
1626	1646
1626	1648
1626	1650
1626	1652
1626	1654
1626	1656
1626	1658
1626	1660
1626	1663
1626	1662
1626	1666
1626	1668
1626	1670
1626	1672
1626	1674
1626	1704
1626	1706
1626	1708
1626	1710
1626	2041
1626	2058
1627	1622
1629	1628
1629	1641
1629	1644
1629	1656
1629	1668
1629	1672
1629	1704
1630	1629
1630	1638
1630	1646
1630	1652
1631	1630
1631	1632
1631	1639
1631	1653
1632	1629
1632	1633
1632	1642
1632	1645
1632	1657
1632	1669
1632	1673
1632	1705
1633	1628
1635	1634
1635	1648
1635	1654
1635	1663
1636	1635
1636	1637
1636	1649
1636	1655
1636	1664
1637	1634
1638	1660
1638	1710
1639	1638
1639	1647
1639	1661
1639	1711
1641	1640
1641	1666
1641	1670
1642	1641
1642	1643
1642	1667
1642	1671
1643	1640
1645	1644
1647	1646
1649	1648
1651	1650
1653	1652
1655	1654
1657	1656
1659	1658
1661	1660
1663	1662
1663	1706
1663	1708
1664	1663
1664	1665
1664	1707
1664	1709
1665	1662
1667	1666
1669	1668
1671	1670
1673	1672
1675	1674
1677	1676
1676	1683
1678	1677
1678	2028
1678	2029
1678	2030
1678	2046
1681	1680
1684	1683
1684	1685
1684	2039
1684	2046
1684	2068
1684	4428
1685	1684
1686	1683
1687	1683
1687	1687
1688	1687
1688	1695
1688	2042
1689	1687
1689	2213
1689	2216
1689	2225
1689	2230
1689	2236
1689	2238
1689	2259
1689	2265
1690	1687
1690	1690
1691	1690
1691	1715
1692	1690
1692	2269
1692	2448
1692	4402
1693	1690
1694	1687
1694	2047
1695	1694
1696	1687
1696	2211
1696	2216
1696	2224
1696	2227
1696	2230
1696	2233
1696	2235
1696	2237
1696	2245
1696	2248
1696	2258
1696	4587
1700	1699
1700	1702
1701	1700
1701	1699
1701	1703
1701	2017
1701	2042
1701	2170
1701	2223
1701	2221
1705	1704
1707	1706
1709	1708
1711	1710
1713	1712
1713	1714
1713	1721
1716	1716
1719	1718
1722	1722
1724	1723
1726	1725
1726	1730
1726	1746
1726	1762
1726	1790
1727	1726
1727	1728
1727	1729
1727	1747
1727	1784
1727	1791
1728	1725
1729	1725
1729	1730
1729	1763
1731	1730
1731	1745
1731	1757
1731	1767
1736	1735
1736	1807
1736	1809
1736	1812
1737	1731
1739	1738
1741	1740
1742	1740
1744	1743
1744	1753
1744	1787
1745	1744
1745	1767
1745	1769
1745	1778
1746	1745
1746	1757
1747	1746
1747	1748
1747	1758
1748	1745
1748	1749
1748	1768
1748	1770
1748	1779
1749	1744
1749	1751
1749	1754
1749	1788
1750	1749
1750	1752
1750	1755
1750	1789
1750	2032
1751	1743
1752	1751
1752	2031
1754	1753
1755	1754
1755	2035
1758	1757
1759	1758
1759	2041
1759	2743
1759	3577
1763	1762
1763	1764
1765	1764
1765	1772
1765	1775
1765	1776
1765	1777
1765	1781
1765	1792
1765	2373
1765	2595
1765	3210
1766	1764
1766	2037
1766	2048
1766	2066
1768	1767
1770	1769
1771	1770
1771	2054
1774	1773
1774	2056
1779	1778
1780	1779
1780	1778
1780	1813
1780	2057
1780	2058
1783	1782
1783	2061
1785	1784
1785	2063
1788	1787
1789	1788
1789	2064
1789	2066
1791	1790
1794	1793
1794	2043
1794	2045
1794	2069
1797	1796
1798	1797
1798	2872
1799	1798
1799	2862
1799	2863
1799	2864
1799	2877
1800	1799
1800	1895
1800	2383
1800	2893
1800	3201
1800	3743
1800	3752
1802	1801
1802	3314
1802	3315
1802	3317
1802	3332
1802	3354
1802	3362
1802	3367
1802	3375
1802	3377
1803	1802
1803	3286
1803	3291
1803	3292
1803	3293
1803	3294
1804	1803
1804	3218
1804	3282
1804	3283
1804	3297
1804	3302
1805	1804
1805	1895
1805	2852
1805	3286
1805	3293
1805	3297
1805	3315
1805	3318
1805	3564
1805	3567
1805	3850
1805	3851
1805	3855
1806	1803
1807	1807
1808	1807
1816	1815
1816	1817
1819	1818
1819	1820
1819	1822
1819	1823
1819	1824
1819	1865
1819	1871
1821	1820
1821	1823
1821	1824
1847	1846
1847	1862
1846	1861
1848	1846
1849	1855
1851	1850
1851	1853
1851	1871
1851	1875
1851	1878
1852	1853
1854	1853
1854	1865
1855	1853
1857	1856
1858	1856
1862	1861
1862	1863
1867	1866
1869	1868
1869	1887
1872	1871
1874	1873
1876	1875
1876	4331
1876	4347
1876	4348
1886	1885
1886	3053
1886	3967
1890	1889
1890	3046
1891	1890
1891	2391
1891	3215
1893	1892
1894	1892
1900	1899
1901	1900
1901	1906
1901	1908
1901	1911
1902	1901
1903	1901
1904	1901
1905	1904
1907	1906
1910	1909
1910	3079
1910	3084
1913	1912
1913	1915
1913	1914
1913	1938
1913	1940
1913	1941
1913	1952
1913	1955
1913	1956
1913	1959
1913	2005
1913	2009
1913	2012
1912	1914
1912	1955
1912	1956
1915	1914
1915	1934
1916	1915
1916	1938
1916	1940
1916	1959
1917	1916
1917	1923
1917	1927
1917	1958
1917	1977
1917	1995
1918	1917
1918	1922
1918	1959
1919	1914
1920	1914
1922	1921
1922	1926
1922	1931
1922	1952
1923	1921
1923	1931
1925	1924
1925	1940
1925	2014
1927	1926
1927	1952
1928	1927
1929	2004
1929	2337
1930	1929
1936	1935
1935	1940
1937	1935
1937	1949
1938	1959
1940	1939
1940	1949
1941	1940
1942	1940
1942	1959
1942	1960
1942	1996
1942	1997
1943	1940
1943	1944
1943	2004
1943	2006
1943	2007
1943	2008
1943	2009
1943	2337
1943	4586
1944	1940
1945	1944
1945	4586
1946	1944
1946	2004
1946	2337
1946	4586
1947	1939
1948	1939
1949	2002
1950	1949
1952	1951
1952	1995
1954	1953
1958	1957
1958	1977
1958	1992
1957	1994
1957	1997
1959	1958
1959	1962
1959	1981
1959	1993
1959	1995
1960	1958
1960	1995
1961	1957
1962	1980
1962	1982
1963	1964
1963	1970
1963	1971
1964	1965
1964	1966
1964	1967
1964	1968
1964	1969
1972	1964
1972	1973
1972	1974
1972	1975
1972	1971
1976	1964
1977	1979
1978	1977
1978	1996
1983	1984
1984	1985
1985	1986
1985	1987
1985	1988
1985	1989
1990	1984
1992	1991
1996	1995
1999	1998
1999	2002
1998	2009
1998	2338
2001	2000
2002	2001
2004	2005
2010	2009
2011	2009
2013	2012
2017	2016
2017	2022
2018	2017
2019	2017
2020	2017
2021	2017
2024	2023
2026	2025
2027	2025
2027	3762
2032	2031
2032	2035
2032	2064
2033	2032
2034	2032
2034	2036
2034	2064
2034	2065
2038	2037
2038	2057
2038	2066
2038	2255
2038	2256
2038	4389
2038	4390
2040	2051
2044	2043
2044	2045
2050	2049
2063	2062
2067	2068
2081	2080
2081	2089
2081	2090
2083	2082
2085	2084
2085	2086
2132	2137
2139	2138
2139	2143
2139	2144
2139	2182
2139	2198
2139	2200
2138	2151
2141	2204
2142	2141
2142	2293
2145	2144
2145	2151
2145	2167
2145	2200
2144	2221
2146	2144
2146	2169
2146	2170
2146	2186
2146	2221
2146	2229
2147	2146
2147	2152
2148	2146
2148	2152
2148	2213
2148	2216
2148	2224
2148	2242
2149	2144
2149	2151
2149	2157
2149	2176
2149	2191
2149	2198
2149	2200
2149	2202
2149	2242
2150	2149
2150	2160
2150	2162
2152	2151
2152	2180
2152	2201
2152	2200
2152	2212
2154	2153
2154	2159
2154	2168
2155	2154
2155	2155
2155	2156
2155	2167
2156	2154
2156	2167
2156	2175
2157	2156
2157	2157
2157	2183
2159	2158
2159	2210
2158	2186
2160	2159
2161	2159
2161	2158
2161	2192
2162	2159
2162	2169
2162	2168
2162	2167
2162	2166
2162	2175
2162	2187
2163	2158
2163	2166
2164	2158
2164	2165
2165	2158
2165	2166
2165	2167
2165	2186
2166	2158
2167	2166
2167	2182
2167	2186
2168	2167
2169	2168
2169	2210
2170	2167
2170	2221
2170	2229
2171	2170
2171	2228
2171	2230
2172	2171
2173	2170
2174	2166
2178	2177
2178	2180
2178	2171
2178	2201
2178	2222
2178	2228
2178	2256
2179	2179
2181	2180
2181	2201
2181	2212
2185	2184
2185	2264
2189	2188
2189	2190
2189	2193
2189	2249
2195	2194
2195	2204
2196	2195
2196	2197
2197	2194
2197	2204
2197	2205
2199	2201
2200	2199
2200	2205
2201	2200
2204	2204
2209	2221
2209	2229
2213	2212
2213	2229
2213	2257
2212	2221
2212	2250
2214	2213
2214	2212
2214	2229
2215	2214
2215	2221
2215	2222
2215	2223
2215	2229
2215	2257
2215	2259
2215	2263
2218	2218
2218	2231
2218	2232
2221	2234
2221	2247
2222	2221
2222	2257
2223	2222
2223	2259
2225	2224
2224	2228
2224	2234
2224	2246
2226	2228
2227	2227
2228	2236
2228	2238
2228	2244
2228	2249
2241	2240
2243	2242
2252	2251
2252	2253
2252	2254
2254	2255
2254	2256
2260	2261
2265	2265
2267	2266
2269	2269
2270	2269
2271	2269
2271	2271
2271	2646
2271	2654
2272	2271
2272	2273
2272	2419
2274	2273
2274	2274
2274	4402
2276	2275
2276	4408
2276	4409
2276	4410
2276	4411
2277	2275
2277	2420
2277	2422
2277	2424
2277	2426
2277	2427
2278	2613
2278	2614
2282	2281
2282	2282
2282	2287
2283	2285
2283	2287
2286	2285
2286	2287
2285	2287
2288	2287
2288	2667
2289	2288
2289	2290
2289	2307
2289	2319
2289	2339
2289	2454
2289	2455
2289	2649
2289	2650
2289	2652
2293	2292
2294	2293
2294	2296
2294	2297
2294	2298
2294	2308
2294	2311
2295	2292
2299	2300
2299	2306
2301	2302
2303	2304
2309	2308
2309	2310
2309	2313
2309	2314
2309	2315
2309	2360
2309	2367
2312	2311
2312	2362
2315	2391
2315	2398
2315	2442
2315	2646
2315	3810
2316	2309
2316	2453
2317	2309
2317	2453
2319	2318
2319	3070
2318	2322
2318	2324
2318	2326
2320	2318
2322	2321
2322	2323
2326	2325
2326	2327
2329	2328
2329	2333
2329	2334
2331	2330
2332	2329
2342	2341
2345	2344
2349	2348
2349	2358
2349	2361
2348	2351
2348	2352
2350	2348
2350	2354
2350	2609
2350	2610
2352	2353
2354	2358
2356	2355
2356	2357
2356	2468
2356	2617
2356	2673
2356	2732
2356	3071
2357	2358
2358	2359
2359	2361
2359	2631
2360	2359
2360	2360
2360	2413
2360	2603
2360	2631
2362	2363
2362	2364
2362	2365
2362	2366
2369	2368
2371	2370
2371	2372
2371	4483
2370	2372
2373	2373
2375	2374
2375	2376
2377	2376
2377	3947
2378	2376
2380	2379
2380	2381
2383	2382
2383	3095
2383	3099
2383	3102
2383	3105
2383	3757
2384	2383
2384	3094
2384	3097
2384	3099
2384	3102
2384	3111
2384	3112
2384	3117
2384	3119
2384	3134
2384	3136
2384	3146
2384	3148
2384	3150
2384	3155
2384	3165
2384	3166
2384	3202
2384	3207
2385	2383
2386	2382
2386	2577
2386	3151
2386	3592
2387	2386
2387	2387
2387	2711
2387	2727
2387	2852
2387	2906
2387	3061
2387	3093
2387	3107
2387	3109
2387	3127
2387	3133
2387	3283
2387	3282
2387	3850
2387	3851
2392	2391
2396	2395
2396	2399
2396	2400
2396	2401
2396	2402
2396	2417
2397	2395
2397	2399
2397	2400
2397	2401
2397	2402
2404	2403
2404	2406
2404	2407
2404	2408
2404	2409
2404	2410
2404	2415
2405	2403
2405	2406
2405	2407
2405	2408
2405	2409
2405	2410
2405	2415
2412	2411
2412	2413
2414	2413
2414	3762
2414	3763
2421	2420
2424	2423
2424	2425
2428	2427
2428	4411
2431	2430
2431	2435
2431	2437
2431	2438
2431	2439
2442	2441
2443	2442
2443	2454
2443	2646
2443	2654
2445	2447
2445	2570
2446	2447
2459	2463
2459	2466
2461	2460
2461	2465
2461	4087
2460	4311
2462	2460
2468	2467
2472	2471
2472	2580
2472	2606
2472	2607
2472	2635
2477	2476
2477	2484
2480	2479
2481	2487
2481	2488
2481	2489
2481	2491
2482	2302
2483	2304
2484	2570
2486	2485
2486	3992
2486	3993
2486	3996
2486	3997
2493	2494
2495	2494
2500	2499
2500	2503
2500	2510
2500	2512
2500	2520
2500	2523
2500	2525
2500	2529
2500	2538
2500	2540
2500	2550
2500	2552
2500	2562
2500	2564
2502	2501
2502	2511
2502	2516
2502	2519
2502	2524
2502	2528
2502	2539
2502	2551
2502	2555
2502	2559
2502	2563
2505	2504
2505	2513
2505	2517
2505	2521
2505	2526
2505	2530
2505	2535
2505	2537
2505	2541
2505	2547
2505	2553
2505	2556
2505	2560
2505	2565
2507	2506
2507	2514
2507	2518
2507	2522
2507	2527
2507	2531
2507	2532
2507	2536
2507	2542
2507	2548
2507	2554
2507	2557
2507	2561
2507	2566
2506	2579
2508	2506
2508	2514
2508	2518
2508	2522
2508	2527
2508	2531
2508	2532
2508	2536
2508	2542
2508	2548
2508	2554
2508	2557
2508	2561
2508	2566
2509	2506
2509	2514
2509	2518
2509	2522
2509	2527
2509	2532
2509	2531
2509	2536
2509	2545
2509	2542
2509	2548
2509	2549
2509	2554
2509	2557
2509	2561
2509	2566
2515	2514
2515	2518
2515	2522
2515	2527
2515	2532
2515	2531
2515	2536
2515	2545
2515	2542
2515	2549
2515	2554
2515	2561
2515	2566
2518	2567
2518	2577
2532	2531
2533	2531
2534	2533
2534	2543
2534	4536
2534	4537
2534	4538
2534	4539
2534	4540
2534	4541
2534	4542
2534	4543
2534	4544
2534	4545
2534	4546
2534	4549
2534	4550
2542	2576
2543	2542
2544	2543
2544	4536
2544	4537
2544	4538
2544	4540
2544	4542
2544	4544
2544	4546
2544	4547
2544	4549
2545	2542
2545	2554
2545	2576
2545	2579
2546	2545
2546	2549
2549	2570
2549	2576
2554	2576
2557	2579
2558	2557
2568	2567
2568	2570
2568	2576
2568	2577
2568	4062
2571	2570
2572	2571
2572	2575
2574	2573
2574	2640
2574	2641
2584	2583
2586	2585
2586	2588
2591	2590
2591	2592
2591	2598
2591	2599
2591	2600
2595	2594
2596	2594
2596	2601
2596	2591
2597	2594
2604	2603
2606	2605
2606	2609
2606	2619
2608	2607
2608	2656
2617	2616
2617	2624
2618	2617
2618	2630
2618	2631
2619	2620
2619	2621
2619	2622
2625	2626
2625	2627
2625	2628
2631	2632
2631	2634
2632	2633
2644	2643
2647	2646
2647	2654
2648	2646
2648	2654
2662	2661
2662	2662
2662	2666
2664	2663
2664	2666
2663	2666
2665	2663
2665	2666
2667	2666
2671	2670
2671	2672
2671	2740
2674	2673
2675	2673
2678	2677
2678	2692
2677	2698
2677	2699
2679	2678
2679	2681
2679	2682
2679	2683
2679	2685
2679	2687
2679	2688
2679	2702
2679	2704
2679	2711
2679	2719
2679	2752
2681	2680
2685	2684
2685	2686
2684	2706
2684	2707
2686	2705
2686	2708
2686	2709
2687	2690
2687	2691
2687	2696
2687	2697
2688	2689
2688	2693
2688	2694
2688	2695
2688	2700
2688	2701
2688	2716
2688	2717
2688	2718
2688	2721
2703	2702
2703	2738
2703	2739
2713	2712
2713	3841
2713	3843
2714	2713
2714	3842
2714	3844
2714	3848
2721	2720
2721	2722
2721	2723
2721	2724
2728	2741
2730	2729
2734	2741
2735	2734
2737	2736
2745	2744
2748	2747
2748	2756
2750	2749
2751	2750
2751	3039
2753	2752
2753	2889
2753	3698
2753	3700
2753	3704
2753	3706
2754	2752
2754	2754
2765	2764
2765	2765
2769	2768
2769	2775
2769	2783
2768	2770
2768	2787
2768	2807
2768	2811
2773	2772
2778	2779
2778	2780
2788	2808
2792	2791
2792	2960
2794	2793
2815	2814
2815	2817
2815	3301
2815	3563
2815	3578
2815	3844
2815	3845
2816	2815
2816	2909
2816	2915
2816	3296
2816	3300
2816	3848
2819	2818
2819	3284
2819	3306
2819	3308
2821	2820
2821	2822
2824	2823
2824	2860
2824	2917
2824	2918
2824	2926
2824	2928
2824	2929
2824	2943
2824	2944
2827	2826
2828	2827
2828	2860
2836	2838
2844	2843
2847	2846
2851	2850
2851	2851
2851	3693
2855	2854
2855	3178
2855	3179
2855	3185
2855	3190
2855	4103
2855	4327
2860	2859
2860	2861
2862	2867
2862	2870
2862	2886
2862	2888
2862	2894
2862	2896
2862	2897
2862	2902
2862	2904
2863	2866
2863	2874
2863	2878
2863	2879
2863	2880
2863	2882
2863	2890
2863	2892
2863	2899
2864	2869
2864	2871
2864	2881
2864	2883
2864	2885
2864	2905
2866	2865
2866	2876
2867	2904
2868	2867
2868	2896
2868	3111
2868	3112
2868	3872
2874	2873
2874	2884
2874	2887
2874	2891
2874	2901
2874	2903
2873	2875
2873	2898
2875	2922
2878	2922
2879	3167
2879	3168
2880	2922
2887	2922
2889	2888
2889	3133
2891	2922
2893	2892
2893	2935
2893	3743
2893	3744
2895	2894
2895	2896
2896	2897
2898	2922
2899	3170
2900	2899
2901	2922
2910	2909
2910	2912
2912	2911
2912	2914
2913	2912
2921	2920
2924	2923
2924	2924
2925	2924
2928	2927
2931	2930
2931	2933
2932	2931
2932	2934
2937	2936
2938	2938
2942	2941
2949	3979
2949	4106
2956	2955
2958	2957
2959	2959
2961	2960
2961	3026
2961	4267
2960	2970
2962	2960
2962	2971
2963	2962
2963	2965
2964	2960
2965	2960
2965	2982
2967	2966
2967	2968
2967	2969
2973	2972
2973	2981
2973	2980
2974	2973
2974	2963
2976	2975
2976	2978
2977	2975
2979	2978
2981	2980
2985	2984
2985	2987
2985	2988
2985	3027
2986	2984
2990	2991
2990	2992
2990	3003
2992	2993
2992	3000
2992	3001
2992	3002
2993	2994
2993	2995
2993	2996
2996	2997
2996	2999
2997	2998
2999	2998
3001	529
3002	529
3004	3005
3004	2994
3004	3006
3007	3008
3007	2993
3009	3010
3009	3011
3009	2993
3009	2998
3012	3013
3012	2994
3012	3003
3012	3014
3012	3015
3015	3016
3016	529
3017	3018
3020	3019
3020	3018
3020	3026
3022	3021
3022	3036
3023	3021
3023	3036
3024	3018
3025	3024
3028	3031
3028	3033
3034	3035
3040	3860
3043	3042
3043	3044
3043	3785
3043	3847
3053	3052
3054	3054
3060	3059
3060	3061
3060	3062
3060	3063
3060	3064
3060	3067
3060	3072
3060	3073
3060	4043
3060	4250
3059	3076
3068	3067
3069	3070
3073	3074
3073	3075
3080	3079
3080	3084
3080	3685
3083	3082
3085	3084
3091	3090
3091	3092
3091	3093
3095	3094
3095	3097
3095	3117
3095	3119
3095	3127
3095	3130
3095	3132
3095	3143
3095	3150
3095	3151
3094	3108
3094	3111
3094	3112
3094	3116
3094	3122
3094	3123
3094	3134
3094	3135
3094	3136
3094	3145
3097	3096
3097	3131
3097	3155
3097	3165
3097	3166
3096	3120
3099	3098
3099	3100
3099	3101
3099	3103
3099	3104
3099	3106
3099	3205
3108	3107
3108	3109
3108	3110
3108	3128
3114	3113
3114	3116
3114	3124
3114	3138
3116	3115
3116	3125
3116	3140
3119	3118
3119	3167
3122	3121
3122	3141
3126	3125
3130	3129
3130	3148
3130	3149
3130	4049
3130	4256
3134	3133
3134	3139
3134	3153
3134	3168
3134	3169
3134	3170
3134	3171
3134	3744
3134	3753
3137	3136
3137	3743
3137	3752
3143	3142
3143	3144
3147	3146
3152	3151
3152	4389
3155	3162
3155	3163
3155	3164
3156	3155
3157	3155
3158	3155
3158	3158
3180	3181
3185	3184
3185	3187
3185	3192
3186	3184
3186	3192
3189	3188
3189	3190
3189	3191
3196	3195
3196	3197
3199	3198
3201	3202
3204	3204
3208	3207
3210	3209
3210	3211
3210	3212
3210	3578
3210	3843
3210	3846
3217	3216
3217	3226
3217	3227
3217	3233
3217	3234
3217	3239
3217	3242
3217	3246
3217	3247
3217	3250
3217	3254
3217	3255
3217	3260
3217	3261
3217	3264
3217	3265
3216	3221
3218	3216
3218	3226
3218	3227
3218	3228
3218	3229
3218	3242
3218	3246
3218	3247
3218	3249
3218	3250
3218	3254
3218	3255
3218	3256
3218	3260
3218	3261
3218	3264
3218	3265
3218	3269
3218	3270
3218	3271
3218	3272
3218	3273
3218	3274
3218	3275
3218	3276
3218	3277
3218	3279
3218	3280
3218	3302
3218	3413
3218	3456
3218	3560
3220	3219
3221	3220
3221	3222
3243	3244
3243	3245
3251	3252
3251	3253
3283	3282
3286	3285
3286	3313
3286	3319
3286	3320
3286	3321
3286	3322
3286	3323
3286	3324
3286	3325
3286	3326
3286	3327
3286	3335
3286	3336
3286	3337
3286	3338
3286	3339
3286	3341
3286	3343
3286	3347
3286	3356
3286	3357
3286	3358
3286	3359
3286	3370
3286	3373
3286	3374
3286	3378
3286	3380
3286	3387
3286	3388
3286	3389
3286	3391
3286	3392
3285	3350
3285	3382
3285	3383
3285	3384
3285	3385
3285	3386
3285	3429
3285	3438
3287	3285
3289	3288
3289	3295
3288	3290
3288	3298
3288	3303
3288	3304
3288	3305
3291	3299
3291	3361
3291	3379
3291	3394
3291	3395
3292	3312
3292	3316
3292	3328
3292	3329
3292	3333
3292	3334
3292	3342
3292	3344
3292	3345
3292	3346
3292	3348
3292	3349
3292	3351
3292	3364
3292	3365
3292	3366
3292	3368
3292	3369
3292	3371
3292	3372
3292	3376
3292	3381
3293	3318
3293	3390
3294	3330
3294	3352
3299	3355
3304	3398
3308	3307
3310	3309
3311	3818
3315	3331
3336	3340
3341	3393
3354	3353
3354	3360
3362	3522
3363	3362
3363	3396
3363	3397
3382	3458
3400	3401
3400	3403
3400	3405
3401	3402
3402	3486
3403	3401
3403	3404
3403	3405
3405	3401
3405	3406
3414	3413
3414	3451
3414	3455
3414	3456
3414	3464
3414	3468
3414	3474
3452	3451
3453	3451
3455	3454
3463	3462
3465	3466
3468	3467
3483	3484
3483	3485
3483	3402
3486	3487
3486	3492
3486	3502
3486	3503
3486	1408
3486	3504
3486	1409
3486	267
3486	3506
3486	3507
3486	3509
3487	3488
3487	3489
3487	3490
3487	3491
3487	3492
3487	1408
3487	3493
3487	3494
3487	3495
3487	3496
3487	3497
3487	3498
3487	3499
3496	1407
3496	1409
3499	3500
3500	3501
3504	3505
3505	1407
3505	1409
3507	3508
3509	3510
3561	3560
3564	3567
3566	3565
3566	3568
3566	3570
3565	3565
3581	3580
3581	3582
3581	3583
3583	3584
3587	3587
3588	3587
3588	3588
3588	3600
3588	3601
3590	3589
3592	3591
3592	3606
3592	3614
3591	3600
3593	3592
3594	3593
3595	3592
3595	3675
3595	3677
3595	3688
3595	3689
3595	3691
3596	3592
3596	3667
3596	3668
3596	3680
3596	3689
3596	3848
3598	3597
3598	3600
3597	3600
3599	3597
3599	3600
3603	3608
3603	3609
3605	3604
3605	3605
3605	3609
3606	3609
3607	3606
3607	3608
3607	3609
3608	3609
3611	3616
3611	3617
3613	3612
3613	3613
3613	3617
3614	3617
3615	3614
3615	3616
3615	3617
3616	3617
3620	3619
3620	3624
3622	3621
3622	3623
3622	3625
3627	3626
3627	3628
3627	3866
3629	3629
3630	3630
3632	3631
3634	3633
3637	3636
3639	3638
3641	3640
3641	3645
3640	3642
3640	3643
3643	3644
3644	3655
3645	3644
3645	3860
3645	3862
3645	3872
3646	3648
3646	3651
3648	3647
3648	3652
3648	3666
3649	3648
3649	3651
3649	3653
3649	3655
3649	3662
3649	3663
3649	3665
3649	3848
3651	3650
3651	3664
3655	3654
3655	3656
3658	3657
3657	3669
3659	3657
3661	3660
3662	3661
3670	3669
3671	3669
3671	3762
3671	3773
3671	3779
3671	3782
3671	3818
3671	3823
3671	3834
3672	3671
3672	3926
3672	3938
3674	3673
3673	3675
3675	3677
3675	4019
3675	4222
3676	3675
3676	3677
3678	3677
3678	3685
3679	3679
3682	3681
3682	3685
3684	3683
3685	3686
3685	3687
3693	3692
3693	3694
3693	3695
3693	3697
3698	3704
3698	3706
3698	3711
3698	3714
3704	3703
3704	3718
3706	3705
3706	3707
3706	3709
3706	3712
3706	3713
3706	3715
3706	3716
3706	3719
3706	3720
3706	3721
3706	3722
3708	3707
3711	3710
3711	3717
3724	3723
3724	3726
3724	3736
3727	3728
3731	3730
3732	3731
3732	3734
3734	3733
3734	3735
3737	3738
3746	3745
3751	3750
3752	3751
3755	3754
3758	3757
3758	3774
3760	3759
3760	3773
3760	3776
3760	3777
3761	3760
3765	3764
3765	3939
3766	3764
3768	3770
3779	3780
3780	3785
3782	3781
3782	3784
3783	3781
3783	3785
3784	3785
3786	3786
3789	3788
3789	3790
3793	3792
3792	3794
3792	3795
3797	3796
3797	3797
3797	3801
3798	3799
3798	3801
3800	3799
3800	3801
3799	3801
3802	3801
3803	3802
3803	3805
3803	3806
3803	3810
3803	3816
3807	3809
3810	3809
3809	3813
3811	3810
3813	3812
3815	3814
3828	3827
3828	3829
3828	3830
3828	3833
3828	3834
3831	3830
3831	3832
3840	3840
3842	3842
3849	3852
3849	3854
3849	3858
3864	3865
3868	3869
3870	3871
3875	3874
3875	3879
3875	3891
3876	3875
3876	3876
3876	4413
3876	4559
3876	4560
3876	4561
3877	3876
3877	4559
3878	3874
3878	4412
3878	4532
3878	4533
3880	3881
3881	3882
3881	3883
3883	3884
3884	3885
3885	3886
3887	3888
3888	3883
3889	3890
3892	3893
3893	3894
3893	3883
3895	3890
3896	3897
3898	3898
3899	1412
3899	1413
3899	1414
3899	1415
3900	3899
3901	3902
3901	3905
3902	3903
3902	529
3902	3904
3907	3906
3907	3908
3907	3915
3909	3910
3911	3912
3912	3914
3917	3916
3917	3918
3923	3922
3923	3928
3923	3953
3924	3923
3924	3925
3929	3930
3931	3930
3933	3933
3936	3950
3944	3944
3945	3945
3948	3947
3949	3947
3975	3974
3975	3977
3985	3984
3985	4009
3984	3992
3984	4009
3984	4017
3988	3987
3988	3990
3994	3993
3994	3996
3994	3997
3994	4004
3994	4005
3994	4007
3994	4015
3995	3995
3998	3997
3999	3997
4000	3999
4000	4016
4000	4066
4000	4068
4001	3997
4001	4036
4001	4056
4001	4060
4001	4061
4002	3997
4003	3997
4006	4005
4006	4007
4006	4016
4006	4071
4006	4073
4006	4074
4009	4010
4009	4011
4013	4012
4020	4021
4020	4025
4022	4021
4025	4024
4025	4092
4026	4025
4027	4025
4028	4029
4028	4036
4030	4031
4032	4033
4033	4034
4033	4035
4038	4037
4042	4041
4042	4249
4041	4041
4051	4050
4057	4056
4058	4056
4060	4059
4061	4062
4063	4062
4064	4063
4065	4058
4068	4067
4069	4067
4069	4069
4070	4069
4071	4072
4079	4081
4085	4084
4089	4088
4089	4091
4088	4090
4091	4090
4093	4092
4093	4329
4094	4092
4107	4108
4111	4110
4112	4111
4112	4150
4112	4175
4112	4189
4112	4361
4114	4113
4114	4116
4114	4120
4114	4121
4114	4124
4114	4331
4113	4118
4116	4115
4120	4119
4120	4122
4120	4123
4125	4164
4125	4192
4126	4128
4126	4130
4128	4192
4130	4129
4130	4168
4130	4192
4130	4195
4131	4130
4131	4169
4131	4177
4131	4201
4131	4299
4132	4129
4132	4174
4132	4274
4134	4133
4134	4135
4134	4138
4133	4136
4133	4137
4140	4139
4140	4141
4140	4143
4140	4331
4142	4141
4142	4144
4142	4153
4145	4144
4145	4146
4145	4335
4152	4151
4152	4153
4155	4154
4155	4157
4155	4160
4155	4292
4155	4347
4157	4156
4157	4161
4157	4348
4162	4162
4163	4162
4165	4164
4165	4193
4164	4168
4167	4166
4167	4172
4168	4173
4168	4203
4170	4169
4170	4191
4170	4194
4170	4201
4169	4194
4172	4171
4172	4184
4172	4202
4171	4185
4171	4179
4171	4197
4173	4174
4173	4196
4173	4197
4177	4180
4178	4179
4178	4186
4180	4179
4180	4186
4180	4194
4181	4180
4181	4216
4181	4299
4182	4181
4182	4199
4182	4212
4182	4214
4182	4292
4183	4180
4184	4183
4184	4185
4185	4180
4193	4192
4193	4195
4199	4198
4200	4199
4205	4204
4205	4206
4205	4208
4205	4210
4205	4228
4205	4234
4205	4339
4205	4340
4207	4206
4207	4210
4208	4206
4209	4208
4209	4210
4212	4211
4216	4215
4217	4298
4219	4218
4219	4287
4221	4220
4224	4223
4224	4230
4224	4234
4224	4341
4224	4342
4226	4225
4229	4228
4229	4231
4231	4234
4232	4231
4233	4231
4238	4244
4238	4246
4239	4240
4241	4242
4242	4243
4244	4264
4245	4244
4245	4264
4245	4288
4245	4290
4245	4291
4245	4292
4246	4280
4246	4284
4249	4249
4258	4257
4265	4264
4265	4280
4265	4284
4266	4264
4267	4264
4267	4280
4267	4332
4267	4337
4268	4267
4269	4268
4270	4267
4271	4270
4271	4272
4272	4267
4276	4275
4276	4278
4276	4279
4277	4275
4277	4278
4277	4279
4277	4280
4277	4281
4281	4280
4282	4281
4282	4294
4282	4296
4283	4281
4283	4298
4283	4300
4290	4289
4290	4293
4296	4295
4297	4295
4298	4299
4306	4305
4306	4308
4315	4314
4315	4317
4315	4318
4315	4319
4321	4331
4328	4327
4332	4331
4332	4334
4332	4343
4333	4332
4334	4332
4335	4332
4335	4337
4336	4332
4337	4332
4337	4350
4338	4337
4338	4353
4338	4354
4345	4344
4351	4350
4353	4355
4353	4356
4353	4357
4353	4358
4353	4359
4353	4360
4365	4369
4365	4371
4367	4366
4367	4367
4367	4371
4370	4369
4370	4371
4369	4371
4372	4371
4373	4372
4374	4372
4375	4372
4375	4376
4375	4377
4375	4378
4375	4382
4381	4380
4383	4384
4388	4387
4391	4390
4392	4390
4399	4398
4399	4400
4399	4401
4404	4405
4406	4405
4406	4407
4413	4412
4413	4416
4413	4423
4414	4415
4417	4418
4419	4420
4420	4421
4420	4422
4424	4425
4425	4426
4429	1621
4430	1621
4431	1621
4432	1621
4443	4444
4473	4472
4474	4472
4474	4475
4474	4476
4478	4479
4483	4482
4483	4484
4483	4485
4483	4486
4483	4487
4483	4488
4494	4493
4494	4498
4494	4499
4494	4500
4493	4501
4493	4504
4495	4496
4496	4497
4502	4501
4507	4521
4509	4508
4509	4515
4509	4517
4509	4518
4509	4519
4509	4522
4509	4524
4509	4526
4508	4520
4508	4523
4508	4527
4510	4511
4510	4529
4510	4530
4510	4531
4511	4512
4548	4547
4552	4551
4552	4553
4558	431
4559	3876
4559	4560
4559	4561
4560	3874
4560	3879
4560	3891
4561	4412
4561	4416
4561	4423
4563	4562
4563	4564
4572	4571
4572	4575
4572	4580
